16 0 0.040909645002254 0.059122155746873996 0.08250956772367399 0.038900674070388205 0.10358693947263822 0.11108312860997821 0.17780521107886377 0.08126252997312 0.17266542290036 -0.08639379797400003 0.036817261273768415 0.13247049022679996 -0.02007128639799998 0.03613750145983157 0.06946410422959994
16 1 -0.6722051741303412 -0.27626065268656125 0.1461273522542008 0.3447552265163611 0.36390148841080106 0.424058624404111 0.30233631956890283 0.11651818086352 1.48843423939812 -0.28998645521979993 0.5943672837965167 1.1845549633324006 -0.15568336927840015 -0.05442671483210529 0.08491026810980018
16 2 0.4032259866016821 0.467891308052908 0.5575392724172621 -0.18285329759484106 0.0034169668244749896 0.0337595158705299 0.20712657505046783 0.271660498073416 0.30349530363028 -0.011344640138000184 0.1305138842758737 0.2368411794964001 -0.2192133540494548 -0.1014128154844295 0.0540179403494
16 3 0.15946011633568186 0.18111354370090782 0.20731268110291545 0.10835600317249584 0.13400797985376584 0.15100312344511585 0.16986847378893452 0.048572513083160004 0.0823271808173636 -0.1220857811774001 -0.0018004449125894782 0.11719885927441803 -0.0793252145034 -0.01963954705671579 0.0379609112309999
16 4 0.28877049402698096 0.38134013955904333 0.5357956697088009 0.12636498913380478 0.1605254459185748 0.17390339463532933 0.21951566657610785 0.08504989444996001 0.5148721293406981 -0.5710717312543998 -0.2709853312319464 0.06614797865079958 -0.08464846872200005 -0.044763102342084214 0.0024434609527998474
16 5 0.5813621440424359 0.598485569333808 0.6168272344430761 0.18525782801001744 0.18870048995958744 0.19532401447092748 0.16282751620964042 0.01172861257343999 0.0425860337488001 -0.04110250388460024 -0.017738056766378917 0.02382374428979983 -0.02460914245320009 -0.001938234064063159 0.022427480888199958
16 6 -0.6209849480918863 -0.6190519959452964 -0.6189909094214764 -0.03105386767902379 -0.028235160937043792 -0.024652872647313792 0.15674827566128194 0.011170107212799998 0.011187560505320104 0.0016580627894008382 0.00588818973964216 0.010035643199000632 -8.726646259999207e-05 0.005879003796210525 0.012653637076999995
16 7 -1.4323217585027974 -0.8091851103326373 -0.19905901907007653 -0.001613799300315055 0.06892804574237604 0.21673998009408152 0.3827485330732381 0.44357542939579997 2.1634926874924396 0.6163630253464182 1.136540037018568 1.4584843894337989 0.07190756518239999 0.20753801994966317 0.27523842304039997
16 8 0.21448006960153193 0.3444783009428024 0.48368838007627196 0.31527739115294046 0.3392102185209904 0.3605512319498205 0.21023017701137134 0.07185520530484002 0.521748726593229 -0.4033455901372003 -0.2746045929438048 -0.0453785605519999 -0.07696902001320033 0.001387077458168421 0.07819075048960039
16 9 0.4136165134164189 0.45706473981570694 0.5234195399828689 0.07314049485489185 0.08928479043589184 0.10353540377847184 0.186361387125689 0.056443948009679994 0.15156439224368 -0.26476644752840034 -0.07977073275983157 0.13011429573660055 -0.015969762655800024 0.02086127753311578 0.06431538293619993
16 10 0.25622223665698995 0.2724834692978739 0.29417878456485996 0.029166003204718946 0.03373003919869895 0.04188072680553895 0.16514888549588272 0.0246091424532 0.06169738905819999 -0.07243116395799984 -0.03247231003063158 -0.02225294796299987 -0.016842427281799997 -0.010646508437199996 -0.004188790204800001
16 11 0.28418430204680456 0.34642012517924653 0.4038091689788845 0.07996182334806701 0.085250170981627 0.09433460973828701 0.17552585445343719 0.022410027595680018 0.21556561591452003 -0.10925761117520028 0.01598354157094736 0.1953023432988002 -0.023125612588999964 -0.0006522019836421135 0.006719517620199927
16 12 0.2546586155724765 0.2834321136209223 0.3562149614232265 0.04115985734305605 0.05696381371991605 0.06512759129614605 0.19311235521505163 0.046547931150839994 0.23493877061189453 -0.31651545985019985 -0.12365198453257606 0.06195918844599996 -0.03237585762459999 0.00983814541522105 0.03464478565220003
16 13 0.24375122889385845 0.24630551825416042 0.25366033572208846 0.2192226139932849 0.23357358376785492 0.23771001409509493 0.16487743488752768 0.03324852225059999 0.07400196028479994 -0.023736477827199925 0.030313613324210505 0.03368485456359982 -0.013439035240399994 0.01218974693370526 0.025045474766199893
16 14 0.2085529314616527 0.36507580411026463 0.55341253836442 0.16881110565417795 0.18235486064987247 0.1881319004739925 0.22385862870895104 0.05485569839053453 0.6544810162078291 -0.6091199089480002 -0.3444636927409627 -0.02452187599059963 -0.08927359123980017 0.009755471924428707 0.0864810644366
16 15 0.3492890101372216 0.3865805876001066 0.5157148809616815 0.1447371490235759 0.1634558052512759 0.1722042681269259 0.21191862269003856 0.08915141819250909 0.36039303724528615 -0.42271874483430294 -0.18968054591857164 0.17610372152679965 -0.03682644721894529 0.02840293709044212 0.07147123286940005
16 16 -0.0764310707526779 0.34681650884479887 0.733065726293963 -0.20120271972397644 -0.12593975905408283 -0.09219818128979285 0.2738937790755108 0.15692255304784358 1.1992855422192799 0.19312068173379937 0.6312029169575157 1.0024298558861997 0.010646508437200039 0.0825908173936019 0.1395390736974001
16 17 0.32323255340180046 0.3706583851664227 0.49608996251988047 0.014334583072146505 0.06597887563880905 0.07359723782378905 0.2194342358039463 0.0931482221792208 0.5560444463945055 -0.4233296100725997 -0.29265497178658184 -0.060301125656599674 0.01570796326799996 0.04902538009432674 0.06719517620200004
16 18 0.20173843884082854 0.25357297229601145 0.3123835867713685 0.022195933874043155 0.027117762364683155 0.029360510453503155 0.1735860226284897 0.010890854532480003 0.13817771688084 -0.18744836166479997 -0.035228093060013406 0.13299408900240006 -0.012304571226599993 0.0007991770785473695 0.006283185307200002
16 19 2.600962082494358 -2.816992779865476 -2.2284730408678923 -0.29938165954682794 -0.13595775503545884 0.045085248274850206 0.33824300707455496 0.3647563603761781 3.0046715737806 -0.036651914291998544 -1.516782979422316 2.6786440695070013 -0.01396263401600005 0.19197703177693584 0.03996803987079994
16 20 0.4715466577641876 0.5606718960175676 0.6632579861269976 0.035061483011115 0.062764221563485 0.07070983298321501 0.19360470649688127 0.04682718383116001 0.29424505859468 -0.3013310953578002 -0.15486582031298946 0.06850417314099966 -0.001919862177199999 0.021642082724800005 0.0546288055876
16 21 -2.6337394628174113 -2.3937540726735334 -2.158961909718981 -0.32493134053983214 -0.3084816123397321 -0.2995498898926221 0.2399340137260615 0.33744195758168 0.5546307297005599 -0.44514622572260354 -0.268652101599958 0.06073745796959962 0.0010471975511999743 0.17760103030614735 0.11693705988399944
16 22 0.2037592392258541 0.2608018351690748 0.32689658127758403 0.14916092841962983 0.15917039167984987 0.18245744722518345 0.18155966103461238 0.0507192680636436 0.19439477208706188 -0.21354103398220012 -0.028770374827705263 0.18989182261410942 -0.03001966313440005 0.007183407763494731 0.04860741966820015
16 23 0.19793716021172847 0.33684267939061757 0.5193875385219585 -0.03993027288502205 -0.017441705473010778 -0.006188695120749505 0.20915097015075138 0.04995132319222255 0.5112418444960145 -0.47158796389040003 -0.2690746549979024 -0.03080506129780003 -0.04398229715039127 0.010949644570432923 0.03385938748880001
16 24 0.4405190669867575 0.4600004320975815 0.49071909959740756 0.22092818852304597 0.23024824672872596 0.23853419735259596 0.17664354375835573 0.04232423436099997 0.10683160351491999 -0.14145893587460018 -0.046352270555747366 0.05227261109740006 -0.0492182849063999 -0.00710992021604212 0.031939525311600186
16 25 0.16818622930042415 0.43063924290529904 0.6958254421187605 -0.042305035739228 -0.000543670061998 0.010430087609952001 0.2527107072625126 0.22383847656900002 0.8803091681235855 -0.7427248631885996 -0.46332061480188713 -0.12322024519120012 -0.006719517620199997 0.10989144127197896 0.17086773377080006
16 26 0.28418430204680456 0.34642012517924653 0.4038091689788845 0.07996182334806701 0.085250170981627 0.09433460973828701 0.17552585445343719 0.022410027595680018 0.21556561591452003 -0.10925761117520028 0.01598354157094736 0.1953023432988002 -0.023125612588999964 -0.0006522019836421135 0.006719517620199927
16 27 0.36631266077243907 0.5377886417876693 0.7324129246719591 0.015766237872471497 0.05795084589332895 0.08770434631679895 0.2343656688876333 0.11290534931188 0.736354411418032 -0.6526658737853999 -0.3875549533779116 0.01370083462819971 -0.1445132620656872 -0.0047858765278618156 0.10629055144680004
16 28 0.22405538221031696 0.23910622901493891 0.25530986579050696 -0.010488410695795486 0.0019688768403545156 0.004421064439414516 0.16503892409967988 0.0217293491874 0.06274458660940002 -0.07653268770019983 -0.017012367235284192 0.041189770347200005 -0.004974188368199999 0.011372197968294737 0.021816615650026183
16 29 0.38228368394516743 0.4346959213827275 0.49870150837669747 0.11721912448365104 0.12675298552270103 0.14176281708990104 0.1859009763014536 0.04344124508228002 0.308923277604 -0.16641714417819975 0.06878434441566315 0.308050612978 -0.042760566674000036 0.010719995984652638 0.05951572749319997
16 30 0.1363834699283771 0.1368643081373031 0.13723431793872712 0.045414679171165206 0.04554121554193521 0.04584228483790521 0.15484861369431022 0.0014486232791599968 0.0020245819323199965 -0.0017453292520000496 0.0002388345292210565 0.0008726646260000248 -0.0007853981633999807 0.000762433304821051 0.0013962634015999772
16 31 0.127834459401175 0.301699796162285 0.482454820145665 0.026846945442530842 0.029194413286470842 0.03224001283121085 0.21131253695240348 0.01542871058768 0.62207025199784 -0.502654824576 -0.3274053957883368 -0.05323254218599999 -0.020507618711000028 -0.0033987990696842094 0.01989675347279998
16 32 -2.297690681725843 -2.2611687944631176 -2.2512605602995133 0.0886323646715895 0.1015478011363895 0.11489520659105949 0.1837825775292374 0.10482447487459641 0.1998751059390398 -0.011082840750200607 0.105197424178442 0.1860520982632008 -0.00776671517140004 0.055170776249787584 0.09311331559420002
16 33 0.5813621440424359 0.598485569333808 0.6168272344430761 0.18525782801001744 0.18870048995958744 0.19532401447092748 0.16282751620964042 0.01172861257343999 0.0425860337488001 -0.04110250388460024 -0.017738056766378917 0.02382374428979983 -0.02460914245320009 -0.001938234064063159 0.022427480888199958
16 34 0.20834984301091644 0.3168822698818057 0.4350637495225865 0.20183346232329594 0.24544051368451592 0.2892657312022359 0.22233996903700476 0.1224348470278 0.3926292685304436 -0.47254789497899996 -0.2066469834370756 0.20167279506860009 -0.07199483164500017 0.02581250104273683 0.09162978573000025
16 35 0.14853731258153907 0.23013669110018156 0.3399781149101145 0.06793000829849889 0.08555347042056889 0.09126506039773889 0.19671015885329934 0.02527236756896 0.29593802796894547 -0.26162485487480014 -0.0709889708392421 0.2834414705248 -0.029234264971000068 -0.006751668422210527 0.019373154697199975
16 36 0.49358067378304366 0.5379670146552817 0.6272248979318137 0.28776493665801217 0.3015268578100322 0.32156760094612225 0.19203343550188665 0.04998622977728001 0.23741713814956 -0.3121521367201996 -0.12495638849976842 0.07129669994419996 -0.045116761164200325 0.004491926338042097 0.048869219056
16 37 0.38440881623475603 0.48918005856765506 0.630897303171586 0.084196428445732 0.094882206791102 0.118208532244082 0.21470892082462456 0.09185667853276 0.5218010864707889 -0.4900884539615995 -0.27463215077409947 0.04860741966820015 -0.0395317075578 0.026427959252652632 0.08508480103499999
16 38 0.4753721770775371 0.46118090492952507 0.48922136469215705 0.27777554999697246 0.28768029350207247 0.29799518938139247 0.17974696770194337 0.041521382905080007 0.21348867410463998 -0.022951079663800222 -0.11236246005507367 0.030892327760399796 0.007243116395800053 0.008129559936947387 0.02905973204579998
16 39 0.506433123037779 0.5718271194516801 0.6944705333251289 0.2077575461368969 0.23860187734286692 0.2790237028191869 0.2254524430952088 0.15334462808141808 0.42572071114853804 -0.5142612641017996 -0.22406353218344108 0.07382742735960013 -0.0551524043632004 0.04627878300866217 0.14556045961679975
16 40 0.40739305715434393 0.649267766213477 1.001786750538594 0.028539817854157053 0.060680056029737056 0.09727088379791704 0.3028049551891864 0.15725416560518254 1.23611198943648 -1.0466739524243995 -0.6505852575981473 -0.2625847859633995 -0.24242623310271277 -0.07576566142366314 0.12034045192539997
16 41 0.40444985025789104 0.5219829400814839 0.671083800085931 -0.03300747288837095 -0.010475272245033494 0.012240187969746505 0.2101922460738377 0.06571164633780001 0.3090105440666 -0.5305800926045094 -0.13107422682483255 0.2847504674637999 -0.05384340742420002 -0.0023607874619157843 0.056461401302199996
16 42 0.5088090494438304 0.5971104922902666 0.7637056600521706 0.17282710826302994 0.18303728438740446 0.21447939086218448 0.2260472019055071 0.19072958065873452 0.31963959921128 -0.4894775887234004 -0.16823136800593685 0.2045525883343996 -0.04476769531380001 0.06826993158358657 0.12863076587239997
16 43 0.45691890785965306 0.49925797751929507 0.577621515604843 0.17678469082387044 0.21470196882357045 0.21807918092619044 0.195739044861492 0.07110471372700361 0.2891661504713601 -0.28649579671579967 -0.15219271077440003 -0.0034906585040000992 -0.011344640138000045 0.03357462324269663 0.07260569688319993
16 44 0.31301112960097444 0.3803529134600901 0.48451154522562445 0.246704471431765 0.261133981022675 0.286358352037205 0.20225124321099952 0.07435102613519995 0.2757620218165236 -0.3650356130558 -0.14513790621922293 0.12426744274239954 -0.03935717463259991 0.007853981633999982 0.08028514559200034
16 45 0.22405538221031696 0.23910622901493891 0.25530986579050696 -0.010488410695795486 0.0019688768403545156 0.004421064439414516 0.16503892409967988 0.0217293491874 0.06274458660940002 -0.07653268770019983 -0.017012367235284192 0.041189770347200005 -0.004974188368199999 0.011372197968294737 0.021816615650026183
16 46 0.2751501869496621 0.296636935371034 0.31809837651825207 0.195547125726393 0.196131811025813 0.198911247859623 0.1622816725795914 0.007051130178080012 0.07586946258444 -0.042673300211399645 0.009038968336673696 0.07461282552299997 -0.015620696805399986 -0.002268928027599993 0.002443460952800125
16 47 -0.06172201759318105 0.09783772795400696 0.2366245647438735 -0.0553819636412449 -0.019297281356127446 0.00821347097854001 0.20775401158012888 0.13594369543828 0.45533894855428003 -0.27768188399407256 0.0474453978240134 0.30979594222912715 -0.07609635538702549 0.06686448223848153 0.16912240451862548
16 48 0.22522509217795805 0.29685515000936163 0.400146353136528 0.10933634491699304 0.12706889011731304 0.13459998583969307 0.20051893918524033 0.05002113636232 0.4004832501635709 -0.4221951460589747 -0.21078065798082682 0.053232542186000265 0.00951204442340002 0.023901824808968422 0.057072266540399985
16 49 0.4049423724775015 0.437500617008918 0.5384251536704614 0.2032097514002645 0.21874318174306454 0.24547289923744453 0.20054892411310993 0.08075638449003997 0.37316884737029454 -0.2811725424972003 -0.19640465651068137 -0.0054105206811999595 -0.09084438756659999 0.004868550018736849 0.09197885158040014
