39 0 -1.087142857142859 -1.080377705627706 -1.07784090909091 -0.4 -0.4 -0.3917857142857126 0.15711484441559498 0.010000000000000009 0.020000000000000018 0.0 -0.010526315789473694 0.0 0.0 0.005263157894736847 0.01190476190475076
39 1 -1.180476190476191 -1.1644599567099567 -1.16 -0.31 -0.3 -0.3 0.1650547202726277 0.030000000000000027 0.05999999999999983 -0.00952380952382037 0.03157894736842096 0.084090909090897 0.0 -0.01578947368421054 0.0
39 2 -1.1351136363636498 -0.40178679653679905 0.1 -0.3425 -0.32 -0.31 0.2881960678768918 0.06 1.313809523809525 -1.1167748917748865 -0.6651629072681711 0.10238095238096379 -0.08095238095237545 -0.026315789473684206 0.0
39 3 -0.615952380952382 -0.47546212121212283 -0.28 -0.23 -0.21 -0.21 0.19586291159201502 0.03 0.4385714285714353 -0.36666666666671177 -0.23082706766917646 0.0 0.0 0.015789473684210527 0.006818181818166458
39 4 -1.12 -1.1186504329004328 -1.11 0.08 0.095 0.11 0.16096697376622318 0.039999999999999994 0.029999999999999805 -0.050000000000000044 0.0 0.05400432900432017 -0.09999999999999995 -0.021052631578947364 0.0
39 5 -1.0425 -1.042 -1.04 -0.22 -0.22 -0.21 0.1588899671386263 0.03 0.020000000000000018 0.0 0.0 0.0 -0.009523809523820786 -0.010526315789473694 0.0
39 6 -1.19 -1.1703019480519479 -1.1457954545454543 -0.26 -0.25 -0.24 0.16784160967165174 0.04000000000000001 0.05761904761904968 0.0 0.030325814536341936 0.10000000000000009 -0.021428571428554477 -0.00526315789473685 0.015909090909103363
39 7 -1.07 -1.07 -1.07 -0.05 -0.05 -0.05 0.1553397216925636 0.010000000000000002 0 0.0 0.0 0.0 0.0 -0.005263157894736843 0.0
39 8 -1.69 -1.6835952380952381 -1.68 -0.22 -0.22 -0.21 0.15887982473934034 0.010000000000000009 0.020000000000000018 0.0 0.005263157894736847 0.0 0.0 0.0 0.0
39 9 0.008847402597400281 0.008885281385280993 0.01 -0.28 -0.28 -0.2775 0.1588950383382693 0.02999999999999997 0.02 0.0 0.005263157894736843 0.0 0.0 -0.01578947368421051 0.0
39 10 0.020357142857141162 0.06020779220779206 0.095 -0.26 -0.255 -0.2475 0.1755932760714086 0.06809523809523921 0.16999999999999998 -0.19080086580088668 0.03984962406014861 0.2119047619047506 -0.050000000000000044 -0.031578947368421054 0.0
39 11 0.47 0.47000000000000003 0.47 -0.05 -0.04 -0.04 0.1553397216925636 0.010000000000000002 0 0.0 0.0 0.0 0.0 0.005263157894736843 0.0
39 12 -1.0801190476190483 -1.0528647186147189 -1.0175 -0.21 -0.2 -0.19 0.16419725082304315 0.03 0.06000000000000005 0.0 0.03157894736842108 0.10000000000000009 -0.015909090909103363 -0.015789473684210527 0.0
39 13 -1.2 -1.1928409090909091 -1.18 -0.34 -0.34 -0.34 0.15888489593898336 0.010000000000000009 0.040000000000000036 0.0 0.02105263157894739 0.015909090909103085 0.0 0.0 0.0
39 14 -1.26 -1.25902380952381 -1.26 -0.26095238095238127 -0.26 -0.26 0.15622474745425774 0.010000000000000009 0.010000000000000009 0.0 -0.005263157894736847 0.0 0.0 -0.005263157894736847 0.0
39 15 0.4275 0.44143614718614765 0.4697727272727261 -0.2642857142857152 -0.25 -0.125 0.19624979442965962 0.1706277056277043 0.26 -0.10000000000000009 0.07368421052631575 0.2285714285714438 -0.19999999999999996 -0.07568922305764471 0.03409090909089668
39 16 0.3 0.3 0.3 -0.34 -0.34 -0.34 0.15976485050103453 0.010000000000000009 0.04999999999999999 0.0 -0.010526315789473694 0.0 0.0 0.0 0.0
39 17 -1.331249999999999 -1.0719686147186143 -0.8238095238095258 -0.25 -0.2190476190476213 -0.21 0.22294012960560372 0.04619047619047509 0.581428571428575 -0.15000000000000013 0.23759398496240788 0.690800865800803 -0.09999999999999981 0.0020050125313289097 0.06904761904762455
39 18 -1.19 -1.1801709956709954 -1.181022727272725 -0.15 -0.11285714285714454 -0.1 0.16956031321309634 0.07 0.06999999999999984 0.0 0.03684210526315781 0.0931818181818167 -0.083333333333339 -0.026315789473684206 0.0
39 19 -0.93 -0.8996590909090909 -0.8957954545454544 -0.09571428571428825 -0.07190476190476247 -0.05 0.184530841640002 0.036190476190475065 0.17571428571428238 -0.009523809523820925 0.09248120300751704 0.2721861471861292 -0.08095238095237531 0.007268170426065755 0.05000000000000001
39 20 -0.0225 0.0010952380952382076 0.02 -0.14 -0.125 -0.1 0.1651090545545169 0.04000000000000001 0.05 -0.061904761904767534 0.002255639097746144 0.09999999999999998 0.0 0.02105263157894737 0.049999999999999906
39 21 -1.1 -1.0955638528138532 -1.09 -0.2207954545454569 -0.22 -0.22 0.15799479897764615 0.020000000000000018 0.020000000000000018 0.0 0.0 0.0 -1.6930901125533637e-14 -0.010526315789473694 0.0
39 22 2.5651136363636367 2.647504329004329 2.7225 -0.45787337662337235 -0.23 -0.23 0.20134977481417834 0.33999999999999664 0.18999999999999995 -0.19047619047619646 -0.09999999999999998 0.0 0.0 0.1631578947368421 0.12272727272730238
39 23 -1.35 -1.2979491341991343 -1.25 -0.3 -0.29 -0.28761904761904733 0.17544609683217674 0.06619047619047508 0.1200000000000001 -0.10000000000000009 0.026315789473684233 0.20000000000000018 -0.08571428571428563 -0.034837092731828986 0.0
39 24 -1.1825 -1.1742142857142859 -1.16 -0.44 -0.43 -0.43 0.1624199277861171 0.030000000000000027 0.06000000000000005 0.0 0.03157894736842108 0.050000000000000044 0.0 -0.01578947368421054 0.0
39 25 -1.2 -1.1767857142857137 -1.1574999999999998 0.08 0.08 0.08 0.16557059167859575 0.01999999999999999 0.1057142857142821 0.0 -0.015789473684210423 0.08809523809523268 0.0 0.005263157894736839 0.0
39 26 -1.3325 -1.2639599567099573 -1.1775 -0.2425 -0.2140476190476196 -0.1984523809523804 0.196275216208731 0.13 0.22238095238095013 -0.19285714285712574 0.007017543859648467 0.25952380952380394 -0.059199134199145464 0.057894736842105256 0.1809523809523922
39 27 0.21 0.21000000000000002 0.21 -0.31 -0.31 -0.30047619047619273 0.1553397216925636 0.010000000000000009 0 0.0 0.0 0.0 -0.0023809523809636968 -0.005263157894736847 0.0
39 28 -1.1414285714285723 -1.1422857142857143 -1.14 -0.47 -0.46 -0.46 0.15622981865390076 0.009999999999999953 0.010000000000000009 -0.021428571428554477 0.0 0.0 0.0 0.0 0.0
39 29 -1.5412500000000011 -1.4055487012987011 -1.3348863636363606 -0.36 -0.3340476190476179 -0.2532954545454518 0.21735062461080504 0.13333333333333217 0.3261904761904748 -0.10000000000000009 0.17167919799498674 0.41428571428573147 -0.04318181818180139 0.07017543859649061 0.2318181818181908
39 30 -1.1464285714285705 -1.1199729437229433 -1.0975000000000001 -0.32 -0.31340909090909297 -0.3 0.16650721239624228 0.030000000000000027 0.10619047619047484 0.0 0.04010025062656569 0.12142857142857122 -0.015909090909087265 -0.01578947368421054 0.0
39 31 -1.2 -1.198095238095238 -1.2 -0.04 -0.03 -0.03 0.1562247474542578 0.010000000000000002 0.010000000000000009 0.0 -0.005263157894736847 0.0 0.0 -0.005263157894736844 0.0
39 32 -1.13 -1.1229999999999998 -1.1175000000000002 -0.55 -0.55 -0.55 0.15711170510153025 0.010000000000000009 0.019999999999999796 0.0 0.010526315789473576 0.0 0.0 -0.005263157894736847 0.0
39 33 -1.12 -1.1200000000000003 -1.12 -0.1725 -0.17 -0.17 0.1553397216925636 0.009999999999999981 0 0.0 0.0 0.0 0.0 0.0 0.0
39 34 -1.11 -1.1048095238095237 -1.1 -0.0925 -0.08 -0.08 0.16990027889988163 0.1542857142857177 0.020000000000000018 0.0 0.005263157894736847 0.0 -0.08409090909089666 -0.08120300751879879 0.0
39 35 2.543750000000001 2.5675357142857136 2.5896428571428554 -0.4105248917748898 -0.4 -0.38 0.1719186293206593 0.07571428571428912 0.10000000000000009 -0.15000000000000124 -0.015789473684210423 0.049999999999998934 0.0 0.026315789473684206 0.06666666666669485
39 36 0.21 0.2089642857142858 0.21 -0.34 -0.34 -0.3367857142857168 0.15711484441559498 0.010000000000000009 0.01999999999999999 0.0 0.0052631578947368324 0.0 0.0 -0.005263157894736847 0.0
39 37 0.02 0.025142857142857144 0.03 -0.21 -0.21 -0.21 0.15732556483504576 0.01999999999999999 0.012380952380950123 0.0 7.304098846218135e-19 0.0 0.0 -0.010526315789473679 0.0
39 38 -1.3 -1.2954999999999999 -1.29 -0.17 -0.16 -0.15 0.15887982473934034 0.03 0.020000000000000018 0.0 0.010526315789473694 0.0 0.0 -0.015789473684210527 0.0
39 39 -0.3622619047619087 -0.2245811688311677 -0.06534090909090833 -0.07 -0.06 -0.05 0.21009665667881794 0.03 0.5923809523809501 -0.46818181818182547 0.03809523809523689 0.504545454545412 0.0 -0.015789473684210527 0.0
39 40 -0.9284090909090964 -0.47862229437229764 -0.05107142857142943 -0.21 -0.2 -0.2 0.2896647903064908 0.03 1.4704761904761927 -0.9285714285714455 -0.773934837092733 -0.6761904761904987 -0.049999999999999906 -0.015789473684210527 0.0
39 41 -1.13 -1.1285238095238095 -1.13 -0.19 -0.19 -0.19 0.15711018719143302 0.020000000000000018 0.0061904761904749694 0.0 -0.002005012531328851 0.0 0.0 -0.010526315789473694 0.0
39 42 0.29 0.29 0.29 0.0 0.005 0.01 0.1553397216925636 0.01 0 0.0 0.0 0.0 0.0 0.005263157894736842 0.0
39 43 -1.15 -1.1514318181818175 -1.15 -0.08 -0.08 -0.0775 0.15622981865390076 0.009999999999999995 0.010000000000000009 0.0 0.0 0.0 0.0 0.0 0.0
39 44 -1.33 -1.3271190476190475 -1.33 -0.09 -0.09 -0.09 0.15622474745425782 0 0.020000000000000018 0.0 0.010526315789473694 0.0 0.0 0.0 0.0
39 45 -0.98 -0.9769999999999998 -0.97 -0.01 -0.01 -0.01 0.15622474745425782 0.01 0.010000000000000009 0.0 0.005263157894736847 0.0 0.0 0.0 0.0
39 46 -1.02 -1.02 -1.02 -0.28 -0.28 -0.28 0.1544546959308694 0 0 0.0 0.0 0.0 0.0 0.0 0.0
39 47 0.4475 0.4519047619047619 0.462857142857142 -0.18 -0.18 -0.18 0.1615286233962935 0.01999999999999999 0.06 -0.002380952380946766 0.02105263157894739 0.10000000000000009 0.0 -0.010526315789473679 0.0
