4 0 -0.21002965346935343 -0.18866686881132883 -0.1974999999999998 -0.05 -0.03009654326038086 0.0325 0.18705706211208387 0.17013983220135737 0.1991181416872617 0.0 0.10479902194066405 0.09999999999999787 0.005782331166887741 0.08954728010597757 0.10254906249703845
4 1 -0.0022115250938426483 0.021169601438328946 0.04335602730004023 -0.1125 -0.09 0.04396254724641421 0.19282540990015243 0.2873757025508 0.10000000000000009 -0.10939435290664379 0.019669881603484783 0.10663684270409271 -0.07611115500653926 0.13296169734388352 0.2621887536004538
4 2 2.9890452695347633 3.001911226624718 3.0125 -0.33 -0.32 -0.32 0.16146372116881136 0.020000000000000018 0.05921692562817249 -0.05905634065395571 -0.03116680296219605 0.0 0.0 -0.010526315789473694 0.0
4 3 -0.2199999999999993 -0.2011974987372326 -0.15738248748632447 0.0775 0.10818960164700414 0.16 0.19498455122838945 0.09475541162433944 0.31524458837565916 0.018382903866826505 0.16195095944675644 0.2421061917871349 -0.1392145003448319 -0.049871269275968126 0.0
4 4 -0.20082729309881084 -0.1729822531896817 -0.11999999999999966 -0.04678847070033233 -0.015 0.0015477382144042577 0.18243651552813525 0.05 0.2456556789681112 0.0 0.12402930472005864 0.19974818352681487 -0.018556183001538315 0.02436250705246965 0.1
4 5 -0.4550075702956011 -0.36311166451585164 -0.23291634875494222 0.2643018720748826 0.28 0.28411187449650455 0.19682708535794205 0.08999999999999997 0.3839275785376718 0.10000000000000675 0.20206714659877464 0.26668085126034236 -0.04650040454648258 0.029511800769645845 0.05581989941528309
4 6 -0.4049999999999998 -0.22024546529771283 -0.040651609633781435 0.08750000000000001 0.20500000000000002 0.3010466936829389 0.26309191423043754 0.45576972749580685 0.76865459124371 0.13349782861736406 0.4045550480230053 0.6625899623857585 0.12822760032030306 0.23987880394516148 0.34835349046786784
4 7 -0.4765262726603776 -0.37930017157405904 -0.3097570856952302 -0.135 -0.025 0.0477429143047698 0.22617751640799288 0.32 0.4954234471297001 0.11868445661612576 0.26074918269984215 0.31991802020334625 0.11828609536513202 0.16842105263157894 0.2190333604005983
4 8 -0.2771028612247658 -0.20794223334244175 -0.2232221879180814 -0.06644205315089152 0.065 0.1725 0.23705179049525105 0.48578225987938095 0.3674205335402376 -0.17861441639727388 0.19337922817907247 0.42553546406885884 0.17892794617417065 0.2556748736207267 0.3494648033533104
4 9 0.04500000000000026 0.5008036805631577 0.9226068367440705 0.13085564264012878 0.14 0.1659230449403848 0.267369212077531 0.04385459982245671 0.613529411764712 -1.1221090458715666 -0.2928792569659415 -0.049999999999998934 -0.09999999999999995 0.010526315789473679 0.0845848464613512
4 10 -0.5925000000000002 -0.5103078798080026 -0.49354599903277385 0.2975 0.45449785714285734 0.5025 0.23820784660568087 0.47362505790542825 0.33318747104728585 -0.015607241731037114 0.17536182686699253 0.2856401074306064 -0.07908001934452569 0.10717108310812011 0.498635967335915
4 11 0.015767755136840554 0.062467127799405754 0.11250000000000027 -0.18092659510351922 -0.125 -0.016380924172406774 0.22591310655721425 0.46790651265677985 0.29730665294042 0.0 0.14595086996864212 0.15830487090626635 0.08026973343484976 0.2462665856088315 0.39936330646805207
4 12 -0.3212758680032698 -0.23968456327511367 -0.1795084042998382 0.18 0.1929424652732125 0.22141042232863117 0.1955971305829178 0.09999999999999998 0.3600000000000003 0.07551736006537968 0.18947368421052652 0.29999999999999805 -0.05612551085646414 0.026315789473684206 0.09999999999999995
4 13 -0.8024999999999993 -0.686779019818266 -0.5425436074372251 -0.14 -0.12029747077984063 -0.09470254606696943 0.19614823122090513 0.15 0.3002213010630467 -0.26561562555241947 -0.01052631578947346 0.07376727151657991 -0.06695738291483712 0.07894736842105263 0.17181643204987412
4 14 -0.36999999999999966 -0.27753093968441755 -0.18758096497025684 0.1081726707647927 0.17193149669944785 0.2325 0.21895949295157585 0.358421122860862 0.3729042795129702 0.11396588111151268 0.19626541026998434 0.2664237806212856 0.09999999999999995 0.18686272118308123 0.2705854944461939
4 15 -0.6674381310215685 -0.5531875898617667 -0.5295000522684501 0.2579903910427781 0.3985495326476608 0.43 0.25488014945886966 0.39554397956136655 0.6283420153289758 0.062394252639599856 0.3307063238573557 0.4203527093656592 -0.16333368178966828 0.0344968313480877 0.35705254378648466
4 16 -0.41250000000000053 -0.29705506284843997 -0.22030212867925908 -0.01432026266416482 0.05884391153950905 0.2413791485282965 0.24215462143275596 0.3973848887515468 0.6021546662546413 0.09999999999999787 0.3169235085550744 0.4848016956704438 0.10000000000000005 0.20914994144818255 0.3108561448291606
4 17 -1.5471968691960627 -1.3555219003112615 -1.21789947527492 0.108329154727794 0.16 0.19544763887658512 0.25687482178107957 0.19501939107564764 0.8500387821512967 -0.4661538519399827 0.016424742413514694 0.7373906658077334 -0.09999999999999988 0.09211546898718292 0.3
4 18 -0.26000000000000023 -0.2170771821461024 -0.16913134418045442 -0.27 -0.255 -0.17465099804768636 0.1844208072858532 0.19 0.13000000000000078 0.0 0.06842105263157935 0.10000000000000675 0.0 0.09999999999999998 0.17776619373554847
4 19 -0.2299999999999991 -0.195568023640415 -0.17968996372032978 -0.05 -0.045 -0.04 0.16955797335497183 0.03 0.14000000000000057 0.0 0.07368421052631609 0.09999999999999787 0.0 0.00526315789473684 0.03504004178272145
4 20 -0.1924999999999999 -0.15754369049214595 -0.1274999999999995 -0.042499999999999996 0.01 0.135 0.19133049629562812 0.24412931934795704 0.17412931934795686 0.0 0.09164701018313519 0.12064659673978251 0.04703816555075825 0.12848911544629316 0.17809810293342077
4 21 -0.3868702697457792 -0.3261166400833989 -0.25198747626819307 -0.14513389892332643 -0.13 0.016652443588368118 0.20189864693619428 0.27 0.26749041550098607 0.10000000000000675 0.1407844292110453 0.18753153502813008 0.0 0.12763662342053345 0.18361080873409166
4 22 -0.39797204476480486 -0.33345132647913245 -0.2686226910084075 -0.07671406411582249 -0.07 -0.004999999999999999 0.19150391919720935 0.17 0.23503192259593186 0.028093760772149312 0.12370101189259572 0.1957841285173255 0.020344671675011066 0.08947368421052633 0.15119640520536057
4 23 -0.5699999999999994 -0.4815771839306732 -0.43999999999999995 0.04000000000000001 0.135 0.2725 0.24209962286963396 0.53 0.47000000000000064 0.04615889104188198 0.2473684210526319 0.30384110895811944 0.0363356458804015 0.2789473684210526 0.44999999999999996
4 24 -0.5266208940351066 -0.4674962548367893 -0.4574999999999996 -0.017765540746769868 0.09114560947102349 0.1818784190646615 0.21340647874725518 0.1701037195994327 0.3349740701001418 0.04667917932652532 0.17630214215796935 0.1990854147313767 -0.23056204042914513 -0.010580905052333006 0.24999999999999997
4 25 3.0750000000000006 3.090886604362982 -3.128425320925321 -0.4225 -0.33204253746387896 -0.2275 0.21059741867875648 0.29 0.33999999999999986 -0.08149358149358354 -3.1578947368421053 0.2936747744000079 -0.049999999999999906 0.12105263157894736 0.22042537463878964
4 26 -0.4263605014006595 -0.24155649731057424 -0.054376939898415896 0.35784612780319913 0.3950003383760533 0.4191989686743591 0.22294024648416347 0.3164825106423681 0.42939623305756186 0.026374883787453347 0.22599801739871678 0.4182898657902504 -0.04999999999999977 0.1322144915183566 0.3009761791795981
4 27 -0.28623455716025753 -0.16729805862469774 -0.0682444050421674 -0.1437345571602579 0.14736548647895464 0.25 0.2351563227859236 0.49134649030722877 0.42533394675322794 0.12385273966770055 0.2238599719753831 0.31970154258885486 0.0005300885428921598 0.23228762647748882 0.4973962977794164
4 28 -0.6000000000000001 -0.5907880094788585 -0.5851729774054011 0.13161587471510713 0.18998849334772017 0.3462977091553283 0.19960097021141776 0.4 0.10999999999999943 -0.02654487777788206 -0.037521040244248585 0.02531534627943255 0.05875276604304952 0.2059420928758274 0.3534300270837082
4 29 -0.4066941966257386 -0.3622212999889246 -0.35287836288420604 -0.050097238255928135 -0.015 0.004380195901169358 0.19446732545627174 0.22999999999999998 0.22000000000000064 0.0 0.11578947368421086 0.20000000000000462 -0.0017366589325656587 0.12105263157894738 0.20000000000000004
4 30 -0.2199999999999993 -0.15420507954566745 -0.10994875462395817 -0.01 0.0 0.016958603679671815 0.1817745214961449 0.06 0.2360458773028054 0.0 0.11578947368421007 0.17295223002038299 0.0 0.018940315372047392 0.05187727868784373
4 31 -0.3500000000000001 -0.3475426549615289 -0.3400000000000003 -0.07 -0.06 -0.06 0.15800338351892756 0.010000000000000009 0.015003188194570694 -0.049999999999998934 0.0026299009502257263 0.05426549615288351 -0.024584426946636234 0.0 0.04903749025658502
4 32 0.04390917683450775 0.3354984768557646 0.5691448172802651 -0.5438816057600883 -0.17087372403454193 0.28964889433194224 0.361447941356149 1.1600000000000001 1.1499999999999995 -0.9916949643803774 -0.4947368421052629 0.09235966008817881 0.3455468373597706 0.6105263157894738 0.8983130129444523
4 33 -0.38999999999999924 -0.3846473772054682 -0.37999999999999945 -0.20299567804517554 -0.03269280127108128 0.0 0.18399579076150854 0.29000000000000004 0.03999999999999915 -0.042469233960178154 0.01052631578947346 0.09999999999999787 -0.04999999999999999 0.12105263157894738 0.2508897477185531
4 34 -0.34518187422934743 -0.2706060871356246 -0.21668171030589137 -0.10250000000000001 -0.065 0.07752412302744155 0.21727477316630528 0.37627777034261245 0.3063809282272428 0.0 0.16125312011960147 0.30035771419615653 0.11539920520232075 0.19804093175926973 0.26926758798343897
4 35 -0.09250000000000025 -0.0482195991719321 0.0025000000000000577 -0.3025 -0.2921060722521138 -0.14905323064811088 0.19681067797504026 0.2979842769137766 0.15578785549577204 0.03708002607769357 0.08000827530853845 0.100458270958214 0.0 0.15683382995461925 0.3008842101443274
4 36 -0.12143098945739314 -0.0989365166881115 -0.059999999999999165 -0.0658178070335278 -0.04282312925169988 0.02 0.1823859257152393 0.14442374271137037 0.15557625728862984 0.0 0.08188224067822623 0.14888417940361068 0.0 0.07601249616387915 0.14722964021981855
4 37 0.33750000000000024 0.3934613725178474 0.54 -0.22 -0.20500000000000002 -0.135 0.22749819496096327 0.15 0.6799999999999997 -0.02391172506739203 0.3210526315789471 0.745879477202438 -0.12396986930060999 -0.07368421052631578 0.0
4 38 -0.9150000000000005 -0.6253828214841756 -0.38456339604624706 -0.20334311774695057 -0.06808229404531761 0.14890789300013194 0.2878555261209436 0.45116390816870855 0.6999999999999993 -0.6502457814184781 0.13257118398122605 0.9268984687908134 -0.27189399428051564 -0.13157894736842105 0.08082294045317615
4 39 -0.34364882678618613 -0.17411745858196087 -0.049011265609341007 0.059617057737938045 0.09163322614157451 0.125 0.23899500885264327 0.2 0.751110181417118 0.1225417128277495 0.39532114811427266 0.49789206184434276 -0.05139344573402302 0.10438559792780948 0.21375736330653927
4 40 2.1575000000000006 2.1795313728326815 2.22318818199351 -0.29239642386140063 -0.275 -0.2675 0.1912277136738941 0.15 0.27000000000000046 -0.09999999999999787 0.07368421052631562 0.08778021685626136 -0.021945054214065063 -0.05263157894736842 0.04133885899535089
4 41 -0.01893702115356851 0.010125396089311092 0.04452029394366962 -0.29 -0.29 -0.16515177689913738 0.18997757476295712 0.24999999999999997 0.11999999999999966 -0.14999999999999902 0.0072970561998232306 0.12241650891117037 0.0 0.12631578947368421 0.26627686927911776
4 42 -0.8149899552590676 -0.7045751836578709 -0.5957035810514932 -0.05667855013375904 0.4750464600253638 0.7092964189485067 0.27569438174303107 0.99 0.1999999999999993 -0.1231053960374845 0.10526315789473646 0.32894147219155456 0.19066748219872476 0.5177869882341648 0.8386133697313498
4 43 2.9499999999999997 2.952899926143511 2.9725 -0.34 -0.33 -0.33 0.1731527708332825 0.010000000000000009 0.20088928812038143 -0.10000000000000231 -0.10573120427388497 0.0 0.0 -0.0027095866772263986 0.0
4 44 -0.6465195874861556 -0.4327059915866463 -0.2826136381985133 0.12893208638462628 0.3251707763632242 0.435 0.2862722588836128 0.5049338824067731 0.9191429989264253 0.12588915507234177 0.48375947311917117 0.7790272759620831 -0.07158021936584096 0.14553455229866738 0.4472553594873738
4 45 -0.3400000000000003 -0.268859951087078 -0.24676838506912313 0.004999999999999999 0.08 0.12977512651988618 0.21524093532333802 0.34432003371733955 0.3043200337173401 0.0 0.1601684387986001 0.30279338114043014 0.10021834091463282 0.1812210703775471 0.20000000000000004
4 46 -0.6924999999999999 -0.577166496558393 -0.43421860539617 0.1975 0.2824818884961331 0.35328139460383 0.21923299648204633 0.3131289302460846 0.42312893024608444 0.13113123226984158 0.2226994369716234 0.2821210316432665 0.10000000000000009 0.16480470012951823 0.2343721079233993
4 47 -0.07194809026958111 -0.04791997004636659 -0.027499999999999858 -0.33 -0.31285369121094536 -0.29 0.17655148736427395 0.07386555028555147 0.1756625231420271 0.0 0.09245395954843531 0.11843780953728612 0.0 0.038876605413448145 0.10000000000000009
4 48 -0.33750000000000036 -0.21221046738892282 -0.12999999999999945 -0.052500000000000005 -0.021053129984050525 -0.01 0.19333736825593625 0.08765600053220002 0.34453469934168873 0.0279056643003453 0.18133405228509933 0.2648400079830013 0.0 0.04613473712221053 0.09185849645051897
4 49 -0.43000000000000016 -0.17405998073943071 0.10563860903440671 0.4200932278597474 0.5472901689851553 0.6583963504659978 0.2651632743925019 0.4049214032176264 0.8549214032176273 0.1499999999999968 0.44995863327243546 0.6256243470506859 0.1455440262915375 0.20259021221980342 0.30143304093136314
4 50 -0.8808388432628061 -0.727502025718907 -0.5615042245021078 -0.2425 -0.12978491596228703 -0.04 0.22652107787843062 0.3206896843481649 0.49802020134675873 0.16036812180980353 0.2621158954456625 0.3510544352310546 0.1 0.1673790533403997 0.22736455069810427
4 51 -0.07250000000000068 -0.042494574621574875 -0.016907567567567516 -0.25 -0.215 -0.19 0.17391097178236528 0.08000000000000002 0.14000000000000012 0.026930763343273184 0.07368421052631584 0.09999999999999787 0.0 0.0368421052631579 0.09980072889122366
4 52 -1.8699999999999997 -1.8673977496629806 -1.8685371390418961 -0.23 -0.23 -0.22319184856753124 0.16224598363615345 0.02585144383241464 0.04624087011635014 0.0 0.024337300061236918 0.0 -0.050000000000000044 -0.008342865174955083 0.0
4 53 -0.062499999999999556 -0.04744185574298239 -0.020000000000000018 -0.295 -0.20252427357749592 -0.09000000000000001 0.19201754168418783 0.3646608416547799 0.0600000000000005 0.0 0.03157894736842132 0.06756610901240245 0.14831103950608215 0.18421052631578946 0.23287260343253818
4 54 -0.21470730012059605 -0.10354361306620423 -0.05675288054531646 -0.275710115603482 -0.22277292049077294 -0.19367409969229993 0.23277153626446914 0.1746533099436813 0.6753466900563185 0.049999999999998934 0.35544562634543075 0.499678108067479 0.0 0.0919227947072007 0.2007787498005935
4 55 -0.16500000000000048 -0.11134356148472555 -0.08907192513368936 -0.11 -0.04606885370312774 0.03 0.1967829099924181 0.18000000000000002 0.29716439956032087 0.09999999999999787 0.15640231555806364 0.19999999999999574 0.0 0.09324442082122189 0.15000000000000002
4 56 -1.1102230246251565e-16 0.04920496081363036 0.10128809607770767 -0.04 -0.013055555555555699 0.08249999999999999 0.18524450032846654 0.15000000000000002 0.1991019456115703 2.220446049250313e-15 0.10479049769030016 0.16205226990063404 0.0 0.07543125980135983 0.11944444444444306
4 57 -0.5476072287145359 -0.3489001293246829 -0.19398076942927409 0.015 0.17222905541451444 0.3580096152853627 0.3028830191579936 0.8693823862005566 0.7641426973831371 -0.024324561403515355 0.4021803670437563 0.7109823809793026 0.22218006973925958 0.45756967694766143 0.4729004949087773
4 58 -0.0349999999999997 0.29425646622993396 0.6975000000000001 -0.37749999999999995 -0.17967264029701518 0.05750000000000001 0.29538958744412847 0.5356712536569499 0.7770137609708495 -1.0325262100481645 -0.3352704005109736 0.21777410996343075 0.11941745894554309 0.2819322387668158 0.4991508123647346
