53 0 0.4281075999999997 0.4322806599999998 0.4326763000000001 0.040725800000000145 0.04082000000000008 0.042421400000000054 0.15818133818755725 0.007473199999999736 0.03466559999999985 -0.022922000000002996 -0.015633894736842086 0.0003140000000012577 -0.007692999999999728 -0.0038836842105262116 0.0
53 1 2.3330671 2.4378300600000005 2.5612195 -0.023518600000000056 0.0748105 0.10822010000000004 0.21916769784997767 0.13175439999999994 0.46785999999999994 -0.40003599999999917 -0.24624210526315787 -0.06656800000000462 -0.03752299999999931 0.06332884210526322 0.09341500000000003
53 2 0.5966628000000003 0.59767388 0.5991120000000003 -0.09093439999999986 -0.08380659999999995 -0.07789554999999992 0.1575662808678121 0.014255600000000035 0.004458799999999652 -0.0015699999999974068 0.0009915789473684193 0.010676000000005015 -0.022607999999999517 -0.007436842105263145 0.0007849999999998136
53 3 0.3930338 0.39547672000000006 0.3979950000000001 -0.2772306 -0.27482850000000003 -0.2720495999999999 0.15701074247035982 0.01136680000000001 0.0166419999999996 -0.0028260000000002172 0.008758947368420844 0.02355000000000329 -0.012089000000000683 -0.003371368421052579 0.0014130000000012188
53 4 -1.247051 -0.24955464000000002 0.4607165000000002 0.02161105000000002 0.043520400000000126 0.14957389999999987 0.43144277172195256 0.1396986 2.9865168000000004 0.39218600000000103 1.5718509473684212 2.4837399999999987 -0.1279549999999996 -0.061841473684210474 0.005808999999999953
53 5 0.3157112999999999 0.3336595400000001 0.35883920000000014 0.12959564999999995 0.13153459999999995 0.13301825000000006 0.16042191160093308 0.009922399999999776 0.054196400000000367 -0.012873999999996055 0.02478947368421095 0.048669999999997327 -0.012560000000000349 0.005222315789473566 0.016484999999998307
53 6 0.4129727999999999 0.45899891999999987 0.4903424000000002 -0.27358034999999997 -0.26388560000000005 -0.25055630000000007 0.17723623147163373 0.029767199999999994 0.20981479999999975 -0.17803800000000036 -0.08805221052631577 0.038936000000000526 -0.03501100000000035 0.00809789473684217 0.06703899999999985
53 7 0.42795060000000007 0.42866337999999987 0.43087079999999967 -0.3091329999999999 -0.30900740000000004 -0.30811250000000007 0.15533888455443629 0.0035168000000000976 0.006342799999999649 0.0 0.0016526315789472097 0.0028259999999979968 -0.005495000000000916 -0.0009254736842104936 0.0
53 8 0.39372459999999976 0.39633394 0.3985287999999998 0.06818509999999994 0.07652180000000008 0.0806744499999999 0.15734693045825793 0.014475400000000027 0.005086799999999947 -0.013502000000000791 0.00019831578947354363 0.02323599999999315 -0.01993900000000104 0.0046438947368420075 0.016956000000001303
53 9 0.4852242 0.48513314000000013 0.4855225000000001 0.021383400000000052 0.023549999999999738 0.02424079999999984 0.15563687120985037 0.008540800000000237 0.0028888000000000247 -0.0034539999999982918 0.000991578947368653 0.011932000000001164 -0.010361999999997096 0.002198000000000039 0.01365900000000253
53 10 0.5689679999999999 0.5695112199999998 0.5710403999999998 0.10051924999999995 0.10754499999999978 0.11176829999999999 0.15697391731876753 0.022262599999999688 0.0051496000000001985 0.0 0.0013221052631580484 0.0 0.0 0.011717157894736678 0.026533000000000806
53 11 0.2686584000000001 0.27040738000000003 0.2745144999999999 -0.03589020000000004 -0.03499529999999995 -0.03345669999999995 0.1571702875811878 0.010173600000000116 0.017835199999999496 -0.02606200000000003 -0.00922168421052609 0.0015699999999996272 -0.007693000000000838 0.004577789473684315 0.012246000000000201
53 12 0.44311679999999987 0.46209810000000007 0.48133059999999994 0.004129100000000052 0.006075899999999912 0.008321000000000023 0.16027324989456376 0.009011800000000125 0.051998400000000444 -0.04835599999999385 -0.027367578947368656 -0.021980000000001443 -0.016484999999999417 -0.004743052631579013 0.003924999999999068
53 13 0.4579375999999997 0.46592262000000007 0.4704504999999999 -0.10663440000000002 -0.10427940000000002 -0.10168105 0.15748436724106052 0.007504599999999861 0.01934239999999976 -0.026375999999999067 -0.009056421052631625 0.0021979999999999222 -0.007222000000000062 0.0039497894736841375 0.018839999999999968
53 14 0.4376061000000002 0.44565077999999997 0.45048010000000027 -0.22683360000000002 -0.21742930000000005 -0.2141558500000001 0.16309270657609226 0.03410039999999981 0.028888000000000247 -0.025120000000000697 0.015204210526315919 0.03705199999999742 -0.03501099999999924 0.008544105263157875 0.046629000000000254
53 15 3.0830404000000002 3.107401462 3.1063549 -0.10349439999999993 -0.09487509999999999 -0.09095009999999998 0.17405180817150637 0.033786400000000105 0.11606067999999947 -0.057461999999999236 -3.2441785894736848 0.0015699999999974068 -0.03626699999999983 0.007536000000000034 0.02951599999999832
53 16 -0.019342400000000093 -0.003070920000000066 0.004019200000000112 0.2543242999999999 0.2560199000000001 0.2574486000000001 0.16483663879965918 0.008886200000000066 0.0755483999999993 -0.028887999999998026 0.017253473684210683 0.06531200000000181 -0.015543000000000085 0.0011568421052632338 0.015699999999999603
53 17 0.4827750000000002 0.48403100000000004 0.4852555999999999 -0.11421749999999997 -0.11321270000000005 -0.11238060000000005 0.15599781862577386 0.0034225999999999424 0.01130399999999998 -0.0018840000000031054 0.005949473684210516 0.022608000000001738 -0.008006999999999875 -0.0006610526315789073 0.005180999999999658
53 18 0.13652720000000018 0.18978788000000005 0.21314319999999976 -0.29865325000000004 -0.28071599999999997 -0.27355679999999993 0.1792631885786401 0.04176200000000008 0.11705919999999992 -0.08509399999999667 0.061015157894736986 0.2292200000000011 -0.024020999999999626 0.01186589473684207 0.05730500000000083
53 19 0.5395775999999999 1.28477182 2.1259056000000007 -0.0285740000000001 -0.006703899999999985 0.0497689999999999 0.3275757252531625 0.10095100000000001 1.8598219999999999 0.020723999999998632 0.9788536842105262 1.516934000000001 -0.0037679999999995495 0.035333263157894736 0.0714350000000008
53 20 0.3541292000000005 0.3594044000000001 0.3642714 -0.01966425000000005 -0.018683000000000005 -0.018463200000000013 0.15598968168309874 0.0020723999999998632 0.015260400000000285 0.0 0.00799873684210528 0.023236000000002033 -0.0010989999999999611 0.0009750526315788795 0.005338000000000287
53 21 0.4496323 0.4504455600000001 0.45178319999999994 -0.149621 -0.14852200000000004 -0.14729740000000002 0.15520252929074208 0.005557800000000057 0.002637600000000795 0.0 0.0012229473684215101 0.0009420000000015527 -0.010676000000000574 -0.001123789473684154 0.000628000000000295
53 22 3.1247867 3.1248809 3.1249436999999998 0.1687436 0.17015659999999988 0.17152249999999997 0.15548870632258913 0.005683400000000338 0.0031400000000001427 0.0 0.0014873684210529796 0.0031399999999948136 -0.00015700000000062886 0.002941684210526295 0.014287000000000605
53 23 0.26682150000000016 0.26856419999999986 0.2706051999999999 0.13062399999999985 0.13266500000000003 0.1346589000000002 0.15573894430284393 0.007284800000000091 0.006280000000000285 -0.0025119999999989595 0.001850947368421221 0.0009419999999971118 0.0 0.003834105263157943 0.008163999999999394
53 24 0.49904019999999993 0.7270513000000001 0.9763516000000003 -0.19409910000000008 -0.1927175000000001 -0.18975019999999998 0.22223803243978657 0.018557400000000168 0.7399723999999996 0.2712960000000031 0.3894591578947367 0.4465079999999988 -0.0036109999999989206 0.009767052631579036 0.024021000000000736
53 25 0.38515239999999995 0.39826190000000006 0.4093774999999997 0.07660029999999995 0.07909660000000007 0.08237005000000003 0.159230115579277 0.015260400000000063 0.03108600000000017 -0.0025120000000034004 0.016361052631579037 0.036738000000002824 -0.016484999999999417 -0.0020162105263158018 0.015386000000000566
53 26 -3.08120193 -2.640986804 -2.3047129 -0.040694399999999964 -0.023455800000000027 -0.019075499999999967 0.2931796077285127 0.036235600000000145 1.51197908 -1.1465082000000004 -0.7897496631578947 -0.19066079999999985 -0.056362999999999275 0.0001983157894736605 0.05557800000000057
53 27 0.5325440000000001 0.5326444800000001 0.5331092000000002 0.1375005999999998 0.13853680000000024 0.1391962 0.15549131180348089 0.004992600000000014 0.003077199999999891 -0.0009419999999993323 0.0001652631578946976 0.00031399999999903727 -0.004239000000002546 0.0006610526315790242 0.009734000000001242
53 28 0.26308489999999995 0.30171317999999986 0.3346925999999999 -0.10500160000000003 -0.09853319999999999 -0.09460820000000003 0.16993622182258913 0.024334999999999996 0.07793479999999953 -0.09734000000000131 0.03794442105263164 0.1274839999999977 -0.038936000000000526 -0.012807894736842103 0.008007000000000986
53 29 2.4241270999999998 2.46842622 2.4863933000000005 0.12059955000000006 0.12294669999999996 0.13131480000000012 0.1729868278168567 0.01312520000000017 0.1912888000000006 0.03359800000000135 0.10067831578947399 0.13093800000000488 0.0010990000000010713 0.006908000000000089 0.015700000000000713
53 30 0.47443829999999987 0.47488732 0.4755843999999998 -0.3358858 -0.3292918 -0.3264343999999999 0.15678920157991408 0.013533400000000029 0.010927199999999804 0.0 0.0057511578947367385 0.004709999999998882 0.0 0.006114736842105214 0.017897999999999525
53 31 0.3598754000000002 0.38298580000000004 0.4094245999999998 -0.00861144999999991 -0.004034899999999841 -0.0017426999999999304 0.16307389090985033 0.017866599999999844 0.06248599999999982 0.011304000000000869 0.03288736842105253 0.05055400000000265 -0.024335000000000884 -0.001222947368420926 0.02213699999999874
53 32 -0.5869130999999999 -0.39115608 -0.1868928000000002 -0.1682961500000001 -0.08652270000000006 0.27895759999999986 0.28691688858246195 0.7227023999999997 0.8029608000000001 0.1014219999999999 0.42261094736842114 0.7495180000000023 0.04474500000000048 0.3803696842105262 0.6038220000000005
53 33 0.22739879999999957 0.23757554 0.24283189999999988 -0.17873665 -0.17676630000000004 -0.1652110999999999 0.16092948829965922 0.01469520000000002 0.05677120000000002 -0.025433999999997514 -0.0038341052631580596 0.05118200000000073 -0.0007849999999998136 0.0076351578947368055 0.015857000000000232
53 34 0.29955599999999993 0.38938511999999986 0.37913929999999973 0.029853550000000173 0.034744100000000055 0.03745235000000008 0.21745580159902234 0.14456559999999974 0.5748083999999998 0.023235999999997592 0.30253073684210513 0.500516000000002 -0.07080700000000051 -0.0760871578947367 0.0017269999999991459
53 35 2.624255 2.6268078200000002 2.6336436 -0.011280449999999886 -0.0058874999999999345 0.0015307499999999696 0.15946858715953174 0.02681559999999994 0.02982999999999958 -0.02574799999999655 -0.015666947368420697 0.0003139999999968168 0.003925000000001289 0.013419368421052624 0.026532999999997475
53 36 0.4445612000000002 0.48749756 0.5490290000000003 0.05075810000000014 0.0529404 0.06428364999999991 0.17499707803405407 0.05975419999999998 0.1727628000000001 0.0009420000000037732 0.08957263157894738 0.10990000000000055 0.0037679999999995495 0.03144957894736841 0.0334409999999985
53 37 0.4758670000000004 0.48864994000000006 0.5025255999999998 0.038213800000000075 0.044682200000000116 0.048355999999999955 0.15970647961621975 0.011837800000000342 0.04534159999999998 0.010048000000000279 0.02386399999999999 0.027631999999999657 -0.001884000000000885 0.005966000000000056 0.01632800000000101
53 38 0.5046136999999999 0.50447554 0.5093079999999999 -0.25243245 -0.2504621 -0.25006175 0.15841179103978653 0.002825999999999995 0.028322800000000203 -0.0037679999999995495 -0.01490673684210537 0.011303999999996428 -0.006907999999998804 -0.0001983157894736605 0.0028260000000002172
53 39 0.4909547000000001 0.49260947999999993 0.49367079999999985 -0.11034744999999996 -0.10980579999999995 -0.10887950000000002 0.1555637527066656 0.0072534000000001875 0.005275199999999813 -0.0012559999999983695 -0.0013882105263157403 0.0 -0.010361999999999316 -0.002164947368421076 0.00015699999999951864
53 40 0.6331966999999998 0.63461912 0.6353318999999997 -0.07019469999999994 -0.06725879999999995 -0.06636389999999992 0.1557308533601687 0.009891000000000094 0.0024492000000000402 -0.0003139999999968168 0.0012890526315789685 0.0028260000000002172 -0.009106000000000947 -0.002313684210526351 0.004552999999999363
53 41 0.5188378999999997 0.52295444 0.5271589000000002 0.016971700000000034 0.025763699999999834 0.039885849999999945 0.1640088659085764 0.08462300000000011 0.0186516000000001 -0.05306599999999939 0.009816631578947422 0.07159200000000476 -0.0004710000000018866 0.04453842105263164 0.08886199999999955
53 42 0.23970760000000046 0.24267490000000008 0.24492000000000003 -0.1030548 -0.10183020000000009 -0.10179880000000008 0.15533638877354464 0.004364599999999941 0.005589200000000183 0.0 0.0027764210526317144 0.0009419999999948914 -0.006593999999999767 0.002247578947368425 0.012088999999999572
53 43 0.5593595999999997 0.5578084400000002 0.5812454000000001 -0.23714849999999993 -0.23264259999999992 -0.21701325 0.1717552358143089 0.05287759999999997 0.13175439999999972 -0.1353340000000003 -0.06934442105263143 0.011617999999999906 0.003453999999999402 0.02783031578947367 0.05966000000000027
53 44 -1.6308846 -1.0901577599999999 -0.5316177 -0.2683365500000001 -0.18913790000000008 -0.12008144999999998 0.3421941458735445 0.19935860000000005 1.9235639999999998 -1.037142000000002 -1.012402105263158 -0.7360159999999993 -0.0010989999999999611 0.09063031578947371 0.17913700000000032
53 45 -1.6238824 -1.2251495000000001 -0.993496 0.35241790000000006 0.43770029999999993 0.5012381999999997 0.346819569378003 0.3567353999999998 1.3667791999999996 -0.4191900000000004 0.7193574736842102 1.5756519999999985 -0.07975599999999972 0.12928536842105243 0.3526220000000002
53 46 0.4421120000000003 0.5160746999999999 0.6094583 -0.08097274999999993 -0.0634751 -0.06076685000000004 0.18691454186653825 0.07174900000000006 0.2891311999999999 0.0 0.15217431578947363 0.27600599999999975 -0.021666000000000185 -0.00836231578947364 0.016955999999999083
53 47 0.4748307999999999 0.4774684000000001 0.4795408000000001 0.03664379999999978 0.03893599999999986 0.042295799999999995 0.15569821718946816 0.004804200000000147 0.004710000000000214 0.0 0.002478947368421165 0.00031399999999903727 -0.005181000000000768 0.0012229473684210429 0.01350199999999857
