54 0 0.4814561999999999 0.48420998000000004 0.4877205000000001 0.34153780000000017 0.34310779999999985 0.34485834999999987 0.1564268724830987 0.00844659999999986 0.013501999999999903 -0.0037679999999995495 0.004164631578946987 0.014444000000000123 -0.006750999999999285 0.00028094736842112616 0.007535999999997989
54 1 -0.3742095000000001 -0.36711624 -0.3586822000000002 0.09206479999999978 0.1050800999999999 0.10828290000000018 0.15941677053723888 0.030238200000000104 0.013313600000000037 -0.03265600000000202 -0.002974736842105258 0.026690000000000325 0.0 0.015914842105263213 0.028888000000000247
54 2 -0.9975309000000001 -0.7305241400000001 -0.5272217 0.46734189999999987 0.47346489999999997 0.5368301 0.21763799710220708 0.06785540000000001 0.5229356000000003 0.13658999999999866 0.27522926315789487 0.33660799999999824 -0.06201499999999971 -0.03366410526315787 0.006593999999999767
54 3 -0.16850810000000005 0.12587318000000006 0.3270466999999999 -0.15995160000000008 -0.11092049999999998 -0.09508705 0.2132468739716336 0.10792180000000018 0.5451039999999998 0.021351999999998927 0.22872421052631595 0.30991800000000014 -0.10220700000000082 -0.056800947368421145 -0.010519000000001055
54 4 -0.1525882999999998 -0.039309660000000024 0.07126230000000011 0.24209400000000014 0.24864090000000005 0.25271505 0.1917379933442452 0.023550000000000182 0.33761280000000005 -0.014444000000000123 0.1534633684210526 0.31808200000000175 -0.03234199999999965 0.002991263157894681 0.02590500000000051
54 5 -0.041950400000000165 0.06604362000000004 0.16852380000000022 0.25970939999999976 0.2627395 0.2820190999999999 0.18977359084106046 0.056457200000000096 0.3232944 -0.2609339999999971 0.013782947368420865 0.17646800000000296 0.0 0.029714315789473734 0.06327099999999919
54 6 -1.1403538 -0.8523153200000001 -0.5548851000000001 0.06615980000000016 0.08319429999999994 0.16204754999999993 0.28309124102195216 0.27820400000000034 1.1215452 -0.9206479999999995 0.11082547368421058 1.070739999999999 0.03312699999999835 0.13830873684210532 0.30803399999999925
54 7 -0.20844889999999994 -0.19116006000000008 -0.17601270000000024 0.15247054999999987 0.15558699999999992 0.16061100000000011 0.16382587148437266 0.04185620000000001 0.0635536000000001 0.00125600000000059 -0.008362315789473756 0.032655999999999796 -0.015385999999999456 0.014196105263157843 0.037836999999999454
54 8 -0.19990810000000014 -0.17980268000000002 -0.16013999999999995 0.20895130000000006 0.24408790000000002 0.24485720000000022 0.16723820139902223 0.06672500000000015 0.07579959999999986 -0.0320279999999995 -0.03493663157894753 0.0021980000000021427 -0.07724400000000187 -0.03511842105263165 0.000941999999998222
54 9 0.20810350000000033 0.30095330000000003 0.39584410000000003 0.12444605000000009 0.1283631999999999 0.13106360000000006 0.18735806991048723 0.010927199999999804 0.27820399999999923 -0.2490020000000004 -0.038737684210526514 0.24366399999999677 -0.023236000000000923 0.0011898947368421968 0.02355000000000107
54 10 0.04515319999999989 0.0869622999999999 0.06597139999999979 0.21287630000000002 0.21866960000000002 0.22243760000000012 0.1812836791557102 0.0824878 0.20052040000000027 -0.0273179999999984 0.10084357894736846 0.04364599999999719 0.0007849999999998136 0.04341463157894737 0.030615000000000503
54 11 -0.16090929999999992 -0.07099853999999998 -0.006154399999999893 0.08134954999999994 0.12153369999999997 0.1280177999999999 0.19852492418500958 0.08879919999999997 0.4081999999999999 -0.2995559999999986 -0.21484210526315783 -0.05934600000000012 -0.03752299999999931 0.024822526315789562 0.07441799999999943
54 12 -1.2582608 -1.24241636 -1.1936239000000002 0.48853690000000005 0.5454023000000001 0.6357244 0.2162829758372388 0.27619440000000006 0.4173060000000002 -0.36926400000000137 -0.21963473684210533 -0.025119999999998477 0.058718000000002046 0.14536547368421057 0.22560899999999995
54 13 -0.05860809999999994 -0.04729154000000002 -0.025638099999999886 0.15950414999999984 0.1633427999999998 0.1680214000000001 0.1628169592295955 0.015197600000000255 0.07736959999999993 0.012246000000000201 0.03665536842105267 0.061230000000001006 -0.029358999999998803 -0.007998736842105397 0.001884000000000885
54 14 -0.23174769999999978 -0.22054104 -0.2083233 0.18917715000000007 0.19114750000000003 0.1928038499999999 0.16051886313214317 0.02326740000000016 0.02731799999999973 -0.03108599999999795 0.009353894736841941 0.03579600000000127 -0.002197999999998812 0.009948842105263157 0.019154000000000115
54 15 0.18450640000000018 0.2679267800000001 0.33868039999999977 0.056786899999999974 0.09368189999999998 0.10148480000000021 0.17561868938182487 0.05925180000000019 0.17615400000000037 -0.128111999999998 -0.08233410526315789 0.0 -0.053693999999999686 -0.022922000000000074 0.013187999999999533
54 16 -0.09025930000000004 0.06934376 0.23743109999999967 0.32809075000000015 0.3365138 0.34737034999999983 0.22698242104297145 0.03871620000000031 0.7764591999999997 -0.583726 -0.4086627368421051 -0.2829140000000008 0.008948999999999208 0.01327063157894735 0.028888000000000247
54 17 -0.01777239999999991 0.020403720000000014 0.03345669999999967 0.055381749999999896 0.0628628 0.07218859999999994 0.1798283966665382 0.0709012 0.16654560000000007 0.02731799999999618 0.08765557894736846 0.11052800000000529 -0.08729199999999993 -0.037316421052631575 0.019311000000000744
54 18 -0.17921550000000008 0.04341678 0.2306330000000002 -0.08134954999999999 -0.05630020000000002 -0.0451375 0.22155456649838534 0.05045979999999983 0.6867179999999995 0.07849999999999913 0.3614305263157892 0.63585 -0.04474500000000048 0.0003305263157893952 0.05086799999999947
54 19 -0.20893560000000022 -0.16610600000000003 -0.12007360000000011 0.03970529999999994 0.05110350000000008 0.05896134999999991 0.17554622922067836 0.0366124000000001 0.19210519999999986 -0.02857400000000121 0.08461473684210503 0.17803799999999814 -0.035325000000001605 -0.004346421052631576 0.030144000000000837
54 20 -0.24096360000000017 -0.23055135999999993 -0.04337909999999978 0.24181140000000007 0.2643723000000001 0.27819615000000003 0.2703667230111242 0.21637740000000005 0.6869691999999996 -0.5523259999999985 -0.36156273684210505 0.19499400000000167 -0.040349000000000634 0.11388284210526319 0.2764769999999994
54 21 -0.14062489999999994 -0.03962680000000005 0.06377339999999965 0.1573375500000001 0.16904190000000008 0.1770802999999999 0.1827975600716338 0.014506800000000153 0.21370840000000024 -0.1551159999999996 0.07235221052631577 0.2176020000000034 -0.014443999999999013 -0.004627368421052468 0.02119500000000163
54 22 -0.26638190000000017 -0.18772175999999996 -0.022089900000000107 0.321065 0.3294802 0.3993216500000001 0.23666696334169726 0.22790120000000003 0.6857131999999999 -0.6565740000000031 -0.36090168421052626 -0.06562599999999863 0.0285740000000001 0.11994800000000001 0.2354999999999996
54 23 -0.3219913000000001 -0.26186344000000006 -0.21243670000000003 0.2117773 0.24220390000000014 0.2781961499999999 0.18935509466781206 0.10679139999999987 0.28818920000000015 -0.19122600000000212 -0.13892021052631573 0.008163999999999394 0.030144000000000837 0.05620599999999993 0.07944200000000068
54 24 0.43272339999999965 0.45757650000000005 0.4782848000000002 -0.010526850000000032 -0.0053851000000000315 0.0026297499999999308 0.16946873105634708 0.03589019999999987 0.1333243999999998 -0.13156600000000074 -0.03298652631578931 0.037679999999997715 -0.022921999999998555 -0.0051396842105263345 0.021351999999998927
54 25 0.17532189999999992 0.20356619999999995 0.22810529999999984 0.07309134999999989 0.08038399999999979 0.09044770000000002 0.1646615251518886 0.01877719999999994 0.08007000000000053 -0.0769299999999995 -0.042142105263158175 -0.0015699999999996272 -0.008006999999999875 0.00841189473684214 0.03563900000000064
54 26 0.2244001 0.24708974 0.2745458999999998 0.43387734999999994 0.43667980000000006 0.4404164000000004 0.16726786798437268 0.012685600000000186 0.1168079999999998 -0.1095859999999993 -0.061477894736842 0.0 -0.015072000000000418 -0.006676631578947466 0.0032969999999998834
54 27 -2.1186678999999997 -1.5788862 -0.9868705999999999 0.0593303 0.06980220000000015 0.24350700000000014 0.3463726693862835 0.43689959999999983 1.7339708000000003 0.26721400000000006 0.9126162105263159 1.3480020000000004 0.0015699999999996272 0.22994715789473671 0.4143230000000031
54 28 -0.08405780000000018 -0.07469118 -0.05801149999999988 0.0942942000000001 0.1201835 0.14127645000000016 0.1811823668557102 0.08138879999999982 0.21012880000000056 -0.10267799999999827 -0.11059410526315819 0.1142960000000004 -0.09451399999999888 0.033498842105263174 0.18573099999999898
54 29 0.07937919999999987 0.12510074000000013 0.16238510000000006 0.32232099999999997 0.3297 0.3340331999999999 0.16603245710348088 0.01802360000000003 0.0718432 -0.06656800000000018 0.009783578947368343 0.07692999999999728 -0.024177999999998034 -0.00948610526315791 0.005495000000000916
54 30 -0.17453689999999988 -0.05790788 -0.05595479999999997 -0.20737345000000013 -0.17954520000000007 -0.17510209999999993 0.21276739881367204 0.08722920000000012 0.5735524000000005 -0.31902399999999664 -0.28540947368421055 -0.04741399999999896 -0.007536000000000209 0.04154715789473684 0.0871350000000004
54 31 -0.26550269999999987 -0.22119416000000003 -0.20117980000000013 -0.01964854999999993 0.03176109999999999 0.07007694999999992 0.18894224459520065 0.14739159999999996 0.20560719999999977 -0.2838559999999979 -0.10249621052631568 0.05118200000000073 -0.28966500000000006 -0.05627210526315786 0.17976500000000062
54 32 -0.23708570000000007 -0.15901588000000005 -0.09074600000000022 0.15392279999999992 0.16064240000000019 0.1829207 0.17775619532131526 0.0597228000000003 0.20391159999999964 -0.18149200000000087 -0.10732189473684191 -0.0015700000000040681 0.005338000000000287 0.031433052631579105 0.041448000000000595
54 33 -0.3218342999999999 -0.04318441999999991 0.03127440000000037 0.11545780000000011 0.12550579999999978 0.1705569500000002 0.27146471734297123 0.09972639999999999 1.2029968000000006 -0.5300319999999981 -0.6065157894736845 -0.231418000000001 -0.07881399999999816 -0.05248757894736842 0.002983000000000846
54 34 -2.0144670000000002 -1.63388958 -1.3073390000000003 0.23785499999999987 0.24795010000000006 0.2682659000000001 0.3072283373276849 0.1498094000000001 1.4534432000000002 -0.01978200000000041 0.764970105263158 1.4651239999999999 -0.002983000000000846 0.0769465263157894 0.12748399999999993
54 35 -0.6640315 -0.41305130000000007 -0.1026151999999999 0.19138299999999997 0.20617239999999992 0.21278994999999995 0.2697620804276847 0.04675459999999987 1.1933884000000003 -1.2870859999999995 -0.628099157894737 0.011618000000002127 -0.03877899999999879 0.0015699999999999779 0.029358999999998803
54 36 0.05545239999999996 -0.00980308000000003 0.08890910000000007 0.26671160000000005 0.26843859999999997 0.2727718000000002 0.22920045282131538 0.11172119999999963 0.7345088000000008 -0.33974800000000194 -0.3865835789473689 0.014758000000003602 -0.010205000000002018 0.058800631578947174 0.027631999999999657
54 37 -0.06843630000000012 -0.06787737999999999 -0.058089999999999864 0.22793260000000015 0.23214020000000002 0.23688945000000017 0.16231543988819425 0.016736199999999757 0.05852959999999996 -0.028888000000000247 -0.030805052631578927 0.025119999999998477 0.0 0.006808842105263201 0.015543000000001195
54 38 -0.031070299999999995 -0.007724400000000009 0.01293679999999986 0.055161949999999904 0.06356929999999994 0.0703046 0.16395193983341722 0.04458800000000007 0.06104160000000025 0.014443999999997903 0.031234736842105325 0.054950000000000276 -0.0483559999999994 -0.02346736842105267 0.014444000000000123
54 39 0.18968740000000017 0.23247304 0.28456249999999994 0.0750852500000001 0.1061319999999999 0.12247570000000013 0.1796035163442452 0.10839279999999984 0.17307680000000003 -0.04678600000000088 0.03298652631578954 0.10236399999999923 -0.09357199999999843 -0.046422421052631474 -0.019468000000000263
54 40 0.002841699999999836 0.008873639999999993 0.014381199999999872 0.3310423499999999 0.3351321999999999 0.34127874999999985 0.1585781881932898 0.02703539999999993 0.014444000000000567 -0.0021979999999999222 0.007139368421052713 0.023236000000002033 0.0 0.014229157894736806 0.029202000000000394
54 41 -0.07127800000000006 -0.07200333999999997 -0.052704900000000054 0.2927657500000001 0.29429649999999996 0.3126576500000001 0.17108453660029618 0.07068139999999956 0.10148480000000015 -0.09325800000000273 -0.05341305263157903 0.01727000000000034 0.0018839999999986645 0.03720073684210503 0.06782399999999855
54 42 -0.16332710000000017 -0.05318218000000004 0.041871900000000295 0.1648343000000001 0.18009469999999994 0.1874109000000001 0.1939301662627165 0.0392186000000001 0.3109856 0.000628000000000295 0.16367663157894735 0.4408560000000028 -0.05071099999999995 -0.020641368421052686 0.0043959999999998445
54 43 2.5950373 2.7871720160000004 3.0215435 -0.4171019 -0.34213440000000006 -0.18927920000000004 0.27358193896386307 0.3810703999999998 0.9738144800000006 0.35601319999999603 -2.792729221052632 0.6735299999999977 -0.2818150000000008 -0.20056336842105252 -0.13219399999999992
54 44 0.041353799999999996 0.12395777999999993 0.20485359999999986 0.013352849999999916 0.015354600000000107 0.017034500000000008 0.18073269942386302 0.01755260000000014 0.2793972 -0.050240000000001395 0.037944421052631405 0.2320459999999991 -0.002355000000000551 0.005982526315789596 0.021038000000001
54 45 -0.05581349999999996 0.24234206 0.4597274 0.03494035000000012 0.06090029999999991 0.06647380000000003 0.24935517419838535 0.06656799999999996 1.0069979999999998 -0.7375860000000012 -0.5299989473684209 -0.3607860000000018 0.01868300000000267 0.03503578947368419 0.062328999999998747
54 46 0.020567000000000002 0.06520837999999991 0.11753019999999981 0.2034327500000001 0.21441489999999985 0.22411750000000008 0.16832949376144266 0.0352621999999998 0.12145519999999932 -0.09419999999999984 -0.04657115789473663 0.026376000000001287 0.007536000000000209 0.01855905263157884 0.028102999999999323
54 47 0.1599830000000001 0.28133458000000006 0.3807250000000001 0.1369275499999999 0.13902349999999997 0.1535616999999999 0.19020069433086947 0.039846599999999954 0.3617908000000005 0.11837799999999898 0.19041621052631608 0.2804019999999996 -0.0021979999999999222 0.020971894736842082 0.045059000000000626
