55 0 0.02479029999999982 0.03772709999999988 0.051087799999999906 0.2767046500000001 0.2798839000000001 0.28745915000000016 0.16031951146972293 0.01488360000000033 0.03925000000000001 -0.01726999999999812 0.012031157894736884 0.046471999999997404 -0.014286999999999495 0.005817263157894898 0.029045000000000876
55 1 -0.06418159999999995 -0.05829724000000001 -0.04716280000000017 0.019625000000000004 0.02259230000000001 0.024178000000000033 0.16240527918564646 0.01579419999999998 0.07278519999999977 -0.029201999999997064 -0.03830799999999988 0.0 -0.014600999999999642 -0.008312736842105253 0.0
55 2 0.4529921000000001 0.45401574 0.47005799999999986 0.21554530000000016 0.21670709999999993 0.21830850000000018 0.16635955657991403 0.025496800000000208 0.10066839999999999 -0.08886199999999844 -0.052983368421052626 0.0 -0.00015700000000173908 0.01341936842105274 0.01727000000000034
55 3 0.010754500000000111 0.09890999999999997 0.19708209999999993 -0.14375705000000005 -0.1388665 -0.12463445000000006 0.18124491538055099 0.03224779999999994 0.21439920000000035 -0.1748979999999989 -0.09555515789473673 0.02982999999999958 -0.021509000000000666 0.00259463157894736 0.04835600000000051
55 4 0.11800120000000003 0.1294998800000001 0.1448168000000003 0.13892930000000003 0.14747009999999994 0.15846795000000002 0.16299766285507325 0.043112200000000156 0.0437088000000001 -0.05463599999999902 -0.004792631578947166 0.02355000000000107 0.014600999999999642 0.022690631578947452 0.02841700000000058
55 5 0.14768989999999982 0.18338855999999998 0.21319030000000005 0.34623994999999996 0.3834254 0.4050443000000001 0.1765089808448822 0.10632039999999998 0.09357200000000043 -0.20378600000000135 0.014609263157894587 0.30395200000000067 -0.110370999999998 0.02749978947368439 0.19860499999999837
55 6 0.2255933 0.20720231999999994 0.2534293999999999 -0.02512000000000003 -0.01918540000000002 -0.017466249999999905 0.18288280050730255 0.01748979999999989 0.3001212 -0.1645360000000018 -0.15795852631578947 0.0 -0.001884000000000885 0.003933263157894715 0.01617100000000038
55 7 0.17028219999999972 0.18658822 0.20720859999999974 0.08017204999999983 0.09655499999999995 0.10806310000000008 0.17023185857800316 0.03978380000000037 0.08678960000000036 -0.1296820000000043 -0.04567873684210545 -0.013187999999999533 -0.042861000000001814 0.017650105263158005 0.07441799999999943
55 8 0.00822680000000009 0.009545600000000043 0.011115600000000114 0.04662900000000003 0.04805769999999998 0.04946285 0.1557175365557102 0.002857399999999899 0.005714800000000242 -0.014444000000000123 -0.001520421052631592 0.0009420000000015527 -0.00031399999999903727 0.0007436842105263729 0.01365900000000031
55 9 0.08499979999999996 0.08559326 0.08594180000000007 0.13334009999999985 0.13779889999999984 0.13938460000000008 0.1556837247850095 0.009200199999999992 0.002951599999999832 -0.0043959999999998445 -0.0002644210526314694 0.0043959999999998445 -0.014758000000000271 -0.0006445263157893674 0.013815999999998718
55 10 -0.016704799999999853 -0.015853859999999952 -0.013753200000000021 0.29532484999999997 0.29567810000000005 0.2957644500000001 0.15517183250093314 0.004458799999999874 0.0036423999999999346 -0.00031399999999903727 0.001917052631578913 0.003454000000000512 -0.0025120000000000697 -0.0015699999999999779 0.00047100000000077635
55 11 -0.0054008000000003165 -0.007259680000000257 -0.0054008000000003165 0.08188334999999997 0.0921904 0.09934960000000004 0.15871424995698402 0.022294000000000036 0.022921999999999887 -0.014130000000001086 -0.01206421052631573 0.0 -0.015700000000000713 -0.010675999999999873 0.0
55 12 0.04578119999999963 0.05435967999999989 0.05622169999999993 0.18019675000000007 0.18216709999999992 0.18477329999999997 0.16162685465061458 0.011115599999999892 0.06462119999999949 -0.05055400000000043 -0.03401115789473658 -0.005337999999996956 -0.014286999999999495 -0.0032061052631579983 0.01365900000000142
55 13 0.11935139999999989 0.12312253999999996 0.12724849999999988 0.1366449500000002 0.1387879999999998 0.13903920000000003 0.1580346955194045 0.009671200000000324 0.028260000000000396 -0.02731800000000062 -0.014873684210526525 0.0 -0.014287000000000605 -0.005090105263158065 0.0
55 14 0.003077199999999891 0.00446508000000001 0.005903200000000108 0.1342664 0.13516130000000004 0.13838764999999992 0.15583388325316244 0.009922399999999776 0.0028888000000000247 0.0 0.0014543157894739 0.0 0.0 0.003635789473684165 0.014129999999999976
55 15 0.0615910999999999 0.10286325999999998 0.11128159999999998 -0.05579779999999995 -0.05022430000000011 -0.025653800000000004 0.17478359601367197 0.04694300000000018 0.16390800000000016 -0.10958599999999485 -0.004362947368420998 0.01475799999999916 -0.045373000000001884 -0.015270315789473729 0.029987000000000208
55 16 -0.1800318999999999 -0.06491007999999998 0.04607950000000005 0.19669744999999994 0.2028125999999999 0.21333160000000012 0.18528434641367192 0.020127400000000017 0.2999955999999999 -0.1871440000000013 0.01137010526315786 0.29924199999999734 -0.0025119999999989595 0.009320842105263212 0.017584000000000488
55 17 0.12238150000000036 0.12911366000000013 0.13696680000000017 0.01654779999999989 0.02367560000000002 0.028008800000000056 0.1609588249894682 0.020535599999999876 0.03479119999999991 -0.013502000000000791 -0.008593684210526613 0.027631999999999657 0.0 0.010097578947368548 0.015072000000002639
55 18 0.07521869999999964 0.09005520000000004 0.10299200000000008 -0.08253490000000002 -0.08039969999999996 -0.07965394999999997 0.1587932495219522 0.004301800000000133 0.03793119999999961 -0.04050599999999793 -0.019963789473684004 0.0 -0.00737899999999847 0.0008593684210526847 0.007850000000001467
55 19 0.17871310000000018 0.18309340000000005 0.18921639999999984 0.10481319999999994 0.10525279999999992 0.10575520000000016 0.15680938554615595 0.0024177999999999145 0.022921999999999443 -0.025748000000000992 -0.011965052631578724 0.000628000000000295 -0.0028260000000002172 -0.0012725263157894286 0.0003140000000001475
55 20 0.054274900000000126 0.05652313999999996 0.06135559999999973 0.11253760000000013 0.1135581 0.11401339999999993 0.1573123924875573 0.0036738000000000604 0.028385599999999567 0.0 0.01199810526315757 0.02857399999999899 -0.0021979999999999222 0.0013221052631579315 0.010519000000001055
55 21 0.24071240000000005 0.25150143999999985 0.26112239999999964 0.0010362000000000982 0.0038936000000000526 0.008862650000000138 0.16057843423532805 0.018117800000000184 0.04345759999999954 -0.05055400000000043 -0.022872421052631337 0.00031399999999903727 -0.00015699999999951864 0.008626736842105341 0.015857000000000232
55 22 0.020598399999999906 0.023393000000000042 0.025292699999999946 0.3242991999999999 0.32816140000000005 0.32917405000000016 0.15666538983978667 0.011743599999999965 0.013062400000000363 -0.003454000000000512 -0.006874947368421243 0.0 -0.01240299999999972 0.002627684210526323 0.01475799999999916
55 23 -0.06399320000000008 -0.06003365999999999 -0.05499710000000002 0.33711824999999984 0.3407842000000001 0.343673 0.15821161217290772 0.013219399999999881 0.02166599999999974 -0.058718000000002046 -0.011403157894736705 0.05306599999999939 -0.002355000000000551 0.006147789473684177 0.022451
55 24 0.024083799999999878 0.04311848000000009 0.06060200000000027 -0.0017898000000000636 0.004914100000000032 0.006366350000000132 0.15929508194424521 0.015009199999999723 0.039501200000000125 -0.015700000000000713 -0.01910442105263167 0.000628000000000295 0.00015699999999951864 0.007899578947368275 0.014443999999996793
55 25 0.14434579999999986 0.1471309799999999 0.1521172999999999 0.2374154000000001 0.2384202000000002 0.23973900000000015 0.15751636869265281 0.005809000000000175 0.014067199999999946 -0.004709999999998882 -0.007403789473684182 0.0056520000000004345 -0.007692999999999728 8.26315789473488e-05 0.013815999999999828
55 26 0.06939399999999996 0.07047730000000005 0.07165480000000013 0.3103262000000001 0.31045180000000006 0.3117392000000001 0.15509135765507331 0.0017898000000002856 0.004144800000000171 -0.0062800000000007294 -0.001553473684210438 0.003140000000001475 -0.009105999999999836 -0.0006610526315787904 0.002354999999999441
55 27 0.3436416000000002 0.37316388000000006 0.4226597000000001 0.16092499999999998 0.16241650000000007 0.1666005499999999 0.17916916921112405 0.013313600000000037 0.26495319999999944 -0.1865159999999988 -0.13944905263157867 -0.04176200000000074 -0.005023999999999029 0.006924526315789513 0.017113000000000822
55 28 0.09454539999999978 0.09594584000000017 0.10247390000000034 0.07476339999999992 0.07617640000000003 0.07685934999999999 0.16025759513278023 0.01934239999999976 0.046095200000000336 -0.027631999999999657 -0.024260631578947544 0.0006279999999958541 0.0 0.008874631578947271 0.01601400000000086
55 29 0.0817656 0.0863091800000001 0.09146820000000033 0.06267440000000002 0.07689860000000004 0.08916030000000014 0.16076674861685677 0.054824399999999995 0.016390800000000372 -0.0018839999999986645 0.00862673684210546 0.025119999999998477 0.027788999999999175 0.028788842105263123 0.030301000000000355
55 30 0.011476700000000006 0.011429600000000017 0.012434400000000068 -0.21569445000000004 -0.21523130000000001 -0.21517635000000007 0.15521632529520063 0.0028888000000002467 0.005714799999999798 -0.0015699999999996272 -0.003007789473684104 0.0 -0.0014130000000001086 -0.0015204210526317088 0.0
55 31 0.14882030000000035 0.26445708 0.41344380000000025 0.7223727 0.8167924999999998 1.0802306500000003 0.269282702602844 0.8892794000000004 0.4119052000000001 0.1042479999999979 0.20013368421052624 0.33597999999999795 0.08148299999999775 0.3799400000000001 0.9291259999999979
55 32 0.13445480000000032 0.13683806000000015 0.13998120000000025 0.07950480000000004 0.08374379999999992 0.08638140000000005 0.15744146478946808 0.009514199999999917 0.02424079999999984 -0.026690000000002545 -0.0127583157894736 0.0 -0.00015699999999951864 0.004924842105263134 0.013187999999999533
55 33 0.19989239999999997 0.2030261200000001 0.20523040000000048 0.02902929999999998 0.03020680000000009 0.030936850000000016 0.1564876803627165 0.005808999999999953 0.015511599999999515 0.0 0.0027103157894733214 0.013815999999999828 -0.00015699999999951864 0.003057368421052607 0.013187999999998423
55 34 0.023597100000000037 0.023622219999999916 0.02411519999999978 0.2622606500000001 0.2623470000000001 0.26240980000000014 0.15531369762641087 0.004333200000000259 0.0033911999999998166 -0.00031399999999903727 0.0002644210526317032 0.0028259999999979968 -0.0020409999999992934 -0.002280631578947505 0.000628000000000295
55 35 0.06135559999999973 0.06442651999999996 0.06964520000000007 0.06772979999999995 0.06950389999999995 0.07083840000000019 0.15653645161876747 0.008321000000000023 0.013690400000000214 -0.013502000000000791 -0.007139368421052713 0.0 -0.013815999999999828 -0.004379473684210538 0.000628000000000295
55 36 -0.3708811000000002 -0.20702961999999997 -0.06433859999999991 0.2944535000000001 0.30900740000000004 0.32617535 0.19954665799201607 0.04405419999999993 0.44983640000000014 -0.35482000000000014 -0.1169402105263158 0.16453599999999957 -0.032655999999999796 0.005536315789473656 0.03705200000000075
55 37 0.09787379999999979 0.10520569999999993 0.11285160000000038 0.19399705 0.1954963999999999 0.1969722 0.15720156197099674 0.005651999999999768 0.02361279999999999 -0.026689999999995884 -0.006808842105263318 0.0025119999999989595 -0.013815999999999828 -0.001503894736842052 0.014286999999999495
55 38 0.07788769999999967 0.18293326000000004 0.3084579000000002 -0.19459365 0.2630378000000001 0.5359509000000001 0.29036032200602907 0.9350606000000004 0.45146920000000046 -0.3187099999999998 0.08164000000000002 0.3940699999999997 -0.8666399999999996 -0.492137157894737 -0.09498500000000076
55 39 -0.016265199999999758 -0.015125379999999921 -0.012403000000000053 0.04894475000000004 0.05634729999999999 0.05918900000000016 0.15624789460602864 0.009891000000000094 0.006028799999999723 -0.0012559999999983695 -0.0016526315789472097 0.00031399999999903727 0.0 0.00520578947368426 0.014129999999998866
55 40 0.1323196000000002 0.13773610000000014 0.14265020000000028 0.12614949999999997 0.12814340000000002 0.1300823499999999 0.1574088778187675 0.006813799999999981 0.026438800000000207 -0.02825999999999773 -0.01391515789473695 0.0 -0.012716999999999867 -0.0035862105263157794 0.0006279999999991848
55 41 0.10159470000000004 0.10202173999999986 0.10435789999999989 0.12814340000000013 0.1296663 0.13093799999999978 0.15603411677736628 0.008729200000000104 0.004710000000000214 -0.005652000000002655 -0.002478947368421165 0.00031399999999903727 -0.0009419999999993323 0.004362947368420998 0.007849999999999246
55 42 -0.021006599999999986 -0.023609659999999977 -0.01395729999999984 0.05937739999999997 0.06458979999999992 0.0673922500000001 0.1608224076729076 0.011304000000000203 0.046032400000000084 -0.02857399999999899 -0.024227578947368465 0.0 -0.01475799999999916 -0.0021153684210525733 0.013815999999999828
55 43 0.09664919999999988 0.09698518000000007 0.09771680000000016 -0.06765914999999995 -0.06328670000000003 -0.05932245000000003 0.15652372761430888 0.01953080000000007 0.0022608000000001738 -0.0006280000000025154 -0.0007602105263160297 0.0025120000000034004 0.0 0.010279368421052669 0.014758000000000271
55 44 0.11610150000000019 0.1722384200000001 0.2225946000000002 -0.12980759999999997 -0.12740550000000006 -0.12051319999999988 0.16957294083914967 0.028291399999999856 0.12026199999999987 -0.14318400000000064 -0.06329578947368414 -0.02480599999999722 -0.00015699999999951864 0.014890210526315714 0.028259999999999952
55 45 0.026642899999999914 0.03209394000000006 0.03554479999999982 0.00020409999999998485 0.0027945999999998694 0.005094650000000034 0.15741024863787573 0.016830399999999912 0.014757999999999605 0.0 -0.0009254736842107273 0.02825999999999551 -0.0003140000000001475 0.007552526315789574 0.014758000000000271
55 46 0.0128583000000001 0.050418980000000044 0.09222180000000024 0.14555470000000004 0.1513637 0.15363235000000008 0.1693162940780031 0.022356800000000066 0.14550759999999974 -0.11052800000000085 -0.07658294736842092 -0.028260000000002172 -0.0012560000000017002 0.011766736842105297 0.025747999999999882
55 47 0.008791999999999689 0.00899609999999973 0.008917599999999748 0.1328533999999999 0.13571080000000002 0.13606405 0.1552078087525255 0.004301799999999911 0.0028260000000002172 0.0 -0.0014873684210527458 0.0 0.0 0.002264105263157848 0.014129999999998866
