62 0 3.044117647058824 -3.0883694852941166 -2.9400735294117633 -0.35 -0.34 -0.3175 0.21887409634556407 0.06 0.6641176470588279 0.16470588235293127 -2.9557275541795645 0.525000000000011 -0.029411764705891963 0.021052631578947358 0.09999999999999981
62 1 -2.0977389705882383 -1.546829411764708 -1.141415441176473 -0.44 -0.41382352941176503 -0.3605490196078417 0.4006930112025432 0.52 2.29 -1.2641176470587916 -1.1947368421052633 -0.7000000000000184 -0.0968750000000071 0.2276315789473672 0.23823529411765548
62 2 -2.612647058823532 -2.0854914086687333 -1.6464705882352968 0.38 0.4 0.4684375000000002 0.3421014016814457 0.27 1.83235294117647 -1.6630514705882815 -0.9643962848297211 -0.4294117647058715 0.0 0.14210526315789476 0.27812500000000434
62 3 0.554117647058819 1.0050572712418282 1.5 0.0957352941176452 0.11555555555555644 0.1725 0.2949919808969052 0.09 1.4394117647058837 -1.2136111111111232 -0.7575851393188863 -0.20882352941176685 0.0 0.03684210526315789 0.10000000000000009
62 4 2.5479411764705886 2.81866503267974 3.0968106617647084 0.3337499999999984 0.365 0.39 0.24797489753500743 0.07 0.9400000000000004 0.3981617647058999 -2.810526315789474 0.5970588235294239 -0.02499999999998892 0.0368421052631579 0.14411764705882707
62 5 2.765726102941178 3.0459362745098053 -2.9795588235294117 -0.41 -0.4 -0.38749999999999996 0.2448079499804709 0.03999999999999998 0.9558823529411766 0.3933823529411473 -2.8021671826625383 0.5933823529411941 -0.10000000000000009 0.005263157894736818 0.10000000000000009
62 6 -1.145000000000003 -0.17969758986928586 0.7302941176470534 -0.2425 -0.2146875000000008 -0.07867647058823665 0.46600146316580565 0.24000000000000002 3.119411764705884 -2.6382352941176612 -1.7052631578947368 -0.8999999999999808 -0.20275735294117125 -0.10493421052631664 0.050000000000000044
62 7 2.57 2.595147058823529 2.6225 0.15 0.19 0.23500000000000001 0.17970301766209407 0.07000000000000003 0.10941176470588365 -0.10000000000002007 -0.016408668730652994 0.10000000000000009 -0.049999999999999906 0.03157894736842106 0.10294117647058218
62 8 -0.7825 -0.6236121323529419 -0.485 0.09250000000000001 0.16558823529411826 0.2229411764705873 0.21507121778766103 0.22647058823529734 0.43000000000000005 -0.3062499999999885 -0.22105263157894742 -0.15882352941174627 -0.20882352941175114 -0.11919504643963016 -0.03235294117648657
62 9 2.0714705882352957 2.154483455882353 2.2526562499999994 -0.1191176470588226 0.08472222222222288 0.28734375000000034 0.2642031796646588 0.73 0.48999999999999977 -0.09705882352939454 0.18482972136222764 0.45588235294118484 0.30000000000000016 0.38421052631578945 0.494281045751627
62 10 2.5375 2.5756096813725495 2.6025 -0.11 -0.08499999999999999 -0.07 0.17933232432556515 0.07937499999999695 0.19062500000000293 0.052941176470586715 0.1003289473684226 0.11666666666667824 0.0 0.04177631578947207 0.10000000000000009
62 11 -2.6850833333333313 -2.461532230392156 -2.195176470588238 0.4094117647058828 0.42823529411764727 0.45102941176470585 0.24304221910035198 0.08926470588235375 0.887058823529415 0.25000000000000133 0.4668730650154816 0.7687500000000003 -0.07941176470588368 -0.003405572755415999 0.10000000000000009
62 12 1.925 2.218593750000001 2.470069444444447 -0.3 -0.29 -0.26 0.22358812700536113 0.04999999999999999 0.7199999999999998 0.10000000000000009 0.36160990712074187 0.6993668300653555 -0.10000000000000009 -0.021052631578947358 0.0
62 13 -0.5658823529411777 -0.13888439542483824 0.3264705882352925 0.01 0.06 0.1 0.3374925091884348 0.13 1.857500000000001 -1.1547794117647499 -0.9519005847953206 -0.8086397058823755 -0.10000000000000009 0.0 0.15000000000000002
62 14 0.860539215686279 1.2227918300653586 1.469687500000004 -0.0925 -0.06 -0.04237745098038945 0.286974936215091 0.09117647058823652 1.357647058823535 -1.5000000000000009 -0.29133126934984477 0.8452205882352887 -0.09333333333334914 0.03157894736842106 0.19117647058825613
62 15 0.3584210526315797 0.3706842105263159 0.38 -0.01 -0.01 0.0 0.15888996713862638 0.01 0.030000000000000027 0.0 0.01578947368421054 0.0 0.0 0.0 0.0
62 16 -1.3736764705882356 -1.2375353349673188 -0.971654411764703 -0.22529411764705704 -0.20500000000000002 -0.19187499999999919 0.25907690393946 0.3064285714285754 0.8711764705882328 0.05588235294118227 0.44272445820433315 0.7406658496732121 -2.4980018054066022e-15 0.1612781954887239 0.38547794117648704
62 17 -2.2878125000000056 -2.005068297511315 -1.8925000000000023 0.56 0.5842105263157893 0.69 0.3181753206021628 0.10235294117647298 1.6017647058823445 -1.3911764705882401 -0.6851393188854443 0.15312499999999174 0.0 0.05386996904024893 0.20000000000000018
62 18 -0.555 -0.3880294117647055 -0.22514705882352704 -0.17 -0.16 -0.09312500000000083 0.21476166757475215 0.10999999999999999 0.5700000000000001 0.22757352941176617 0.3 0.34889705882351063 -0.10000000000000002 -0.04736842105263158 0.0
62 19 1.17 1.172 1.18 -0.3 -0.29 -0.29 0.15800494137693213 0.010000000000000009 0.030000000000000027 0.0 -0.01578947368421054 0.0 0.0 0.005263157894736847 0.0
62 20 2.455818014705884 2.5369302696078444 2.61125 -0.3963235294117645 -0.37 -0.35750000000000004 0.20769967305677622 0.18 0.4147058823529437 0.14833333333331478 0.21826625386997037 0.3472549019608029 -0.2485294117647291 -0.09473684210526315 0.050000000000000044
62 21 1.8272058823529442 2.5596011029411794 -3.040735294117649 0.5186764705882366 0.5706066176470596 0.61014705882353 0.36788188417446305 0.6511764705882366 1.631764705882353 -0.14117647058823346 -2.5241486068111483 1.499448529411762 -0.10000000000000009 0.2848297213622298 0.3027573529411712
62 22 2.6592647058823546 2.8530351307189554 3.082500000000003 0.5475000000000001 0.5547058823529419 0.6024999999999999 0.22136842085720893 0.10999999999999999 0.638125 0.2088235294117835 -2.9644543343653247 0.4499999999999815 0.0 0.02600619195046517 0.10588235294118509
62 23 -0.8689705882353018 0.2747102941176413 1.6425735294117598 -0.01772058823529301 0.09294117647058836 0.11117647058823549 0.5239952315909701 0.24000000000000002 3.094963235294128 -2.533823529411675 -2.0536184210526365 -1.4286764705882997 -0.09999999999999995 0.08289473684210351 0.17500000000001115
62 24 0.3623529411764679 0.6344640114379075 0.8869411764705859 0.27 0.29 0.3069117647058807 0.23704680470904932 0.09 0.8249999999999997 -0.5972426470588399 -0.3852941176470576 -0.2823529411764522 -0.10000000000000009 -0.047368421052631574 0.018750000000002653
62 25 0.40852941176468494 1.2556249999999949 2.291249999999997 -0.22 -0.13326388888888674 0.08985294117646972 0.3360752824048299 0.39 2.9400000000000004 -3.6500000000000843 -1.947368421052636 -0.050000000000001155 -0.10000000000000009 0.18421052631578727 0.4533088235294275
62 26 2.239374999999999 2.555460049019609 2.8060386029411775 -0.4089999999999983 -0.39 -0.345 0.25912379284274706 0.24000000000000418 0.9200000000000039 0.3001838235294274 0.4842105263157916 0.6836887254902013 0.09490196078431212 0.1263157894736864 0.1999999999999999
62 27 -0.0785294117647054 0.20302377450980216 0.2889705882352904 -0.42382352941176454 -0.30124999999999946 -0.21323529411764763 0.3298630127971344 0.15000000000000002 1.6251470588235313 -1.958823529411701 -0.7408668730650156 0.0 -0.1558823529411825 -0.07894736842105264 0.15
62 28 2.7641176470588227 3.09957879901961 -2.8578308823529386 0.59 0.6 0.6125 0.276001623614268 0.08999999999999997 1.2575000000000012 0.581617647058823 -2.6434210526315787 0.7231617647058619 -0.10000000000000009 -0.005263157894736847 0.10000000000000009
62 29 -0.07250000000000001 -0.06314705882353056 -0.02 -0.2 -0.18 -0.17264705882353018 0.19029626717066203 0.04235294117647406 0.23705882352942215 0.0 -0.12476780185759058 0.09999999999999995 0.0 -0.022291021671828455 0.0
