70 0 -0.3325 -0.2912224264705872 -0.1822222222222229 -0.01 -0.01 0.0125 0.21320125588424912 0.06 0.5885661764705913 -0.10000000000000009 0.30977167182662696 0.7031045751633929 -0.1 -0.031578947368421054 0.0
70 1 -0.2225 -0.12241033496731983 -0.08715992647058564 -0.006718749999997295 0.00540849673202409 0.05808823529411747 0.19790542483311654 0.11 0.38 0.0 0.19473684210526315 0.2500000000000001 -0.09999999999999998 -0.04736842105263158 0.0
70 2 -0.7 -0.17549734477123963 0.14902777777777812 0.1275 0.14 0.2025 0.2830921193072811 0.12562500000000526 1.2756250000000051 0.15386029411763813 0.6713815789473712 1.1076797385620516 0.0 0.06611842105263434 0.12812500000002627
70 3 -0.6711580882352975 -0.39847794117646906 -0.057352941176464695 -0.06 -0.005 0.03 0.25824546688446964 0.09000000000000001 0.7100000000000001 -0.19999999999999962 0.37368421052631584 0.9205882352941582 -0.09999999999999998 -0.02631578947368421 0.049999999999999975
70 4 -1.3016666666666656 -1.1117038613691084 -0.9390716911764676 -0.35671874999999875 -0.34 -0.33838235294117675 0.2181027952286709 0.07 0.6425000000000032 0.28235294117645193 0.3381578947368437 0.3823529411764648 -0.10000000000000009 -0.0368421052631579 0.0
70 5 -0.2625 -0.09169669117647025 0.07250000000000001 -0.1625 -0.036176470588234436 0.02 0.20794117406834875 0.2 0.4 0.09999999999999974 0.19999999999999998 0.33988970588235756 0.0 0.09999999999999999 0.15
70 6 -1.43 -1.1893325378396973 -0.9384375000000041 -0.25375000000000003 -0.15187499999999945 -0.09546874999999896 0.24085561348856654 0.26999999999999996 0.6905263157894724 -0.6468954248366071 -0.03909279778392851 0.590624999999998 -0.29166666666666663 -0.015789473684210534 0.09062499999999835
70 7 -0.2624999999999979 -0.32143933823529325 -0.22 -0.01 -0.0005882352941164173 0.0 0.22746764479169929 0.05058823529411642 0.7688235294117671 -0.0031249999999917455 0.3678018575851406 0.4470588235293761 0.0 0.02662538699690338 0.05
70 8 -0.4525 -0.37415808823529473 -0.2894577205882354 -0.0325 -0.03 -0.025156249999998888 0.1866507054318367 0.010000000000000002 0.3429411764705905 -0.27775735294118226 -0.18049535603715294 -0.10000000000000009 0.0 0.0 0.0
70 9 -1.2506249999999994 -1.1310992647058824 -1.0701470588235291 0.06 0.09 0.11 0.20773884837835577 0.07 0.3882352941176508 -0.25624999999998677 -0.1270317337461307 0.16249999999998876 -0.09999999999999998 -0.003618421052632897 0.10000000000000006
70 10 -0.9215625000000022 -0.8785689678649241 -0.8538235294117644 0.14 0.15 0.15044117647058816 0.183786813717535 0.09000000000000001 0.24187499999999584 -0.19999999999997908 -0.08421052631578949 0.06470588235292507 0.0 0.042105263157894736 0.10000000000000009
70 11 -0.2325 -0.10184007352941116 0.029843749999998125 0.02 0.04 0.07 0.2052636266749174 0.04 0.5011764705882364 -0.01966911764707202 0.2216718266253877 0.4499999999999975 0.0 0.01578947368421053 0.09999999999999996
70 12 -0.18 -0.13865257352941127 -0.09985294117646912 0.04 0.05 0.06 0.16777214348273284 0.03 0.10999999999999999 0.0 0.057894736842105256 0.09999999999999995 0.0 0.015789473684210523 0.0147058823529252
70 13 -0.12 -0.1049999999999998 -0.09 -0.01 0.02999999999999791 0.09 0.16957429006519525 0.11941176470588359 0.03 -0.049999999999999975 0.005263157894736839 0.04999999999998027 -0.09999999999999998 -0.036532507739938734 0.0
70 14 0.09421826625387077 0.263728375472997 0.47514705882353003 0.11 0.125 0.14 0.232286941902704 0.06 0.8180000000000001 0.10000000000000009 0.33578947368420836 0.7009287925696422 -0.09999999999999988 -0.031578947368421054 0.0
70 15 -0.12999999999999687 -0.018177982026143475 0.14953125000000128 -0.14750000000000002 -0.12 -0.08044117647058818 0.23209796843352998 0.12 0.6411111111111084 -0.1937500000000139 0.14795321637426762 0.649999999999979 -0.050000000000000044 0.0631578947368421 0.2
70 16 -0.2 -0.07009722222222123 0.0556372549019649 -0.04 -0.04 -0.009681372549017554 0.21594467344707388 0.18 0.512352941176474 0.0 0.26965944272446 0.33529411764705375 0.0 0.09473684210526316 0.11388888888890095
70 17 2.6646764705882324 3.0414662947196396 3.0895496323529392 -0.08 -0.05 0.0025 0.3477480334568952 0.15000000000000002 2.0164705882352933 -0.5972549019607953 -0.907933436532518 -0.37333333333331886 0.0 0.07894736842105264 0.15000000000000002
70 18 -1.9691544117647117 -1.1034642973856188 -0.22797794117645942 -0.07 -0.06 -0.01808823529411851 0.23169110690566083 0.08529411764705808 2.11 -1.2176470588234944 -0.03839009287925143 2.071960784313716 -0.12058823529412874 0.022600619195044237 0.16388888888889547
70 19 -0.41617647058824175 -0.22291017156862497 -0.25 0.01 0.02 0.02 0.33574244188756364 0.07 1.3929411764706032 -0.15000000000000013 0.733126934984528 1.9899142156862966 0.0 -0.013931888544895526 0.0
70 20 -0.29000000000000004 0.13918014705882534 0.635183823529428 -0.10250000000000001 -0.1 -0.04750000000000001 0.3139022773386706 0.13 1.67 0.3029411764705807 0.7986842105263121 0.8470588235294194 -0.10312499999999311 -0.06315789473684211 0.0
70 21 -1.1214705882352942 -0.8619532271241823 -0.6660294117646985 -0.1625 -0.01249999999999778 0.06941176470588248 0.26077346046704286 0.307058823529415 0.5900000000000001 -0.45588235294117374 0.14922600619195975 0.5135008169934724 -0.03529411764707488 0.08421052631578947 0.2477941176470631
70 22 -1.7726470588235292 -1.6616134803921572 -1.5539411764705884 -0.43 -0.2787499999999986 -0.13972222222222191 0.21600444225249096 0.34 0.18000000000000016 -0.2878676470588093 -0.09473684210526324 0.050000000000000044 0.0 0.15263157894736842 0.34395833333334735
70 23 0.12737280701754158 0.31264173914063137 0.4925 -0.16730902777777606 -0.1403124999999993 0.03131578947368731 0.23921264585226265 0.31 0.625454545454546 -0.6342105263158062 -0.30813397129186637 0.0 -0.09999999999999995 0.16315789473684214 0.3430555555555509
70 24 -2.823676470588234 -2.7381213235294117 -2.676259191176472 0.1375 0.20575367647059084 0.34852941176470786 0.22657711559394267 0.26 0.45588235294117796 -0.3783088235294163 -0.07770897832817002 0.30000000000002025 -0.04117647058825363 0.13467492260061711 0.20000000000000012
70 25 -1.156397058823529 -1.032211519607843 -0.908823529411764 -0.09 -0.08499999999999865 -0.08 0.19110169814842487 0.04176470588235688 0.23466666666666502 -0.4334558823529294 0.003735810113522028 0.2999999999999997 0.0 0.021981424148608885 0.050000000000000044
70 26 -0.55 -0.5112483552631583 -0.4575 -0.07092105263157783 -0.04 0.04 0.17974233289109554 0.1464705882352946 0.10999999999999993 -0.11578947368419412 -0.05789473684210522 0.0 -0.17812500000000833 -0.06842105263157895 0.0
70 27 -0.18 -0.18000000000000002 -0.18 0.01 0.01 0.01 0.1544546959308694 0 0 0.0 0.0 0.0 0.0 0.0 0.0
70 28 -0.4825 -0.305344771241829 -0.09250000000000001 -0.0925 -0.07088235294117673 -0.06 0.2300837307759809 0.05 0.7781249999999997 0.29705882352939805 0.4095394736842104 0.49775326797390596 0.0 0.010526315789473682 0.09999999999999995
70 29 -0.4633823529411774 -0.04690890522875761 0.2425 -0.09 -0.07 -0.04750000000000001 0.2340310314230095 0.09 0.7211764705882365 0.0 0.3795665634674929 0.5524305555555495 0.0 0.047368421052631574 0.10000000000000002
