85 0 2.560312500000003 -2.7225962009803872 -0.7114705882352803 -0.05102941176470791 0.13794117647059045 0.195 0.5590398880593483 0.38 3.131176470588236 0.3176470588235514 -1.4241099071207344 3.8764705882352035 -0.38125000000000564 -0.19473684210526318 0.07352941176468869
85 1 0.017499999999999998 0.10669460784313767 0.16661764705882454 -0.34 -0.3302941176470603 -0.33 0.20029440318309066 0.10882352941176768 0.3082352941176473 -0.29411764705881493 0.04643962848297669 0.2470588235294179 0.0 0.0572755417956672 0.10000000000000009
85 2 0.3789411764705885 0.4783888071895411 0.7331944444444447 0.20516666666666744 0.27 0.5098529411764742 0.3158924203864788 0.71 0.7207083333333366 -1.0527573529411702 -0.37932017543859825 0.296875000000007 0.14708333333334073 0.37368421052631584 0.5529411764706029
85 3 -0.12 -0.10950000000000001 -0.1 0.2375 0.25 0.26 0.15977499290032052 0.04000000000000001 0.009999999999999995 0.0 -0.005263157894736839 0.0 0.0 0.02105263157894737 0.0
85 4 -0.175 -0.16949448529411762 -0.15970588235294086 -0.05 -0.03599999999999964 -0.019852941176470896 0.1651970121684927 0.05 0.04294117647058923 -0.08529411764705397 -0.003715170278637255 0.050000000000000044 0.0 0.02631578947368421 0.09000000000000355
85 5 0.0242922794117657 0.2557747549019621 0.45791666666666864 -0.15453124999999882 -0.05500000000000001 0.07500000000000001 0.2490972098615266 0.37 0.7082352941176473 0.29667075163394874 0.37275541795665645 0.49930555555553524 0.1465073529411591 0.19473684210526318 0.2941176470588174
85 6 0.08222222222222289 0.2244564950980406 0.4166176470588257 -0.051617647058825745 0.08083333333333334 0.12 0.24834768236271793 0.30000000000000004 0.7593014705882369 0.2935661764706052 0.3996323529411773 0.5552287581699414 -0.3 -0.15789473684210525 0.0
85 7 -0.09529411764705809 0.004417892156863721 0.07625000000000297 -0.16 -0.15 -0.14 0.19213812793383817 0.06 0.3664705882352946 0.10833333333335318 0.19287925696594455 0.28474264705882013 0.0 0.031578947368421054 0.09999999999999981
85 8 0.0625 0.15305825531967188 0.2375892857142835 -0.18062500000000165 -0.09 -0.07555555555555522 0.20677686578180407 0.13 0.41000000000000003 -0.19375000000000017 0.09999999999999998 0.30000000000000004 -0.112499999999989 -0.06842105263157895 0.011111111111104521
85 9 -0.031617647058822605 -0.020290441176470417 0.0 0.01 0.01 0.0125 0.16771432917469234 0.03 0.12 0.0 0.06315789473684212 0.10588235294118263 -0.005555555555562131 -0.010526315789473684 0.0
85 10 -0.3701388888888885 -0.3209395424836595 -0.3286764705882334 0.35 0.35 0.3925 0.1982095855148851 0.20000000000000007 0.3 0.0 0.15789473684210525 0.2588235294117461 0.0 0.10526315789473689 0.20000000000000018
85 11 -0.07023809523809553 0.012722990492051028 0.09386363636363731 0.04340909090908805 0.05 0.12140873015873034 0.19908659773711856 0.09999999999999999 0.3793750000000017 -0.04062500000002238 0.16076555023923647 0.4941176470588174 -0.07173913043478194 -0.0028708133971311976 0.05000000000000001
85 12 0.09836397058823618 0.35669464869281153 0.569558823529414 0.07 0.08562499999999862 0.23500000000000001 0.26660025036923624 0.31 0.9411764705882365 0.3949754901960719 0.49535603715170345 0.59761029411763 -0.018749999999980588 0.16315789473684214 0.31944444444443765
85 13 0.1642647058823527 0.440139338235291 0.4614889705882348 -0.10500000000000001 -0.09 -0.07 0.3387475205563658 0.18 1.9204705882352877 -1.6547794117646575 -1.010773993808046 0.0 -0.01764705882351343 0.08761609907120911 0.1999999999999999
85 14 -0.4635937499999987 -0.3306254084967314 -0.22093954248365752 0.6326909722222225 0.6676470588235282 0.68 0.20391821090113835 0.09999999999999998 0.39 0.17022058823525005 0.1983552631578937 0.26047794117649214 -0.09999999999999953 0.005263157894736847 0.10000000000000009
85 15 0.25953125 0.4537177287581707 0.6282812500000001 -0.1125 -0.09 -0.05926470588235269 0.2374442853562593 0.06999999999999999 0.8322222222222249 0.30000000000000027 0.4380116959064342 0.5222426470588298 -0.049999999999999975 0.010526315789473684 0.09999999999999998
85 16 -0.35705882352941076 -0.32149448529411717 -0.28 0.02637499999999747 0.03 0.042499999999999996 0.17451452191712818 0.05 0.16705882352941076 0.0058823529411825 0.08792569659442673 0.10000000000000009 -0.04999999999999999 -0.021052631578947375 0.0
85 17 -0.7323529411764698 -0.7201544117647053 -0.7 -0.04088235294117635 -0.04 -0.03093750000000125 0.174109459703072 0.08 0.08588235294117674 0.0 0.01795665634674908 0.14999999999999958 0.0 -0.02631578947368421 0.0
85 18 -1.1194393382353016 -0.7122585784313717 -0.31441176470587756 -0.6314705882352967 -0.405 -0.3298529411764709 0.2969429889584677 0.41999999999999993 0.9211764705882328 -0.20000000000000018 0.02848297213622627 1.2080882352941333 -0.4882352941176718 -0.21950464396285 0.0
85 19 -0.003823529411763355 0.13886356209150477 0.2975000000000063 0.015 0.10500000000000001 0.135 0.268102367009199 0.37 0.926470588235298 0.3000000000000035 0.48761609907120945 0.699999999999959 -0.29080882352940957 -0.19473684210526318 -0.10000000000000009
85 20 -0.00073529411764626 0.1532326388888901 0.2954411764705905 -0.03794117647059045 -0.02 -0.0075 0.24795472014726153 0.08941176470588383 0.9170588235294139 0.29395424836602746 0.4826625386996915 0.5976102941176535 -0.102941176470603 -0.04705882352941254 0.008823529411784367
85 21 0.47 0.6292187499999993 0.7113235294117634 -0.42 -0.41529411764706026 -0.3627941176470592 0.24147420083947488 0.31 0.6882352941176473 -0.5029411764706004 -0.351702786377709 0.0 -0.23823529411763245 -0.15789473684210523 0.0
85 22 -0.03191176470588254 0.2378696486928118 0.5092371323529421 0.08279411764705913 0.14 0.16 0.24842451313934194 0.1687500000000028 0.8488888888888876 0.3000000000000186 0.4467836257309935 0.5966666666666745 -0.20588235294116425 -0.08881578947368567 0.0029411764706030463
85 23 -0.33 -0.3255 -0.32 -0.12 -0.06 -0.057499999999999996 0.16336073674388418 0.07 0.020000000000000018 0.0 0.0 0.0 -0.09999999999999995 -0.0368421052631579 0.0
85 24 -0.7612499999999983 -0.46502738678804645 -0.21250000000000002 -0.1 -0.1 -0.05 0.2637743312668338 0.13999999999999999 1.1006250000000075 0.45791666666669384 0.5792763157894777 0.7170833333333615 -0.10000000000000009 -0.07368421052631578 0.0
85 25 -1.7654411764705882 -1.2386022058823558 -0.771911764705884 0.05220588235294192 0.06 0.09544117647058818 0.3380316479266638 0.14 1.9365490196078463 -1.1630882352941796 -1.0192363261093926 -0.7495098039215697 0.0 0.07333333333333168 0.1911764705882365
85 26 -0.07250000000000001 -0.025558823529411516 0.02 0.03 0.04 0.06712316176470512 0.17035251379366304 0.06 0.12 0.0 0.05263157894736842 0.07058823529412873 -0.07647058823529042 -0.021052631578947368 0.0
85 27 -0.03 -0.027500000000000004 -0.02 0.44 0.44 0.44 0.1562247474542578 0 0.02 0.0 0.010526315789473684 0.0 0.0 0.0 0.0
85 28 -0.0025 0.19776519607843213 0.35533333333333367 0.3275 0.365 0.381176470588236 0.21616293151931582 0.08999999999999997 0.573125000000002 0.1499999999999998 0.3016447368421063 0.44117647058824394 -0.20666666666667444 -0.043750000000001024 0.10000000000000009
85 29 -0.1535294117647084 0.22309558823529585 0.7304411764705905 -0.10014705882352912 -0.025 -0.0008823529411773926 0.2815697937204445 0.32999999999999996 1.0100000000000042 0.0 0.5315789473684234 0.5617647058823624 -0.25 -0.16842105263157894 0.08198529411762645
