0 0 0.3400000000000003 0.35955337594572756 0.39250000000000007 -0.05458868063995495 0.04735866019083448 0.1422148760330574 0.20589579117504372 0.45 0.1299999999999999 -0.10000000000000231 -0.0684210526315789 -0.022399824027566906 -0.5486618989518753 -0.2263157894736842 0.024368407698718356
0 1 2.9775 2.9857792462120125 3.0000000000000004 -0.3512669112588853 -0.35 -0.34 0.16374752883005572 0.05504313548095269 0.05000000000000071 -0.049999999999998934 -0.026315789473684584 0.0 0.0 0.028970071305764573 0.050000000000000044
0 2 3.0753231394897873 3.076698196275834 3.1339724441619756 -0.4215349872212918 -0.405 -0.33189067414696194 0.22543270435354387 0.3231335384058635 0.4491830867468005 -0.3299025252298482 -0.20481665173723948 -0.029370262124392976 -0.032179555319334086 0.17007028337150712 0.2187461988304168
0 3 -0.2860991286841139 -0.21763273237178576 -0.15500000000000025 -0.40451818554351016 -0.16956133208051127 0.07 0.24274362747128192 0.4315185295776509 0.37696294084469817 0.0567689275759059 0.198401547812999 0.32643972494807244 -0.31394348010699635 0.2007992260935005 0.5286556941210404
0 4 -0.10806155193638073 -0.006876199386775692 0.038297254487855883 0.12903379091869072 0.14 0.15 0.19529292113189453 0.05 0.2400000000000002 -0.13737034774183665 0.12631578947368433 0.4159961191681684 -0.050000000000000044 -0.02631578947368421 0.0
0 5 2.5047215182515705 2.643289175588223 2.803236789493641 -0.08270043884090278 -0.02 0.0925 0.23247965233075063 0.25311128919162607 0.621336576852864 0.1689883833595518 0.3270192509751916 0.48457833524647054 -0.1953942789532242 -0.13321646799559267 -0.015556445958130327
0 6 1.4248085719018189 1.5368077192764464 1.65 -0.455 0.11642295404276479 0.6110433455410077 0.33890422493287614 1.8698893802334289 0.5423332067659219 -0.48407351551542965 -0.28543852987680096 -0.1163185057753846 0.7833612329287348 0.9841523053860153 1.2193829355390293
0 7 1.3184609992990861 1.5564863592846334 1.8602698812815088 -0.05 -0.01 0.0 0.23918293546331681 0.09 0.8700000000000001 -0.6992333187417277 -0.4578947368421053 -0.21486745812327346 0.0 0.047368421052631574 0.1
0 8 0.13799829416026727 0.40387671352735904 0.6088631027960176 -0.5076952879581149 -0.3643270594779651 -0.1479982941602671 0.3223260345182778 0.8510435947394055 1.1010435947394053 -0.7402345407058841 -0.5591270718242225 -0.19469500087473432 0.16869324228178856 0.38544286129790684 0.6508078648185924
0 9 -0.7650000000000001 -0.6029815390500908 -0.4841706920439047 -0.91 -0.8152529023700104 -0.7875000000000001 0.2232836712855598 0.1940311294518705 0.5819377410962588 -0.3822339722405743 -0.3062830216296099 -0.2013239324028987 -0.23535750958989965 -0.10212164707993185 -0.010520036364076168
0 10 1.5622620315395426 1.9934465894762847 2.544154579860998 -0.9902321929847284 -0.9560421016005565 -0.869215669802766 0.3979220920774006 0.53 1.948162638632997 0.5745419005252089 1.0253487571752615 1.549449499098905 -0.00527276470388971 0.27894736842105267 0.5306051065418177
0 11 -0.054026842703505676 -0.017965781517349025 -4.440892098500626e-16 -0.8234786115709256 -0.7167007887591055 -0.5713795607744977 0.27767762650772926 0.7190922514665405 0.6750682194238196 -0.7454084494245794 -0.3552990628546418 0.08866492363020041 -0.5007027322154628 -0.37846960603502133 -0.21725660407416691
0 12 0.04648519677667988 0.04850510733228011 0.08000000000000007 0.27348765568412703 0.31 0.34 0.18461379494129776 0.16612295402248936 0.17612295402249006 0.0 0.08216997580131055 0.15073340142580688 0.0 0.06638050211709967 0.15050496173026964
0 13 0.06000000000000005 0.0642530612244899 0.07000000000000028 -0.2611617226590421 -0.22752787299296423 -0.19227340680287436 0.16555336367497625 0.11000000000000001 0.0150612244897953 0.0 0.005263157894736963 0.0 -0.09999999999999995 0.005263157894736847 0.1508349764711346
0 14 -3.061304430863257 -2.8757641643272867 -2.7003706657102295 -0.6137063511326091 -0.4944638461445175 -0.4329669066952661 0.2474717809758366 0.19 0.7000000000000002 -0.6424183845599041 -0.2684537930004551 0.0 -0.11740125087205178 0.07368421052631578 0.2072436184505133
0 15 1.3400000000000003 1.3421316200665787 1.35 -0.55 -0.55 -0.55 0.1618513020263657 0.029999999999999916 0.05364603611465402 0.0 0.028234755849817904 0.049999999999998934 0.0 0.01578947368421048 0.0110768449314258
0 16 -0.2662731301939096 0.031812870790836126 0.2684517364552359 0.17 0.6778457736200292 0.8524999999999999 0.29898139973834004 0.7 0.935292890769321 -0.660230796083044 -0.4922594161943796 -0.18677205713456976 -0.037910851759417746 0.34736842105263155 0.31854456417497234
0 17 -2.2411086369553135 -2.1425471496816075 -2.005435100421045 0.018220900451068278 0.19686581177009443 0.22007401433657503 0.22328697795306024 0.323126511806489 0.3800000000000008 -0.36601845979644887 -0.2000000000000004 0.020636267718702195 0.0 0.15263157894736842 0.3503192814051539
0 18 0.686612809381014 0.9719982123786777 1.1985697456354711 -0.4275 -0.33817761397248675 -0.24492204589320088 0.27548611307188886 0.3757949596960993 1.0057949596960991 -0.7319491752654073 -0.5293657682611048 -0.28095990294493334 0.13378102361845556 0.1977868208926838 0.29926150855947353
0 19 2.526275659319878 2.621040200294488 2.7221509471324885 0.09 0.10500000000000001 0.11 0.19933585678250745 0.06030168522419775 0.4251508426120987 0.1750398808120912 0.2237636013747888 0.2988385525581161 -0.049999999999999975 -0.03173772906536723 0.0
0 20 0.3182424703156677 0.37062935289765087 0.4294927361034186 -0.17799224494428323 -0.10836292071652291 -0.1 0.19079201271047372 0.16999999999999998 0.24317344002877261 -0.21573085114467705 -0.12798602106777507 0.0 0.0 0.08947368421052632 0.16470604278399864
0 21 0.4167441027600041 0.506783472548289 0.646060564186782 -0.5241388530683466 -0.27972959760457083 -0.02348820552000813 0.26539528638521664 0.7100000000000001 0.5499999999999998 0.14969712288074505 0.25263157894736843 0.37231694066920007 -0.4135952007522817 -0.3736842105263158 -0.2558706145900037
0 22 0.3175000000000002 0.40291541968282846 0.4731642300499177 -0.02 -0.004191316052876302 0.01 0.17921944836735978 0.03 0.23865522870141986 -0.18776765803817902 -0.12560801510601047 -0.09760417597657361 0.0 0.004511595980654048 0.01598503494656939
0 23 3.1350000000000007 -3.081923292844639 -2.9900000000000007 -0.435 -0.375 -0.17 0.25135299792952615 0.5 0.6100000000000003 0.0 -2.9842105263157896 0.45000000000000817 -0.46241168607978045 -0.2473684210526316 0.0
0 24 -2.7614486921612884 -2.464763274309682 -2.1874999999999996 -0.33999999999999997 -0.2971045204169893 -0.28 0.27384008068968513 0.13 1.221139641450676 0.32149521237416323 0.6427050744477243 0.9999999999999964 -0.13604194173026385 -0.06315789473684212 0.0
0 25 0.2562795197459815 0.5726521554024766 0.8948133318563353 0.03 0.0500147755533276 0.2549066659281677 0.2744476202159035 0.4147947151114783 0.9595894302229566 -0.8004126724952287 -0.48399443695945077 -0.07559039491962641 -0.3996814814189442 -0.2136514403653743 0.0
0 26 1.8632759645072132 1.9130134156964957 1.9633821564885494 0.02314400069832811 0.10062794007194542 0.353866338784862 0.237537417319397 0.5553919617986478 0.25 -0.25130634381377526 -0.0004125913669974034 0.24999999999999467 0.04840800617885168 0.29231155884139354 0.6006931455852298
0 27 3.052577953044756 3.0977802126362315 3.1300000000000003 -0.5609674611651051 -0.38594226142742644 -0.2972068625714161 0.21004967831355087 0.3803139898441136 0.2315699492205674 -0.10000000000000675 -6.478121079357596 0.22572267358215825 -0.2969461582848801 -0.20016525781269134 -0.036822740203238946
0 28 0.16249999999999998 0.5898109532905578 1.0235131906938095 0.05859472372247625 0.08499999999999999 0.1 0.3073169442269608 0.12 1.58 0.16560433499029859 0.8315789473684211 1.3297361861238133 -0.08234950624533506 -0.05789473684210527 0.0018358892817534056
0 29 0.19921371039914096 0.3779610304729365 0.5043118009416746 -0.1926636829815488 -0.08169453190828864 0.0325 0.22801785134740407 0.4417289181596316 0.376940317684446 -0.034274207982816635 0.152653172230408 0.21788685420663118 -0.37854716929934207 -0.23248890429454294 -0.08685376661742414
0 30 -0.498833510940876 -0.4041720635351155 -0.35999999999999943 -0.1180178938439949 -0.1 -0.06303735972995139 0.21928954669077264 0.15588587227484924 0.5768162431135594 0.09999999999999787 0.28780962167386925 0.47097994164840673 -0.18477237088146664 -0.07678203803939433 0.0
0 31 0.9189579816597475 0.9741879180736586 1.0401736905883938 -0.2464920876722294 -0.11321061605420153 -0.0414461068130593 0.20817834380222822 0.36590355467340335 0.2400000000000002 0.0 0.12631578947368433 0.25306857485168754 0.16258283523862913 0.19258081824915962 0.2617802289026261
0 32 1.8536994737900518 2.0397744360601644 2.1902528918838975 -1.0749395132916777 -1.07 -0.9752308708013486 0.26416774338612187 0.20000000000000007 0.7642273534635882 0.049341478175228826 0.40222492287557265 0.6673626149253731 0.025453308439608024 0.10526315789473689 0.10000000000000009
0 33 -3.0110691246909767 -3.0048348177647553 -2.9875000000000007 0.6173087317139443 0.6526553217584614 0.6614470281744501 0.18232359585395985 0.18967656057535442 0.12393531211507192 0.0 0.06522911163951153 0.10000000000000231 -0.15067610630264905 0.09982976872387075 0.22344678241538518
0 34 1.606848875360962 2.069421997849123 2.5188776910275883 -0.3943524017922264 -0.3625245293755667 -0.0797116519686129 0.3201010926346383 0.3846356855995418 1.4572717406263196 -1.0576100682719791 -0.7669851266454314 -0.5293111212782864 -0.315905760806615 -0.16551165047155955 0.060829082716199745
0 35 2.9775 -3.0834459807374337 -2.7265907246246113 -0.15 -0.1286060069126356 -0.1 0.2913426568403605 0.1 1.45265517241379 0.17994154676258534 -2.540707803992742 0.8772789729148212 -0.09999999999999995 -0.05263157894736842 0.0
0 36 -2.715 -2.6740252771009914 -2.6387611389585075 -0.006063578308576748 0.15000000000000002 0.28365570393409373 0.22324642838504116 0.62 0.14000000000000057 0.024777220829854674 0.07368421052631609 0.10531321859103215 0.22360358096213012 0.32631578947368417 0.408224464853832
0 37 0.2200000000000002 0.220526728337031 0.25753117128463415 0.03 0.03 0.04 0.18025129007681895 0.05604007174417064 0.19619889258028964 -0.16398415546066136 -0.1032625750422577 0.016338393342532898 0.0 0.029494774602195073 0.03850688757839976
0 38 2.6199999999999997 2.83717481400012 3.0893678731773218 -0.1429119154515475 -0.01900642933682608 0.0935469490919318 0.2597913014656751 0.19999999999999998 0.8610509957407642 0.34402778506948284 -2.852078423294335 0.5702150833354547 -0.38110699446063623 -0.1 0.049064869506124445
0 39 -2.345 -2.210464487753834 -2.075 -0.24 -0.23 -0.22 0.19814586241963705 0.020000000000000018 0.4499999999999993 -0.29999999999999805 -0.22631578947368405 0.0 0.0 0.0 0.0017756123082972308
0 40 2.771423288149583 3.0553340660082497 -2.917755584588993 -0.07173154397080093 -0.06 -0.04 0.2475488520535987 0.06999999999999999 0.9683670276065826 0.35879487514215436 -2.795596301259694 0.600000000000005 -0.014232881495829207 0.012131152166706013 0.09989547519812174
0 41 -2.98 -2.653552304915549 -2.3890517444601604 -0.2023142968415153 -0.1867326341656062 -0.16489048558489822 0.28744403490061865 0.38780990045001884 1.1120822912496864 0.12904147465437443 0.5853064690787824 0.944232937449283 -0.09999999999999995 0.18832100023685203 0.13260323723265466
0 42 2.0100000000000002 2.0577181632332566 2.114601188206605 -0.17 -0.1494142916395094 -0.024860716266016193 0.196740134802704 0.2608932384341633 0.21999999999999886 -0.1958567457266236 -0.1105263157894732 0.0 -0.25074655158536996 -0.1373122307548228 0.0
0 43 0.4822484907190482 0.6073871565286881 0.6989497219647821 -0.39249999999999996 -0.365 -0.3375 0.23189787482372198 0.21000000000000002 0.67134725212995 -0.3639098339542199 -0.35334065901576317 -0.1996662363552823 -0.10000000000000009 -0.11052631578947371 -0.08132284114893529
0 44 0.18000000000000016 0.23903857818673466 0.300895662100457 -0.8524999999999999 -0.7517967519906431 -0.6075 0.20826716663773387 0.46 0.14000000000000012 0.0 0.07368421052631585 0.13410246673445314 -0.38116267111748814 -0.2421052631578947 -0.10000000000000009
0 45 1.1443236029077692 1.301620453614115 1.4725000000000001 0.04619346172462065 0.05379780679660533 0.11885279418446135 0.21870137520940391 0.18 0.5499999999999998 0.049999999999998934 0.2894736842105262 0.40716578502480283 -0.16534388344965667 -0.09473684210526316 -0.00789425259154479
0 46 -2.65828677201372 -2.3694866469679727 -2.230049066488691 -0.14 -0.14 -0.13 0.28812114076856726 0.28912422044125724 1.2234835878211552 -1.1416722041914706 -0.4843317180711511 0.06832052389831755 0.0 0.1521706423375038 0.33677781356537284
0 47 -0.9699135524887633 -0.6319428418783494 -0.20999999999999952 0.37168107458520605 0.46 0.47 0.31189495987009386 0.49 1.299999999999999 -0.8373700438787293 -0.6842105263157889 -0.16340560037765572 -0.24851144679870518 -0.25789473684210534 0.0
0 48 -3.13621568306682 -3.0298983982380334 -3.026630984546453 -0.4835182259417903 -0.24196932426565898 -0.1975 0.22863415835289266 0.3139470956694156 0.28408138448735176 -0.2247712204454655 -3.3971761727690573 0.20748735356175008 -0.2348022989027619 0.017399255319772492 0.16013651509315469
0 49 0.27 0.291697413214514 0.31000000000000005 -0.07 -0.06343938334498697 -0.06 0.1633299868655575 0.010000000000000009 0.0900000000000003 -0.09999999999999787 -0.04736842105263174 0.0 0.0 0.0 0.0
0 50 0.16999999999999993 0.17234072754936205 0.18000000000000016 -0.1225 -0.1148324228719831 -0.09 0.16065656286716132 0.0396648457439662 0.020000000000000018 0.0 -0.010526315789473694 0.0 0.0 0.015613076707350635 0.0
0 51 -2.47 -2.4118022148318685 -2.3724999999999996 -0.005 0.06772681900823546 0.1 0.20360015227731995 0.23 0.28000000000000025 0.0 0.1473684210526317 0.2214961879272459 -0.24233397712078963 -0.12105263157894738 0.050000000000000044
0 52 2.2291989121338913 3.046394266434435 -2.541558182467841 -0.13131143848643587 -0.10079859770272852 -0.07889411100167204 0.34353010835518544 0.21 1.8399999999999999 0.2989711528994832 -2.336842105263158 1.2509664988963909 -0.27346740730825536 -0.08947368421052633 0.07552402610244396
0 53 -0.019780869021276733 0.13468812229356217 0.35914714635434164 -0.14500000000000002 -0.09 0.05658647898033414 0.26428447840249164 0.31 0.9373333941939034 0.018138467767334042 0.3578947368421056 0.8865078438281417 0.0 0.1631578947368421 0.28905646840513954
0 54 0.06049425205790548 0.3614689449900989 0.7425000000000002 -0.09 0.08459980713596885 0.12285642255799109 0.2539215617633223 0.28 0.8190657826119345 -0.6844635618401038 -0.4306659983599329 -0.1244928015886024 -0.09910156193443279 0.11010506014312511 0.20000000000000004
0 55 0.0524235839578945 0.17678854015638304 0.3242748415757498 0.17557749041203602 0.1963705272004395 0.2007272905887748 0.2024723735539993 0.04274105440087897 0.48175037069129983 -0.30041646890934554 -0.2535528266796315 -0.1994071607036576 -0.07536431416429235 -0.0224952917899363 0.0
0 56 2.1226270723811607 2.5452177052660288 3.1101369246310617 -0.25 -0.09669178683921134 -0.0275 0.3656013919742361 0.44 1.9610137457044692 0.3830087321290976 -2.27841381805028 1.6039606457455546 -0.3645917803454881 -0.23157894736842108 -0.033929336188433246
0 57 2.0270635100846954 2.2807221803545534 2.576165293400031 -1.380633385951065 -1.112391477430073 -0.6694168197592354 0.327783737365053 0.99 0.7699999999999996 0.05805892222086273 0.4052631578947366 0.8075002713181401 0.14999999999999902 0.5210526315789473 0.7270156394896232
