1 0 2.3112165082108898 2.351062115460261 2.3799999999999994 0.05 0.06540761114618027 0.07 0.17483041252671497 0.09 0.14039780749107056 -0.10000000000000675 -0.06961591237047526 0.0 -0.045923888538197365 0.042105263157894736 0.10000000000000002
1 1 2.56 2.565167282144742 2.5700000000000007 -0.02 -0.02 -0.02 0.15533972169256363 0 0.010000000000000675 0.0 -0.003502293213250661 0.0 0.0 0.0 0.0
1 2 -0.6999999999999997 -0.652459748540533 -0.629505786409534 0.04 0.04826921710713221 0.0625 0.1882466205778518 0.049999999999999996 0.30980589702901284 -0.2745755061246824 -0.13464628799145553 0.0932386161508425 -0.020858444242543347 0.02631578947368421 0.09655761279884759
1 3 -2.0541289511627396 -1.485115925868049 -0.8365533991128293 -0.19231702502429565 -0.17 -0.14576044143229078 0.3685070440692069 0.12428805111797564 2.2639797833319113 0.2601053992526059 0.5613430285406247 1.1795597839530736 -0.1861383338050275 -0.04293614449530307 0.07681825366368633
1 4 -2.35 -2.3404962658368533 -2.3375000000000004 -0.24 -0.24 -0.24 0.1579919421156901 0.009967720013590087 0.02999999999999936 -0.049999999999998934 -0.01578947368421019 0.0 0.0 0.0 0.0
1 5 2.4903381857363556 2.6265857736999703 2.7649886829314783 0.05 0.05997736586295584 0.06 0.20057874259484412 0.010323361019269922 0.49900650580065475 -0.39808670056194595 -0.2626350030529762 -0.14882088618713762 0.0 0.0 0.00022634137044154345
1 6 1.4641888205649825 1.5852679906192213 1.6963836535371524 -0.06335223841907804 -0.06 -0.05 0.19601949971322233 0.023775061796208558 0.33365678006254185 -0.0030750404436297174 0.1631578947368419 0.3509841734337682 -0.016223588700352287 0.012513190419057135 0.08279223786587672
1 7 1.1773720421253362 1.2148036146803871 1.2625000000000002 -0.1625 -0.12966063796621874 -0.1035927471891139 0.18217204033839876 0.12 0.1900000000000004 -0.19561905053503414 -0.05801336849083589 0.09887299933705851 -0.026218267602299353 0.03169757901715149 0.13835828325564298
1 8 -0.5725000000000007 -0.5445007550271048 -0.5474999999999994 -0.02 -0.01 -0.01 0.17398337343163486 0.01 0.20996886860847014 -0.14995248995809868 -0.08419414137287866 0.050204743217878156 -4.751004189803773e-05 0.005263157894736842 0.0
1 9 -2.3037105542586365 -2.2871468679770857 -2.2675 0.09 0.1 0.11 0.1729513232961442 0.09999999999999999 0.08745447347585289 -0.1907192543995717 -0.04602867025044889 0.038889909943029544 -0.01028734187818861 0.042105263157894736 0.10000000000000009
1 10 -0.5324999999999998 -0.46553386462341023 -0.415495580808074 -0.11 -0.1 -0.1 0.18389241082346372 0.0507815631262542 0.2699999999999996 -0.29983386404539736 -0.047368421052631504 0.14692067884437304 -0.09999999999999995 -0.026727138487502213 0.0
1 11 -0.8082864659195632 -0.7228336595874908 -0.6742184278928035 -0.16 -0.15 -0.14 0.180105229421072 0.03 0.26000000000000156 -0.20000000000000462 -0.13157894736842105 -0.06142356053623843 0.0 0.015789473684210527 0.0
1 12 2.1038558768417532 2.17254605823542 2.23 -0.15 -0.15 -0.14 0.1739253636696195 0.01999999999999999 0.18956965036747642 -0.111636267976154 -0.08686023658785358 0.0 0.0 0.0052631578947368324 0.04140837557792321
1 13 0.03528926466237268 0.08314485860880612 0.13000000000000034 0.05 0.07 0.11 0.20305052645108002 0.09 0.45999999999999996 -0.29129943236685907 -0.2421052631578947 0.0 -0.09999999999999995 -0.04736842105263159 0.0
1 14 2.406104060913705 2.5943567395172433 2.81 -0.4725 -0.08059259883671885 -0.02949330480944515 0.2898015803435751 0.8614070265638363 0.5 -0.25736040609136923 -0.2631578947368421 -0.007034358047020017 0.0 0.4491756880663451 0.7519953127096615
1 15 -0.3599999999999999 -0.3437300831597316 -0.32000000000000073 -0.07 -0.06022883099074392 -0.06 0.16159592317689905 0.009542338018512161 0.07045766198148812 -0.09999999999999787 -0.026556664200783443 0.0 0.0 -0.00502228316763798 0.0
1 16 -0.8643192919914958 -0.5875707752558771 -0.32988997579269075 -0.12 -0.12 -0.12 0.21230085601849963 0.009999999999999995 0.6399999999999988 -0.5361128763836343 -0.3368421052631573 -0.002200484146195336 0.0 0.0 0.0
1 17 0.5500373584910473 0.7305572608333789 1.0924913688305373 0.03 0.0550310699868468 0.07 0.3267918331925337 0.05001650459452338 1.8595987123517164 0.09981296275625828 0.9629285198283496 1.2505507148153878 -0.09986251352325479 0.005281328777816659 0.10000000000000003
1 18 0.46250000000000013 0.626384645269515 0.7300000000000002 -0.07 -0.07 -0.06 0.20670847281716204 0.06 0.5 0.10229720883175752 0.2631578947368421 0.3977027911682429 -0.0022972088317549377 0.031578947368421054 0.10000000000000009
1 19 2.6422656463514613 2.6561115404400404 2.6652165223184547 0.02 0.02 0.02 0.15825114787059266 0.0028296728755446525 0.04007142851018397 -0.049999999999998934 -0.006752459408181366 0.03620877817319457 0.0 0.001489301513444554 0.0
1 20 -2.0499999999999994 -2.0480917893488773 -2.0499999999999994 -0.21 -0.21 -0.21 0.15533972169256358 0 0.009999999999999787 0.0 0.0 0.0 0.0 0.0 0.0
