10 0 1.1489024439624487 1.1494330240550563 1.1744802441505087 0.08249851397180283 0.09906168857328285 0.12416824986330284 0.1786746491734659 0.047769661627239994 0.13859659590131979 -0.12836896648459883 -0.06534880157225259 0.04214970143579966 -0.08717919613740001 -0.025141927172231578 0.06204645490859986
10 1 1.3021162208310244 1.3967968420935204 1.4840711586751545 0.35664251860821056 0.3655829677015805 0.3691434393756605 0.19477406181802345 0.13454743203668001 0.2088286450018002 -0.2542072055538003 -0.10990981315884221 0.06134832320780159 -0.052883476335600366 0.05915747569936841 0.13683381335680034
10 2 0.7413169642580715 1.0334859537074976 1.2868545285557116 0.151570064563749 0.15504326977522898 0.158691007911909 0.22364984451998204 0.008779006137559997 0.7616093256952402 0.1354375499552013 0.4008470135238107 0.5532693728840005 -0.01797689129559993 -0.000486855001873682 0.016755160819200005
10 3 -2.986171713965246 -2.492521043000489 -2.114056866679626 0.0634004425572459 0.07477126263402589 0.0866874981020559 0.2956275538318733 0.03940953451016 1.543534283882015 0.31695179216319813 0.8123864652010605 1.051560874330001 -0.06370451769800003 -0.019611989226421055 -0.012566370614400038
10 4 1.1263542444670702 1.1832240528142381 1.1970793490812401 0.18584018620260456 0.1927560533636546 0.19598054915672455 0.18693120193292362 0.01394518072348 0.35208527000596 -0.3202679177420009 -0.15056679878701051 0.04694935687880042 -0.001396263401600012 0.007339568801831579 0.01841322360859987
10 5 1.4879100588466847 2.1686312276970234 2.6965331125694 0.20726056363238993 0.25694136079056995 0.3865407843978299 0.30273377973488985 0.20142844897332002 1.4739829131967963 -0.05279620987300171 0.47228609559395585 1.1458086539379964 -0.09363691436980015 -0.08822180071688421 -0.01300270292740005
10 6 0.027722955282814155 0.028681141042162156 0.02968645069131416 -0.6723945423541832 -0.669270402993103 -0.6684980947990932 0.1553512722022996 0.004241150082360146 0.003141592653599999 -0.0034033920414000204 -7.348754745263038e-05 0.0041887902048000185 -0.0013089969390001066 0.0019014902903368685 0.00392699081699921
10 7 -0.5980655752416676 0.20629820847513552 1.0239518017814024 -0.17458509115215057 -0.16373786985092695 -0.09306512511431694 0.3932369041569635 0.27996826531349456 2.36732969082776 -1.7555394281241994 -1.2459629951725053 -0.6434156287498 -0.10751228192320014 0.07413974943636556 0.2686061718828
10 8 0.2315983073869039 0.4980786682407679 0.7620736802397838 0.3426477414445711 0.3609649719443111 0.3743821905690611 0.22332994907432774 0.05811946409159996 0.6914819963498801 0.1598721594831999 0.3639378928157263 0.5135631324010004 -0.03586651612860009 0.02445298141486316 0.07155849933200009
10 9 1.1817722782471205 1.2573939040777764 1.3513571950177008 0.07640547259025707 0.12454165336041706 0.14450385668016705 0.19743635312526092 0.24493950722568003 0.21514673689404007 -0.14896385165820036 -0.043798578281768474 0.11606439525799983 -0.033248522250600016 0.10688763776985265 0.2307325271144
10 10 -2.047031132853357 -1.9761157873507187 -1.9056551001182267 0.0004181033185927433 0.011749653487207981 0.016850378226195433 0.17594333807634785 0.041294490102389815 0.19771089766656003 -0.1569050997548005 -0.012419395519494822 0.1568178332921999 -0.037960911231349065 -0.0017545151954315795 0.032724923474999994
10 11 1.267741330955293 1.272794931804459 1.2778860572325428 -0.0463802825798342 -0.041497723997364205 -0.03799397552397421 0.15700274705072811 0.012322024519119998 0.016475908138880113 -0.011868238913599338 -0.008671530599410586 -0.002530727415400724 -0.0008726646259999901 0.005952491343663161 0.012566370614400003
10 12 0.9691666922622365 0.9856661623460186 1.0039860108396366 0.09357379162846116 0.10179429240538115 0.10806438774319115 0.16158307019623921 0.021048670779119996 0.05522221753328005 -0.04511676116420005 -0.029064325017515814 -0.009861110273799434 -0.024696408915799994 -0.011078247778484209 0.00017453292520001884
10 13 -0.41295997872887646 -0.4097703895208465 -0.40629718430936645 0.3982637731312116 0.40469094810170153 0.41259728961326153 0.16245953261994706 0.04190535534052009 0.01949532774483992 -0.01099557428759973 -0.005199243982273712 0.030194196059599998 -0.03700098014239983 -0.0220554501792211 0.0007853981633995644
10 14 -2.140823478497078 -1.724131355569834 -1.373170950266788 -0.022216247567301103 0.022459817960768895 0.0907938214996989 0.19129050016219834 0.44329617671548005 1.9185880868460397 0.6652322443998004 1.0097832036031786 1.484402528826001 -0.30124382889502543 0.16795578970280578 0.08691739674959996
10 15 1.04223562861832 1.06073175536639 1.06080156853647 0.23900538776888 0.24928537706316 0.25802947661568 0.167510093583515 0.022462387473240003 0.11273081638668003 -0.1095194105629993 -0.05933200862456844 0.020071286398001265 -0.03796091123100018 0.0008634786825684193 0.041015237422000195
10 16 1.4432710330834637 1.5094286110453239 1.4959930664632535 0.07906191219320795 0.18148655934700247 0.3350144469991825 0.24640973606071137 0.5001939103308546 0.42397538189758555 -0.13927727430959935 0.2231449378408345 0.42263147837179993 0.08883725892679992 0.2569767674985129 0.3872885610196729
10 17 0.9650324920783175 0.9984921991684095 0.9858193634696375 0.06630791868421795 0.09404556382162794 0.09870122960133795 0.17911484680804404 0.06096435077236 0.2141518992203999 -0.12077678423839999 -0.09578183216107367 0.03351032163839973 -0.008464846872199977 0.028237590108673685 0.05462880558759993
10 18 0.8619537343057545 0.9109172011413627 0.9636802497585745 0.02070581054391579 0.02947172671208579 0.03609961454655579 0.17291083523501757 0.027628562059229807 0.18025760514655997 -0.1718276648593997 -0.06862818337732636 0.05209807817219969 -0.041189770347549046 -0.014541348452226214 0.002268928027600002
10 19 -2.4463604295051313 -2.1827790605386648 -1.9575591558668817 -0.4299526497698711 -0.30407514079250103 -0.22715848065686103 0.2603881589222326 0.33229323628828 0.8375660547457706 -0.5883504908491999 -0.15393804002823713 -0.1069886831476008 0.053232542186000126 0.17489117699383158 0.27061330052259996
10 20 1.481104729204346 1.507047303206074 1.517957356360326 0.09145709509686581 0.10275810200356579 0.10742685775266579 0.18059992511209538 0.07068583470599998 0.2225469329225198 -0.12025318546279862 -0.11712996469606306 0.005585053606401713 -0.023561944902000045 0.02829270576926315 0.06693337681420004
10 21 1.036074180026447 1.0957792757434892 1.167942531661307 0.06577423578401206 0.10362606393676205 0.12377152682797204 0.1859500229344487 0.12466886847036 0.23242549648883992 -0.21048670779119982 -0.1164961345992842 0.006719517620200621 0.028099800957200015 0.06561519393176843 0.09354964790720004
10 22 2.7769790223761177 2.9056673515877938 -3.039653595825502 0.16967756466498213 0.21930163862194857 0.23331663251550855 0.3027550331447564 0.10496410121528002 1.4822818724697209 -0.40098939564699787 -2.6422585903719367 1.373181015666804 -0.016406094968800106 0.05524426379751581 0.1483529864200002
10 23 0.8363585777886864 1.0285463810372923 1.2626683375590764 0.05753196687284895 0.07051721650772895 0.12436062393192894 0.21372475295867394 0.0738274273596 0.5308767985808401 -0.0763581547750003 0.27940884135833693 0.5705481324788003 -0.005846852994199937 0.03472286617136842 0.06021385919399998
10 24 0.13586820994813104 0.29128803450947904 0.5770394482993011 0.14944105376457584 0.20771759748937946 0.22619190762179947 0.2861031442419833 0.1330988087580436 1.3443922162305602 -0.8463101542947997 -0.7075748506476632 -0.29347711372380014 -0.11161380566539994 -0.07005200460949662 -0.025220007691399843
10 25 1.0388332062033125 1.1860936165115608 1.2823459067654825 0.12255697159403309 0.12475172312842311 0.1298917177755631 0.21804898289021843 0.026354471705199986 0.6920230484180001 -0.5478588522027994 -0.36422265706210527 -0.06562437987519987 -0.023300145514199844 -0.013870774581684205 -0.0013089969389999678
10 26 0.8090608058411389 0.8133324991854088 0.814532413046159 0.35446395635002703 0.372183411580957 0.380565355313687 0.16632640971715235 0.09737191896908004 0.0204028989558801 -0.03865904293179956 -0.008368394466168327 0.03979350694559958 -0.018936822384200136 0.04763830263616843 0.07993607974159989
10 27 0.568140887107979 0.7647871339308191 0.9915708536125689 -0.1161717814884049 0.020875834701765104 0.0488229193494151 0.2739777806955139 0.441271594783509 0.9014974652430401 0.21746802479919947 0.4744723501279159 0.526129503015399 0.07068583470600004 0.23224820778079422 0.3790855135344001
10 28 0.13086464187091384 0.13330461216520986 0.13634933904532381 -0.06738871382351895 -0.06247561197913895 -0.05483543317850895 0.15781734093513125 0.02186897552756 0.012077678423839985 -0.01858775653379989 -0.0011574288723789482 0.013351768777800088 -0.013788101090799962 0.0005603425493263149 0.018849555921599988
10 29 0.39385671980814496 0.599217395586221 0.7333145326758849 0.14355051905766894 0.16666740500040894 0.17689503441730345 0.22082886174602837 0.05630432166969454 0.68790407138328 -0.5076290129441994 -0.23372714467309463 -0.00026179938779957723 -0.05174901232179993 -0.02885304831868134 0.01125737367540014
10 30 0.7646050379127755 0.7672815003207174 0.7688723679339156 -0.04875523935949321 -0.046420861484943204 -0.0432661788619532 0.15870946839099784 0.021676989309840005 0.026406831582760137 -0.017627825445199474 -0.011353826081431592 0.013002702927400467 -0.019024088846800007 -0.006402602571810527 0.014486232791599933
10 31 0.768015556714706 0.797756839833412 0.806609149799556 0.21330531756966808 0.2800990680437081 0.3143860611992481 0.18405142232104316 0.1752834167776619 0.15784757755087997 -0.1359611487307999 -0.05957084315378944 0.01605702911839979 -0.10629055144680002 0.01948338601801153 0.14669492363060005
10 32 2.208667771742536 2.5693897954205074 2.8798995854460854 -0.17424935767804417 -0.1709637753610669 -0.16731167390125692 0.26466496536987993 0.03434807967970907 1.2030466454422397 -0.8340055830682003 -0.44309780313477853 -0.2245366082697986 -0.022514747350799863 0.01124359476043636 0.05393067388680006
10 33 1.3265751680050404 1.4230220624705605 1.5115146188700905 0.24161043712101254 0.28908339277541256 0.34958523129599256 0.2024297194550067 0.14781193435188 0.2901435348524799 -0.28806659304259963 -0.04630634083858945 0.24225170017760145 -0.004537856055199935 0.06239092778728422 0.11239920382879992
10 34 1.3158275759164924 1.3342905414087745 1.3565984672432125 0.2439021029106445 0.2683890723162045 0.2718710041739445 0.1761552055784595 0.036233035271520025 0.11363838759772005 -0.019111355309400224 -0.05980967768301055 0.09625490824780036 -0.029496064358799923 -0.0010563834946315871 0.02443460952800014
10 35 0.48672981022316053 0.5778918477136246 0.6941141952689305 0.1293158560852169 0.13532851535835688 0.16465004679195694 0.1917573610189338 0.10517354072586908 0.31140164514184004 -0.24303709834100018 -0.16389560270623163 -0.06501351463700011 -0.0657989128004001 0.014862856472294735 0.040229839258600075
10 36 0.42439217621826697 0.734584308188471 1.092347134251187 0.252352356891237 0.289654406329607 0.411282038578357 0.2541604020693419 0.2389355745988 0.82068872087544 -0.5898340207134001 -0.4319414320397053 -0.1505346479850006 -0.2572615317447999 -0.012851134860778948 0.08508480103500027
10 37 1.264299105338036 1.367841635877562 1.505180722052816 0.21213725596776709 0.23269723455632707 0.26895208644349705 0.18924459567343424 0.08042477193215997 0.31223940318279975 -0.25307274154000137 -0.12720694464050517 0.07208209810759758 -0.07400196028479994 -0.04232882733271577 -0.017366026057400036
10 38 3.1159107154274195 -2.394999534623838 -1.8240691994333804 -0.11554923224039317 -0.08771559399412315 0.15408232057795684 0.324134765943328 0.2670877354340836 1.4467993287765601 -0.9058258817879983 -0.43102747346568404 0.12863076587239952 -0.1162389281858181 0.1264536972791158 0.02155481626220007
10 39 1.2319286291447145 1.2717832226141348 1.2795935710168345 -0.0630435227252119 -0.010565835440701894 0.09702062297570811 0.18968453192071924 0.21183061131524 0.16378169700767997 -0.11632619464579941 -0.08620089316193683 -0.04790928796740035 -0.13168509206339996 -0.08533741447936842 0.05925392810539994
10 40 0.7889043359419895 0.9423964443445035 1.0948692804638493 0.2006790239848645 0.23940788008674452 0.2523189532284145 0.21833204843214432 0.059602993955800015 0.6298195138767199 -0.12278391287820045 0.2562602639107578 0.5311909578461999 -0.061348323207800065 0.026850512650505268 0.12348204457900011
10 41 0.969507273873411 1.341440428133115 1.6312052265379111 0.08085741966120295 0.08603232089338295 0.09842852190571294 0.2757038969743302 0.04916592502884001 1.29622112887536 -1.0150834929632013 -0.6822216467765053 -0.2686061718828009 -0.012479104151799994 0.025876802646757898 0.0874409955252
10 42 0.7949048263921215 0.8040669323004954 0.8207575159373715 0.13655611208027896 0.14757350298352895 0.16284513393852895 0.16744193484592124 0.06853907972621452 0.07808603073448006 -0.01457349925420015 0.02673109538589481 0.06318091892240085 0.014486232791600107 0.03607319985590238 0.057595865315999834
10 43 1.3844879075437906 1.3737436606684785 1.4069852016020705 0.13869724322157684 0.14271586382430684 0.14865434660423685 0.17227166688401171 0.024260076602799996 0.16793558062744007 -0.11047934165159923 -0.08838714769865268 0.014311699866399463 -0.013439035240399994 0.007192593706926314 0.03813544415619999
10 44 1.3486075257429413 1.9779732540099526 2.6993091072124997 0.2808276460446515 0.3355175381560715 0.36342971621868153 0.36521777199826283 0.18446384864388 2.204281032098939 0.7681194038051986 1.1601479116310205 1.568789198160201 0.053843407424200296 0.09708623612835789 0.1462585913176001
10 45 1.332801436186272 1.3371001821339479 1.349185714539422 0.07764557750520995 0.08149839182899996 0.08309536809457994 0.16064390212821356 0.018221237390879996 0.0446106156811199 -0.04843288674299839 -0.0036560054857683994 0.015271630955000504 -0.021467549799599958 -0.006053536721410526 0.014835298642000005
10 46 2.778976551705032 2.7655794043666795 2.8360880881536015 0.29362987851510597 0.35869575302966594 0.48331662494559596 0.22186902830402427 0.31623620716988 0.4456872777907197 -0.05148721293400049 0.1987103283119155 0.3589269606737999 0.0933751149820003 0.16644010903677894 0.21502456384639962
10 47 2.4928044165949848 2.590798537311241 2.7774807075655747 -0.03653594685955579 -0.01462333810062598 0.034141161200184206 0.33929160748074116 0.21059142754632 1.8778083875544693 0.11815879036039867 -2.3169429539187005 1.249655744431999 -0.1843940354741491 -0.11083759344543156 -0.02146754979959995
10 48 2.8231847235378256 2.846289392175802 2.870552959437106 0.37694724279366554 0.3855429893597655 0.4089696712447355 0.18146214935585978 0.1262745713822 0.1784424627244796 -0.05558873667619535 0.09230954554393682 0.15838862961899958 -0.18142697574540012 -0.06646030072747368 0.02399827721499992
10 49 1.1281441280967521 1.186696433842848 1.2385580199014021 0.15029568332152216 0.17151016037958217 0.19429979708704856 0.17302023204804046 0.0667762971809964 0.13939944735723997 -0.15350170771340044 -0.0700611905526527 0.005585053606400603 -0.01806415775820011 0.03514541956894548 0.11388273369299998
