12 0 -0.19014213192173943 0.04594419267324909 0.22048584451943054 -0.40245498740461105 -0.27870241679155106 -0.23760427623008104 0.2703916392869311 0.614390803288691 0.69270372682628 -0.6258750697672 -0.36458090885593686 -0.12871803233499998 0.10149089600205469 0.32336358067825843 0.44357542939579997
12 1 1.008092237275513 1.048748809536227 1.089180234323433 0.12200864732081279 0.1396801059973128 0.1619679605453528 0.1794764821810662 0.10547024669905816 0.17362535398895995 -0.11126473981499962 -0.09138176525734734 -0.023649211364600298 0.021467549799600028 0.05551065615739903 0.08333947178300008
12 2 -0.24539565245351685 -0.24291117626329486 -0.23562180864231685 -0.03557712611033054 -0.02183265825083054 -0.01964663336270054 0.1616087535973492 0.04747295565431273 0.03045599544740002 -0.03516838442780015 -0.016029471288105272 -0.0022689280276000368 -0.0014835298642000214 0.01786665997442106 0.04537856055200003
12 3 0.32057320491757746 0.3240237208487814 0.33682222025369746 -0.332592075440929 -0.320776196404889 -0.30752042073594904 0.16519652850760502 0.05012585611743997 0.06525786073227996 -0.05558873667620007 -0.03434624249067366 0.003228859116199967 -0.0458148928650004 0.0029027581243789833 0.0336848545636001
12 4 0.2737707950647465 0.27653277860603653 0.2776585159735765 -0.039422575998143104 -0.037515803790333105 -0.0352425124396031 0.15695097524469576 0.010279989294280006 0.013456488532919975 -0.011693705988400083 -0.0007808051916842254 0.01841322360859987 -0.009162978573 -0.0023607874619157886 0.005672320069000057
12 5 -3.0392044159518923 -2.994325003302944 -2.8795024260707622 -0.0692384234609652 -0.0654248790453452 -0.05522779289053521 0.23451967163460635 0.25698227906448 0.6511735359598401 -0.052185344634800845 -2.9874341509312416 0.45814892864999957 -0.08115781021800002 -0.10482998644117897 0.028623399732800037
12 6 -0.1367490679252642 -0.04048019704345519 0.0758145816758158 -0.5216076458122585 -0.49034879890893845 -0.47384671083127844 0.19235890168922154 0.12117820996635997 0.29473375078524 -0.2567379329692 -0.1551230267290737 0.015184364492400113 -0.09730210579900006 0.023773221600926295 0.06309365245979998
12 7 0.2976866054725895 0.3478604581444595 0.39933021778593947 -0.8416173033049731 -0.6155098987083731 -0.42441379890689307 0.20710794226171234 0.47270497461168004 0.12592550553179999 -0.07094763409380006 -0.06627658185884211 -0.017627825445199752 -0.37428585809140047 -0.24662420925103154 -0.06082472443219994
12 8 0.4319933275160161 0.46128431568770606 0.4739554060572261 0.00812067763998698 0.01334357542659698 0.025107094585146792 0.17088717470114084 0.04379031093275679 0.14165092209232005 0.0006981317008000754 0.07455311689069477 0.12182398178959997 -0.01431169986643836 0.022680094332608838 0.06379178416094908
12 9 0.8884181617538306 1.0261281303951346 1.2354245236364705 -0.03809762868901516 -0.030994138633375155 -0.006297729717627516 0.2337751802764843 0.07707373976826765 0.41926299291544 -0.6964736380106001 -0.22066473311338947 0.20463985479700075 0.010733774899799979 0.039499556755761916 0.06361725123537383
12 10 -1.989152863577806 -1.5697197010593358 -1.2558658683176505 -0.006334381631919517 0.009801187302820485 0.025832036482492847 0.2653287786308435 0.08222246106172 0.7282211771062257 -0.614094097316199 0.22331028482168414 0.9663015403697994 -0.12051498485033817 -0.023764035657522293 0.043022366061800016
12 11 -0.06278351714807079 -0.06226951768335679 -0.06113854432806079 0.0035723011279029894 0.00728985243466299 0.00841995312533299 0.15559692243458023 0.00769690200132349 0.0032637657012399984 -0.004712388980400023 -0.0017177714217052624 0.0018325957145999203 -0.0029670597284000037 0.00249857661339131 0.007330382858400006
12 12 -0.5707525784083185 -0.4086952667016145 -0.2342705519152385 -0.06892770637287685 -0.040020690636626846 -0.02209179589545684 0.2200276191049929 0.047455502361879995 0.637917841606 -0.6283185307199999 -0.3317136032577473 -0.02207841503780006 -0.03385938748880005 0.02475611754813282 0.1271472360082
12 13 -2.1744231028213563 -2.159662853337192 -2.1481035377011963 -0.09824303219128105 -0.08981309190412105 -0.08062829671547105 0.16249862179362626 0.037960911231 0.05298819609072014 -0.045465827014601334 -0.02432437820682096 -0.011955505376202158 0.007679448708799996 0.019979426963684207 0.02635447170519993
12 14 0.154058467744788 0.19685306833920196 0.24110676418828797 -0.24706609395573007 -0.23792056867525008 -0.21306271680364008 0.1958967077300012 0.1691224045181019 0.30112165584756 -0.19565140914919996 -0.15848508202503162 -0.07583455599940003 -0.15707963268000003 -0.08901179185163258 0.001396263401600012
12 15 1.317693090479846 1.3286799381211858 1.337498214166916 0.009559071350460021 0.012940646776210022 0.01478633246020002 0.16760492929542434 0.07880161572773019 0.06143558967040019 -0.05768313177859863 -0.032334520879157995 0.005759586531598471 -0.004537856055199987 0.0414745345935422 0.015620696805400004
12 16 1.566236605647394 1.6717234329720772 1.7804059581568232 -0.009544381495933991 0.0010454037405777559 0.016539564175197283 0.19196706101765337 0.047944194552405096 0.24233896664020005 -0.22130774915360196 -0.1275468245474737 0.07653268770019928 -0.04572762640222547 0.014853670528863158 0.046076692252800006
12 17 -0.2045880282152649 -0.19987127591173495 -0.1947007380026849 -0.05343771533592379 -0.04779157520570379 -0.03349296530869379 0.1584712077354665 0.022636920398439998 0.015603243512880005 -0.01431169986639988 -0.007982584842042109 -0.0030543261910000175 0.0013089969390000199 0.011914168630757893 0.024958208303600023
12 18 0.23538722326597206 0.33737902876509607 0.45557359837516204 -0.18298904542594 -0.17534886662531 -0.16823664992341 0.18271016258000744 0.03384193419628001 0.28167868798027995 0.03176499238639996 0.14527569537042107 0.17662732030239991 -0.05314527572339994 -0.009865703245515795 0.023125612588999894
12 19 -2.7979870172796355 -2.599564897942885 -2.3881749822637754 -0.1397411925211328 -0.12489716723287278 -0.11407176254734279 0.2161527604631361 0.07658504757776001 0.43687336506812 -0.20856684561399996 0.16946228442576855 0.49453904355420075 -0.10323622525580008 -0.033721598337326304 0.02853613327020013
12 20 0.10567367451903178 0.19494115710672905 0.26820746111222993 -0.050778512294874206 -0.04398481818146421 -0.035498154693614205 0.1989635568528785 0.0312413936108 0.4437499623216981 0.11013027580119995 0.23355261174826217 0.33204889019299977 -0.08412486994639999 -0.015533430342799996 0.036739180754599976
12 21 0.989595140899305 0.995262224980549 1.000001666564355 -0.018097561420847952 -0.015427207665270493 -0.013660061797620495 0.15657528229962828 0.007627088831257451 0.008290313947000083 -0.011955505376200493 -0.004363323130000043 0.004014257279599254 -0.007243116395799984 -0.001203358589536842 0.005323254218599959
12 22 0.9520863669080849 1.0722775931824386 1.195673243963465 -0.48484340019053895 -0.18729530598609986 0.0014925958800290208 0.2505304563588935 0.6420019120563782 0.2833192974771601 -0.3026400922967998 -0.01394426212913682 0.32733650121260116 0.14809118703219998 0.33789574318756754 0.3513347784276
12 23 0.18601913093273414 0.22683452815538016 0.2875405701984005 -0.2732604317020591 -0.2681989768712591 -0.26599549869060907 0.1801216452244143 0.010419615634439994 0.27679176607450545 0.014922565104600327 0.12950343049830815 0.21624629432192727 -0.00872664625999997 -0.001120685098652643 0.016231562043600156
12 24 -0.7946709037905976 -0.6322304923130796 -0.44310923256023743 0.014828705175933009 0.01725471283621301 0.019209481598418104 0.2042702099802227 0.025673793296885093 0.5306499057780801 -0.3992440663950003 -0.27928942409372637 -0.16039575825880031 -0.01631882850602548 -0.01351252278783426 0.009686577348599987
12 25 -1.4796724926278015 -0.9346637630934904 -0.4059241201817515 -0.015133652981330566 0.006879312209498488 0.03801162274212179 0.3050964821427505 0.11332422833236 1.5967319194848943 -1.3417218624750873 -0.7983135998648918 -0.14355333097699874 0.01762782544520003 0.05701715087981053 0.0856083998106
12 26 0.313067561912874 0.444988273425294 0.5858232540923041 -0.024006906898446208 -0.018674926033621114 0.04461071264393379 0.20437140606842108 0.09855874286044 0.46663122881472 -0.39383354571380025 -0.24559538358669478 -0.03185225884899945 -0.004014257279599948 0.04218185223781053 0.06518804756220004
12 27 0.665862696110329 0.9382466331590831 1.232518744357169 0.01228483930977102 0.03242157555465121 0.0751734155823912 0.24554710374760874 0.1308124274373302 0.77208130120724 -0.5576326960139999 -0.04230126950242108 0.6745697558979996 -0.1261873049192509 -0.06884864601964746 0.0046251225177999875
12 28 0.2841807629065446 0.2913060695778346 0.2992342277050446 -0.26106169530223955 -0.2584524280704996 -0.24334660339443953 0.15944692702846994 0.028850292535559957 0.019338248112160006 -0.003490658504000377 0.00944314984766314 0.018675022996400004 0.0005235987755999871 0.015184364492399977 0.026441738167800183
12 29 -0.199057807035035 0.06859105175295395 0.373925059750305 -0.06976483415607079 0.05524437351842921 0.07840052936933921 0.25918892725946935 0.17149605230152 0.7005751617528 -0.6873979259001999 -0.368723769343579 0.04747295565440027 -0.0012217304763999584 0.08982934081741051 0.102538093555
12 30 0.2533148090102031 0.256143115063069 0.26008668650796307 -0.09732188619713114 -0.09096452439672115 -0.08969043404276114 0.15689065251495302 0.005619960191439996 0.017802358370400007 -8.726646260004411e-05 0.008745018146863138 0.012042771838799982 -0.0012217304764000625 -0.0022321842538736876 0.00619591884459994
12 31 0.2972228327056265 0.3501255076629985 0.36671311687400654 -0.18505449715215944 -0.18033338152549944 -0.17045918128178583 0.18141246138765535 0.05197590512508363 0.17928022076543998 -0.0336848545636001 0.09435801092917895 0.23134339235260037 -0.04939281783159985 -0.027355739539517702 -0.009162978573000052
12 32 0.19951687711006702 0.22715591114473904 0.256370977493967 0.05343092794436885 0.06955340690971885 0.16835649586556975 0.18681643129358158 0.2479065669546036 0.11974703997971997 0.01605702911839979 0.06302475788406314 0.09049532171620009 0.038571776469199986 0.13047714050242296 0.13631021458119996
12 33 -0.1068840603552938 0.24781222221123933 0.6178377315982281 -0.05762732972394289 0.10870254799148256 0.21871937739112804 0.2669306708621756 0.3459766176236109 0.94094190633824 0.20193459445640016 0.4952325822832842 0.4818854064772001 -0.011780972450999988 0.1505300550131005 0.24539329283119996
12 34 0.41036932834307294 0.435357207243957 0.46803500682915294 -0.12925283030669185 -0.12523420970396185 -0.07513017020217183 0.17892484287091376 0.13266247644457235 0.14456562194316008 -0.10515608743299987 -0.07608716944376848 -0.03473205211480035 -0.11885692206119985 -0.06982235602345914 0.0009599310886000689
12 35 -0.0037315624221567166 0.7553226012469441 1.6708682216392954 -0.16103498509734498 -0.107387927213995 -0.04951717254080501 0.3766967748515353 0.14388494353488 2.2724710459780697 -1.6776104770223994 -1.1960373926200365 -0.6921975813432 -0.10821041362400001 -0.006972131064568422 0.11990411961240004
12 36 -0.729947792548777 -0.5785457159255329 -0.410439093031397 0.06227039034798279 0.0690160879069628 0.10611306115822279 0.2091613737532822 0.06346017160272 0.5254313713146002 -0.41887902048 -0.27654282700768423 -0.07915068157819977 0.004363323130000055 0.03340009031722105 0.06187192198339998
12 37 -2.6397063556654796 -2.3577737222790334 -2.0714838744149695 0.012008010697858515 0.023649356808672334 0.042922155073856154 0.24361170048072944 0.08002334620414764 0.9130166383062399 -0.6587745261673961 -0.4805350727927578 -0.3359758810100022 -0.04869468613080004 -0.015368083361031582 0.039182641707400004
12 38 0.1343729960742938 0.1366489054189018 0.13786365457829378 -0.056452723137346894 -0.0554709754330969 -0.0531540508510669 0.15636329539833432 0.007382742735960006 0.014172073526240003 -0.009337511498200002 -0.0033620552959578998 0.009773843811199945 -0.005323254218599985 0.0038856540715578977 0.014660765716799987
12 39 2.4662256215956555 2.531582093430674 2.6265210234224656 -0.3375752813441795 -0.27009648913872947 -0.2304120652713795 0.21447848445199075 0.27097981966569457 0.40847685813807955 -0.023125612588996702 0.19410817065269464 0.3425208657050005 0.03577924966599949 0.14262095771878666 0.2281145332364
12 40 0.15545274341027604 0.14765199431833992 0.22856458577638153 -0.13462340234054893 -0.10073347158983889 -0.0665642881588089 0.2082067277332184 0.09464920533596001 0.4012337417424545 -0.2876302607287272 -0.21117565354866033 -0.023474678439399932 -0.08578293273580007 0.019088390450821054 0.1218239817896001
12 41 -0.12558952965078998 -0.09784403053174599 -0.06751806211361999 -0.04764414336514215 -0.04379132904135216 -0.030858439284032153 0.16762482939274298 0.07049384848822239 0.07293730944107998 -0.06300638599719996 0.010664880324063162 0.07600908892459998 -0.0731292956587738 -0.03710202552011704 -0.0067195176202000315
12 42 0.24039728784735 0.260221610156192 0.2777691504558 -0.25592116736101994 -0.24897039361492995 -0.21429070137769 0.17536831229297933 0.1618618348308291 0.06990043654259998 -0.0523598775600001 0.0229924164092421 0.06483898171179989 -0.11370820076780003 -0.0851904393846469 -0.008377580409600072
12 43 -1.2110652056733409 -0.995191539145843 -0.810586318832551 -0.09216632903094385 -0.07527154187158383 -0.06315023021644385 0.23582043675569772 0.03200933848167999 0.8519126611937202 -0.4939281783160007 -0.44837508483880006 -0.24635322391980186 -0.05899212871760012 -0.016121330722421057 0.004101523742200026
12 44 0.458576922167297 0.8181426733473292 0.974208269731917 -0.017838283064151424 0.6131375114425814 0.8737544386743513 0.4063808878238023 0.9784141253786801 1.34062230504624 -1.1671016708124 -0.4954163011519158 0.24722588854580008 -0.8810422064095998 -0.5149548028308842 0.0054977871437994486
12 45 0.33585952572595157 0.3518397603572636 0.3625543366352916 -0.6860950860953381 -0.684009417639198 -0.6753700378417979 0.1623337598187857 0.02581341963707995 0.06328563867752007 -0.0390953752447995 -0.0333082308829053 -0.015097098029800138 0.0019198621772004154 0.013457407127263125 0.020245819323200243
12 46 2.0920338658455773 2.4247302650595586 2.687422396903467 -0.33411734776365454 -0.2661629533370345 -0.2306498663819645 0.2835150302794827 0.17282250253321454 1.2777641907203607 -0.0010471975512005294 -2.632755689094548 1.0241592050736004 0.041975168510599986 0.0909592118595866 0.13430308594140017
12 47 0.056121352986326846 0.20216526880629737 0.41505267698378046 -0.4292739590978775 -0.2505347904006448 0.07680607413499795 0.2668950851260435 0.5407902687320254 0.74291684940632 -0.7981390669396002 -0.39100886810858937 -0.009773843811200222 0.007766715171399763 0.26586876074009763 0.2210459497657999
12 48 0.23810450698605756 0.2643978921675422 0.3692834535663776 -0.11543326480794895 -0.11286763080750895 -0.10862648072514894 0.20397696123997833 0.014084807063639987 0.5406157358064764 -0.28632126379059986 -0.2845345977928823 -0.03970624048300009 -0.014748032179399961 0.003536588221157893 0.01570796326799989
12 49 -1.67949979593769 -1.311716161974616 -1.0058507012201199 0.0681482229364058 0.13622479041066582 0.1540489653967158 0.28741705215853625 0.1238834703070298 1.3329777629224802 -0.8961393044394006 -0.7015672436434106 -0.42917646306680046 -0.17226399717274907 -0.0641546289261841 0.06309365245980011
