17 0 -1.405 -0.9505000000000001 -0.4025 0.3375 0.45999999999999996 0.605 0.4453082802547772 0.32 2.76 0.95 1.4526315789473683 1.7499999999999998 -0.24999999999999994 0.005263157894736841 0.2500000000000002
17 1 0.21000000000000002 0.31199999999999994 0.465 -0.12 0.16 0.21 0.23821468619416608 0.44 0.26 -0.4999999999999999 -0.10526315789473684 0.1999999999999999 0.0 0.23157894736842108 0.4
17 2 0.2375 0.2800000000000001 0.33499999999999996 -0.55 -0.445 -0.145 0.2417397784899996 0.5 0.26 -0.10000000000000009 0.05789473684210528 0.3 -0.15000000000000013 0.2631578947368421 0.6
17 3 -0.39249999999999996 -0.098 0.1625 0.845 0.99 1.0025 0.2558598239279485 0.41000000000000003 0.7200000000000001 -0.8000000000000002 -0.3789473684210527 0.0 0.0 0.20526315789473687 0.49999999999999933
17 4 -0.685 -0.39799999999999996 -0.1875 0.2975 0.56 0.7575000000000001 0.3060957361353402 0.64 0.8900000000000001 0.050000000000000044 0.46842105263157896 0.8000000000000002 0.20000000000000004 0.3368421052631579 0.4999999999999999
17 5 -0.28500000000000003 -0.15650000000000003 -0.0575 -0.4275 -0.18 -0.09500000000000001 0.2454141669033229 0.54 0.45 -0.44999999999999996 -0.11052631578947364 0.24999999999999994 -0.30000000000000027 -0.28421052631578947 -0.1999999999999999
17 6 0.165 0.19350000000000003 0.2325 -0.29 -0.04 0.13 0.2540847012049169 0.97 0.1 -0.1999999999999999 -0.01578947368421053 0.09999999999999995 -1.0 -0.25789473684210523 0.35000000000000003
17 7 -0.0475 0.154 0.31 -0.2425 -0.21 -0.17 0.22874858209257984 0.06999999999999998 0.47 -0.4499999999999999 0.12631578947368424 0.8999999999999998 0.0 0.03684210526315788 0.10000000000000009
17 8 -0.6325 0.19999999999999998 1.025 0.23 0.25 0.31 0.36659453933222436 0.15000000000000002 2.21 -1.9499999999999997 -1.1631578947368422 -0.3999999999999995 -0.20000000000000004 -0.04736842105263159 0.09999999999999995
17 9 0.10750000000000001 0.1255 0.12 0.05 0.505 0.8775000000000001 0.294078210069374 1.36 0.15000000000000002 -0.09999999999999995 0.07894736842105264 0.25 -0.9500000000000002 -0.7157894736842106 -0.5999999999999994
17 10 -0.10250000000000001 -0.07950000000000002 -0.05 0.9225 0.99 1.01 0.1836808308653495 0.24 0.06999999999999999 0.0 0.03684210526315789 0.09999999999999995 -0.050000000000000044 0.09999999999999998 0.29999999999999916
17 11 -0.7424999999999999 -0.30050000000000004 0.5325 0.4375 0.44 0.4425 0.1799683070307112 0.09000000000000002 1.28 0.0 -0.6421052631578948 0.2999999999999997 -0.10000000000000009 -0.0368421052631579 0.0
17 12 0.27249999999999996 1.409 2.3975 -0.2 -0.09 0.0225 0.4679515923566877 0.38 2.9299999999999997 -2.250000000000001 -1.5421052631578949 -0.65 -0.24999999999999994 0.05789473684210528 0.35000000000000003
17 13 0.12 0.18 0.2625 0.25 0.26 0.28250000000000003 0.1975749036472068 0.04999999999999999 0.41 -0.4000000000000001 -0.2157894736842105 -0.09999999999999995 -0.10000000000000009 -0.010526315789473694 0.10000000000000009
17 14 -0.2 -0.01900000000000001 0.12 0.3175 0.37 0.38 0.1985690616252181 0.08999999999999997 0.4 -0.4000000000000001 -0.16842105263157894 0.0 -0.10000000000000009 -0.04736842105263156 0.0
17 15 -2.69 -2.6765 -2.67 -0.015 0.02 0.0325 0.18616348736257057 0.24 0.1200000000000001 -0.10000000000000231 -0.04736842105263174 0.0 0.0 0.12105263157894736 0.2
17 16 0.8400000000000001 1.4775000000000003 2.1075 -0.8075000000000001 -0.75 -0.6625000000000001 0.3513608584526756 0.35 1.81 -1.6000000000000003 -0.9526315789473683 -0.3499999999999992 -0.34999999999999976 -0.11578947368421051 0.10000000000000009
17 17 2.475 2.8225 -3.05 -0.02 0.12 0.46 0.34489791877966663 0.65 1.5300000000000002 -1.249999999999999 -0.7315789473684213 -0.09999999999999787 0.10000000000000009 0.33157894736842103 0.65
17 18 -2.51 -2.1880000000000006 -1.9475 -0.0125 0.12000000000000001 0.2725 0.2704387115095947 0.27999999999999997 0.9699999999999998 -0.7500000000000007 -0.5105263157894736 -0.10000000000000009 -0.35000000000000003 -0.14736842105263157 -0.04999999999999977
17 19 -1.195 -0.7444999999999999 -0.375 0.23 0.24 0.265 0.2880197492798896 0.07999999999999999 0.8500000000000001 -0.15000000000000013 0.2894736842105263 1.25 -0.049999999999999906 -0.015789473684210516 0.0
17 20 0.16 0.16650000000000004 0.1725 -0.45 -0.445 -0.4125 0.1801762262160737 0.23999999999999996 0.04999999999999999 0.0 0.010526315789473679 0.0 -0.1999999999999999 -0.12631578947368421 0.0
17 21 0.8274999999999999 0.885 0.9325 -0.245 -0.125 0.115 0.23718786969045394 0.42000000000000004 0.24 -0.04999999999999949 -0.02105263157894739 0.19999999999999962 -0.7499999999999998 -0.13157894736842105 0.30000000000000004
17 22 -0.28 0.255 0.6625 0.605 0.695 0.7424999999999999 0.26909666923607445 0.21999999999999997 1.0 0.0 0.5 0.8999999999999998 -0.10000000000000009 -0.036842105263157926 0.15000000000000013
17 23 -0.010000000000000002 0.1295 0.2975 -0.095 -0.05 -0.02 0.22937761369629603 0.16 0.69 0.1999999999999999 0.3631578947368421 0.7 -0.15 -0.07368421052631578 0.0
17 24 -0.385 -0.20800000000000002 -0.03 -0.185 0.37 0.46 0.2946263053267881 0.86 0.75 -0.6999999999999997 -0.39473684210526316 -0.05000000000000001 -0.6999999999999997 -0.45263157894736833 -0.10000000000000009
17 25 -0.9025 -0.37949999999999995 0.07250000000000001 0.5974999999999999 0.65 0.7224999999999999 0.31586388088766276 0.27 1.53 0.4499999999999993 0.8052631578947369 1.1500000000000004 -0.24999999999999967 -0.08421052631578949 0.050000000000000044
17 26 0.020000000000000004 -0.0004999999999999782 0.18 0.03 0.105 0.23750000000000002 0.35202761978173563 1.06 0.95 -0.9500000000000001 -0.5 0.09999999999999995 -0.9 -0.43684210526315786 0.25
17 27 -0.56 -0.145 0.29000000000000004 0.04 0.07500000000000001 0.1525 0.28064013955941414 0.15 1.17 -0.9500000000000002 -0.6157894736842106 -0.44999999999999957 -0.2 -0.031578947368421054 0.10000000000000006
17 28 0.16 0.167 0.1725 0.31 0.35 0.4125 0.17483564444805058 0.18 0.04999999999999999 -0.09999999999999981 -0.026315789473684206 0.0 0.0 0.09473684210526315 0.14999999999999986
17 29 -0.21500000000000002 -0.012000000000000002 0.15 0.14 0.14500000000000002 0.16499999999999998 0.2154174124710942 0.21000000000000002 0.39 -0.44999999999999996 -0.20526315789473681 0.10000000000000009 -0.2500000000000001 -0.08947368421052633 0.049999999999999906
17 30 -0.07750000000000001 0.14 0.365 -0.14 -0.095 0.05750000000000001 0.2414306381597632 0.36 0.49 -0.5 -0.2526315789473684 0.050000000000000044 -0.3 -0.17894736842105266 -0.050000000000000044
17 31 0.20500000000000002 0.261 0.37249999999999994 0.0325 0.07500000000000001 0.34249999999999997 0.244993663028926 0.72 0.31000000000000005 0.0 0.15263157894736845 0.3 0.09999999999999995 0.3789473684210527 0.44999999999999984
17 32 -0.8325 -0.4495 -0.105 0.0 0.035 0.07 0.27382667856708187 0.09 1.24 -0.8 -0.6526315789473683 -0.5500000000000003 0.0 0.04736842105263158 0.09999999999999998
17 33 0.03 0.0405 0.045 0.7975000000000001 0.83 0.88 0.18622434175828634 0.20000000000000007 0.07 0.0 0.0368421052631579 0.09999999999999996 -0.2999999999999997 -0.10526315789473689 0.09999999999999953
17 34 -0.8475 -0.6825 -0.5025 0.3 0.32 0.33 0.2226041137571505 0.06 0.68 -0.44999999999999984 -0.3578947368421053 -0.3 0.0 -0.005263157894736847 0.10000000000000009
17 35 -1.225 -0.825 -0.41500000000000004 1.3175 1.37 1.38 0.23965044423708876 0.07999999999999985 0.88 0.0 0.4473684210526316 0.8000000000000002 -0.10000000000000009 -0.03684210526315781 0.0
17 36 0.18500000000000003 0.422 0.625 -0.10250000000000001 0.045000000000000005 0.12 0.26314024098340694 0.26 0.8999999999999999 -0.6 -0.47368421052631576 -0.3999999999999999 -0.3 -0.08421052631578944 0.20000000000000004
17 37 0.14 0.414 0.7775000000000001 0.0975 0.20500000000000002 0.5075000000000001 0.339029729400787 1.17 0.94 0.0 0.17894736842105266 0.44999999999999973 -0.8 -0.5631578947368421 -0.049999999999999975
17 38 -0.07 -0.048 -0.0275 -0.14250000000000002 -0.135 -0.0775 0.1695153474785995 0.07 0.06 -0.05 0.021052631578947368 0.10000000000000003 0.0 0.0368421052631579 0.10000000000000002
17 39 0.0 0.014500000000000002 0.0325 0.24 0.27 0.3025 0.17316701691752204 0.10999999999999999 0.1 0.0 0.02631578947368421 0.1 -0.10000000000000009 -0.057894736842105256 0.0
17 40 -0.405 -0.21550000000000002 -0.03 0.99 1.02 1.1225 0.24173247596251368 0.43999999999999995 0.49999999999999994 -0.3500000000000001 -0.16315789473684209 0.10000000000000003 -0.050000000000000044 0.1789473684210527 0.4499999999999993
17 41 0.31 0.3184999999999999 0.33 0.024999999999999998 0.055 0.09 0.16781629275021298 0.11 0.030000000000000027 0.0 -0.01578947368421054 0.0 -0.1 -0.05789473684210527 0.0
17 42 0.23 0.2505 0.26 -0.04 -0.02 -0.02 0.17929627165402248 0.07 0.17 -0.15000000000000013 -0.08947368421052633 0.0 0.0 -0.0368421052631579 0.0
17 43 0.24 0.26450000000000007 0.28 0.945 1.115 1.2225000000000001 0.22053993265446875 0.39 0.06999999999999998 -0.050000000000000044 0.005263157894736829 0.09999999999999995 -0.799999999999999 -0.1473684210526316 0.40000000000000036
17 44 -0.035 0.07550000000000001 0.16 0.6875 1.345 1.45 0.30782988356525626 1.31 0.2 -0.15 -0.03157894736842106 0.2500000000000001 -1.2499999999999996 -0.6894736842105263 0.0
17 45 0.03 0.10049999999999999 0.175 0.725 1.0950000000000002 1.17 0.24474517424641976 0.7599999999999999 0.25 0.0 0.13157894736842105 0.2500000000000001 -0.7500000000000001 -0.4 0.0
17 46 -0.44 -0.32449999999999996 -0.225 0.5974999999999999 0.645 0.68 0.20295848918820233 0.15999999999999992 0.32999999999999996 0.09999999999999981 0.17368421052631575 0.24999999999999994 -0.15000000000000013 -0.02105263157894739 0.050000000000000044
17 47 -0.8500000000000001 -0.48699999999999993 0.2375 -0.7474999999999999 -0.305 -0.004999999999999999 0.17356013631384634 0.72 3.1399999999999997 1.0000000000000004 1.9526315789473685 1.6999999999999988 -0.9000000000000004 -0.3105263157894736 0.2999999999999997
17 48 0.16 0.27149999999999996 0.28 -0.725 -0.375 0.04 0.3496924824536492 1.7 0.79 0.0 0.41578947368421054 0.2500000000000002 -1.15 -0.8947368421052632 -0.5500000000000003
17 49 1.5 1.5275000000000003 1.6125 0.255 0.295 0.31 0.2097015619294901 0.1 0.47 -0.40000000000000036 -0.24736842105263154 -0.10000000000000009 -0.14999999999999986 -0.026315789473684223 0.050000000000000044
17 50 -2.6625 -2.307 -1.9500000000000002 -0.2325 -0.185 -0.0675 0.2847891922593208 0.22 1.2300000000000002 -0.2000000000000013 -0.00526315789473673 1.050000000000002 -0.10000000000000009 0.010526315789473679 0.2000000000000001
17 51 0.21 0.27599999999999997 0.31 0.24 0.26 0.31 0.21024174611546126 0.10999999999999999 0.5 -0.3999999999999999 -0.26315789473684204 -0.09999999999999995 0.0 0.057894736842105256 0.10000000000000009
17 52 0.2525 0.38049999999999995 0.52 0.037500000000000006 0.07500000000000001 0.355 0.35622332751835784 1.29 0.45000000000000007 -0.65 -0.1789473684210526 -0.04999999999999977 -1.0500000000000003 -0.6789473684210525 -0.1499999999999999
17 53 -0.0725 0.17400000000000002 0.4225 0.07 0.08499999999999999 0.125 0.2492131039798775 0.11 0.9400000000000001 0.39999999999999997 0.49473684210526325 0.6000000000000001 -0.09999999999999995 0.010526315789473684 0.10000000000000002
17 54 -0.65 -0.44749999999999995 -0.26499999999999996 0.07 0.14 0.36249999999999993 0.27182558318795885 0.54 0.76 -0.5999999999999996 -0.20000000000000004 0.20000000000000018 -0.40000000000000024 -0.28421052631578947 -0.15
17 55 0.3 0.31099999999999994 0.32 0.91 0.91 0.9225000000000001 0.16067016106130066 0.030000000000000027 0.030000000000000027 0.0 -0.01578947368421054 0.0 0.0 0.005263157894736847 0.0
17 56 -0.595 -0.23500000000000001 0.14500000000000002 0.2175 0.275 0.28250000000000003 0.23796903728345986 0.06 0.8300000000000001 -0.7000000000000004 -0.40526315789473694 0.0 -0.10000000000000009 -0.02105263157894737 0.04999999999999977
17 57 -0.3125 -0.20500000000000002 -0.12 0.04750000000000001 0.05 0.10500000000000001 0.20415042395229013 0.09 0.44 -0.44999999999999996 -0.09473684210526315 0.20000000000000018 -0.10000000000000009 -0.04736842105263158 0.0
17 58 0.0275 0.06700000000000002 0.10250000000000001 0.18500000000000003 0.255 0.3 0.19142536411213437 0.25 0.16 -0.15 -0.005263157894736831 0.15 -0.10000000000000009 0.09473684210526315 0.2999999999999998
17 59 -0.5525 -0.316 0.0875 0.31 0.35 0.36250000000000004 0.32658601971682416 0.21 1.75 0.3 0.9210526315789476 1.4500000000000002 0.0 0.10526315789473684 0.2499999999999998
17 60 -0.17 -5.551115123125783e-18 0.14 0.1675 0.26 0.28 0.23913581889731825 0.46 0.5 -0.5000000000000001 -0.2631578947368421 0.0 -0.3 -0.2421052631578947 -0.09999999999999995
17 61 1.0950000000000002 1.067 1.15 0.25 0.26 0.26 0.2141976875329628 0.01999999999999999 0.5700000000000001 -0.20000000000000018 -0.3 0.050000000000000044 0.0 -0.005263157894736847 0.0
17 62 0.14 0.16750000000000004 0.195 -0.07 -0.02 0.0 0.1783808186944704 0.11 0.12 -0.10000000000000009 0.026315789473684202 0.10000000000000009 -0.09999999999999995 -0.05789473684210527 0.0
17 63 0.535 0.9254999999999999 1.4099999999999997 0.08 0.14 0.25 0.2894141263337255 0.17 1.12 -0.8999999999999997 -0.5894736842105263 -0.20000000000000018 -0.3500000000000002 -0.08947368421052633 0.19999999999999984
17 64 -1.115 -0.97 -0.8375 -0.1825 0.035 0.3975 0.33032983082478007 1.46 0.43000000000000005 0.19999999999999907 0.1315789473684211 0.30000000000000027 0.5000000000000004 0.7684210526315789 0.9000000000000001
17 65 0.32249999999999995 0.7865 1.225 -0.3325 -0.15000000000000002 0.05750000000000001 0.3030124467524036 0.5700000000000001 1.13 0.15000000000000013 0.5842105263157895 0.9499999999999992 0.19999999999999984 0.3 0.4
