21 0 -1.5325 -1.1505 -0.9099999999999999 0.5175000000000001 0.555 0.8574999999999999 0.3196390847498884 0.48 1.26 -1.1999999999999993 -0.27894736842105256 0.8000000000000007 -0.3999999999999998 -0.20526315789473687 0.14999999999999958
21 1 -0.4875 -0.34950000000000003 -0.18250000000000002 0.3475 0.395 0.5475 0.21945976713051232 0.3 0.44000000000000006 -0.30000000000000027 -0.22105263157894742 -0.14999999999999986 -0.29999999999999943 -0.15263157894736842 0.0
21 2 -0.2575 -0.219 -0.16 -0.3325 -0.325 -0.2025 0.19494781938415354 0.22000000000000003 0.21 -0.1999999999999999 -0.1105263157894737 0.0 0.0 0.11578947368421054 0.24999999999999994
21 3 -0.2025 -0.057500000000000016 0.05 0.5375000000000001 0.56 0.655 0.22685438760193094 0.27 0.55 -0.55 -0.21578947368421045 0.15 -0.20000000000000018 -0.14210526315789473 -0.10000000000000009
21 4 -0.14250000000000002 -0.11850000000000001 -0.04750000000000001 0.12 0.13 0.14 0.1977956022556696 0.07 0.42000000000000004 -0.3 -0.2210526315789474 -0.09999999999999995 0.0 0.0368421052631579 0.09999999999999995
21 5 -0.27 -0.22549999999999998 -0.22250000000000003 0.35750000000000004 0.42 0.4525 0.19069754553937274 0.13999999999999996 0.26 -0.3 -0.1368421052631579 0.0 -0.14999999999999986 0.0 0.19999999999999962
21 6 -0.17 -0.16999999999999998 -0.17 0.05 0.05 0.05 0.15799479897764615 0.04000000000000001 0 0.0 0.0 0.0 0.0 -0.02105263157894737 0.0
21 7 -0.2625 -0.26 -0.2575 0.65 0.65 0.65 0.15799479897764618 0 0.040000000000000036 0.0 0.02105263157894739 0.0 0.0 0.0 0.0
21 8 -0.37 -0.34049999999999997 -0.31 0.38749999999999996 0.455 0.49 0.17210449916832332 0.10999999999999999 0.09000000000000002 -0.10000000000000009 -0.047368421052631594 0.0 -0.10000000000000009 -0.057894736842105256 0.0
21 9 -0.17 -0.1665 -0.17 0.58 0.58 0.58 0.1606397338634427 0.029999999999999916 0.04000000000000001 0.0 -0.02105263157894737 0.0 0.0 0.01578947368421048 0.0
21 10 -0.32 -0.20700000000000002 -0.1325 0.36749999999999994 0.415 0.485 0.20815220901456447 0.31000000000000005 0.30000000000000004 -0.20000000000000012 -0.15263157894736842 -0.050000000000000044 -0.24999999999999994 -0.15789473684210528 -0.04999999999999977
21 11 -1.51 -0.9239999999999998 -0.37000000000000005 0.38 0.51 0.5625 0.3119233559170757 0.18 1.52 -1.1000000000000005 -0.8 -0.3 -0.10000000000000009 -0.06842105263157895 0.10000000000000009
21 12 0.13499999999999998 0.42650000000000005 0.7475 -0.2225 -0.175 -0.0825 0.26472772931964783 0.28 0.95 -0.6999999999999997 -0.5 -0.3999999999999995 -0.3 -0.08947368421052632 0.09999999999999995
21 13 -0.155 -0.06899999999999999 0.025 -0.1975 0.21500000000000002 0.3425 0.2366403829769969 0.6699999999999999 0.26 0.0 0.1368421052631579 0.20000000000000012 0.04999999999999977 0.3526315789473684 0.30000000000000016
21 14 -0.1 -0.10000000000000002 -0.1 0.21 0.21 0.21 0.1544546959308694 0 0 0.0 0.0 0.0 0.0 0.0 0.0
21 15 -0.28 -0.24700000000000005 -0.21 0.93 0.93 0.93 0.16335059434459817 0.009999999999999898 0.07000000000000003 -0.09999999999999995 -0.03684210526315792 0.0 0.0 0.005263157894736788 0.0
21 16 -0.16249999999999998 -0.14200000000000002 -0.02 0.4 0.415 0.46 0.2327351535559251 0.15999999999999998 0.69 -0.40000000000000013 -0.363157894736842 0.0 0.0 0.08421052631578947 0.19999999999999934
21 17 2.3925 2.2704999999999997 2.565 -0.03 -0.015 0.0 0.21404108888798737 0.4 2.09 -0.20000000000000018 0.9894736842105264 1.6000000000000014 -0.1 -0.19473684210526315 0.0
21 18 -2.5025000000000004 -2.0460000000000003 -1.6199999999999999 -0.07250000000000001 -0.05 -0.0024999999999999996 0.33174058988194255 0.18 1.75 0.4999999999999982 0.9210526315789473 1.25 -0.15 0.05263157894736842 0.3
21 19 -0.555 -0.23500000000000001 0.075 0.2375 0.36 0.47 0.26865263499533465 0.26 0.95 -0.65 -0.5 -0.30000000000000016 -0.2499999999999998 0.0 0.10000000000000009
21 20 -0.3 -0.29999999999999993 -0.3 0.14 0.14 0.14 0.1544546959308694 0 0 0.0 0.0 0.0 0.0 0.0 0.0
21 21 -0.385 -0.33650000000000013 -0.28 0.41 0.425 0.45 0.17301995212787535 0.06 0.12 -0.10000000000000009 -0.06315789473684211 0.0 0.0 0.031578947368421054 0.09999999999999981
21 22 -0.38 -0.38 -0.38 0.26 0.26 0.28 0.15976485050103453 0.06 0 0.0 0.0 0.0 -0.09999999999999981 -0.031578947368421054 0.0
21 23 -0.4075 -0.386 -0.26 0.17 0.175 0.19 0.22503362408211286 0.22 0.58 -0.20000000000000018 -0.30526315789473685 0.0 0.0 0.11578947368421054 0.09999999999999995
21 24 -0.07 -0.06300000000000001 -0.05 0.54 0.54 0.56 0.1615349020244229 0.039999999999999925 0.039999999999999994 0.0 -0.021052631578947364 0.0 0.0 -0.02105263157894733 0.0
21 25 -0.245 -0.20600000000000002 -0.16 0.4575 0.485 0.5225 0.17388976429064054 0.10000000000000003 0.12000000000000002 -0.10000000000000009 -0.06315789473684212 0.0 -0.10000000000000009 -0.052631578947368446 0.0
21 26 -0.44 -0.32850000000000007 -0.20750000000000002 0.3175 0.39 0.6825000000000001 0.22702944541360703 0.47000000000000003 0.36 -0.3999999999999999 -0.17894736842105266 0.0 -0.44999999999999957 -0.2210526315789474 0.0
21 27 -0.6525 -0.34199999999999997 0.0125 0.4575 0.485 0.5125 0.24152678810499428 0.12999999999999995 0.8300000000000001 -0.65 -0.43684210526315786 -0.09999999999999999 -0.10000000000000009 -0.026315789473684174 0.050000000000000044
21 28 -0.1125 -0.087 -0.06 0.26 0.38 0.42 0.24457255061057243 0.8500000000000001 0.16 -0.10000000000000009 -0.0736842105263158 0.049999999999999906 0.09999999999999981 0.4473684210526316 0.6
21 29 -0.10250000000000001 -0.07950000000000002 -0.065 0.03 0.05 0.14250000000000002 0.19053790417461156 0.28 0.13 -0.09999999999999998 -0.06842105263157894 0.0 -0.20000000000000012 -0.1473684210526316 0.0
21 30 -0.37 -0.35 -0.33 -0.02 0.015 0.08249999999999999 0.17415853787171892 0.12000000000000001 0.09000000000000002 0.0 0.047368421052631594 0.10000000000000009 0.0 0.06315789473684212 0.1
21 31 -0.28 -0.097 -0.0075 -0.0225 0.02 0.43500000000000005 0.30337777597468457 0.9600000000000001 0.76 -0.65 -0.3473684210526316 0.09999999999999981 -0.8500000000000002 -0.4526315789473684 0.10000000000000002
21 32 -0.435 -0.273 -0.1475 0.23 0.245 0.31 0.2416943405411986 0.23 0.75 -0.6 -0.3684210526315789 0.0 -0.2499999999999998 -0.06842105263157895 0.049999999999999906
21 33 -0.3125 -0.176 -0.004999999999999999 0.2875 0.32 0.385 0.2105815164915412 0.20999999999999996 0.42 -0.35000000000000003 -0.2052631578947369 -0.04999999999999977 -0.20000000000000018 -0.07368421052631578 0.0
21 34 -1.0475 -0.45549999999999996 0.1925 0.41 0.45999999999999996 0.54 0.33271223173353887 0.29000000000000004 1.5899999999999999 -1.2000000000000002 -0.8368421052631578 -0.2499999999999991 -0.10000000000000009 0.15263157894736845 0.30000000000000027
21 35 -0.445 -0.345 -0.24 0.02 0.03 0.05 0.19766375106495193 0.09999999999999999 0.39 -0.30000000000000027 -0.20526315789473687 0.0 0.0 0.05263157894736842 0.09999999999999996
21 36 -0.24250000000000002 0.4580000000000001 1.0575 0.1975 0.21 0.2125 0.35169596332508424 0.07999999999999999 2.12 -1.6 -1.1157894736842104 -0.5499999999999994 0.0 0.04210526315789473 0.10000000000000009
21 37 -0.5675 -0.43200000000000005 -0.31 0.02 0.035 0.14250000000000002 0.1949782465820114 0.15000000000000002 0.31 -0.20000000000000018 -0.14736842105263157 0.0 0.0 0.07894736842105263 0.10000000000000006
21 38 -0.17 -0.11400000000000002 -0.04 0.0625 0.13 0.14 0.20777166619335466 0.4 0.19 -0.19999999999999993 -0.09473684210526315 0.049999999999999906 -0.35000000000000003 -0.13157894736842105 0.19999999999999996
21 39 -0.5650000000000001 -0.45599999999999996 -0.32 0.4 0.42 0.4525 0.20288749239320059 0.08999999999999997 0.42999999999999994 -0.34999999999999976 -0.17894736842105263 0.050000000000000044 -0.10000000000000009 0.005263157894736847 0.14999999999999986
21 40 -0.43 -0.3835 -0.3475 0.05 0.06 0.07 0.17495735323948233 0.11 0.10999999999999999 -0.10000000000000009 -0.042105263157894715 0.0 -0.10000000000000002 -0.057894736842105256 0.0
21 41 -0.61 -0.3325000000000001 -0.052500000000000005 0.4375 0.45 0.45 0.2255001744492678 0.06 0.74 -0.6999999999999997 -0.3631578947368421 0.0 0.0 0.02105263157894739 0.09999999999999981
21 42 -0.28 -0.252 -0.2275 0.17 0.185 0.255 0.17490664124305247 0.11000000000000001 0.12000000000000002 -0.10000000000000009 -0.06315789473684212 0.0 -0.10000000000000009 -0.05263157894736843 0.0
21 43 -0.08249999999999999 -0.037000000000000005 -0.017499999999999998 0.34 0.42000000000000004 0.7725 0.271407513489391 0.98 0.35 -0.4 -0.18421052631578946 0.0 -0.8000000000000002 -0.5157894736842105 -0.19999999999999962
21 44 -0.435 -0.3765 -0.3 0.435 0.515 0.54 0.20278627124832652 0.24000000000000005 0.30999999999999994 -0.24999999999999994 -0.16315789473684209 -0.04999999999999977 -0.20000000000000018 -0.12631578947368424 0.0
21 45 -0.835 -0.43599999999999994 -0.042499999999999996 0.35 0.39 0.4325 0.2590242525051727 0.09000000000000002 0.96 -0.75 -0.3842105263157894 0.15 -0.10000000000000009 0.031578947368421054 0.1999999999999999
21 46 -0.2325 -0.1905 -0.1575 0.2475 0.26 0.2725 0.18499183739705466 0.13999999999999999 0.11999999999999997 -0.04999999999999977 0.04210526315789475 0.1999999999999999 -0.15000000000000013 -0.06315789473684211 0.0
21 47 -0.9225000000000001 -0.5624999999999999 -0.21250000000000002 0.43500000000000005 0.52 0.54 0.26124543794880123 0.2 0.86 -0.5999999999999996 -0.12105263157894736 0.44999999999999984 -0.2500000000000002 -0.10526315789473684 0.04999999999999949
21 48 0.37250000000000005 0.617 0.9850000000000001 -0.4225 -0.375 -0.27999999999999997 0.302899460424358 0.36 1.2000000000000002 -0.8999999999999997 -0.6315789473684212 -0.34999999999999976 -0.3 -0.04736842105263159 0.2500000000000001
21 49 -0.89 -0.7785000000000001 -0.7000000000000001 0.695 1.03 1.2 0.29164099152095424 0.84 0.6799999999999999 -0.6999999999999995 -0.24736842105263163 0.20000000000000018 -0.6999999999999995 -0.44210526315789467 0.0
21 50 0.2375 0.339 0.4125 -0.19 -0.01 0.23750000000000002 0.22276902916954044 0.54 0.21 -0.10000000000000009 0.07368421052631578 0.20000000000000018 -0.44999999999999996 -0.28421052631578947 -0.10000000000000009
21 51 -0.17 -0.16050000000000003 -0.16 0.017499999999999998 0.02 0.0325 0.162435141385046 0.05 0.03 -0.049999999999999906 -0.0052631578947368324 0.0 -0.04999999999999999 -7.304098846218135e-19 0.09999999999999999
21 52 -0.1825 -0.034499999999999996 0.08499999999999999 0.16 0.165 0.1725 0.22519569962270283 0.27 0.27 -0.3 -0.03684210526315788 0.3 0.0 0.13157894736842105 0.10000000000000009
21 53 -0.08249999999999999 -0.011999999999999997 0.14750000000000002 -0.16 0.04 0.23 0.3055723883321837 0.69 0.69 -1.15 -0.36315789473684207 0.2 -0.8499999999999999 -0.12105263157894731 0.55
21 54 -0.295 -0.24700000000000003 -0.18 0.23 0.265 0.31 0.18813638687167827 0.13999999999999999 0.21999999999999997 -0.24999999999999994 -0.11578947368421051 0.0 -0.10000000000000009 -0.0631578947368421 0.0
21 55 -0.5824999999999999 -0.41850000000000004 -0.26 0.2475 0.325 0.4175 0.22570058825915867 0.30000000000000004 0.51 -0.40000000000000024 -0.23157894736842108 -0.10000000000000009 -0.20000000000000018 -0.1368421052631579 -0.10000000000000009
21 56 -0.5175000000000001 -0.39449999999999996 -0.295 -0.2125 -0.195 -0.004999999999999999 0.2107007911071444 0.23 0.24 -0.35000000000000003 -0.10000000000000003 0.19999999999999976 0.0 0.12105263157894738 0.2
21 57 -0.3 -0.27299999999999996 -0.24 0.4975 0.51 0.51 0.1633049535478113 0.030000000000000027 0.06999999999999998 -0.09999999999999967 -0.03684210526315788 0.0 0.0 -0.010526315789473694 0.0
21 58 -0.03 -0.019000000000000003 -0.015 0.33 0.33 0.33 0.1606498762627287 0.019999999999999962 0.05 0.0 -0.02631578947368421 0.0 0.0 0.010526315789473665 0.0
21 59 -0.19 -0.14700000000000002 -0.0775 0.49 0.51 0.54 0.18187020974481719 0.12999999999999995 0.16999999999999998 -0.1999999999999999 -0.08947368421052632 0.0 -0.10000000000000009 -0.06842105263157891 0.0
21 60 -0.33 -0.20750000000000002 -0.10750000000000001 0.49 0.64 0.7324999999999999 0.20698055904904866 0.19 0.26 -0.20000000000000012 -0.13684210526315793 0.0 -0.24999999999999967 -0.09999999999999999 0.10000000000000009
21 61 -0.16 -0.024500000000000008 0.18 0.09250000000000001 0.26 0.5725 0.28748950464521883 0.73 0.7 -0.55 -0.3684210526315789 -0.15000000000000005 -0.7999999999999999 -0.21052631578947367 0.39999999999999997
21 62 0.9650000000000001 1.688 2.495 -0.24250000000000002 -0.045000000000000005 0.2025 0.20683917400300214 1.73 1.7600000000000002 -1.1500000000000017 0.15263157894736815 2.1 -1.25 -0.4736842105263159 0.8500000000000001
21 63 -0.34750000000000003 -0.3215 -0.275 0.17 0.195 0.21 0.1759539453933223 0.03999999999999998 0.15000000000000002 -0.24999999999999994 -0.07894736842105264 0.0 0.0 0.0 0.0
