23 0 -3.125 -2.59125 -2.0975 0.07 0.07 0.08 0.30868732200089255 0.03 1.35 -0.049999999999998934 -2.4894736842105267 1.0000000000000004 -0.049999999999999975 0.005263157894736847 0.09999999999999995
23 1 0.1675 0.42300000000000004 0.62 -0.0925 -0.09 -0.0775 0.22931919347640894 0.020000000000000004 0.81 -0.65 -0.4263157894736842 -0.1999999999999999 -0.049999999999999975 -0.005263157894736841 0.0
23 2 0.5525 0.6715 0.805 -0.0925 -0.015 0.07500000000000001 0.23257754067102118 0.26 0.59 -0.30000000000000027 0.12105263157894736 0.7999999999999996 -0.049999999999999975 0.10526315789473686 0.1999999999999999
23 3 0.17750000000000002 0.3045 0.42 0.21 0.23 0.2425 0.21450703071118504 0.05000000000000002 0.62 -0.40000000000000036 -0.32631578947368417 -0.2499999999999999 0.0 0.0 0.0
23 4 0.2625 0.4755 0.685 -0.05 -0.03 -0.03 0.23998007221388298 0.039999999999999994 0.8899999999999999 -0.5000000000000004 -0.46842105263157885 -0.3999999999999999 -0.09999999999999995 -0.021052631578947368 0.0
23 5 1.4549999999999998 1.739 2.05 -0.7875 -0.615 -0.46749999999999997 0.351601436163739 0.43 1.5100000000000002 -1.0999999999999988 -0.7947368421052632 -0.5999999999999983 -0.3999999999999998 0.09999999999999999 0.6000000000000003
23 6 -0.14500000000000002 0.4075000000000001 0.8899999999999999 -0.19 -0.16 -0.16 0.3170379650290073 0.07 1.6400000000000001 -1.2499999999999996 -0.863157894736842 -0.4000000000000001 0.0 0.010526315789473679 0.10000000000000009
23 7 -2.455 -1.4875 -0.08 -0.18 -0.14 -0.12 0.21359928597509023 0.05 2.67 -0.3 1.2789473684210524 2.6500000000000012 0.0 -0.015789473684210527 0.049999999999999906
23 8 -0.0175 0.24800000000000005 0.4175 -0.10250000000000001 -0.1 -0.09 0.26446909813785546 0.05 1.14 -0.7999999999999998 -0.6 -0.1999999999999999 -0.09999999999999995 -2.921639538487254e-18 0.09999999999999995
23 9 -0.095 0.289 0.46 -0.04 -0.02 0.0125 0.2991753742545335 0.06 1.5499999999999998 -0.8500000000000001 -0.7894736842105264 -0.2500000000000001 0.0 0.031578947368421054 0.1
23 10 -0.2425 -0.00550000000000001 0.195 -0.16 -0.14 -0.0825 0.24351774108483096 0.2 0.81 -0.55 -0.4263157894736841 -0.20000000000000018 0.0 0.10526315789473684 0.15000000000000013
23 11 -0.125 0.06100000000000001 0.255 -0.37 -0.20500000000000002 -0.1575 0.2444027668465252 0.45000000000000007 0.53 -0.45 -0.27894736842105267 -0.10000000000000009 0.10000000000000009 0.23684210526315794 0.35000000000000003
23 12 0.235 0.3625 0.4225 -0.1775 -0.095 -0.08 0.2066357174733255 0.09 0.44999999999999996 -0.44999999999999957 -0.23157894736842108 0.0 -0.09999999999999995 -0.047368421052631574 0.0
23 13 0.1275 0.24850000000000003 0.3325 -0.4425 -0.4 -0.27749999999999997 0.2707807132135179 0.5800000000000001 0.5700000000000001 -0.5999999999999996 -0.2736842105263158 -0.049999999999999906 -0.14999999999999986 0.3052631578947369 0.5
23 14 -0.6825 -0.398 -0.18250000000000002 0.0075 0.02 0.02 0.20739639741977361 0.03 0.5499999999999999 -0.09999999999999981 0.2526315789473684 0.6500000000000004 0.0 0.015789473684210527 0.09999999999999998
23 15 -1.6800000000000002 -0.8080000000000002 -0.1 -0.24000000000000002 -0.12 -0.10750000000000001 0.21208036025802265 0.24 2.02 -0.050000000000000044 1.0421052631578944 1.4999999999999996 0.0 0.10526315789473684 0.10000000000000009
23 16 0.33 0.3335 0.35 -0.19 -0.17 -0.17 0.1660158140289667 0.03 0.09000000000000002 -0.04999999999999977 -0.047368421052631594 0.0 0.0 0.0 0.0
23 17 0.0275 0.313 0.5750000000000001 -0.09 -0.09 -0.07 0.24056082599699785 0.01999999999999999 0.95 -0.5999999999999996 -0.5 -0.44999999999999973 0.0 -0.005263157894736839 0.0
23 18 -1.9125 -1.4815 -1.045 -0.07250000000000001 -0.06 -0.04750000000000001 0.2858111404113757 0.039999999999999994 1.4100000000000001 -0.9000000000000008 -0.7421052631578948 -0.5500000000000005 -0.049999999999999975 0.005263157894736843 0.09999999999999998
23 19 -0.13 0.11899999999999997 0.3275 -0.03 -0.03 -0.0075 0.2581294900401639 0.060000000000000005 1.08 -0.7000000000000001 -0.5684210526315789 -0.3500000000000001 -0.1 -0.03157894736842106 0.0
23 20 0.0024999999999999988 0.21949999999999997 0.4275 -0.17 -0.16 -0.16 0.24930965962107998 0.010000000000000009 1.05 -0.6999999999999997 -0.5526315789473685 -0.4000000000000001 0.0 0.005263157894736847 0.0
23 21 -0.07250000000000001 0.07149999999999998 0.195 -0.052500000000000005 -0.03 -0.02 0.2477753174570976 0.07 0.97 -0.8500000000000001 -0.5 0.049999999999999975 0.0 0.01052631578947368 0.09999999999999999
23 22 0.02 0.18550000000000003 0.2975 0.0075 0.04 0.05 0.22853315753174575 0.1 0.74 -0.7999999999999998 -0.38947368421052636 0.0 0.0 0.042105263157894736 0.10000000000000002
23 23 -2.5875 -1.9954999999999998 -1.6425 -0.21 -0.185 -0.03 0.3182049494908514 0.24000000000000002 1.63 -1.349999999999999 -0.8210526315789475 -0.30000000000000027 0.0 0.12105263157894736 0.2500000000000001
23 24 -0.0325 0.11349999999999998 0.2525 -0.1625 -0.11 0.21000000000000002 0.25349076230273043 0.44000000000000006 0.39 -0.5000000000000002 -0.07368421052631578 0.3 -0.30000000000000004 -0.23157894736842108 0.0
23 25 0.23249999999999998 0.6054999999999999 0.9500000000000001 -0.09 -0.07 -0.07 0.2834680433283297 0.020000000000000004 1.41 -1.0000000000000009 -0.7421052631578947 -0.39999999999999986 -0.09999999999999995 -0.01052631578947368 0.0
23 26 0.0525 0.2585 0.445 -0.2925 -0.275 -0.23 0.2313809404032619 0.09999999999999998 0.77 -0.5999999999999996 -0.4052631578947368 -0.3 -0.10000000000000009 -0.04210526315789474 0.0
23 27 0.19250000000000003 0.4149999999999999 0.81 0.0075 0.05 0.07 0.28865912613087746 0.3 1.17 -0.9500000000000004 -0.6157894736842106 -0.30000000000000016 0.0 0.15263157894736842 0.10000000000000006
23 28 -0.2425 0.0625 0.22 -0.1525 -0.12 -0.1175 0.24860719704653325 0.07999999999999999 0.95 -0.9000000000000002 -0.4368421052631579 -0.050000000000000044 -0.09999999999999995 -0.005263157894736841 0.09999999999999995
23 29 0.012499999999999999 0.2705 0.49 -0.2625 -0.21 -0.17750000000000002 0.262785257008398 0.14 1.02 -0.7 -0.536842105263158 -0.3999999999999999 -0.14999999999999986 0.026315789473684223 0.20000000000000018
23 30 -0.045 0.16649999999999998 0.36499999999999994 -0.06 -0.05 -0.04 0.23841286867621395 0.09 0.85 -0.5000000000000003 -0.4473684210526316 -0.39999999999999986 -0.10000000000000002 -0.04736842105263158 0.0
23 31 -0.04 0.16349999999999992 0.32999999999999996 0.045000000000000005 0.05 0.08 0.24416178343949038 0.1 0.91 -0.6000000000000003 -0.4789473684210526 -0.3999999999999999 -0.09999999999999995 0.02631578947368421 0.14999999999999997
23 32 -0.0675 0.19999999999999998 0.49 -0.26 -0.26 -0.24 0.23745420909570364 0.10000000000000003 0.82 -0.85 0.010526315789473658 0.8000000000000002 -0.10000000000000009 -0.031578947368421054 0.050000000000000044
23 33 -0.16999999999999998 0.0055 0.16499999999999998 -0.042499999999999996 -0.03 -0.02 0.21203715363706432 0.05 0.6 -0.4000000000000001 -0.3157894736842105 -0.15 -0.09999999999999998 -0.02631578947368421 0.0
23 34 0.0275 0.20649999999999996 0.35 -0.21 -0.19 -0.19 0.21520442208608875 0.04000000000000001 0.6399999999999999 -0.40000000000000024 -0.3368421052631579 -0.2500000000000001 0.0 0.010526315789473679 0.0
23 35 1.8775000000000004 2.43725 -3.0649999999999995 -0.16 -0.155 -0.135 0.2870817801939228 0.11 3.0900000000000003 -2.5749999999999984 -1.4526315789473687 -0.15000000000000124 0.0 0.04210526315789473 0.09999999999999995
23 36 -0.23 0.081 0.3 0.05 0.09 0.1 0.2196828999148039 0.05 0.69 -0.5 -0.34736842105263166 0.0 0.0 -0.02631578947368421 0.0
23 37 0.045 0.14300000000000002 0.2675 -0.0375 -0.03 -0.0075 0.2382988681082397 0.22 0.73 -0.4500000000000001 -0.38421052631578945 -0.1999999999999999 0.0 0.09473684210526316 0.25
23 38 0.17250000000000001 0.23799999999999993 0.35749999999999993 -0.155 0.155 0.225 0.2580913546188487 0.45000000000000007 0.71 -0.5 -0.3736842105263158 -0.14999999999999986 -0.050000000000000044 0.18421052631578946 0.35000000000000003
23 39 -0.0875 0.19749999999999995 0.3825 -0.42 -0.38 -0.37 0.24900538764250085 0.09999999999999998 0.96 -0.75 -0.5052631578947369 -0.2500000000000001 -0.10000000000000009 -0.04736842105263156 0.0
23 40 -0.0375 0.16650000000000004 0.31499999999999995 -0.09 -0.07 -0.045000000000000005 0.22290595155990114 0.13 0.6399999999999999 -0.55 -0.3368421052631579 -0.049999999999999975 -0.09999999999999999 -0.042105263157894736 0.0
23 41 0.1575 0.28900000000000003 0.455 -0.07250000000000001 -0.03 -0.02 0.20229172785914237 0.09 0.45 -0.39999999999999986 -0.23684210526315788 -0.10000000000000009 0.0 0.03684210526315789 0.09999999999999999
23 42 0.09000000000000001 0.3915 0.6950000000000001 -0.05 -0.03 -0.02 0.2677962107996268 0.07 1.2 -0.7500000000000004 -0.631578947368421 -0.4999999999999999 0.0 0.010526315789473682 0.09999999999999996
23 43 -0.0175 0.3085 0.5525 -0.07 -0.045 -0.03 0.20809196316280576 0.53 2.5999999999999996 -1.7000000000000002 -1.3684210526315788 -0.35 -0.15000000000000008 0.19473684210526312 0.09999999999999998
23 44 -0.0325 0.16150000000000003 0.365 -0.042499999999999996 0.03 0.06 0.25318649032415114 0.12 0.84 -0.7 0.01578947368421061 0.5499999999999996 -0.10000000000000006 0.03157894736842104 0.050000000000000044
23 45 0.012499999999999999 0.307 0.5075000000000001 -0.02 0.0 0.10500000000000001 0.2618140208527729 0.1 1.0 -0.7 -0.5263157894736842 -0.30000000000000016 -0.10000000000000005 -0.05263157894736842 0.14999999999999994
23 46 0.475 0.8049999999999999 1.135 -0.21 -0.2 -0.17 0.286364104020447 0.04999999999999999 1.44 -0.8999999999999991 -0.7578947368421054 -0.6000000000000005 0.0 0.026315789473684206 0.049999999999999906
