25 0 0.7475 1.0775000000000001 1.3900000000000001 -0.28 -0.22499999999999998 -0.1675 0.25462995659053117 0.16000000000000003 0.9400000000000001 -0.7000000000000006 -0.4947368421052631 -0.3500000000000003 -0.049999999999999906 0.05263157894736843 0.20000000000000004
25 1 -1.1175000000000002 -0.841 -0.595 0.03 0.04 0.07750000000000001 0.2775848431985071 0.23 1.16 -0.7000000000000006 -0.6105263157894738 -0.40000000000000036 -0.2 -0.12105263157894738 0.0
25 2 1.05 1.3329999999999997 1.5950000000000002 -0.10250000000000001 -0.09 -0.07 0.24625132054038704 0.19 0.84 -0.6 -0.44210526315789467 -0.29999999999999916 0.0 0.07894736842105264 0.15
25 3 -0.99 -0.9175000000000001 -0.8875 0.36749999999999994 0.43 0.47250000000000003 0.24938836463953906 0.44 0.5200000000000001 0.0 0.2736842105263159 0.5000000000000004 -0.14999999999999986 0.23157894736842102 0.5000000000000002
25 4 -0.02 0.034999999999999996 0.08249999999999999 0.2625 0.59 0.6825 0.23105374660229622 0.73 0.09 -0.10000000000000003 -0.042105263157894736 0.0 0.09999999999999953 0.38421052631578945 0.7
25 5 0.05 0.094 0.0925 0.22749999999999998 0.345 0.4125 0.2049340257211246 0.29000000000000004 0.19 0.0 0.1 0.2 -0.35 -0.021052631578947368 0.34999999999999987
25 6 0.3375 0.3895 0.4425 -0.24 -0.24 -0.23 0.1721501399651102 0.009999999999999981 0.19 -0.10000000000000009 -0.09999999999999999 0.0 0.0 0.0052631578947368324 0.0
25 7 0.0425 0.1015 0.16 -0.1725 -0.05 0.065 0.2029181224390442 0.37 0.18 -0.15 -0.09473684210526316 0.0 -0.3500000000000001 -0.16315789473684214 0.0
25 8 -1.5375 -1.1475 -0.6875 0.46749999999999997 0.615 0.7825 0.3622282364396122 0.8200000000000001 1.5699999999999998 0.6500000000000004 0.8263157894736842 1.100000000000001 0.30000000000000027 0.431578947368421 0.6500000000000004
25 9 -1.0825 -1.0 -0.9349999999999999 0.02 0.045 0.1 0.21525006288287563 0.39 0.29000000000000004 -0.30000000000000027 -0.13157894736842102 0.0 -0.049999999999999975 0.20526315789473681 0.3
25 10 -0.44499999999999995 -0.18099999999999997 0.16 -0.02 0.03 0.07 0.2944686924418841 0.08 1.46 0.0 0.7526315789473683 1.5999999999999996 -0.1499999999999999 -0.042105263157894736 0.0
25 11 -2.6725000000000003 -2.6252500000000003 -2.49 0.11499999999999999 0.19 0.26 0.2445877642095014 0.29000000000000004 0.71 -0.3000000000000025 -0.17894736842105288 -0.049999999999998934 0.10000000000000009 0.11578947368421051 0.19999999999999993
25 12 2.1875 2.532749999999999 2.995 -0.1 -0.08499999999999999 -0.0325 0.3352557426264759 0.22999999999999998 1.7800000000000002 -1.25 -0.8894736842105266 -0.6499999999999995 -0.19999999999999996 -0.07894736842105263 0.09999999999999995
25 13 -0.5874999999999999 -0.33549999999999996 -0.1 0.59 0.655 0.72 0.22376825834719472 0.20000000000000007 0.5900000000000001 -0.5000000000000002 -0.3105263157894737 0.0 0.0 0.10526315789473689 0.24999999999999967
25 14 -0.7124999999999999 -0.4964999999999999 -0.3225 0.245 0.29000000000000004 0.3524999999999999 0.24003321838614158 0.21 0.74 -0.5499999999999999 -0.38947368421052636 -0.2500000000000002 -0.10000000000000009 0.04210526315789473 0.15
25 15 -0.77 -0.7494999999999999 -0.73 -0.255 -0.105 -0.05 0.18502226459491264 0.27 0.07000000000000006 -0.050000000000000044 0.010526315789473694 0.10000000000000009 0.0 0.13157894736842102 0.2500000000000001
25 16 -0.45 -0.39049999999999996 -0.39 0.8525 0.89 0.89 0.19294956387683068 0.17000000000000004 0.24999999999999997 0.0 -0.10526315789473682 0.09999999999999995 0.0 0.07894736842105264 0.10000000000000009
25 17 0.2875 0.5195000000000001 0.735 -0.0225 0.0 0.05 0.23881369629599578 0.27 0.6900000000000001 0.0 0.331578947368421 0.6500000000000006 -0.15000000000000002 -0.1368421052631579 0.0
25 18 -1.5725 -1.502 -1.4300000000000002 -0.052500000000000005 0.035 0.125 0.20905975090267354 0.25 0.33000000000000007 -0.20000000000000018 -0.036842105263157926 0.19999999999999907 -0.2 -0.13157894736842105 -0.049999999999999975
25 19 0.02 0.03949999999999999 0.052500000000000005 0.0 0.0 0.02 0.16507500507119968 0.04 0.08 0.0 0.042105263157894736 0.09999999999999996 0.0 0.021052631578947368 0.0
25 20 -1.32 -1.2395 -1.18 -0.0375 -0.02 0.015 0.23420316442857717 0.55 0.25 -0.10000000000000009 0.04210526315789478 0.3500000000000003 0.0 0.2894736842105263 0.44999999999999996
25 21 -2.0275 -1.8405 -1.6949999999999998 0.14 0.15 0.17 0.2158308166659905 0.14 0.5499999999999998 -0.40000000000000036 -0.2894736842105262 -0.20000000000000018 -0.049999999999999906 0.04736842105263159 0.10000000000000002
25 22 -0.21 -0.122 -0.065 1.0650000000000002 1.2 1.2 0.23746698851880405 0.72 0.16 -0.14999999999999997 -0.07368421052631578 0.0 0.0 0.3684210526315789 0.799999999999999
25 23 -1.9224999999999999 -0.554 0.915 -1.05 -0.865 -0.34500000000000003 0.1748102884498357 0.77 3.04 -2.4499999999999993 -1.8894736842105262 -0.050000000000000044 -0.8500000000000002 -0.4052631578947368 0.0
25 24 -1.1425 -0.9075 -0.7 -0.0225 0.025 0.05 0.22390497788956967 0.08 0.6499999999999999 -0.5000000000000004 -0.34210526315789463 -0.14999999999999902 -0.10000000000000006 0.0 0.1
25 25 -1.29 -0.8094999999999999 -0.505 -0.41500000000000004 -0.245 -0.16 0.32844512150594346 0.63 1.37 0.2500000000000002 0.7210526315789473 1.1499999999999995 -0.4500000000000003 -0.3315789473684211 0.0
25 26 0.19 0.21500000000000002 0.215 -0.37999999999999995 -0.125 0.02 0.24554135259036874 0.74 0.29000000000000004 0.0 0.15263157894736845 0.3 -0.4999999999999999 -0.38947368421052636 -0.3
25 27 0.2575 0.3835 0.5125 -0.02 -0.02 0.0125 0.2086289017810052 0.23 0.32999999999999996 -0.4999999999999999 -0.17368421052631577 0.15 -0.15000000000000002 -0.12105263157894738 0.0
25 28 0.165 0.2799999999999999 0.36250000000000004 0.7224999999999999 0.85 0.89 0.20402120978538682 0.26 0.3 -0.24999999999999994 -0.1473684210526316 -0.04999999999999977 0.0 0.12631578947368421 0.2999999999999997
25 29 0.315 0.6624999999999999 1.0175 0.5574999999999999 0.8 0.9325 0.3468302486916305 0.87 1.34 0.6 0.7052631578947369 0.7999999999999998 -0.7500000000000003 -0.45789473684210524 -0.20000000000000018
25 30 -2.3449999999999998 -1.924 -1.605 0.18500000000000003 0.24 0.355 0.3840496085033876 0.87 1.77 -1.0499999999999998 -0.9315789473684211 -0.5499999999999983 -0.8999999999999999 -0.45789473684210524 0.050000000000000044
25 31 -3.1312499999999996 -2.88175 -2.6574999999999998 -0.1 -0.095 -0.0675 0.25609066493569727 0.21000000000000002 0.9400000000000004 -0.6000000000000005 -0.44736842105263197 -0.40000000000000036 -0.15 -0.1105263157894737 0.0
25 32 -2.815 -2.653 -2.4725 -0.14250000000000002 -0.11499999999999999 -0.0775 0.2348981216276523 0.38 0.5 -0.6499999999999995 -0.02105263157894739 0.4500000000000015 -0.35000000000000003 -0.14736842105263154 0.09999999999999995
25 33 1.2275 1.354 1.5475 -0.37249999999999994 -0.175 0.14 0.30540625583187964 0.6000000000000001 1.0899999999999999 0.10000000000000009 0.5736842105263156 0.8499999999999996 -0.55 -0.3157894736842105 -0.10000000000000009
25 34 -0.12 0.1625 0.4525 0.3075 0.7450000000000001 0.91 0.2988763763235832 0.89 0.76 -0.10000000000000009 0.3421052631578948 0.4500000000000003 -0.6 -0.46842105263157885 -0.10000000000000009
25 35 -0.755 -0.6065 -0.5475 0.65 0.66 0.7875 0.2228398231165564 0.16999999999999993 0.55 0.0 0.2894736842105263 0.5500000000000003 -0.20000000000000018 -0.08421052631578943 0.0
25 36 -1.0975000000000001 -1.0509999999999997 -0.9975 -0.1525 -0.06 0.0125 0.20049875451336766 0.31999999999999995 0.18999999999999995 -0.10000000000000009 -0.01578947368421054 0.15000000000000013 0.0 0.15263157894736842 0.3
25 37 -0.8025 -0.377 0.04 -0.025 0.08 0.645 0.4009517140654793 0.88 1.71 -1.6000000000000003 -0.9 0.0 0.14999999999999986 0.46315789473684216 0.8500000000000002
25 38 0.17 0.20949999999999996 0.24 0.6124999999999999 0.65 0.68 0.19433156720353764 0.35 0.09 -0.09999999999999995 -0.047368421052631574 0.0 0.0 0.18421052631578946 0.2500000000000002
25 39 -0.1 -0.05550000000000001 -0.0525 0.5075000000000001 0.54 0.55 0.19156492352630944 0.15000000000000008 0.27 -0.24999999999999994 -0.13684210526315788 0.0 0.0 0.047368421052631594 0.20000000000000018
25 40 1.0375 1.2349999999999999 1.46 0.075 0.195 0.445 0.3017089455961701 0.51 1.17 -0.7000000000000006 -0.6157894736842104 -0.4500000000000004 -0.3999999999999999 -0.26842105263157895 -0.14999999999999986
25 41 0.5425 0.8300000000000001 1.2275 -0.75 -0.585 -0.18250000000000002 0.33984375836747943 1.19 0.93 0.20000000000000018 0.48947368421052634 0.5500000000000005 -0.7500000000000001 -0.6263157894736843 -0.30000000000000027
25 42 0.6849999999999999 1.0935 1.4124999999999999 -0.12 0.10500000000000001 0.3 0.2659225039555357 0.44 0.82 -0.8499999999999996 -0.431578947368421 0.0 -0.44999999999999996 -0.22105263157894742 0.0
25 43 -0.6125 -0.5634999999999999 -0.5275000000000001 -0.33499999999999996 -0.235 -0.04750000000000001 0.20674464684165691 0.25 0.26 0.0 -0.07894736842105264 0.10000000000000009 0.0 0.12631578947368421 0.35000000000000003
25 44 -1.6500000000000001 -1.6684999999999999 -1.4925 0.38 0.545 0.5775 0.34033099922917764 0.77 1.3900000000000001 -1.4500000000000002 -0.7315789473684212 0.050000000000000044 -0.5500000000000002 -0.4052631578947368 -0.10000000000000009
25 45 -0.44 -0.3135 -0.1 0.40249999999999997 0.58 0.6425 0.26507541076717117 0.56 0.7 0.050000000000000044 0.3631578947368421 0.49999999999999994 -0.5000000000000002 -0.29473684210526324 -0.10000000000000009
25 46 -0.355 -0.26849999999999996 0.052500000000000005 1.0175 1.03 1.05 0.25728239685179927 0.040000000000000036 1.07 -0.15000000000000013 0.38947368421052636 0.5999999999999996 -0.050000000000000044 0.0 0.10000000000000009
25 47 -0.925 -0.835 -0.7525000000000001 -0.28 -0.27 -0.26 0.19117180412998497 0.040000000000000036 0.35 -0.2999999999999997 -0.1578947368421053 -0.10000000000000009 -0.09999999999999981 0.005263157894736847 0.09999999999999981
25 48 -1.6425 -1.2514999999999998 -0.895 -0.14 -0.12 -0.10750000000000001 0.261948509067305 0.04000000000000001 1.0999999999999999 0.30000000000000027 0.5789473684210527 0.8999999999999991 0.0 0.010526315789473694 0.049999999999999975
25 49 -3.065 -3.0435000000000008 -3.02 0.09000000000000001 0.465 1.005 0.27049936305732486 1.07 0.2200000000000002 -0.10000000000000231 -0.06315789473684216 0.09999999999999787 -0.9000000000000001 -0.5631578947368422 -0.20000000000000007
25 50 0.2 0.24650000000000002 0.28 -1.3475000000000001 -0.74 -0.285 0.27961291735973065 1.22 0.10000000000000003 -0.20000000000000004 -0.05263157894736843 0.09999999999999995 -1.1500000000000004 -0.631578947368421 -0.1999999999999999
25 51 0.51 1.7869999999999997 2.9125 0.07500000000000001 0.33 0.4125 0.23927030711185043 0.72 2.6700000000000004 -1.6000000000000014 -1.405263157894737 -0.10000000000000231 -0.050000000000000044 0.31578947368421045 0.7000000000000001
25 52 0.37500000000000006 0.418 0.5425 0.05 0.35 0.78 0.27823841940849536 0.84 0.47 -0.24999999999999994 0.15789473684210523 0.30000000000000004 0.05000000000000001 0.44210526315789467 0.7000000000000004
25 53 -1.2349999999999999 -1.1314999999999997 -0.9975 0.12 0.18 0.23 0.19465612398068893 0.15 0.30000000000000004 -0.10000000000000009 -0.08421052631578943 0.15000000000000013 -0.15 -0.07894736842105263 0.0
25 54 -1.36 -1.0645 -0.825 -0.2325 -0.23 -0.1975 0.28017135786441644 0.13 1.28 -0.7000000000000001 -0.6736842105263158 -0.39999999999999925 -0.09999999999999995 -0.03157894736842105 0.049999999999999906
25 55 -1.2149999999999999 -0.8960000000000002 -0.63 0.47 0.495 0.6425000000000001 0.291610767171082 0.16999999999999998 1.0299999999999998 0.4999999999999988 0.5421052631578948 0.9499999999999998 -0.1999999999999999 -0.07894736842105263 0.09999999999999981
25 56 -1.8050000000000002 -1.5695000000000001 -1.39 0.05 0.07 0.08 0.22775706113838287 0.06 0.76 -0.6000000000000005 -0.39999999999999997 -0.15000000000000013 0.0 0.031578947368421054 0.09999999999999995
25 57 -0.6525 -0.5189999999999999 -0.46749999999999997 0.135 0.16 0.17 0.21759843401355028 0.19000000000000003 0.53 -0.49999999999999933 -0.2684210526315789 0.0 -0.1999999999999999 -0.10000000000000002 0.0
25 58 -1.8824999999999998 -1.8525000000000003 -1.8375000000000001 -0.07 -0.07 -0.0675 0.17574095500831682 0.030000000000000006 0.20999999999999996 -0.29999999999999916 -0.06315789473684216 0.10000000000000009 0.0 -0.005263157894736842 0.0
25 59 -0.6024999999999999 -0.5940000000000001 -0.5375000000000001 1.1175000000000002 1.165 1.225 0.28658906243661 0.43000000000000005 0.99 -0.5000000000000004 -0.5210526315789473 0.050000000000000044 0.0 0.015789473684210586 0.20000000000000018
25 60 -1.7625000000000002 -1.614 -1.5274999999999999 -0.1325 -0.08 -0.03 0.22640548500953386 0.19 0.3500000000000001 -0.20000000000000018 0.18421052631578952 0.6499999999999995 -0.2 -0.026315789473684206 0.14999999999999997
25 61 2.665 3.1057499999999996 -2.66625 -0.09 -0.07 -0.04 0.21657892003732404 0.09 1.58 -0.8999999999999986 -2.473684210526316 1.8500000000000005 -0.10000000000000002 0.00526315789473684 0.0
25 62 2.8075 -2.64625 -1.9125000000000005 0.2525 0.28500000000000003 0.34 0.1913620755405899 0.08000000000000002 2.0100000000000007 -0.5000000000000004 -2.2473684210526317 1.4500000000000002 0.0 0.0368421052631579 0.10000000000000009
