32 0 0.5774999999999999 0.6719999999999999 0.77 -0.255 0.095 0.2775 0.27196798247393417 0.98 0.36000000000000004 0.050000000000000044 0.15263157894736842 0.30000000000000027 0.15000000000000013 0.47894736842105273 0.7999999999999998
32 1 -0.66 -0.6345000000000001 -0.595 -0.13 -0.1 -0.09 0.17036994604243577 0.04000000000000001 0.12 -0.14999999999999958 -0.05263157894736841 0.0 0.0 0.02105263157894737 0.09999999999999988
32 2 -0.34 -0.33049999999999996 -0.31 0.075 0.20500000000000002 0.40249999999999997 0.2064630938374782 0.47 0.08000000000000002 -0.10000000000000009 -0.010526315789473694 0.10000000000000009 0.10000000000000003 0.24736842105263154 0.4000000000000001
32 3 -0.52 -0.51 -0.49 0.16 0.19 0.19 0.1660107428293237 0.03 0.08000000000000002 0.0 0.010526315789473694 0.10000000000000009 0.0 0.010526315789473679 0.0
32 4 -0.8625 -0.85 -0.84 -0.03 -0.02 -0.02 0.15798972777800316 0.009999999999999998 0.030000000000000027 0.0 -0.01578947368421054 0.0 0.0 -0.005263157894736841 0.0
32 5 -0.52 -0.5199999999999999 -0.52 -0.16 -0.16 -0.16 0.1544546959308694 0 0 0.0 0.0 0.0 0.0 0.0 0.0
32 6 -3.11625 -2.9025 -2.7075 0.07 0.1 0.265 0.27315433891841456 0.41 0.8799999999999999 -0.8499999999999996 -3.6105263157894742 2.220446049250313e-15 0.0 0.2157894736842105 0.4
32 7 -0.54 -0.5409999999999998 -0.54 -0.14 -0.14 -0.14 0.1553397216925636 0 0.010000000000000009 0.0 0.0 0.0 0.0 0.0 0.0
32 8 -0.61 -0.6069999999999999 -0.61 -0.19 -0.19 -0.18 0.15799479897764618 0.01999999999999999 0.020000000000000018 0.0 0.0 0.0 0.0 0.005263157894736847 0.049999999999999906
32 9 -0.675 -0.31100000000000005 0.11 -0.37 -0.155 -0.0625 0.3208573897521199 0.49 1.29 -0.20000000000000018 0.6473684210526316 1.3 0.0 0.2578947368421052 0.39999999999999997
32 10 -0.49 -0.47750000000000004 -0.47 0.03 0.03 0.03 0.1562247474542578 0 0.020000000000000018 0.0 0.0 0.0 0.0 0.0 0.0
32 11 -0.485 -0.2065 0.115 -0.01 0.03 0.03 0.2578554424114569 0.31 0.67 -0.5000000000000002 -0.3526315789473684 0.0 -0.24999999999999997 -0.11578947368421051 0.04999999999999999
32 12 -0.68 -0.6725 -0.6775 -0.19 -0.17 -0.17 0.16154504442370882 0.01999999999999999 0.05999999999999994 -0.04999999999999949 -0.026315789473684233 0.0 0.0 0.0 0.0
32 13 -0.52 -0.499 -0.4875 -0.45 -0.355 -0.28 0.18867393403383512 0.26 0.12000000000000005 -0.10000000000000009 0.0 0.10000000000000009 0.0 0.11578947368421054 0.2999999999999997
32 14 -0.6125 -0.5855 -0.56 0.22 0.29 0.3524999999999999 0.18305443628544774 0.14 0.08999999999999997 0.0 0.04736842105263156 0.10000000000000009 -0.20000000000000018 -5.843279076974508e-18 0.10000000000000009
32 15 -0.7 -0.6999999999999998 -0.7 -0.33 -0.33 -0.33 0.1544546959308694 0 0 0.0 0.0 0.0 0.0 0.0 0.0
32 16 -1.07 -1.0265 -0.9775 -0.0325 -0.02 0.0 0.1696979106657471 0.05 0.1200000000000001 -0.10000000000000009 -0.05263157894736847 0.0 -0.04999999999999999 0.0 0.04999999999999999
32 17 -0.55 -0.49799999999999994 -0.42 0.017499999999999998 0.08499999999999999 0.18 0.21897780031644284 0.44 0.15000000000000002 -0.2500000000000002 -0.06842105263157894 0.10000000000000009 -0.2 0.06315789473684211 0.15
32 18 -3.13375 -2.9585 -2.76 -1.0325 -0.99 -0.7999999999999999 0.335541023976632 0.8 0.5599999999999996 -0.5249999999999977 -3.1631578947368424 0.6000000000000005 -0.050000000000000044 0.42105263157894735 1.0000000000000004
32 19 -0.91 -0.9120000000000001 -0.91 -0.23 -0.23 -0.2275 0.19135700434094688 0.39 0.029999999999999916 0.0 -0.01578947368421048 0.0 0.0 0.20526315789473684 0.050000000000000044
32 20 -0.315 -0.0955 0.075 0.8875 0.93 0.94 0.22764306057040853 0.09999999999999998 0.73 0.24999999999999994 0.3842105263157894 0.6 -0.10000000000000009 -0.05263157894736841 0.0
32 21 -0.7 -0.6874999999999998 -0.66 -0.16 -0.14 -0.14 0.16505979147227068 0.05000000000000002 0.06999999999999995 -0.10000000000000009 -0.026315789473684174 0.0 0.0 0.026315789473684223 0.049999999999999906
32 22 -0.58 -0.5409999999999998 -0.5275000000000001 -0.0125 0.02 0.075 0.21952569272587122 0.5900000000000001 0.13999999999999996 -0.050000000000000044 -0.04210526315789474 0.09999999999999953 -0.30000000000000016 -0.3105263157894737 0.0
32 23 -0.4325 -0.42200000000000004 -0.395 -0.37 -0.365 -0.35 0.18198684733660597 0.03999999999999998 0.25999999999999995 -0.10000000000000009 0.09473684210526315 0.24999999999999994 0.0 0.005263157894736847 0.0
32 24 -0.755 -0.6305 -0.6774999999999999 -0.07250000000000001 -0.07 -0.015 0.23757348371130677 0.2 0.67 -0.3500000000000003 -0.3157894736842105 0.10000000000000009 -0.049999999999999975 0.09999999999999999 0.15
32 25 -0.775 -0.726 -0.6375 0.0075 0.035 0.09 0.21705561280376492 0.17 0.4700000000000001 -0.34999999999999976 -0.24736842105263163 0.0 -0.10000000000000009 0.03684210526315789 0.2
32 26 0.2375 0.7194999999999999 1.11 -0.18 0.105 0.525 0.37202356282202115 0.6000000000000001 1.4 0.39999999999999897 0.7368421052631579 1.1000000000000005 -0.8499999999999998 -0.3105263157894737 0.19999999999999962
32 27 0.315 0.9570000000000001 1.55 0.69 0.88 1.0325 0.37238666071645915 0.61 1.76 0.4499999999999993 0.9263157894736839 1.15 -0.5500000000000005 -0.32105263157894737 -0.15000000000000013
32 28 -0.75 -0.7410000000000001 -0.73 -0.09 -0.060000000000000005 -0.05 0.1668298429956591 0.08 0.06000000000000005 0.0 0.03157894736842108 0.050000000000000044 -0.09999999999999996 -0.042105263157894736 0.0
32 29 0.5075000000000001 0.6065 0.73 -1.2425 -1.045 -0.9375 0.21456281390725793 0.32999999999999996 0.34 -0.35000000000000003 -0.11052631578947371 0.04999999999999949 -0.2500000000000002 -0.17368421052631577 0.0
32 30 -0.82 -0.8055 -0.7975000000000001 -0.09 -0.09 -0.09 0.15887982473934034 0.01999999999999999 0.029999999999999916 0.0 0.01578947368421048 0.0 0.0 0.0 0.0
32 31 -0.7424999999999999 -0.733 -0.7275 -0.07 -0.07 -0.07 0.15887982473934034 0.01999999999999999 0.030000000000000027 0.0 -0.005263157894736847 0.0 0.0 0.010526315789473679 0.0
32 32 -0.98 -0.8539999999999999 -0.72 -0.26 -0.245 -0.20500000000000002 0.18518210880765962 0.07 0.28 0.0 0.1368421052631579 0.10000000000000009 0.0 0.036842105263157905 0.0
32 33 -0.6024999999999999 -0.5875 -0.5774999999999999 -0.19 -0.165 -0.14 0.1660107428293237 0.07999999999999999 0.04999999999999993 0.0 0.01578947368421054 0.09999999999999898 0.0 0.04210526315789473 0.09999999999999995
32 34 -0.84 -0.7939999999999999 -0.76 -0.28500000000000003 -0.22 -0.21 0.1813655239563471 0.16 0.10000000000000009 -0.15000000000000013 -0.02105263157894733 0.0 0.0 0.07894736842105263 0.19999999999999976
32 35 -0.5824999999999999 -0.4634999999999999 -0.53 -0.12 -0.12 -0.0975 0.27696656253803403 0.33 1.0699999999999998 0.0 0.5631578947368421 0.49999999999999933 0.0 0.17368421052631577 0.20000000000000004
32 36 -0.59 -0.579 -0.5774999999999999 -0.2325 -0.23 -0.23 0.1650952898697716 0.01999999999999999 0.09999999999999998 -0.050000000000000044 0.02105263157894739 0.0 0.0 0.010526315789473679 0.0
32 37 -0.08249999999999999 0.7715000000000001 1.3775 -0.10250000000000001 -0.07 0.0325 0.44521213030954604 0.15 3.05 -2.2499999999999987 -1.605263157894737 -0.9999999999999992 -0.19999999999999993 -0.06842105263157897 0.049999999999999975
32 38 -0.82 -0.7525000000000001 -0.68 -0.14 -0.05 0.1 0.19317269666112213 0.26 0.17999999999999994 0.0 0.08421052631578943 0.19999999999999962 0.0 0.13157894736842107 0.30000000000000004
32 39 -0.665 -0.6070000000000001 -0.5525 -0.3325 -0.29500000000000004 -0.23 0.18467235181954647 0.07000000000000003 0.09999999999999998 -0.20000000000000018 -0.026315789473684233 0.15000000000000013 -0.10000000000000009 -0.021052631578947358 0.050000000000000044
32 40 -0.68 -0.6715000000000002 -0.6575 -0.31 -0.31 -0.3 0.1597648505010345 0.010000000000000009 0.04999999999999993 0.0 0.026315789473684174 0.0 0.0 0.005263157894736847 0.0
32 41 -0.7324999999999999 -0.6585000000000001 -0.61 -0.24 -0.225 -0.19 0.1997431457665626 0.07 0.42000000000000004 -0.40000000000000036 -0.1894736842105263 0.050000000000000044 -0.049999999999999906 0.010526315789473694 0.10000000000000009
32 42 -0.98 -0.9509999999999998 -0.925 -0.0625 -0.04 -0.017499999999999998 0.1732430849121668 0.1 0.09999999999999998 -0.050000000000000044 0.04736842105263156 0.10000000000000009 -0.1 0.01578947368421052 0.05
32 43 -3.0749999999999997 -2.9045 -2.6 0.055 0.115 0.2 0.29704506470850744 0.58 1.0100000000000007 -0.8499999999999996 -2.9315789473684206 0.8999999999999986 -0.45000000000000007 -0.20526315789473681 0.19999999999999993
32 44 -0.8 -0.7789999999999999 -0.76 -0.3025 -0.3 -0.3 0.1633810215424561 0.030000000000000027 0.050000000000000044 0.0 0.026315789473684233 0.10000000000000009 0.0 0.01578947368421054 0.0
32 45 -0.79 -0.74 -0.79 -0.23 -0.23 -0.23 0.2177988478234411 0.1 0.63 0.0 0.33157894736842103 0.0 0.0 -0.05263157894736842 0.0
32 46 -1.12 -1.026 -0.94 -0.16 -0.115 -0.0675 0.19524194896344682 0.13 0.32000000000000006 0.0 0.168421052631579 0.34999999999999976 0.0 0.06842105263157895 0.10000000000000009
32 47 -0.8 -0.7985000000000002 -0.8 -0.0025 0.0 0.0 0.157109773215952 0.02 0.010000000000000009 0.0 0.0 0.0 0.0 0.0 0.0
32 48 -0.63 -0.6300000000000001 -0.63 -0.31 -0.31 -0.3 0.1553397216925636 0.010000000000000009 0 0.0 0.0 0.0 0.0 0.005263157894736847 0.0
32 49 -0.7625000000000001 -0.74 -0.72 -0.26 -0.26 -0.2475 0.17583223660189057 0.10000000000000003 0.07000000000000006 -0.20000000000000018 -0.02105263157894739 0.050000000000000044 0.0 0.04210526315789474 0.10000000000000009
32 50 -0.86 -0.8265 -0.805 -0.1125 -0.1 -0.1 0.16694648058744774 0.04000000000000001 0.050000000000000044 -0.09999999999999953 0.01578947368421048 0.15000000000000013 0.0 0.015789473684210527 0.049999999999999975
32 51 -0.52 -0.26849999999999996 -0.015 -0.09 -0.09 -0.065 0.22227955697999924 0.09999999999999999 0.66 -0.4500000000000001 0.04210526315789473 0.5499999999999999 0.0 0.021052631578947368 0.049999999999999975
32 52 -0.72 -0.7200000000000001 -0.72 -0.09 -0.09 -0.09 0.1544546959308694 0 0 0.0 0.0 0.0 0.0 0.0 0.0
32 53 -0.8 -0.8015000000000001 -0.8 -0.12 -0.12 -0.11 0.15888489593898328 0.01999999999999999 0.029999999999999916 0.0 0.01578947368421048 0.0 0.0 0.010526315789473679 0.0
32 54 -0.6425 -0.47000000000000003 -0.27 -0.28250000000000003 -0.25 -0.17 0.2157091078745588 0.13999999999999999 0.3500000000000001 -0.19999999999999962 -0.026315789473684174 0.30000000000000027 0.0 0.07368421052631578 0.19999999999999976
32 55 -0.6224999999999999 -0.613 -0.59 -0.09 -0.09 -0.07 0.16418997930950552 0.01999999999999999 0.09000000000000008 0.0 0.04736842105263162 0.10000000000000009 0.0 0.010526315789473679 0.0
32 56 2.88 -2.645 -2.0975 0.615 0.945 0.98 0.41142881252789154 0.65 2.2199999999999998 -1.25 -0.7368421052631583 -0.39999999999999813 0.050000000000000044 0.3052631578947368 0.4000000000000001
32 57 -1.52 -1.2179999999999997 -0.885 -0.0675 0.03 0.07 0.23174363260172842 0.18 0.6900000000000001 0.0 0.3631578947368421 0.65 -0.2 -0.09473684210526315 0.0
