33 0 0.08670454545454537 0.2941764069264068 0.44909090909090954 -0.07571428571428572 -0.04023809523809471 -0.024999999999999998 0.22374266362311873 0.08318181818181694 0.54 -0.4619047619047611 -0.28421052631578947 0.05595238095237515 0.0 0.03684210526315789 0.16190476190476755
33 1 -1.11 -1.1037218614718616 -1.1 0.25 0.25 0.25 0.1553397216925636 0 0.010000000000000009 0.0 -0.005263157894736847 0.0 0.0 0.0 0.0
33 2 -0.3289448051948064 -0.017597402597402334 0.23238095238095374 -0.2925 -0.19431818181818172 -0.04107142857142815 0.27512021447911555 0.22571428571428573 0.5000000000000017 -0.34220779220779357 0.2631578947368429 0.7353896103896145 -0.1999999999999999 -0.09699248120300837 0.21904761904761622
33 3 -0.7532629870129843 -0.5714978354978361 -0.30170454545454534 0.0975 0.13340909090909073 0.20209415584415596 0.2608450307735802 0.1 0.7476190476190475 -0.5071428571428571 -0.12556390977443607 0.5690476190476244 -0.19318181818181734 -0.047368421052631594 0.05952380952380376
33 4 -0.6835714285714313 0.4059696969696949 1.5831168831168831 -0.05 0.10278138528138603 0.29535714285714326 0.4760305224884757 0.42 3.111363636363638 -2.404761904761867 -1.7131578947368427 -1.0673160173160001 0.04318181818181742 0.2210526315789474 0.3841991341991244
33 5 -1.21 -1.198809523809524 -1.1875 0.33 0.3375 0.34 0.1606701610613007 0.02999999999999997 0.040000000000000036 -0.019047619047616315 -0.005263157894736847 0.0 -0.025000000000000022 -0.01578947368421051 0.0
33 6 -1.37 -1.3449318181818186 -1.32 0.5810227272727274 0.6 0.6028571428571433 0.16486455457687724 0.04999999999999993 0.06761904761904769 -0.08809523809523823 -0.03157894736842108 0.0 0.0 0.026315789473684174 0.09761904761904416
33 7 -1.21 -1.2022608225108224 -1.180357142857143 0.3433333333333331 0.36 0.37 0.16742762405028278 0.04999999999999999 0.09571428571428586 -0.13095238095238382 -0.024060150375939903 0.07261904761905247 -0.09047619047619582 -0.010526315789473694 0.03095238095237207
33 8 3.10142857142857 -2.398847402597403 -1.807922077922078 0.0225 0.05 0.1396374458874467 0.32358179454260183 0.2771428571428572 1.4899999999999993 -0.9166666666666634 -0.4566416040100251 0.2768398268398242 -0.3231601731601774 -0.14060150375939853 0.09318181818181037
33 9 -2.98413961038961 -2.266728354978353 -1.512023809523808 -0.07 -0.025 0.2053571428571433 0.41499545042033564 0.39 2.5721428571428597 1.0888528138528253 -1.9515037593984947 1.6451298701298733 0.0 0.20526315789473687 0.44999999999999996
33 10 -0.24785714285714328 -0.1616558441558445 -0.07 -0.01 -0.008095238095238377 0.0125 0.1920431203618491 0.05 0.37500000000000083 -0.30000000000000016 -0.197368421052632 -0.10000000000000002 -0.08095238095238376 -0.021052631578947368 0.0
33 11 -1.36 -1.3578538961038962 -1.35 0.4 0.41 0.41 0.16108098243694086 0.03500000000000081 0.039999999999999813 -0.018722943722950802 -0.02105263157894727 0.0 0.0 -0.018421052631579372 0.0
33 12 -1.21 -1.2097857142857145 -1.21 0.37 0.37 0.37 0.15483399268588124 0 0.004285714285714226 0.0 -0.0022556390977443294 0.0 0.0 0.0 0.0
33 13 2.2594534632034633 2.5797867965367978 2.8616666666666672 -0.31202380952380937 -0.24840909090909072 -0.09464285714285672 0.3007717151466208 0.35 1.325000000000002 0.15508658008658527 -2.607894736842104 1.1333333333333417 0.05638528138528054 0.18421052631578946 0.2674242424242429
33 14 -1.0868019480519482 -1.08533658008658 -1.0785714285714287 0.2675 0.28 0.29 0.16999590133999185 0.06999999999999998 0.10571428571428565 -0.050000000000000044 0.05037593984962402 0.09318181818181004 0.0 0.03684210526315788 0.09999999999999967
33 15 -1.21 -1.20275 -1.2 0.46 0.46 0.47190476190476194 0.16021445428008382 0.02999999999999997 0.03500000000000081 0.0 0.018421052631579372 0.050000000000000044 0.0 0.01315789473684165 0.006818181818189495
33 16 -1.5419751082251083 -1.5087738095238095 -1.47 0.17647727272727262 0.22309523809523837 0.3125 0.19313880239770248 0.30999999999999994 0.11142857142857143 -0.052705627705630365 -0.0007518796992480709 0.13095238095238382 0.10000000000000009 0.16315789473684209 0.20952380952380403
33 17 2.39 2.9679372294372306 -2.7380952380952355 0.26195346320346324 0.46095238095238056 0.5191666666666664 0.36907770175766247 0.7671428571428571 1.6150000000000029 0.07857142857143007 -2.455263157894736 1.2452380952381126 -0.01904761904761909 0.3563909774436091 0.6574675324675232
33 18 1.64 1.6398084415584413 1.65 -0.0925 -0.08499999999999999 -0.06272727272727217 0.1674068641682788 0.07999999999999999 0.055714285714285605 -0.10000000000000009 -0.029323308270676633 0.0 0.0 0.021052631578947368 0.09047619047619616
33 19 -1.3969047619047619 -1.365693722943723 -1.3175 0.21 0.2219047619047616 0.2833333333333322 0.19113928227416466 0.19 0.15999999999999992 -0.23809523809523947 -0.08421052631578943 0.03809523809523263 -0.2925324675324681 -0.1 0.03409090909090723
33 20 -1.24 -1.2394999999999996 -1.24 0.41 0.41 0.41 0.15799479897764612 0.019999999999999962 0.010000000000000009 0.0 0.0 0.0 0.0 -0.010526315789473665 0.0
33 21 -0.9624999999999999 -0.8934166666666663 -0.8023863636363628 0.0775 0.09 0.09428571428571368 0.19338659591047938 0.08190476190476247 0.35571428571428587 0.0 0.15037593984962414 0.3500000000000003 -0.09318181818181046 -0.01578947368421053 0.09999999999999995
33 22 -2.8 -2.714410173160173 -2.7229761904761904 0.10750000000000001 0.11 0.155 0.2114870072841491 0.1607142857142857 0.47142857142857153 -0.22142857142857242 -0.07706766917292948 0.16904761904761756 -0.1345238095238123 0.008270676691729331 0.0
33 23 -1.1962499999999998 -0.8595995670995664 -0.4602380952380948 0.21273809523809475 0.2834090909090907 0.31 0.24231428022266707 0.19 0.7799999999999999 0.0 0.41052631578947363 0.7501082251082094 -0.13647186147186255 -0.09473684210526317 0.0
33 24 -1.2735227272727274 -1.2497272727272726 -1.2275 0.3045454545454547 0.31 0.32761363636363733 0.16515107306584453 0.030000000000000027 0.09000000000000008 0.0 0.04736842105263162 0.10000000000000009 -0.07500000000000007 -0.010526315789473694 0.03181818181817758
33 25 2.910000000000001 3.079788961038961 -3.119453463203463 -0.08 -0.08 -0.07 0.22008051818111557 0.06571428571428571 0.6757142857142862 -0.47629870129869856 -0.31177944862155194 -0.08538961038961235 0.0 -0.029323308270676692 0.0
33 26 -1.21 -1.2064761904761907 -1.2 0.14 0.155 0.16 0.15888996713862633 0.03 0.020000000000000018 -0.0023809523809470434 -0.005263157894736847 0.0 0.0 0.015789473684210527 0.0
33 27 -1.3004058441558428 -1.2796385281385283 -1.2575 0.02 0.11499999999999999 0.1625 0.18091189309490488 0.21 0.0842857142857143 -0.10000000000000009 -0.031203007518797395 0.04318181818182221 -0.14523809523810322 -0.09999999999999999 -0.03809523809523249
33 28 -2.15 -2.1372305194805192 -2.119404761904762 0.08 0.08 0.09238095238095254 0.16598356993871966 0.04000000000000001 0.08999999999999986 0.0 0.047368421052631504 0.09999999999999787 -0.02857142857142496 0.010526315789473686 0.08127705627704998
33 29 -1.298214285714286 -1.2659307359307357 -1.249886363636364 0.20750000000000002 0.26 0.2889772727272716 0.17963247098979007 0.1057142857142857 0.14000000000000012 -0.20400432900433252 -0.06315789473684216 0.10000000000000009 -0.10000000000000009 -0.008270676691729305 0.10000000000000009
33 30 -1.55 -1.544904761904762 -1.5395238095238097 0.35750000000000004 0.39 0.40727272727272695 0.16333376718214643 0.03999999999999998 0.030000000000000027 0.0 0.010526315789473694 0.0 -0.015909090909084767 -0.01578947368421054 0.006818181818182556
33 31 -1.4649999999999999 -1.446095238095238 -1.42 0.56 0.5661363636363634 0.5789285714285701 0.1685462865341412 0.06904761904761936 0.09000000000000008 0.0 0.04210526315789478 0.10000000000000009 0.0 0.02055137844611544 0.09523809523809712
33 32 -1.4 -1.3815400432900433 -1.36 0.27 0.3 0.3524999999999999 0.17182013273602623 0.11571428571428571 0.04571428571428582 -0.06818181818182167 0.004887218045112227 0.10000000000000009 0.0 0.05563909774436089 0.10000000000000009
33 33 -1.0678571428571426 -0.8402586580086584 -0.6034307359307358 -0.042499999999999996 -0.02 0.1763095238095239 0.26066579801062456 0.3 0.8914285714285713 -0.7136363636363657 -0.403383458646617 -0.2659090909090833 0.0 0.15263157894736845 0.22619047619047777
33 34 -0.7446103896103897 -0.18409632034631981 0.33160714285714304 0.20750000000000002 0.24340909090909074 0.30821428571428483 0.28238896247050277 0.15000000000000002 1.1585714285714286 0.019047619047621034 0.5808270676691725 1.1912337662337587 -0.11872294372295034 -0.07894736842105263 0.0
33 35 1.142727272727273 1.2286883116883118 1.3135227272727286 -0.25 -0.235 -0.22 0.18740050860400384 0.03809523809523924 0.30000000000000004 -0.19047619047619646 -0.026315789473684233 0.21634199134199839 -0.06547619047619607 -0.015789473684210527 0.0
33 36 -2.79 -2.7900952380952377 -2.78 -0.2 -0.2 -0.19 0.16064383912029656 0.01999999999999999 0.029999999999999805 0.0 -0.00526315789473673 0.0 0.0 0.005263157894736847 0.0
33 37 -1.11 -1.0838733766233768 -1.06 0.14 0.14 0.14 0.165079428650109 0.020000000000000018 0.09000000000000008 0.0 0.04736842105263162 0.10000000000000009 -0.009523809523805521 -0.010526315789473694 0.0
33 38 -1.29 -1.2885 -1.29 0.27 0.28 0.28 0.15976992170067753 0.010000000000000009 0.040000000000000036 0.0 0.02105263157894739 0.0 0.0 -0.005263157894736847 0.0
33 39 1.55 1.595408008658009 1.61 -0.3078571428571433 -0.1043722943722953 0.5651623376623377 0.28414520422896467 1.13 0.22999999999999998 -0.2880952380952395 -0.10037593984962366 0.17261904761904256 -1.0389610389610269 -0.5947368421052632 -0.20000000000000018
33 40 -0.5901190476190478 -0.42962987012987136 -0.00857142857142857 0.0641233766233764 0.27964285714285586 0.3779545454545431 0.3337404557861991 0.3931818181818186 0.9350000000000023 -1.6261904761904777 -0.49210526315789593 0.22142857142857145 -0.44816017316018836 -0.060526315789474115 0.12380952380952215
33 41 -1.0715909090909097 -0.5119437229437225 -0.11964285714285708 0.07238095238095149 0.245 0.34 0.2963988044697546 0.4850000000000008 1.060476190476191 -0.0023809523809552313 0.5263157894736834 0.6540043290043129 -0.3690476190476244 -0.2552631578947373 -0.10000000000000009
33 42 -0.12 -0.06048809523809525 0.005 0.11 0.11261904761904779 0.12 0.17989883642531618 0.05 0.16 -0.10000000000000009 0.0368421052631579 0.11904761904761953 -0.09999999999999995 -0.026315789473684216 0.0
33 43 -1.1 -1.0987500000000003 -1.1 0.24 0.24 0.2403409090909091 0.15889250273844782 0.040000000000000036 0.010000000000000009 0.0 0.002631578947368014 0.0 0.0 0.02105263157894739 0.006818181818182556
33 44 -0.9225000000000001 -0.7368549783549777 -0.7214285714285693 0.10190476190476044 0.27 0.28 0.27084705975997775 0.4257142857142857 0.8950000000000008 0.0 0.4710526315789479 0.6545454545454354 -0.18538961038961452 -0.2240601503759399 0.0
33 45 -1.1847619047619051 -0.7772261904761908 -0.42 0.38892857142857123 0.4 0.41 0.24233292048938523 0.10714285714285715 0.6571428571428571 -0.6880952380952499 -0.3406015037593985 0.0 -0.09318181818181032 0.024812030075187976 0.09999999999999953
33 46 -3.11452380952381 -3.0687705627705455 -2.8782954545454547 -0.93 -0.8696861471861477 -0.5409523809523813 0.31771228270377033 0.6507142857142865 0.5100000000000007 -0.3690476190476244 0.20075187969961983 0.3681818181818164 -0.45476190476190254 -0.3424812030075192 -0.10681818181818903
33 47 -0.7 -0.6572651515151513 -0.6 0.14 0.14 0.15 0.17131988106402324 0.01999999999999999 0.16000000000000003 -0.05075757575756845 0.0736842105263158 0.1431818181818173 -0.006818181818182556 -0.010526315789473679 0.0
