34 0 -0.81 -0.7992164502164502 -0.7968181818181811 -0.18 -0.17 -0.17 0.16605956617761466 0.06571428571428668 0.06571428571428661 0.0 0.034586466165414005 0.10000000000000009 0.0 0.03458646616541404 0.09523809523809781
34 1 -0.49931818181818105 -0.4846926406926405 -0.47 -0.15 -0.14 -0.008928571428570158 0.17831783682971897 0.21 0.03999999999999998 0.0 0.021052631578947358 0.04999999999999977 0.0 0.1105263157894737 0.20000000000000004
34 2 -0.67 -0.6465476190476191 -0.6197619047619048 -0.06535714285714328 -0.00785714285714334 0.04185064935065082 0.17570646227852485 0.16 0.07000000000000006 0.0 0.01578947368421054 0.10000000000000009 0.0 0.04436090225563859 0.17272727272727423
34 3 -0.6325000000000001 -0.5995432900432902 -0.5774999999999999 -0.10250000000000001 -0.05 -0.005681818181818548 0.20542103412931786 0.21 0.3647619047619054 -0.3547619047619016 -0.19197994987468706 0.027272727272725783 -0.1331168831168882 -0.11052631578947367 -0.09999999999999995
34 4 -0.5725 -0.5385584415584413 -0.51 0.2042857142857143 0.24 0.28 0.1749822063088071 0.12999999999999998 0.06999999999999995 -0.10000000000000009 0.010526315789473694 0.09285714285713453 -0.08181818181818526 0.05789473684210527 0.16363636363637094
34 5 -1.0525000000000002 -1.030811688311688 -1.0075 0.02 0.023181818181818546 0.04 0.18018702236209416 0.13571428571428668 0.1557142857142868 0.004545454545459293 0.08195488721804568 0.13333333333333086 0.0 0.07142857142857195 0.12380952380951822
34 6 -0.84 -0.8312857142857141 -0.82 0.16 0.17142857142857082 0.20595238095238141 0.18141654781430622 0.18476190476190535 0.12047619047619196 0.0 0.06340852130325893 0.10952380952381324 -0.10000000000000009 0.08446115288220632 0.15
34 7 -0.57 -0.5589523809523812 -0.55 0.1975 0.21 0.21 0.16153720711516972 0.01999999999999999 0.04999999999999993 -0.050000000000000044 -0.010526315789473694 0.0 0.0 0.005263157894736847 0.0
34 8 -0.7971428571428572 -0.7941969696969696 -0.7475 0.264967532467532 0.4016666666666673 0.465 0.2484626460726266 0.660476190476192 0.3895238095238107 -0.10000000000000009 0.13884711779448633 0.3363636363636291 0.14999999999999986 0.3476190476190484 0.5173160173160045
34 9 -0.82 -0.8172142857142857 -0.81 -0.15 -0.14500000000000002 -0.14 0.1588870693102589 0.010000000000000009 0.029999999999999916 0.0 0.01578947368421048 0.0 0.0 0.005263157894736847 0.0
34 10 -0.9924999999999999 -0.9355129870129868 -0.8877380952380951 -0.05940476190476297 -0.045 0.0125 0.1905899135451097 0.16 0.24294372294372313 -0.20000000000000018 -0.010025062656641347 0.0 -0.10238095238095521 0.01578947368421053 0.0
34 11 -0.87 -0.8649740259740261 -0.86 0.04 0.05 0.08 0.16777489092550074 0.06 0.030000000000000027 0.0 0.01578947368421054 0.02619047619048187 -0.049999999999999975 0.03157894736842105 0.09545454545454032
34 12 -0.68 -0.5449805194805198 -0.46532467532467525 0.09 0.1 0.1125 0.220770585282466 0.03 0.6952380952380973 -0.4863636363636292 -0.3659147869674197 -0.1688311688311711 -0.009523809523813986 0.010526315789473679 0.050000000000000044
34 13 -0.5745454545454557 -0.5576601731601732 -0.5379761904761906 -0.0225 0.023744588744588912 0.04 0.18042258553379492 0.18 0.07999999999999996 -0.08636363636362887 0.01578947368421054 0.10000000000000009 -0.1 0.05263157894736842 0.20173160173161186
34 14 -0.76 -0.7541190476190476 -0.75 -0.08 -0.07 -0.06 0.15799987017728911 0.03 0.010000000000000009 0.0 0.005263157894736847 0.0 0.0 0.015789473684210527 0.018181818181814483
34 15 -0.4957142857142857 -0.4714978354978355 -0.44464285714285756 0.18 0.19 0.22061688311688427 0.17965124194389173 0.09000000000000002 0.15000000000000002 -0.1261904761904864 0.021052631578947382 0.17857142857142877 -0.09545454545454024 0.042105263157894736 0.10000000000000009
34 16 0.21688311688311573 0.4947510822510816 0.7339935064935063 -0.2013636363636363 -0.2 -0.17 0.2472448448013867 0.0747619047619053 0.9704761904761919 -0.5677489177489283 -0.5107769423558906 -0.45952380952380545 -0.09999999999999981 -0.028822055137844905 0.0
34 17 -0.38481601731601756 -0.3361017316017311 -0.37 0.0 0.01 0.01 0.19226368817078598 0.04428571428571332 0.3342857142857133 -0.050000000000000044 0.17593984962405962 0.1809523809523705 0.0 0.02330827067669122 0.0
34 18 -0.5 -0.495 -0.49 -0.052500000000000005 -0.035 -0.018690476190475907 0.1624167006590715 0.049999999999999996 0.020000000000000018 0.0 0.005263157894736847 0.0 -0.05000000000000001 0.005263157894736841 0.00714285714286559
34 19 -0.4818181818181814 -0.43169696969696963 -0.39 -0.09068181818181856 -0.045 -0.02 0.17477697140660872 0.1 0.13 0.0 0.057894736842105256 0.10000000000000009 0.0 0.04736842105263158 0.09999999999999999
34 20 -0.58 -0.5391190476190476 -0.5 0.1 0.125 0.15297619047619068 0.17653345089400682 0.10571428571428572 0.07 -0.10000000000000009 0.0368421052631579 0.15238095238093857 -0.09220779220779955 0.04736842105263159 0.19999999999999996
34 21 -0.47 -0.45286580086580097 -0.44 -0.26 -0.255 -0.21188311688311573 0.17479356844012842 0.18 0.04999999999999999 -0.050000000000000044 -0.026315789473684206 0.0 0.0 0.09473684210526315 0.16190476190476755
34 22 1.2329545454545454 1.2228766233766233 1.2625000000000002 -0.07 -0.07 -0.06 0.1928172791408822 0.08571428571428669 0.3414285714285734 -0.15909090909091095 -0.1796992481203018 0.0 0.0 0.04511278195488772 0.049999999999999975
34 23 -0.9841883116883141 -0.8227294372294377 -0.6525 -0.02 -0.01 0.0 0.21134456178516767 0.08 0.560476190476192 -0.36688311688311603 -0.29498746867167996 -0.21904761904762426 0.0 0.021052631578947368 0.1
34 24 -0.8411363636363637 -0.807796536796537 -0.7782142857142854 0.1 0.11 0.12 0.16773669203934924 0.029090909090908057 0.08999999999999997 -0.10000000000000009 -0.02105263157894733 0.10000000000000009 0.0 0.005263157894736847 0.0
34 25 1.288409090909091 1.5503181818181822 1.7409090909090885 -0.14418831168831414 -0.07458874458874414 -0.015238095238095519 0.26329830691486633 0.16999999999999998 0.9086147186147189 -0.8751082251082232 -0.15764411027568978 0.49047619047618674 -0.2995670995670989 -0.08947368421052633 0.0
34 26 -0.41035714285714325 -0.38309090909090937 -0.36749999999999994 -0.1125 -0.095 -0.011883116883115724 0.1918708609027794 0.20809523809523722 0.21476190476190535 -0.17857142857142572 -0.11303258145363439 -0.0019480519480458147 0.0 0.10000000000000003 0.13809523809524737
34 27 0.0 0.004919913419913461 0.01 0.3 0.31 0.32 0.16815273062367073 0.11476190476190534 0.04 -0.05 -0.012781954887217535 0.0 0.0 0.04461152882205543 0.10000000000000009
34 28 0.24 0.4603658008658 0.6739935064935062 -0.2925 -0.2530952380952384 -0.21 0.2714253735206686 0.19142857142857334 1.1166666666666707 -0.6999999999999929 -0.5877192982456162 -0.4690476190476278 0.0 0.10075187969924912 0.13095238095236897
34 29 -0.81 -0.7987272727272728 -0.79 0.03 0.03 0.03 0.15799479897764615 0.009999999999999998 0.029999999999999916 0.0 -0.01578947368421048 0.0 0.0 -0.005263157894736841 0.0
34 30 -2.1990259740259743 -2.1365649350649347 -1.93 -0.13 -0.10500000000000001 -0.07318181818181854 0.28507523657434797 0.31476190476190535 1.1838095238095265 -0.10000000000000009 0.5997493734335859 1.4045454545454428 -0.336363636363629 -0.1498746867167923 0.0045454545454597095
34 31 -0.7225 -0.6971450216450216 -0.6780952380952376 -0.0025 0.008571428571429176 0.07 0.1809344080276715 0.16999999999999998 0.12 -0.042857142857133934 0.06315789473684211 0.15000000000000013 0.0 0.08947368421052632 0.11645021645021236
34 32 -0.7324999999999999 -0.7188030303030304 -0.7070238095238093 -0.06181818181818145 -0.055 -0.03 0.17223610887334365 0.1 0.06000000000000005 -0.10000000000000009 -0.002255639097743862 0.10000000000000009 0.0 0.05263157894736841 0.10000000000000002
34 33 -0.82 -0.82 -0.82 -0.13 -0.13 -0.13 0.15483399268588124 0.004285714285714282 0 0.0 0.0 0.0 0.0 0.0 0.0
34 34 -0.6 -0.5967727272727272 -0.59 -0.08 -0.07500000000000001 -0.044383116883115734 0.1633012434493712 0.09 0.010000000000000009 0.0 0.005263157894736847 0.0 0.0 0.047368421052631574 0.09999999999999998
34 35 -0.52 -0.4876904761904761 -0.4775 -0.032023809523809385 -0.02 0.0 0.17916322637402857 0.06999999999999999 0.20904761904762137 -0.15000000000000013 -0.08897243107769544 0.050000000000000044 0.0 0.036842105263157884 0.09999999999999999
34 36 -2.6275324675324683 -2.23301948051948 -1.8198376623376618 0.567738095238095 0.5890476190476187 0.6156168831168833 0.3175271488004246 0.06428571428571417 1.7347619047619078 0.6995670995671144 -2.3922305764411016 1.1149350649350476 -0.009307359307361707 0.008020050125313009 0.10000000000000009
34 37 -0.54 -0.5368181818181819 -0.53 0.26 0.26 0.27 0.1584213110161912 0.024761904761905346 0.020000000000000018 0.0 0.0 0.0 0.0 0.013032581453634392 0.0
34 38 -0.42 -0.4097380952380951 -0.4 -0.07 -0.07 -0.04295454545454557 0.1682403995912131 0.11571428571428669 0.02999999999999997 0.0 0.005263157894736847 0.023809523809518174 0.0 0.06090225563909824 0.09999999999999995
34 39 -0.6825 -0.6749978354978354 -0.6675000000000001 0.21 0.23 0.25 0.17167305379651523 0.14476190476190534 0.04999999999999993 -0.09069264069263838 -0.026315789473684174 0.0 0.0 0.0761904761904765 0.10000000000000009
34 40 0.6487662337662314 1.1454978354978342 1.6318506493506497 -0.21045454545454556 -0.1485714285714292 0.06753246753246801 0.34007989461201527 0.48 1.6357142857142868 -0.9924242424242691 -0.8609022556390983 -0.7398268398268593 -0.3285714285714286 -0.2526315789473684 -0.10000000000000009
34 41 -0.6567965367965373 -0.6323441558441558 -0.6054545454545456 0.03714285714285672 0.09 0.17321428571428532 0.19310943066625708 0.24 0.15999999999999992 -0.013636363636371218 0.08421052631578943 0.19523809523809776 -0.0952380952380979 0.0736842105263158 0.25454545454545163
34 42 -0.64 -0.6097683982683982 -0.5954545454545455 -0.18 -0.17 -0.135 0.1796320997442577 0.1357142857142867 0.13 0.0 0.06842105263157895 0.12727272727272587 0.0 0.07142857142857195 0.15584415584415912
34 43 2.56142857142857 2.838569264069264 3.0871753246753246 0.16818181818181854 0.24 0.25 0.24171760040554666 0.13999999999999999 0.8500000000000005 -0.5675324675324722 -0.37682843472316996 -0.25238095238094616 0.0 0.07368421052631578 0.10000000000000009
34 44 -1.7203571428571431 -1.566417748917749 -1.3689285714285717 0.01 0.035 0.05 0.21356847888915378 0.09 0.5795238095238104 0.1772727272727248 0.2967418546365915 0.41904761904761667 -0.09999999999999996 -0.047368421052631574 0.0
34 45 -0.57 -0.5478809523809521 -0.5275000000000001 0.0039285714285710064 0.028571428571429174 0.11107142857142834 0.1790530540338614 0.13476190476190533 0.09238095238095478 -0.01428571428570835 0.048621553884713044 0.10000000000000009 0.0 0.057393483709272976 0.15952380952381837
34 46 -0.59 -0.5872619047619048 -0.58 -0.06535714285714328 -0.015 0.0325 0.1761795413317261 0.22476190476190533 0.020000000000000018 -0.004761904761901858 -0.005263157894736847 0.0 0.09999999999999998 0.11829573934837123 0.1818181818181855
34 47 -0.68 -0.6249437229437227 -0.5495454545454544 -0.0325 -0.009047619047618766 0.06266233766233871 0.20360645297787602 0.2 0.300476190476192 0.0 0.15814536340852212 0.2880952380952323 -0.07857142857142854 0.10526315789473684 0.18095238095238378
