35 0 2.65 2.677927489177489 2.7025000000000006 -0.28 -0.27 -0.2675 0.16554794514990478 0.03999999999999998 0.055000000000000604 0.0 0.02894736842105295 0.09047619047619415 -0.050000000000000044 -0.010526315789473694 0.0
35 1 -2.1355465367965367 -1.683338744588744 -1.2104761904761874 -0.22785714285714292 -0.21 -0.2 0.3153913757968309 0.064285714285715 1.7450000000000006 0.4857142857142849 0.9184210526315792 0.7879870129870215 -0.07142857142857492 -0.01578947368421052 0.0
35 2 -2.319285714285714 -1.5301872294372285 -0.42 -0.2 -0.13472943722943703 -0.02 0.28936995875364985 0.23 2.4004761904761907 0.317424242424246 1.2634085213032582 1.6182900432900449 0.0 0.10526315789473682 0.15952380952381232
35 3 -2.632045454545455 -2.236568181818181 -1.9175 0.19 0.24738095238095187 0.2782142857142876 0.2615270723472501 0.10571428571428731 0.9957142857142856 0.21352813852812735 0.5030075187969927 0.659523809523821 -0.1250000000000001 0.055639097744361744 0.10443722943723435
35 4 2.15 2.316160173160173 2.4285714285714297 0.05 0.06523809523809553 0.14605519480519485 0.20147903852128815 0.13428571428571429 0.20428571428571418 -0.15595238095238662 -0.09962406015037628 0.049999999999998934 -0.19999999999999996 -0.07067669172932331 0.0
35 5 -2.12 -2.1134999999999997 -2.11 -0.08 -0.08 -0.0747619047619049 0.15711194658722757 0.014285714285714277 0.010000000000000231 0.0 0.0 0.0 0.0 -0.007518796992481198 0.0
35 6 -2.4641396103896103 -2.2152857142857134 -1.8579761904761896 -0.22565476190476164 -0.1444047619047612 -0.07534090909090826 0.30000768195030786 0.21681818181818308 1.3928571428571426 0.3669913419913329 0.7330827067669171 1.1484848484848442 -0.13647186147187051 0.05000000000000042 0.09956709956711149
35 7 2.843333333333333 3.0921222943722935 -2.9839069264069265 -0.005 0.09 0.11452380952380939 0.2813691778259689 0.25 1.1914285714285713 -0.7857142857142985 -0.5568922305764399 -0.35162337662337784 -0.2 -0.13157894736842105 0.0
35 8 2.37 2.3715357142857143 2.3714285714285714 -0.265 -0.14500000000000002 -0.14 0.1704615898645555 0.15999999999999998 0.020000000000000018 0.0 0.0026315789473688326 0.0 -0.15000000000000013 -0.07894736842105263 0.0
35 9 -1.4360227272727273 -1.0403744588744581 -0.7267857142857135 -0.16 -0.155 -0.14 0.2370423274106322 0.04000000000000001 0.8914285714285713 0.14318181818181785 0.46390977443609016 0.5877705627705582 -0.002380952380947182 -0.015789473684210527 0.0
35 10 -2.54 -2.5355000000000003 -2.53 -0.09 -0.09 -0.08 0.15622474745425785 0.009999999999999995 0.010000000000000231 0.0 0.005263157894736963 0.0 0.0 0.0 0.0
35 11 -0.5385660173160169 -0.4532554112554109 -0.4378409090909091 0.12 0.13190476190476164 0.14 0.2096036375177043 0.15000000000000002 0.2992857142857151 -0.09047619047618749 0.1575187969924816 0.18809523809523887 -0.10000000000000009 -0.07894736842105263 0.0
35 12 1.835238095238095 2.0547521645021636 2.278522727272727 -0.11761363636363609 -0.08159090909090846 -0.057499999999999996 0.2507169108305459 0.08000000000000002 0.9407142857142867 -0.5702380952380948 -0.4951127819548877 -0.4392857142857143 -0.10000000000000002 0.028947368421053055 0.15000000000000002
35 13 2.8046428571428565 3.132266233766234 -2.851953463203463 -0.37 -0.35 -0.3264772727272726 0.24097720651974447 0.09000000000000002 0.8899999999999997 -0.6384199134199164 -0.35930735930735974 -0.18095238095237942 -0.10000000000000009 -0.04210526315789474 0.0
35 14 -2.7125 -2.6439999999999997 -2.5871428571428563 0.07647727272727262 0.11840909090909071 0.12 0.1756609024996668 0.07 0.17000000000000037 0.0 0.08947368421052651 0.10000000000000231 0.0 0.031578947368421054 0.10000000000000002
35 15 -2.3 -2.3004999999999995 -2.3 0.08 0.09 0.1 0.15887982473934034 0.020000000000000004 0.010000000000000231 0.0 0.0 0.0 0.0 0.010526315789473686 0.0
35 16 -0.8094534632034629 -0.5520865800865796 -0.25678571428571345 -0.22 -0.18 -0.14 0.23945993682909805 0.07 0.8200000000000016 0.09047619047619582 0.43157894736842184 0.7849567099567123 -0.10681818181818264 0.007894736842104831 0.15
35 17 2.244642857142856 2.6881791125541117 3.059943181818182 -0.2525 -0.215 -0.17 0.3073157439339083 0.11571428571428571 1.6171428571428574 -1.0668290043290174 -0.7307928913192071 -0.45681818181818823 -0.10000000000000009 -0.055639097744360905 0.0
35 18 -1.0742857142857143 -0.9730032467532463 -0.8819534632034632 -0.05 -0.04 -0.03 0.18887928933105153 0.02 0.35571428571428576 -0.2785714285714286 -0.18721804511278198 -0.050000000000000044 0.0 -0.005263157894736842 0.00952380952380389
35 19 -2.359112554112556 -1.52972077922078 -0.5978409090909087 -0.060817099567098604 -0.05 -0.03 0.3777062035824339 0.32857142857142996 2.106298701298703 -1.5785714285714203 -1.1085782638414226 -0.5880952380952542 -0.2595238095238055 -0.1729323308270684 0.0
35 20 1.544166666666667 1.658968614718615 1.7757142857142867 -0.12 -0.04659090909090927 0.042499999999999996 0.2069767956840525 0.225714285714285 0.20571428571428574 -0.19047619047618758 0.07593984962406018 0.31742424242423795 -0.175 -0.11578947368421051 0.0
35 21 -2.625 -2.4894686147186147 -2.34 -0.16190476190476194 -0.15023809523809473 -0.15 0.19532885836866248 0.05000000000000002 0.3900000000000001 -0.2499999999999991 -0.2052631578947369 0.0 -0.08809523809523892 -0.026315789473684223 0.002380952380947182
35 22 -0.2865692640692642 0.12506818181818277 0.4716666666666671 -0.04 0.020714285714285713 0.05 0.2940945818511939 0.11000000000000001 1.3307142857142864 0.5006493506493453 0.7003759398496244 0.9113636363636246 -0.14556277056276573 -0.05263157894736842 0.10000000000000006
35 23 2.26 2.267472943722944 2.28 -0.4 -0.4 -0.4 0.16155449529577084 0.009999999999999953 0.06999999999999984 0.0 0.03684210526315781 0.09999999999999787 0.0 0.005263157894736818 0.0
35 24 2.500357142857143 2.51383658008658 2.52 -0.14 -0.14 -0.1275 0.16207105822896326 0.020000000000000018 0.06571428571428584 0.0 -0.018796992481203173 0.002380952380955925 0.0 -0.010526315789473694 0.0
35 25 -2.744880952380952 -2.6115 -2.435 -0.11011904761904777 -0.09285714285714286 -0.07147727272727261 0.2203837343283452 0.1457142857142857 0.5899999999999999 -0.47207792207792254 -0.01315789473684089 0.5693722943722945 -0.16396103896103967 -0.055639097744360905 0.08409090909090713
35 26 -0.49190476190476196 -0.4899999999999999 -0.48 0.0 0.0 0.01 0.16292976204965331 0.01 0.08571428571428574 -0.10000000000000009 -0.045112781954887236 0.0 0.0 0.0 0.0
35 27 2.2189069264069268 2.357015151515152 2.52 -0.04726190476190523 0.041904761904761625 0.12452380952380938 0.2283710694141985 0.3025581395348844 0.5357142857142856 0.028571428571426694 0.2766917293233083 0.4583333333333206 -0.2309523809523773 -0.15924112607099178 -0.11190476190476743
35 28 -2.9716666666666676 -2.5611374458874465 -2.169908008658009 -0.04 -0.03 0.0 0.28581523708650663 0.06 1.4207142857142872 -0.9498917748917779 -0.6830827067669193 -0.5336580086580145 -0.1 -0.031578947368421054 0.0
35 29 -2.01 -1.9749036796536796 -1.92 -0.1 -0.1 -0.09 0.17957341043935723 0.025714285714285717 0.25142857142857156 -0.03409090909090695 0.10864661654135384 0.30000000000000027 -0.05400432900433169 -0.0030075187969924836 0.0904761904761945
35 30 1.5680952380952382 1.7193733766233763 1.8630465367965368 -0.0925 -0.03340909090909072 0.17440476190476195 0.25413360581822914 0.5157142857142857 0.6200000000000001 -0.4669913419913352 -0.3263157894736843 -0.2159090909090844 0.10000000000000009 0.2714285714285714 0.403571428571445
35 31 -0.75 -0.7423181818181819 -0.74 0.27 0.27 0.2835227272727274 0.16242145353665902 0.03999999999999998 0.050000000000000044 -0.10000000000000009 -0.026315789473684233 0.0 -0.01634199134198655 -0.021052631578947358 0.0
35 32 2.982386363636364 3.1145324675324675 -3.0477380952380946 -0.2653409090909091 -0.1 -0.07 0.2260549013429944 0.2 0.5350000000000028 0.0 -3.023684210526315 0.5272727272727273 0.0 0.10526315789473684 0.15238095238094718
35 33 2.6 2.601068181818182 2.6 -0.14250000000000002 -0.13 -0.13 0.15799479897764612 0.03 0.009999999999999787 0.0 0.00526315789473673 0.0 0.0 -0.015789473684210527 0.0
35 34 -1.808214285714286 -1.6483917748917758 -1.4189069264069265 -0.05 -0.04 -0.03 0.2984928404834043 0.07 1.515714285714289 -1.1775974025973879 -0.7977443609022573 -0.6047619047619113 -0.10000000000000002 -0.02894736842105222 0.07142857142857145
35 35 2.43 2.4857824675324682 2.524285714285714 -0.29 -0.27 -0.26 0.17819353599866808 0.03999999999999998 0.21571428571428575 -0.011904761904761862 0.08721804511278207 0.20000000000000018 -0.09999999999999981 0.0 0.0
35 36 1.0319534632034633 1.1840746753246756 1.4017261904761895 -0.43988095238095265 -0.3727272727272718 -0.33202380952380983 0.23140005223519067 0.26 0.5299999999999999 0.015909090909093093 0.24999999999999953 0.31991341991341515 -0.20681818181818273 0.021052631578948204 0.19090909090909658
35 37 -2.4028571428571435 -2.406972943722944 -2.3898809523809526 -0.09 -0.09 -0.08797619047619028 0.17041161591532183 0.009999999999999995 0.16000000000000147 -0.09761904761905305 -0.08421052631579025 0.0 0.0 0.0 0.0
35 38 1.0848809523809515 1.3187943722943714 1.457570346320346 0.05797619047619061 0.06 0.1 0.23560101338339096 0.03571428571428571 0.85 -0.6908008658008635 -0.4473684210526316 -0.2595238095238045 0.0 0.012781954887218045 0.049999999999999975
35 39 2.2775 2.2640389610389606 2.3 -0.12 -0.11 -0.0975 0.1850383137343543 0.06999999999999999 0.27500000000000213 -0.10000000000000009 -0.14473684210526427 0.0 -0.09999999999999995 -0.034210526315789046 0.0
35 40 2.6289069264069265 2.7815919913419913 3.003928571428571 -0.18624999999999997 -0.14714285714285752 -0.09920454545454578 0.24581137716429555 0.13 0.8557142857142854 0.15000000000000124 0.41353383458646614 0.7014069264069178 -0.1214285714285751 -0.01578947368421053 0.07499999999999993
35 41 -2.4575 -2.2353084415584417 -2.065405844155844 -0.021249999999999998 -0.015 0.02 0.21310550815353843 0.060000000000000005 0.43928571428571495 -0.3504329004329043 -0.23120300751879733 -0.128571428571429 0.0 0.031578947368421054 0.09999999999999998
35 42 -2.16 -2.1582500000000002 -2.15 -0.05 -0.05 -0.05 0.15622474745425782 0 0.020000000000000018 0.0 0.007894736842104861 0.0 0.0 0.0 0.0
35 43 2.947738095238095 -3.1346482683982697 -2.928977272727273 -0.24440476190476196 -0.175 -0.1675 0.2458096424701786 0.2057142857142857 0.8307142857142873 -0.5112554112554268 -0.4056390977443615 -0.3812770562770518 -0.1999999999999999 -0.10827067669172931 0.0
35 44 2.7275 2.7447272727272725 2.7796428571428575 -0.1915476190476192 -0.19 -0.19 0.16686775625013284 0.010000000000000009 0.1299999999999999 -0.03409090909091361 0.04210526315789478 0.10919913419913163 0.0 -0.005263157894736847 0.0
35 45 -2.1 -1.4684393939393932 -0.8898809523809517 -0.1525 -0.12 -0.10742965367965239 0.2863802032598552 0.07 1.36 0.0 0.7052631578947369 1.1427489177489591 -0.09999999999999995 0.021052631578947368 0.10681818181818951
35 46 -2.739642857142858 -2.459774891774893 -2.3026190476190473 -0.2025 -0.16 -0.125 0.30968248698471545 0.21000000000000002 1.540952380952382 -0.5711038961039039 -0.8110275689223062 -0.3706709956709897 -0.1999999999999999 -0.11052631578947371 0.0
35 47 1.72 2.0599902597402613 2.310833333333334 -0.035546536796536764 0.028095238095238374 0.0325 0.28977053624518845 0.2714285714285714 1.2500000000000018 0.14880952380953438 0.6578947368421063 1.058982683982651 0.0 0.13759398496240605 0.18127705627705795
