56 0 0.32153600000000027 0.34530580000000005 0.3634392999999998 0.11102254999999983 0.11205090000000006 0.11311064999999992 0.16162304775061465 0.0038936000000000526 0.07586240000000011 -0.05086799999999947 -0.03992757894736848 -0.023235999999997592 -0.0028260000000013275 0.001536947368421015 0.004867000000000621
56 1 1.5669699000000001 1.7426748800000003 2.0200091000000007 -0.05690465000000006 0.14098599999999994 0.17445055000000015 0.27643914634934075 0.24281620000000026 1.1003188000000002 0.1083299999999987 0.5465583157894738 0.7934779999999941 -0.2354999999999996 -0.12660810526315805 0.009734000000000131
56 2 0.4781278 0.5391474199999999 0.5946532000000002 0.17674274999999995 0.1786346000000001 0.1801732000000001 0.17097169573787574 0.005275200000000035 0.17885439999999964 -0.13501999999999903 -0.0930762105263158 -0.022608000000001738 -0.015542999999998974 -0.0025285263157894342 0.011461000000000388
56 3 0.9604161000000001 1.55653568 2.0676272000000004 -0.12747615000000012 -0.09614680000000009 -0.06642670000000012 0.41665009620602855 0.089804 2.8118072 -2.194860000000003 -1.4798985263157896 -0.5441619999999991 -0.03501099999999924 0.047265263157894734 0.10047999999999946
56 4 -0.1391648000000002 0.26766616 0.41575170000000017 0.12781370000000009 0.14872609999999997 0.22816809999999982 0.36534717333596495 0.19301579999999974 2.1762083999999997 -1.2154940000000014 -1.145372842105263 -0.18557399999999946 -0.20724000000000076 -0.07787199999999989 0.0558919999999985
56 5 -2.2090057 -2.20659732 -2.1891138000000003 0.2337259 0.24267490000000014 0.2567892 0.16986498165762098 0.03636119999999998 0.10613199999999967 -0.021666000000000185 0.055858947368420876 0.07944200000000068 -0.018839999999997747 0.018145894736842215 0.07190599999999936
56 6 0.032765900000000014 0.6867619599999999 1.3099609000000003 0.01153949999999998 0.03275019999999995 0.048858400000000135 0.3727574051117612 0.05403939999999996 2.3784872 -1.5769080000000013 -1.2518353684210524 -0.8129460000000011 -0.0638990000000006 -0.003040842105263067 0.06829500000000155
56 7 -0.1410330999999998 -0.12629079999999998 -0.10671289999999978 0.004552999999999863 0.05505990000000016 0.32107285 0.1945218741512516 0.35416059999999994 0.0404431999999999 -0.07222000000000062 -0.008197052631579058 0.06028799999999945 -0.176782000000002 -0.18588800000000003 -0.052595000000000836
56 8 -1.0701277000000002 -0.5675393000000002 -0.06265870000000018 0.20887280000000003 0.21507429999999983 0.22206864999999998 0.31819130959965936 0.026438799999999985 1.8068188000000003 0.05840400000000079 0.9171774736842103 1.8667299999999987 -0.03359800000000135 0.009618315789473761 0.07300500000000043
56 9 -0.23334909999999998 0.0058592399999999765 0.2596151999999998 0.17901139999999977 0.19284309999999993 0.20057534999999993 0.23487520192577382 0.04587540000000012 0.8589156 -0.5538960000000004 -0.4144138947368421 -0.3249900000000028 -0.024177999999998034 0.009205157894737017 0.06405600000000122
56 10 0.2621272000000001 0.26399864000000006 0.26487470000000024 0.3063933499999999 0.3081439 0.30859135 0.15587001540475476 0.0061229999999996565 0.005714800000000242 -0.025120000000005138 -0.002908631578947566 0.0021979999999999222 -0.011932000000000054 -0.0010907368421054248 0.012088999999998462
56 11 -0.09539320000000007 -0.02332078000000004 0.022702199999999895 -0.0008242500000000819 0.026768500000000084 0.04493339999999996 0.19420556065507324 0.15056299999999978 0.30030959999999984 -0.2797739999999993 -0.13111978947368397 0.057776000000000494 -0.1485219999999976 -0.05124810526315784 0.04945499999999936
56 12 -2.3444653 -2.19964536 -2.0857293 0.16046185000000002 0.1718993000000001 0.18693205000000013 0.2282660641506147 0.06794960000000039 0.5025884 -0.07598800000000017 0.2645202105263158 0.8116899999999982 -0.10707400000000034 -0.024012736842105382 0.04992600000000014
56 13 -3.0095220100000004 -2.5364609140000005 -2.0621792999999995 0.03872405000000023 0.04402280000000003 0.07178825 0.2811851133613153 0.14271299999999987 1.2795500000000004 -1.2727675999999977 -3.2132909052631575 0.8799849999999987 -0.14585300000000023 -0.05043831578947365 0.062486000000000486
56 14 -1.9945907999999999 -1.9898996400000002 -1.9869449000000001 -0.08453664999999994 -0.08168710000000001 -0.07770715000000011 0.15797075169711142 0.014318399999999842 0.017332800000000148 -0.018212000000000783 0.003734947368420937 0.012560000000000349 -0.019468000000000263 -0.002693789473684132 0.007849999999998136
56 15 0.053568400000000294 0.08066660000000003 0.10685420000000001 0.13176225000000003 0.13638590000000006 0.14489530000000006 0.17570984277609236 0.09369760000000005 0.14663799999999982 -0.11680800000000158 -0.07717789473684201 -0.03391200000000261 -0.09215900000000055 -0.049314526315789496 -0.0037679999999995495
56 16 -0.4989931000000001 -0.28913748000000006 -0.1228682000000001 0.30073350000000004 0.3039834 0.30988659999999996 0.22182358906335362 0.012936800000000082 0.7377744000000002 -0.5444760000000004 -0.3883023157894738 -0.20190200000000047 -0.012088999999999572 0.006759263157894581 0.029516000000000542
56 17 3.0735105 -3.1214234459999997 -3.06469652 0.10177524999999987 0.11798549999999985 0.1655643499999998 0.2047220478650095 0.0818597999999997 0.4752452800000002 0.06185799999999908 -3.055134063157895 0.40609620000000124 -0.013501999999999681 -0.025797578947368442 0.04238999999999882
56 18 0.18375279999999972 0.22182844 0.25393180000000015 -0.2227516 -0.21772760000000002 -0.19709779999999993 0.17575891582195216 0.061073000000000155 0.1801731999999996 -0.19876200000000122 -0.08937431578947383 0.013188000000001754 -0.06405600000000011 -0.026508210526315735 0.025434000000000845
56 19 -1.6180106 -1.0770639599999998 -0.502243 0.09115420000000013 0.1516149 0.19138300000000008 0.30805385477227065 0.17769259999999965 1.5632804 -1.3385820000000026 -0.8035755789473685 -0.42076000000000224 0.012088999999998462 0.09274568421052617 0.15668599999999921
56 20 1.4534275 1.5314188200000003 1.5377679000000004 0.14478540000000018 0.18455350000000004 0.1925447999999998 0.226040894936602 0.24479439999999997 0.42371159999999986 -0.05086799999999947 0.2230061052631578 0.21634599999999615 -0.027475000000000138 0.12883915789473682 0.1756829999999987
56 21 -0.18563679999999994 -0.1345647 -0.13070249999999994 0.09455325000000014 0.1638609000000001 0.25729160000000006 0.20106251560602859 0.15558700000000014 0.33170959999999994 -0.1843180000000011 -0.17458399999999996 -0.01601399999999753 -0.014600999999999642 0.07578968421052638 0.17788099999999862
56 22 2.558786 2.70449456 2.9011402000000004 0.18756004999999998 0.25945819999999997 0.36540965000000003 0.25381323950029616 0.3254296000000003 0.8045308000000002 0.15480200000000277 0.42343726315789487 0.6955100000000014 0.0681379999999987 0.17127873684210543 0.29107800000000017
56 23 -3.05581346 -2.964721746 -2.87686172 0.278989 0.2804490999999999 0.28486865 0.18566853759335344 0.03287580000000023 0.28645591999999986 0.0913425999999995 0.15076627368421044 0.2384202000000002 -0.0359530000000019 -0.014559684210526318 0.014758000000000271
56 24 2.3165664 2.718010062 3.13653344 -0.011288300000000029 0.018211999999999895 0.045765499999999903 0.2826126484213152 0.05306600000000006 1.3323899199999998 0.4888980000000043 -2.6212720000000007 0.907773999999999 -0.07174900000000095 0.020062947368421128 0.07504600000000083
56 25 -1.5646777 -0.9617191999999999 -0.37869969999999975 0.17651509999999992 0.18347020000000014 0.19842445000000003 0.34056484861813063 0.023047599999999946 2.0646128 0.9219040000000012 1.0866383157894737 1.2695020000000001 -0.03579600000000016 0.009717473684210533 0.022764999999999036
56 26 2.5141509 2.876869256 -3.0641313200000004 0.33784829999999993 0.34346889999999997 0.37358149999999996 0.2526621370439906 0.06788679999999991 1.0438930000000006 0.28134400000000337 -2.755845789473683 0.6487240000000005 0.007536000000000209 0.03511842105263154 0.06374199999999997
56 27 -0.5601760000000002 -0.36198233999999996 -0.1531849000000003 0.27505615 0.2837932000000001 0.3120375000000001 0.2152113964926528 0.05535819999999991 0.5966 -0.5683399999999983 -0.30147305263157903 -0.053693999999999686 -0.04678599999999977 0.007321157894736833 0.07708700000000013
56 28 0.09289690000000017 0.12428434000000015 0.16560359999999996 -0.015315350000000005 -0.01436549999999992 -0.01283474999999995 0.16910591042577383 0.004866999999999955 0.11737319999999984 -0.1340779999999997 -0.06177536842105255 0.025748000000000992 -0.007692999999998618 -0.0005288421052630557 0.007222000000000062
56 29 0.14059350000000004 0.14230793999999994 0.14241469999999978 0.2980095500000001 0.3015970000000001 0.30374005 0.15606393616717512 0.0092629999999998 0.008792000000000133 -0.0050240000000001395 -0.004627368421052702 0.00031399999999903727 -0.000628000000000295 0.004875263157894631 0.014287000000000605
56 30 0.14287000000000027 0.20982736000000007 0.2674966000000002 -0.1744269999999999 -0.16337420000000002 -0.15785565000000001 0.16753207407354456 0.017678199999999977 0.12729560000000006 -0.06688199999999922 -0.06557642105263153 0.000628000000000295 -0.020723999999998632 -0.009304315789473673 0.00015699999999951864
56 31 -2.9144271099999997 -2.609008102 -2.3107260000000003 0.06863255000000001 0.13085950000000002 0.19452299999999995 0.24183020367297134 0.1694971999999999 0.7662102399999999 -0.32922899999999977 0.0987546526315788 0.8033690000000004 -0.12811199999999912 -0.06453526315789461 0.020096000000000558
56 32 0.12833180000000022 0.1946643 0.2332234999999997 0.0859104 0.1399498 0.17920765000000005 0.1928250236206785 0.13925900000000002 0.28504920000000045 -0.29547400000000223 -0.15002589473684233 -0.030144000000003057 -0.11947700000000006 -0.0026937894736842488 0.1408290000000001
56 33 -3.05105008 -2.92829178 -2.8954568000000003 0.051393949999999966 0.089804 0.11463355000000008 0.23150419361813043 0.09225320000000004 0.7693000000000003 0.12045040000000062 -2.9003684210526317 0.4842508000000012 -0.04976900000000062 0.0243597894736842 0.08038400000000112
56 34 0.008980400000000444 0.021612620000000148 0.0325932000000001 0.21607125 0.2177747000000001 0.22245329999999985 0.1593283649149458 0.012371599999999816 0.04132239999999987 -0.032655999999997576 -0.021715578947368454 0.0 -0.014758000000000271 -0.004412526315789384 0.0
56 35 -1.6656915000000003 -1.6156713 -1.6001126 0.2050263000000001 0.20978339999999995 0.21091379999999998 0.17815245923278025 0.010738799999999937 0.2566636000000002 0.01852600000000093 0.135086105263158 0.22105600000000059 -0.0003140000000001475 0.005404105263157921 0.014600999999999642
56 36 1.4029520000000004 1.4680347800000002 1.5415829999999997 0.20341704999999993 0.2133158999999999 0.22590730000000003 0.1802846866219522 0.019562199999999752 0.2540888000000008 -0.019468000000002483 0.11839452631578969 0.24492000000000402 -0.01601399999999975 0.007850000000000123 0.033911999999999276
56 37 -0.0447921 -0.008098059999999973 0.02904500000000021 0.08441105000000004 0.1069641 0.11990875000000012 0.18409053437609244 0.12249139999999992 0.21151040000000032 -0.0992240000000022 0.05271894736842116 0.14067199999999946 -0.13423500000000144 -0.04020852631578937 0.07410399999999928
56 38 -3.06619273 -2.717412206 -2.4237189000000003 0.15828740000000002 0.16232230000000003 0.16656914999999994 0.25261437140195225 0.028322800000000203 1.0756383999999999 -1.3181092000000016 -3.3641563368421052 0.9446062 -0.01350199999999746 0.01280789473684222 0.04333200000000037
56 39 0.2735411 0.33830045999999986 0.2856614999999999 0.15319275000000004 0.17034499999999986 0.17818714999999985 0.21605661599265286 0.08025839999999995 0.6198359999999998 -0.10581799999999753 -0.3171730526315788 0.036738000000000604 0.012088999999997352 0.041398421052631564 0.04333199999999926
56 40 0.15006059999999966 0.17308308 0.1890280000000002 -0.29017525 -0.07510880000000009 0.03442224999999999 0.19957947315316238 0.4155476 0.08314720000000042 -0.10801599999999967 -0.015105052631578913 0.09451399999999888 -0.2928050000000004 -0.21870926315789474 -0.07802900000000168
56 41 0.15001350000000013 0.24908678 0.27897329999999976 0.2306408499999999 0.260934 0.2663976000000001 0.219571445179277 0.26109099999999974 0.47797080000000003 -0.38276600000000105 -0.2322277894736844 0.04741399999999674 -0.24711800000000061 -0.09629884210526299 0.021666000000000185
56 42 -1.6575589000000002 -1.56158166 -1.4557354 0.09670414999999993 0.10187729999999995 0.16551725000000012 0.21306734475889483 0.20366040000000019 0.4538556 0.18620199999999865 0.2388713684210526 0.2989280000000005 0.0043959999999998445 0.10718968421052641 0.10785899999999904
56 43 -1.4883286 -1.3027483199999998 -1.1312792 -0.013313599999999981 0.013266499999999959 0.029892799999999997 0.22916450387418139 0.10575519999999994 0.7182436000000003 -0.6958240000000004 -0.27651831578947383 0.011303999999998648 -0.07944199999999957 -0.02107105263157885 0.07708700000000013
56 44 0.09702599999999983 0.21845608000000008 0.3880726000000001 -0.12903045000000002 -0.10768630000000012 -0.0829588 0.2100100099608058 0.06490380000000018 0.5606156000000002 -0.4260980000000014 -0.2950608421052633 -0.16170999999999935 -0.07740100000000028 -0.028656631578947506 0.010675999999999464
56 45 2.5260829 2.5898845600000002 2.6245219 -0.020307950000000075 -0.012622800000000045 0.0018133499999999914 0.18324948061749366 0.025622400000000267 0.14513080000000045 -0.04615799999999837 0.0763846315789476 0.2898220000000018 -0.010990000000000721 0.01239473684210536 0.04992600000000125
56 46 2.9535154 -2.9430365920000003 -2.4522144 0.2677007 0.30313560000000006 0.35363464999999994 0.2648899461479395 0.1635625999999999 1.0110800000000006 -0.5259499999999973 -0.39440383157894743 -0.05306599999999939 -0.10644599999999893 0.011551894736842214 0.11131300000000066
56 47 -1.9371916 -1.8473499200000003 -1.7719491 0.03140785000000007 0.03689500000000012 0.04294734999999994 0.18398023574934075 0.013910199999999984 0.24623879999999998 -0.21697399999999867 -0.12959936842105263 -0.10330600000000079 -0.031713999999998244 -0.0064122105263158796 0.02103799999999989
