58 0 0.05457320000000021 0.06307003999999997 0.08707219999999971 0.3605897500000002 0.36549600000000004 0.36975070000000015 0.16756906084424528 0.035701800000000006 0.11266320000000052 -0.017897999999996195 0.03417642105263174 0.0876060000000023 -0.04443100000000033 -0.014658842105263206 0.0021980000000010325
58 1 -0.2649218000000002 -0.2389069 -0.21355139999999984 -0.24767534999999996 -0.09463960000000005 0.08423049999999993 0.20119662058819432 0.4590052 0.06606559999999995 -0.025434000000001955 -0.022806315789473647 0.01632800000000101 0.06688199999999811 0.2415816842105263 0.34901099999999907
58 2 0.06251740000000006 0.06543132000000003 0.0688759000000001 0.12826115000000005 0.14112730000000007 0.2198000000000001 0.1688609466894682 0.14346660000000022 0.01846319999999979 -0.020410000000001816 0.005982526315789362 0.029201999999999284 -0.13533399999999918 -0.07550873684210538 -0.029516000000000542
58 3 0.04901540000000015 0.10484774000000005 0.15470779999999995 -0.04366170000000008 -0.026768499999999973 -0.021893650000000042 0.1894193030123981 0.19960979999999995 0.17050200000000038 -0.1196340000000018 0.02558273684210536 0.1720720000000031 -0.08540800000000015 -0.10505778947368419 -0.01365900000000031
58 4 -0.12032480000000001 -0.07740414000000002 -0.0323734 0.21118854999999992 0.2648433 0.27578620000000004 0.19769430764997772 0.29271080000000005 0.10826719999999979 -0.07222000000000284 0.03258989473684222 0.16799000000000008 -0.2116359999999995 -0.1540583157894737 0.026846999999999843
58 5 -0.07033599999999995 -0.05206119999999996 -0.03901450000000006 -0.2923183 -0.24799720000000003 -0.22695920000000008 0.17124499435762106 0.10368280000000007 0.08459159999999999 -0.03705199999999742 -0.022343578947368166 0.03234199999999854 0.021352000000000038 0.054569894736842144 0.0803839999999989
58 6 -0.14618269999999978 -0.016262059999999967 0.047068600000000016 0.021045849999999866 0.0771341000000001 0.10332170000000002 0.21927224488755725 0.20670620000000017 0.5018976000000004 -0.3815100000000027 -0.21827957894736857 0.04835599999999829 -0.1551159999999996 -0.04025810526315799 0.18510299999999869
58 7 -0.20028489999999988 -0.10801599999999997 -0.008054099999999953 -0.06776120000000002 0.06972370000000006 0.16550154999999994 0.22395479567545554 0.4374648000000001 0.33271439999999997 -0.06688200000000366 -0.05490042105263154 0.2285920000000008 0.016485000000000527 0.22327052631578953 0.31823900000000127
58 8 -2.61614752 -2.253379552 -1.9233756000000002 -0.004741399999999896 0.005651999999999879 0.0084151999999999 0.29116130790768474 0.037460200000000166 1.5047507999999998 -0.8914460000000013 -0.7919741052631577 -0.6589290000000014 -0.013972999999999347 0.011948526315789418 0.0332840000000012
58 9 -0.06221909999999986 -0.014337240000000006 0.015605800000000003 -0.2357669 -0.2167855999999999 -0.2054423500000001 0.1818403759174936 0.109429 0.1666711999999997 -0.08415200000000178 -0.02330210526315774 0.07284800000000313 -0.07724399999999965 -0.022839368421052726 0.0775579999999998
58 10 -0.014459700000000075 -0.012952499999999922 -0.011602299999999954 0.04796349999999977 0.05017720000000003 0.051880650000000084 0.1562790858958376 0.004835600000000051 0.011806400000000217 -0.0009419999999993323 0.004660421052631781 0.014758000000001381 -0.0026689999999995884 -0.001801368421052718 0.0014129999999989984
58 11 1.0785428999999995 1.2467652599999999 1.3637804999999994 -0.77641995 -0.5389182 -0.3923273 0.2545487946385126 0.6437942000000001 0.5008927999999999 -0.4082000000000008 -0.26362778947368415 -0.11649400000000032 -0.4444669999999995 -0.33883905263157904 -0.18526000000000042
58 12 0.17552599999999985 0.23033155999999994 0.30979239999999963 -0.03173755 -0.006170099999999956 0.047806500000000085 0.19263605316271654 0.1699368000000001 0.25233039999999995 -0.008791999999997469 0.1328054736842105 0.3585880000000041 -0.0748890000000002 -0.03700242105263161 0.01978200000000041
58 13 0.06815369999999998 0.09075227999999995 0.11344820000000022 0.0013658999999999755 0.05432199999999998 0.0644563500000001 0.18062956048373568 0.21044280000000004 0.05557800000000013 -0.08069800000000127 -0.02925157894736849 0.005652000000002655 -0.2205849999999998 -0.11075936842105265 -0.011303999999999759
58 14 -0.04805770000000009 -0.04746110000000001 -0.046660399999999935 -0.36245019999999983 -0.36075460000000004 -0.35782655000000013 0.1559514608506146 0.010299199999999953 0.0036423999999999346 -0.006907999999998804 -0.000363578947368475 0.010676000000000574 -0.013816000000000939 3.30526315789629e-05 0.013345000000000162
58 15 0.016469299999999687 0.05466426 0.11087340000000012 -0.118064 -0.06606559999999995 -0.052979650000000045 0.1855415137639905 0.10873820000000012 0.11454720000000052 -0.14161400000000324 -0.0484551578947367 0.029201999999999284 -0.10189299999999957 0.013353263157894816 0.09231600000000006
58 16 -0.2410891999999999 0.30453918 0.863814 -0.9738003500000001 -0.9424396 -0.9111573500000001 0.3302890957964745 0.23342760000000007 1.6250128000000004 -0.011932000000001164 0.8552698947368423 1.5703139999999993 -0.1593549999999999 -0.07759105263157899 0.06766699999999959
58 17 -0.09095010000000003 -0.08641594000000008 -0.07977170000000011 -0.1746546499999999 -0.16415920000000006 -0.14293280000000014 0.16384328215061464 0.050271399999999966 0.02851120000000007 -0.04553000000000251 -0.0014873684210525123 0.031714000000002684 0.018996999999999487 0.02645863157894735 0.06295700000000015
58 18 -0.6049837999999997 -0.49837765999999994 -0.3616652 -0.26455284999999995 -0.22716330000000007 -0.19132804999999992 0.19374358240157005 0.09316379999999991 0.3309559999999996 -0.3152559999999993 -0.1113873684210526 0.012246000000000201 -0.09404300000000032 -0.005304947368421149 0.07567400000000002
58 19 -0.04763380000000017 -0.02082762 -0.0032655999999999796 -0.25520349999999997 -0.21359850000000002 -0.19785139999999996 0.17737570516844908 0.16042259999999975 0.09614680000000009 -0.01632800000000101 -0.014311789473684272 0.06028799999999945 -0.028730999999999618 -0.017170842105263102 0.08116899999999871
58 20 -0.06195220000000001 0.14343205999999992 0.41206219999999993 -0.09335220000000005 -0.0781075 -0.06821649999999996 0.23703460110730254 0.18482040000000022 0.7517159999999996 0.11837799999999898 0.39563999999999977 0.47257000000000104 -0.15558700000000036 -0.09727389473684223 -0.024020999999999626
58 21 0.11844080000000023 0.13569196 0.1459315000000002 -0.22905514999999999 -0.2200512000000001 -0.059071249999999964 0.18575227929328975 0.26727679999999987 0.07944199999999935 -0.041762000000005184 -0.0002974736842107829 0.027945999999998694 -0.1265419999999995 -0.14067199999999994 -0.047570999999998476
58 22 0.2230656000000002 0.23643258000000006 0.25581580000000026 0.008297449999999984 0.015150500000000067 0.03602364999999991 0.17042811641813058 0.04185620000000023 0.08145160000000029 -0.10267799999999605 -0.00968442105263157 0.062485999999997155 -0.12905400000000067 -0.01110568421052639 0.08901900000000018
58 23 -0.08845380000000014 -0.058652059999999985 -0.03326829999999992 0.17770044999999995 0.18183739999999993 0.19662679999999993 0.16565204606271652 0.036172799999999894 0.08094919999999961 0.0015699999999996272 0.03877073684210513 0.09890999999999872 -0.007693000000001948 0.007023684210526284 0.028887999999995806
58 24 0.005196699999999832 0.005994259999999918 0.007928499999999894 -0.2015016500000001 -0.19987670000000002 -0.19657185 0.1559921184639904 0.011272600000000077 0.003579599999999683 0.0 0.00036357894736824124 0.0018839999999986645 0.0 0.005172736842105297 0.013973000000000457
58 25 0.059911200000000275 0.06278116000000003 0.06578300000000004 -0.008156149999999973 -0.004725700000000055 -0.0031478500000000076 0.1583267557130351 0.016516399999999987 0.01695599999999997 -0.00125600000000059 0.008924210526315774 0.027631999999999657 -0.014600999999999642 0.008692842105263152 0.015072000000000418
58 26 -0.023644199999999782 0.06764502000000001 0.1166509999999995 0.22337175000000015 0.22466699999999995 0.22540490000000013 0.19526427852386308 0.01237160000000026 0.4472616000000005 -0.014443999999997903 0.2354008421052634 0.5099359999999975 -0.014444000000001234 0.006511368421052768 0.01601400000000086
58 27 -0.017693899999999818 -0.00037679999999995495 0.02668999999999988 0.021022300000000105 0.03461850000000011 0.1810759500000002 0.18052284937354468 0.23760380000000003 0.055012800000000084 -0.02606200000000003 -0.02155031578947352 0.026690000000002545 -0.04239000000000104 -0.07892968421052635 0.021823000000000814
58 28 0.024915900000000213 0.06266812000000002 0.1069013000000002 -0.017756700000000014 -0.009074600000000044 -0.0031714000000000464 0.16626981519838535 0.028197199999999922 0.08710360000000028 -0.04238999999999882 -0.009056421052631625 0.0671960000000027 -0.03862199999999927 -0.014096947368420954 0.00047100000000077635
58 29 0.058278400000000175 0.07711525999999999 0.09283410000000003 0.14967594999999995 0.1719307 0.19857360000000002 0.16823409688437255 0.07934780000000008 0.07535999999999987 -0.0398780000000043 0.014840631578947211 0.09482800000000013 -0.07253399999999965 -0.017947578947368436 0.04207599999999978
58 30 -0.16054820000000003 -0.12800838 -0.083681 -0.03337034999999999 0.005463600000000013 0.02628180000000019 0.2015022760958376 0.3543175999999999 0.14136280000000045 -0.05557800000000057 0.014609263157894587 0.14412599999999998 -0.06170099999999956 0.15243873684210524 0.2629749999999986
58 31 0.02210560000000028 0.09073344000000008 0.14227339999999988 -0.06265084999999998 0.03056789999999998 0.06413449999999993 0.19069268325953184 0.21380259999999995 0.12308800000000053 -0.19373799999999886 -0.027136210526315565 0.0963980000000042 -0.15762800000000077 -0.010444631578947367 0.13439199999999984
58 32 0.04352039999999979 0.043715079999999885 0.044273999999999814 0.06119859999999999 0.06399319999999986 0.06565740000000003 0.15654131098055102 0.01259140000000003 0.0109900000000005 0.0 0.004329894736841919 0.0 0.0 0.00589989473684213 0.013815999999999828
58 33 0.05934599999999968 0.0723487399999998 0.08824969999999965 -0.13553809999999988 -0.13266500000000014 -0.09175079999999985 0.16437615824233448 0.06402460000000021 0.04276679999999988 -0.040192000000003336 -0.019567157894736918 0.0 -0.05118199999999962 -0.029036736842105403 0.014129999999998866
58 34 0.06559460000000017 0.07266587999999999 0.08305300000000038 0.005173150000000071 0.0107545 0.022827799999999954 0.16418165852832176 0.045969600000000055 0.06380480000000066 -0.013815999999999828 0.033581473684210876 0.08195400000000186 -0.036424000000000456 -0.024194526315789503 -0.012559999999999238
58 35 -0.1592294000000002 -0.053282660000000016 0.0654376000000002 0.24564220000000003 0.28456249999999994 0.2910937 0.2054714541786401 0.12192619999999987 0.4572468000000005 -0.0009420000000015527 0.23814421052631582 0.4031759999999984 0.01601400000000086 0.06417168421052626 0.12340200000000023
58 36 -2.0713952 -1.9875666200000002 -1.9126839000000002 -0.8087305499999999 -0.7997737 -0.6678544499999999 0.2069108419098503 0.35064379999999995 0.2444176 0.08446599999999971 0.12864084210526316 0.14946400000000137 -0.32310599999999967 -0.1726504210526315 0.004867000000000621
58 37 0.10789040000000005 0.11178713999999994 0.11586599999999958 0.05532680000000001 0.05914189999999997 0.08627149999999995 0.15869722267163372 0.03557620000000017 0.010738799999999937 -0.00031399999999903727 0.004164631578946987 0.0 -0.029202000000000394 -0.015022421052631681 0.013502000000000791
58 38 -0.14112730000000018 0.06418473999999999 0.2913919999999999 -0.006837350000000131 0.03300140000000007 0.04531805 0.23458884669583754 0.17872880000000002 0.7088863999999999 -0.5699100000000001 -0.37309810526315784 -0.21603200000000156 -0.020253000000001187 0.07535999999999998 0.11869200000000024
58 39 -0.07105819999999985 -0.07030774000000002 -0.06794959999999994 0.06718029999999997 0.07275380000000009 0.07553270000000006 0.15770774087418157 0.01708160000000003 0.01965640000000013 -0.0015699999999996272 0.008858105263158082 0.01475799999999916 0.0003140000000001475 0.0089903157894737 0.014444000000000123
58 40 0.0944041000000001 0.09631322000000006 0.12005789999999994 -0.21835559999999998 -0.21265650000000003 -0.20521470000000003 0.16842408227354463 0.03551340000000014 0.12233440000000062 -0.03108600000000017 0.04620757894736839 0.028888000000000247 -0.02088100000000037 0.009221684210526323 0.010833000000001203
58 41 0.09922399999999976 0.1054411999999999 0.10701119999999997 -0.027475000000000027 -0.023377300000000045 -0.01221460000000002 0.16398167776144257 0.02797739999999993 0.06719599999999959 -0.027946000000003135 -0.023930105263157916 0.014443999999995683 -0.0361099999999992 -0.006445263157894609 0.01585699999999801
58 42 -0.13181719999999997 -0.11644375999999998 -0.10283500000000001 -0.12073299999999998 -0.07008480000000006 -0.06721169999999999 0.16581981641176116 0.07714980000000016 0.03391199999999994 -0.031399999999999206 -0.013088842105262996 0.02982999999999958 -0.014129999999998866 0.0375477894736842 0.07944200000000068
58 43 0.027663399999999894 0.044820359999999934 0.06284710000000016 -0.12630649999999993 -0.021948600000000096 0.03048940000000011 0.1839400843416975 0.25276999999999994 0.07680440000000033 -0.0747320000000018 -0.0185755789473685 0.056519999999999904 0.07881399999999927 0.13303684210526312 0.1613959999999981
58 44 -0.018902799999999997 -0.014258739999999959 -0.010550399999999738 -0.2634146000000001 -0.2290316 -0.2098776 0.16194862390602865 0.06311400000000011 0.01708160000000003 -0.019154000000001226 -0.000363578947368475 0.028888000000000247 -0.02841699999999947 0.0008097894736841818 0.03501100000000035
58 45 -0.07860990000000012 0.031060880000000003 0.1646930000000002 0.11707489999999998 0.13208410000000004 0.15222720000000012 0.19685978903978665 0.044462400000000235 0.4211996 -0.20378600000000135 0.0704682105263157 0.44399599999999984 0.0031399999999992545 0.02340126315789486 0.04851299999999781
58 46 -0.001852600000000204 0.045140639999999975 0.08848519999999971 -0.1263536 -0.11330689999999999 -0.07234559999999995 0.18152095929265277 0.17295119999999997 0.11574039999999997 -0.1205759999999989 -0.060915999999999984 0.0025119999999945186 -0.11649399999999921 -0.07993778947368418 -0.00047100000000077635
58 47 0.05485580000000023 0.07730051999999998 0.09242590000000006 -0.1896324499999999 -0.10861260000000006 -0.06675640000000005 0.1743800044862835 0.12600820000000001 0.053317199999999954 -0.026690000000000325 0.011072631578947311 0.04553000000000251 0.013188000000000644 0.0663201052631579 0.1402009999999987
