64 0 2.525193014705882 -2.55980984477124 -1.947895220588232 -0.010735294117647457 -0.005 0.0 0.20110911739051715 0.061250000000001394 3.022867647058834 0.10000000000000009 -1.7142801857585086 2.249632352941242 -0.1 -0.03223684210526389 0.06470588235294916
64 1 0.8474999999999999 1.077113725490197 1.2972794117647075 0.04852941176470613 0.11156249999999987 0.24 0.2570384341393457 0.21000000000000002 0.86 -0.10000000000000009 0.4526315789473684 1.0069607843137296 0.0 0.09999999999999999 0.1992647058823544
64 2 -1.8754411764705872 -1.8620753676470585 -1.7965624999999992 0.0 0.005 0.01 0.1836432443268192 0.03 0.2899999999999998 0.0 0.14276315789473742 0.05625000000000657 0.0 0.01578947368421053 0.0
64 3 2.2522058823529427 2.78072732843137 -2.9156341911764723 -0.09691176470588225 0.011562500000000624 0.04 0.39056800110880613 0.2 2.477500000000009 -1.7944852941176426 -1.1082817337461326 -0.43333333333333 0.014705882352949156 0.1 0.18529411764705078
64 4 -1.707656249999999 -1.7377414215686269 -1.623566176470588 -0.38 -0.37 -0.36 0.22100209957601438 0.08000000000000002 0.6699999999999999 -0.10000000000000009 0.30000000000000004 0.3041666666666665 -0.09062499999998974 -0.01578947368421051 0.10000000000000009
64 5 -1.6911764705882348 -1.5234192810457512 -1.3066176470588236 0.02 0.04 0.04 0.23105720678974126 0.04 0.8244444444444436 0.11764705882353121 0.4286549707602335 0.7199999999999951 -0.07187499999999584 -0.021052631578947368 0.0
64 6 -1.5 -1.427452205882353 -1.3765716911764705 -0.21 -0.195 -0.15 0.19745188230998517 0.07999999999999999 0.4029411764705879 -0.39908088235295125 -0.1699690402476778 0.0 0.0 0.04210526315789473 0.10000000000000009
64 7 0.35375 0.49281275799793606 0.5874999999999999 -0.13 -0.10470588235294082 -0.09 0.2047936936485915 0.06833333333333334 0.36875000000000063 -0.30000000000000027 0.06842105263157906 0.29166666666666674 -0.09999999999998954 0.005263157894736848 0.10000000000000009
64 8 -2.3075 -1.9371863841589256 -1.58 -0.08279411764705993 0.5661764705882348 0.63078125 0.31269203978041843 0.8547058823529429 0.9129411764705877 -0.02647058823530113 0.43591331269349726 0.6113725490196098 -0.8294117647058705 -0.449845201238391 0.0
64 9 -2.2804411764705903 -1.7995018382352952 -1.2946875000000013 0.01 0.013235294117647307 0.0325 0.2775401981483306 0.049999999999999996 1.2914338235294134 -0.8663602941176651 -0.6797020123839018 0.0 -0.05000000000001045 -0.005263157894736841 0.045404411764710315
64 10 -2.0316911764705883 -1.6435779476264176 -1.5001470588235297 -0.05 -0.045 -0.0375 0.3238533022991018 0.07764705882353065 1.1841176470588328 -0.5968749999999967 0.623219814241491 1.8593750000000586 0.0 0.04086687306501613 0.10000000000000002
64 11 -2.034264705882352 -1.7999117647058818 -1.65 0.13 0.14 0.15 0.1991674631830906 0.03 0.4600000000000002 0.0 0.236842105263158 0.1588235294117657 -0.01819852941175565 0.005263157894736847 0.008823529411765285
64 12 -2.4152352941176476 -2.4205203302373586 -2.3286764705882357 -0.042735294117647524 0.012647058823529598 0.02 0.25402652532287684 0.16 0.9541176470588266 -0.7647058823529385 -0.5021671826625402 0.0 -0.15000000000000002 -0.06718266253869923 0.0
64 13 -2.23390625 -1.6942503676470568 -1.4386764705882347 -0.02 -0.004411764705882661 0.01 0.3558049177383136 0.04 1.9346323529411822 -0.05624999999999769 1.0182275541795696 2.01397058823529 -0.09999999999999999 -0.005263157894736842 0.05
64 14 0.88 0.8815000000000002 0.8825000000000001 -0.1 -0.1 -0.1 0.15622474745425774 0 0.020000000000000018 0.0 0.010526315789473694 0.0 0.0 0.0 0.0
64 15 0.9075 1.0254656862745097 1.2199509803921582 0.23 0.25 0.28 0.20906622240597011 0.07999999999999999 0.4062499999999981 -0.47058823529411153 -0.06439628482972182 0.1531249999999973 -0.09999999999999995 0.010526315789473679 0.08421052631578732
64 16 -1.596011029411766 -1.5238766339869283 -1.4525000000000006 -0.28 -0.26911764705882246 -0.25 0.18578226537885265 0.06999999999999998 0.1886805555555564 -0.2819852941176437 0.025328947368420104 0.24963235294116592 -0.10000000000000009 -0.036842105263157884 0.002941176470591944
64 17 -2.38 -2.3778529411764704 -2.36 -0.12 -0.11 -0.11 0.16863539291654833 0.01999999999999999 0.14000000000000012 -0.10000000000000231 -0.07368421052631585 0.0 0.0 0.005263157894736839 0.0
64 18 1.04691176470588 1.5952241507567928 2.041194852941176 0.08 0.0977777777777781 0.1 0.29331845987364547 0.07 1.4842105263157905 -0.8485380116958946 -0.7811634349030476 -0.39816176470587994 0.0 0.021052631578947368 0.050000000000000044
64 19 -1.6813235294117646 -1.6323204334365315 -1.4674999999999994 -0.09249999999999949 -0.09 -0.08 0.23883185715683494 0.09 0.8664705882352939 0.04999999999998894 0.41981424148606755 0.4500000000000004 -0.09999999999999996 -0.031578947368421054 1.0477729794899915e-14
64 20 0.6170588235294118 0.6671691176470588 0.7124999999999999 0.12 0.125 0.13 0.18016220117956108 0.04000000000000001 0.25 -0.20000000000000018 -0.10526315789473681 0.031249999999990452 0.0 0.02105263157894737 0.0
64 21 1.1257352941176464 1.7483102532679726 2.4220588235294116 0.0 0.01999999999999889 0.062343749999999795 0.31809094955165923 0.09000000000000001 1.7582352941176471 -1.003104575163405 -0.9201754385964913 -0.44117647058822484 -0.1 -0.04736842105263159 0.0
64 22 -1.408915441176472 -0.6043150735294135 0.2679411764705887 -0.02 -0.01 0.0007352941176469361 0.3782215156436507 0.04 2.45 -1.991176470588245 -1.2894736842105265 -0.54227941176472 -0.1 0.0 0.017647058823526945
64 23 -0.78 -0.7785 -0.78 -0.12 -0.12 -0.12 0.15533972169256358 0 0.010000000000000009 0.0 0.005263157894736847 0.0 0.0 0.0 0.0
64 24 0.10838235294117707 0.4835502450980405 0.8861764705882378 -0.63 -0.6135294117647061 -0.5774999999999999 0.30111576115922467 0.07000000000000006 1.5608823529411797 0.6970588235294073 0.8215170278637787 0.9232026143790957 -0.10000000000000009 -0.02105263157894739 0.050000000000000044
64 25 0.46 0.46749999999999997 0.47 -0.06 -0.05 -0.04 0.16156025802263788 0.030000000000000006 0.04999999999999999 0.0 0.026315789473684206 0.0 0.0 0.010526315789473684 0.0
64 26 -1.4613807189542496 -0.7502897467320275 0.26573529411764696 0.12 0.15343750000000014 0.2 0.36185126830661657 0.09 2.256250000000002 -1.5134599673202362 -1.1875000000000007 -0.5961805555555522 0.0 0.03684210526315789 0.049999999999999906
64 27 -2.56 -2.492413398692811 -2.44 0.04 0.04906250000000007 0.05 0.17935161324043783 0.07 0.20999999999999996 -0.19722222222221752 -0.11052631578947367 0.0 -0.05882352941175485 0.01578947368421052 0.0
64 28 0.45 0.5150110294117646 0.5582812499999987 0.0535294117647056 0.06 0.07 0.1841419595234744 0.049999999999999996 0.2241176470588237 -0.14999999999999986 0.03105650154798818 0.11764705882353066 -0.09999999999999995 -0.02631578947368421 0.0
64 29 -1.6747058823529413 -1.6579068304953561 -1.64 0.13 0.135 0.16 0.1704653852739522 0.09999999999999999 0.06999999999999984 -0.10000000000000009 -0.005263157894736847 0.052941176470591156 0.0 0.05263157894736842 0.10000000000000009
