75 0 -2.912857142857143 -2.7341642654470806 -2.5745833333333326 0.31 0.37782608695652137 0.43607142857142805 0.23483089840270144 0.22894736842105318 0.6109090909090922 0.22380952380953056 0.32153110047846956 0.5147550073792972 -0.1761904761904634 -0.12049861495844905 -0.10000000000000009
75 1 -1.5000000000000007 -1.0915051062091492 -0.7496507352941114 0.29 0.38166666666666604 0.8055882352941174 0.3677921871612608 0.7917647058823531 1.011764705882354 -0.549264705882353 0.532507739938081 1.3643382352941127 -0.652124183006545 -0.4167182662538701 -0.10000000000000009
75 2 1.462647058823535 1.7636296977124186 2.0318566176470587 0.3365716911764707 0.4727777777777781 0.5325 0.3307745026828927 0.83 1.13 -0.8850898692810671 -0.19835526315789243 0.2029411764705935 0.15000000000000013 0.4368421052631579 0.6165441176470696
75 3 2.4317647058823537 2.4894411764705877 2.6736397058823522 0.4659375000000012 0.738235294117648 0.8351470588235296 0.28328564743374185 0.6122058823529424 0.7694117647058858 -0.7948529411764649 -0.40495356037151886 -0.0044117647058983245 -0.09999999999999981 0.32221362229102235 0.7488970588235322
75 4 1.4261764705882336 1.511545220588235 1.5905055147058824 -1.26 -1.25 -1.1319944852941177 0.22139880848841345 0.377647058823529 0.38764705882352923 -0.44999999999999707 -0.2040247678018575 0.0 -0.3976102941176429 -0.19876160990712052 0.0
75 5 -1.3692187500000015 -1.098749632352942 -0.8822058823529418 0.0075 0.04 0.05 0.24504631235619997 0.09 0.9337499999999996 -0.5988562091503291 -0.49144736842105236 -0.4134191176470492 0.0 0.047368421052631574 0.1
75 6 -1.3325 -1.0242054738562094 -0.7148611111111114 -0.03513888888888856 0.03 0.05 0.2607935213439537 0.13111111111111068 1.0588888888888892 -0.6498366013071888 -0.5573099415204681 -0.4531249999999931 0.0 0.05321637426900561 0.14722222222222886
75 7 -0.26 -0.2083707107843134 -0.1525 -0.3325 -0.21187499999999987 -0.04 0.21765567870088218 0.32999999999999996 0.34624999999999945 0.0 0.18223684210526284 0.3 0.0 0.16842105263157894 0.3292279411764584
75 8 2.0675 2.1732506127450977 2.2863051470588234 0.1890073529411767 0.42 0.43 0.22025104170355286 0.38187499999999985 0.31000000000000005 -0.3443014705882397 -0.12600619195046503 0.10000000000000009 0.0 0.2009868421052631 0.3968749999999957
75 9 -1.5434210526315786 -1.3728588567005746 -1.2299080882352929 0.3930882352941184 0.435 0.5132352941176468 0.2559217921044239 0.34684210526315806 0.6691544117647091 0.12812499999999782 0.3521865325077417 0.9755783453732408 -0.1388888888888834 0.08947368421052633 0.2387867647058789
75 10 -2.3225 -2.0396735702614386 -1.7274999999999998 -0.06 -0.045 -0.006764705882353587 0.2435437330247826 0.16666666666666669 0.8233333333333333 -0.5500040849673127 -0.42807017543859655 -0.09999999999999898 -0.10000000000000002 0.045614035087719294 0.10000000000000002
75 11 -0.980171568627452 -0.7305837418300657 -0.47 -0.16 -0.12676470588235306 -0.07058823529411774 0.23550533351479247 0.14529411764705918 0.7599999999999999 -0.48437500000000466 -0.39901315789473574 -0.19999999999999907 -0.15588235294117758 -0.038641640866872155 0.10000000000000009
75 12 2.0175 2.086439338235294 2.1625 -0.14921052631578985 -0.09499999999999895 0.18732536764705815 0.20742276402392185 0.41000000000000003 0.19000000000000195 -0.2468749999999975 -0.10000000000000102 0.0 -0.3090073529411768 -0.17894736842105158 0.0
75 13 1.8389460784313734 1.9438194444444445 2.0741176470588245 -0.06156249999999951 -0.01 0.02823529411764641 0.20569107665369377 0.08 0.43470588235294105 -0.03823529411765336 0.1526315789473674 0.49816176470588336 -0.09999999999999995 0.03560371517027818 0.1
75 14 2.8741360294117673 -2.973169117647127 -2.411323529411762 -0.1225 -0.08499999999999999 -0.02529411764705867 0.31568009003480685 0.14117647058823468 1.5988235294117663 0.405882352941187 -2.511145510835913 1.1000000000000187 -0.15000000000000005 -0.005882352941176147 0.10588235294117344
75 15 -0.9070833333333304 -0.7378427287581697 -0.5774999999999999 0.085 0.23850694444444365 0.45125 0.2400518603992924 0.4687500000000006 0.49875000000000047 -0.2944444444444466 0.04671052631578975 0.11507352941178106 -0.243750000000003 -0.01513157894736874 0.4553921568627517
75 16 -1.2838235294117664 -1.2049754901960783 -1.1517647058823537 -0.39249999999999996 -0.3591176470588226 -0.35 0.20569942774537373 0.1900000000000022 0.28705882352941225 -0.32941176470586697 0.048916408668731565 0.15000000000000013 0.00882352941177389 0.10000000000000116 0.11160130718955663
75 17 -0.0962500000000016 0.08624754901960731 0.278235294117648 -0.14 -0.1 -0.04588235294117635 0.24964531668042528 0.23117647058823468 0.7729411764705898 -0.8941176470588303 -0.4068111455108367 0.08198529411765743 -0.2117647058823468 -0.002786377708977424 0.2441176470588266
75 18 0.9954411764705877 1.3854507761437902 1.769963235294118 -0.4019117647058827 -0.35852941176470715 -0.3275 0.292077312682846 0.27235294117647096 1.236875000000001 -0.9049428104575152 -0.6509868421052637 -0.24908088235294334 -0.1992647058823524 -0.0696594427244584 0.10000000000000009
75 19 0.2030790441176447 0.4054687091503263 0.6031249999999972 -1.1 -1.001715686274511 -0.805 0.2690534460008323 0.29999999999999993 0.5326666666666675 -0.7049019607843293 -0.28035087719298296 0.25137254901961226 -0.4411764705882337 -0.12631578947368427 0.19999999999999962
75 20 -1.1042647058823531 -0.8021493055555547 -0.5147385620915008 0.08 0.095 0.1006249999999996 0.2610452614529214 0.03 1.137389705882355 0.4874999999999996 0.5986261609907132 0.6987132352941163 -0.05514705882354934 -0.015789473684210527 0.01249999999999446
75 21 0.6352941176470587 0.8349751387827855 1.0129000000000006 -0.42 -0.4092857142857146 -0.295 0.23544192606587785 0.28 0.64 -0.566757575757581 -0.3368421052631579 -0.11421568627450696 -0.2307575757575786 -0.10526315789473684 0.0
75 22 2.0639705882352932 2.2955955882352947 2.4942647058823537 -0.6901470588235296 -0.665 -0.5169944852941163 0.2745925515019028 0.6241176470588244 0.6699999999999997 -0.18750000000000266 0.2383900928792567 0.5025735294117584 0.050000000000000044 0.3284829721362234 0.5476102941176362
75 23 0.5344117647058827 0.6005606617647059 0.6878124999999998 0.5075000000000001 0.6191176470588244 0.69 0.20248478277051318 0.19999999999999996 0.17058823529411837 -0.10882352941176537 0.025077399380805578 0.33529411764706085 -0.050000000000000044 0.09473684210526312 0.2788602941176538
75 24 1.625 1.834291053921568 2.01 -0.17 -0.095 0.07250000000000001 0.23146289437102394 0.3135294117647075 0.4629411764705913 -0.4490196078431252 -0.2436532507739954 0.10459558823528337 0.09999999999999981 0.16501547987616186 0.2499999999999951
75 25 1.230018382352939 1.92855600490196 2.819411764705884 -0.2614705882352941 -0.21323529411764736 -0.07 0.48102034291026075 0.23470588235294287 3.1396691176470513 -2.0845343137254657 -1.3035797213622342 -1.0941176470588165 -0.12941176470587762 0.07894736842105263 0.2235294117647102
75 26 -0.7082352941176484 -0.15465253267973972 0.49354901960784386 -0.1525 0.060000000000000005 0.14250000000000002 0.31044512108748656 0.33999999999999997 1.4394444444444439 -0.945343137254895 -0.7523391812865494 -0.1970588235294185 0.0 0.17894736842105263 0.25624999999999587
75 27 -1.4810294117647071 -1.2205881127450986 -0.9862500000000006 -0.0125 0.03 0.0625 0.2482960959011776 0.12000000000000001 0.9331249999999999 -0.6483455882352762 -0.4911184210526316 -0.3235294117647147 -0.1 -0.06315789473684212 -0.041176470588234655
75 28 0.07396139705882433 0.25931985294117726 0.41203125000000046 -0.1 -0.05941176470588278 -0.014218749999999235 0.2837305366031778 0.48705882352941227 0.9670588235294122 0.3595588235294109 0.5089783281733747 0.7250000000000123 -0.046875000000006946 0.2563467492260065 0.45514705882351525
75 29 -1.8220588235294113 -1.7897904411764702 -1.76 -0.655 -0.44150735294117704 -0.15235294117647108 0.24068552114083722 0.8400000000000023 0.07000000000000006 -0.050000000000000044 0.026315789473684233 0.10000000000000009 -0.5000000000000188 -0.44210526315789594 -0.3600000000000114
