80 0 -0.6042830882352943 -0.4529457107843135 -0.315 -0.04 -0.035 -0.01308823529411774 0.19290131644613923 0.04 0.29999999999999993 -0.09999999999999981 0.14736842105263154 0.34568627450979994 -0.05 -0.01578947368421053 0.0
80 1 0.7424999999999984 1.1383819444444434 1.5281801470588228 -0.02 0.005 0.042343749999999826 0.2887414309300334 0.11 1.3956250000000017 -0.8900735294117768 -0.7345394736842114 -0.49636437908498254 -0.14999999999999997 -0.04736842105263158 0.05882352941177391
80 2 -1.62 -1.440512780112044 -1.4199999999999948 0.12 0.13 0.19250000000000167 0.24242345958128747 0.1 0.760073529411767 -0.049999999999998934 0.4000386996904037 1.097222222222252 0.0 0.042105263157894736 0.10294117647059203
80 3 0.15499999999999986 0.5318045321637438 0.8690686274509811 0.0675 0.09 0.14250000000000002 0.2917208028398454 0.15 1.4082352941176484 0.4456862745097949 0.741176470588236 1.1297385620914895 0.049999999999999906 0.07894736842105263 0.10000000000000009
80 4 0.605 0.6389881535947713 0.6525000000000001 -0.042499999999999996 0.01 0.021323529411764797 0.1822884182433477 0.060000000000000005 0.22250000000000114 0.0 0.11710526315789532 0.22647058823529076 -0.1 -0.03157894736842106 0.0
80 5 3.080921052631579 -3.086780127708979 -2.9025 -0.9472368421052628 -0.854 -0.83 0.2830539525894535 0.25625000000000175 0.7062500000000016 -0.5776470588235205 -0.3376547987616124 -0.13750000000000595 -0.298897058823539 -0.1348684210526325 0.0033088235294143065
80 6 0.16657169117647064 0.2334583333333336 0.3260294117647056 0.16 0.1628124999999998 0.17 0.1854743564964603 0.010000000000000009 0.33999999999999997 -0.12647058823529567 0.11578947368421051 0.334313725490187 0.0 0.005263157894736847 0.0
80 7 -0.30088235294117704 -0.14209558823529428 -0.0075 -0.07 -0.05647058823529492 -0.03661764705882261 0.20168234653714187 0.060000000000000005 0.24250000000000055 -0.24374999999999317 0.08815789473684181 0.2500000000000002 -0.11470588235294923 0.03157894736842105 0.10588235294118266
80 8 -0.670413602941176 -0.5726051879084966 -0.54 -0.01 0.03 0.030441176470588263 0.20074035822568984 0.07277777777777712 0.22000000000000214 -0.1088235294117651 0.11578947368421166 0.4531250000000031 -0.1 -0.03830409356725112 0.0
80 9 0.6117647058823515 1.1173146714826272 1.798382352941176 -0.1825 -0.16 -0.16 0.31041369047746176 0.06999999999999998 1.6821052631578972 -1.400367647058821 -0.885318559556788 -0.3464052287581765 0.0 0.026315789473684206 0.09999999999999981
80 10 0.4835294117647056 0.5200790441176473 0.55 -0.1 -0.09 -0.08 0.16774022475556818 0.03 0.11999999999999994 0.03437500000001925 0.06315789473684208 0.10000000000000009 0.0 -0.010526315789473679 0.0
80 11 0.8064522058823533 1.1865183823529422 1.5825 -0.04 -0.005 0.035 0.2720358480115319 0.11 1.2058823529411762 0.22316176470587312 0.6346749226006192 0.9834558823529521 -0.09999999999999998 -0.036842105263157905 0.020955882352957506
80 12 -1.0662500000000001 -0.2914819094304379 -0.02928308823529419 0.01 0.03647058823529492 0.06602941176470561 0.4048240385702798 0.08 1.4200735294117688 -0.8702205882352902 0.7474071207430362 3.0279411764706854 -0.1 0.02631578947368421 0.025000000000010396
80 13 -1.840220588235295 -1.7252981617647063 -1.628970588235294 0.0526470588235296 0.06 0.0625 0.18794180577487846 0.03 0.27529411764705713 -0.29871323529412686 -0.11578947368421051 0.09999999999999898 -0.08235294117646931 -0.005263157894736843 0.032352941176469335
80 14 -1.54 -1.5403051470588232 -1.53 -0.01 -0.01 0.0 0.15935343898929208 0.01 0.040000000000000036 0.0 0.01578947368421054 0.03051470588233851 0.0 -0.00278637770897904 0.0
80 15 -0.8850980392156873 -0.3636118464052299 0.16 0.059 0.08312499999999903 0.15 0.28572565211070505 0.10999999999999999 1.3735294117647074 -1.2326388888888662 -0.7229102167182672 -0.07647058823529604 -0.049999999999999906 -0.04210526315789472 0.0
80 16 -1.819586397058823 -1.166072181372548 -0.42176470588234205 -0.10046874999999998 -0.07468749999999959 0.012500000000001666 0.3518399424156874 0.11000000000000001 1.6325000000000027 -0.34062499999998885 0.8592105263157908 1.897058823529429 -0.10000000000000002 0.03157894736842106 0.10000000000000002
80 17 0.2333823529411779 0.49970465686274607 0.8583823529411776 -0.04 -0.03 -0.017499999999999998 0.2694777773468916 0.049999999999999996 1.23 0.2941176470588158 0.6473684210526315 0.7121323529411749 -0.05000000000000001 0.01578947368421053 0.1
80 18 -1.949117647058824 -1.9367628676470587 -1.81 -0.01 0.0 0.01 0.22211749337164366 0.04 0.7264705882352935 0.0 0.3770897832817334 0.40000000000000036 0.0 0.021052631578947368 0.0
80 19 -1.5320588235294108 -1.1724985702614372 -0.8004687499999986 -0.04338235294117583 -0.04 -0.01187499999999917 0.26186836991782736 0.06999999999999999 1.1405882352941186 0.3642769607843188 0.5703753869969038 0.8441176470588196 0.0 0.03684210526315789 0.09999999999999999
80 20 -0.62 -0.5675533088235294 -0.5368750000000004 -0.01 0.0 0.0 0.17538832168349505 0.01 0.22647058823529387 -0.24999999999999967 -0.10835913312693446 0.0 0.0 -0.005263157894736842 0.0
80 21 1.5510937500000015 1.587533374183007 1.8450000000000002 -0.03 -0.013529411764707174 0.0025 0.26351981724975754 0.047499999999999445 1.1223529411764694 0.0 0.590712074303405 1.3275735294117852 -0.1 -0.010526315789473679 0.08083333333333449
80 22 0.3835294117647057 0.4759485294117649 0.5376470588235307 -0.07250000000000001 -0.05 -0.04 0.18478841596218526 0.07999999999999999 0.24250000000000116 0.01764705882353723 0.127631578947369 0.22058823529411853 -0.09999999999999995 -0.042105263157894736 0.0
80 23 0.6297222222222277 1.0532017156862743 1.6212500000000019 -0.01 0.02 0.02484374999999979 0.352990035440653 0.2056250000000018 1.652222222222223 -0.7470588235294073 -0.11133040935673054 1.4117647058823302 -0.2904779411764784 -0.10822368421052726 0.0656249999999986
80 24 1.1024999999999985 1.3235306372549018 1.51 -0.16 -0.1349816176470588 -0.1175 0.23933716588270285 0.13 0.8276470588235291 -0.7470588235293996 -0.4356037151702784 -0.19430147058823843 0.006066176470596041 0.06842105263157894 0.10000000000000009
80 25 0.35500000000000004 0.3955375000000004 0.5025 -0.034935661764706055 -0.03 -0.03 0.21637335461681306 0.026470588235293874 0.6705882352941184 0.10000000000000009 0.34241486068111493 0.2452205882352998 0.0 0.013931888544891512 0.02812500000000901
80 26 1.0475000000000017 1.240339950980393 1.5711875000000008 -0.09 -0.08 -0.06 0.2877670572296925 0.06 1.4175000000000013 0.4474264705882425 0.7460526315789481 0.7555555555555615 -0.08784722222221902 0.0 0.09999999999999995
80 27 0.7145588235294111 0.9667166666666661 1.2132077205882346 -0.03 -0.025588235294118383 -0.02 0.21968072500186356 0.02 0.7174999999999992 -0.5939583333333276 -0.37763157894736793 -0.15000000000000013 0.0 -0.010526315789473684 0.0
80 28 -0.10443627450980325 0.2317013888888894 0.4905882352941183 -0.06 -0.05 -0.036249999999999755 0.24572199675933779 0.07 0.927647058823529 0.30919117647060024 0.40495356037151464 0.4991421568627442 -0.1 -0.010216718266254577 0.049999999999999975
80 29 2.0526470588235295 2.062102941176471 2.06 0.09 0.1 0.11 0.16594400621490438 0.04999999999999999 0.08000000000000007 0.0 -0.03157894736842108 0.0 0.0 0.026315789473684206 0.050000000000000044
