83 0 -0.5007499999999994 -0.21681838235293985 0.21093750000000105 0.5974999999999999 0.6458823529411766 0.7480882352941168 0.3794598528358704 0.2468750000000003 2.0243750000000014 0.6950367647058837 1.0654605263157901 0.9567647058823564 -0.050000000000000044 0.07037538699690424 0.24117647058823466
83 1 -0.31 -0.21190992647058815 -0.12609375000000012 -0.25862132352941236 0.1762499999999993 0.3029411764705872 0.2552900072338489 0.8689473684210515 0.26 0.0 0.09999999999999998 0.2499999999999998 -0.747058823529408 -0.45734072022160605 -0.14705882352941874
83 2 -1.3708823529411773 -1.0953478758169943 -0.8774583333333335 -0.04102941176470591 0.09509803921568441 0.2825416666666667 0.3066858651829935 0.4758823529411776 1.1637499999999998 -0.7487173202614467 -0.6124999999999999 -0.39770833333333033 -0.4518137254901905 -0.07089783281733675 0.24816176470588036
83 3 3.1 3.0063033088235303 -3.12 0.09 0.12411764705882347 0.14 0.28023955058432165 0.09000000000000001 1.3202941176470606 -0.10000000000000009 -5.944891640866873 0.14999999999999902 -0.10000000000000009 -0.047368421052631594 0.0
83 4 2.7702941176470572 -3.0732518790849657 -2.738713235294109 -0.1725 -0.14218750000000022 -0.014687499999998544 0.340117145635295 0.23411764705882365 1.6031250000000012 -0.406470588235297 -2.461513157894736 1.3345996732026177 0.0 0.10907507739938152 0.13229166666668069
83 5 2.9248529411764705 2.9625321078431375 3.0069117647058827 -0.4639062499999999 -0.29284313725490135 -0.04791666666666568 0.23299857847391517 0.6211764705882347 0.24117647058823488 -0.15000000000000124 0.10061919504643928 0.31055147058822286 0.19882352941176168 0.3269349845201235 0.4357230392156805
83 6 0.18312500000000015 0.40901294227209106 0.6103070175438592 0.2504411764705888 0.26 0.26 0.21373431376377713 0.028235294117649024 0.64 -0.42859195402299477 -0.33684210526315783 -0.24583333333334026 0.0 0.014860681114552118 0.0464396284829785
83 7 0.3175 0.329 0.3325 0.38249999999999995 0.44 0.5435588235294124 0.2030234694025689 0.47941176470588165 0.07 0.0 0.0368421052631579 0.10000000000000009 0.1974264705882317 0.25232198142414825 0.30000000000000193
83 8 0.1875 0.2787990196078431 0.38323529411764795 -0.79 -0.7308660130718954 -0.6525 0.21803505916532173 0.23868055555555817 0.25 -0.10000000000000009 0.11578947368421051 0.3 -0.10000000000000009 0.12562134502924116 0.34950980392156994
83 9 0.7470588235294098 1.001843423202613 1.2861948529411757 -0.12125 -0.055 -0.0375 0.26235158773626144 0.11000000000000001 1.09 -0.7814338235294388 -0.5736842105263158 -0.40459558823529307 -0.10000000000000002 -0.05789473684210527 0.0
83 10 -1.9760937499999998 -1.7525181888544896 -1.57 0.02 0.03 0.04 0.20599194657699998 0.04411764705882365 0.53 -0.4687500000000122 -0.2421052631578947 0.0 0.0 0.022291021671825718 0.07058823529411824
83 11 0.21 0.22030000000000002 0.23 0.49 0.51 0.51 0.1633505943445982 0.06 0.03 -0.020000000000000018 -0.0052631578947368324 0.0 0.0 0.031578947368421054 0.050000000000000044
83 12 0.21573529411764678 0.4963138480392145 0.818382352941174 -0.29867647058823393 -0.14803308823529449 -0.00338235294117687 0.3002694141058364 0.4842916666666647 1.1773897058823544 -0.7021568627450994 -0.6196787925696602 -0.1676470588235196 -0.37941176470587745 -0.23361068111454986 -0.1999999999999998
83 13 -1.3349248120300752 -1.1452126434345662 -0.9675661764705873 -0.18791666666666956 0.0 0.024583333333333332 0.29243490945854506 0.7576666666666683 0.6983333333333334 0.10000000000000009 0.3615789473684227 0.7044590643274878 -0.9025490196078373 -0.3987719298245622 0.0
83 14 1.15 1.23470955882353 1.2645588235294123 0.17 0.17388888888888954 0.23500000000000001 0.21006782853407197 0.18647058823529594 0.43647058823529616 0.0 0.22972136222910322 0.546139705882337 0.0 0.09814241486068208 0.19999999999999976
83 15 -3.057499999999999 -2.6796866830066013 -2.3518198529411762 -0.11906250000000063 -0.095 -0.08 0.2814955164115291 0.05000000000000002 1.3672222222222237 0.30000000000000915 -2.585672514619882 1.0000000000000098 -0.08823529411765507 -0.026315789473684223 0.0
83 16 -1.0143933823529392 -0.47130182656395786 0.0795000000000006 -0.065 -0.04 -0.0375 0.300142731364496 0.10217391304347939 1.52 0.21875000000000866 0.7947368421052632 1.453472222222198 -0.11086956521739699 -0.053775743707094426 0.0
83 17 1.332656250000001 1.63662116013072 1.9626102941176478 0.8022058823529408 0.86 0.9045588235294117 0.2804558561813354 0.3405882352941183 1.0405882352941183 0.2944444444444483 0.5476780185758517 0.8031372549019355 -0.11176470588234677 0.1071207430340559 0.2500000000000002
83 18 2.87 2.8837058823529413 2.89 -0.16 -0.16 -0.1575 0.16243133798531384 0.03 0.06000000000000005 -0.10000000000000009 -0.03157894736842108 0.0 0.0 0.015789473684210527 0.0
83 19 2.34 2.341052696078431 2.3925000000000005 0.04 0.06466666666666737 0.08 0.19991730042312364 0.1 0.30823529411764916 -0.25000000000000133 -0.16222910216718378 0.10000000000000231 -0.09999999999999998 -0.031578947368421054 0.0
83 20 2.6633639705882355 2.808049632352941 3.0250000000000004 0.29 0.29117647058823465 0.33499999999999996 0.23750864096622462 0.13 0.8011764705882349 0.21470588235293908 0.41640866873064986 0.5468749999999867 -0.10000000000000009 -0.06842105263157895 0.0
83 21 -2.220294117647059 -1.9445436876504985 -1.647499999999999 -0.14 -0.1276470588235296 -0.075 0.2616765226854381 0.15 1.0650000000000022 0.2500000000000113 0.5368421052631578 0.44183006535946534 -0.1676470588235448 -0.05789473684210527 0.0
83 22 -1.7449999999999999 -1.6064781346749228 -1.4774999999999998 -0.15 -0.055789473684211416 0.04 0.2135122362277341 0.22 0.4458823529411755 0.04411764705881671 0.20371517027863675 0.34062499999999885 -0.2865497076023238 -0.09999999999999999 0.009375000000001396
83 23 -0.6209558823529469 0.11451252154707844 0.9844117647058811 -0.1 -0.09 -0.024411764705881616 0.414686124728131 0.09999999999999999 2.7872426470588247 -1.913235294117659 -1.4669698142414866 -0.806274509803947 -0.05882352941176529 0.05263157894736842 0.15
83 24 -1.7385937499999988 -1.269400735294116 -0.8311029411764697 -0.08 0.058125000000000836 0.2551470588235296 0.39214840180704613 0.6525000000000005 2.074411764705887 0.9257352941176294 1.0917956656346774 1.20716911764707 0.2540441176470529 0.3434210526315793 0.44558823529411196
83 25 1.3110937499999968 1.8247322303921556 2.3364999999999987 -0.08624999999999916 -0.05156250000000062 -0.01 0.37548516666950216 0.11 2.2873529411764713 -1.51779411764703 -1.2038699690402481 -0.8490196078431478 -0.19999999999999996 -0.027554179566563912 0.1
83 26 0.9573437500000014 1.275867238562091 1.5325 -0.10500000000000001 -0.04970588235294081 -0.04 0.22528863190131243 0.11882352941176322 0.62 -0.4473651960784364 -0.294736842105262 0.050000000000000044 -0.10000000000000002 -5.112869192352694e-18 0.09705882352940812
83 27 0.7255882352941166 1.0303497140522875 1.295 0.192433155080215 0.2446241830065347 0.35411764705882487 0.30035208106782824 0.7835294117647096 0.49058823529411577 -0.6551470588235425 -0.17832817337461115 0.27999999999998804 0.03437500000000482 0.4123839009287945 0.7596405228758287
83 28 0.0775 0.079 0.08 -0.8425 -0.84 -0.83 0.15887982473934037 0.030000000000000027 0.009999999999999995 0.0 -0.005263157894736839 0.0 0.0 -0.01578947368421054 0.0
83 29 -0.6247058823529408 -0.5780441176470592 -0.5044117647058827 0.05 0.059375000000000414 0.06 0.20295429361496664 0.039999999999999994 0.4974264705882363 -0.35000000000000003 -0.26180340557275594 -0.11470588235293899 -0.06341911764707726 -0.021052631578947368 0.012500000000002787
