85 0 3.097499999999998 -2.431667279411767 -1.88483455882353 0.04887867647058828 0.18 0.2025 0.45973779834885276 0.5 3.0075367647058844 -2.609558823529464 -1.519756191950463 -0.5970588235294083 0.10000000000000009 0.2631578947368421 0.39963235294117616
85 1 -0.10250000000000001 -0.0813602941176472 -0.06 -0.22 -0.22 -0.2175 0.16283133929785973 0.010000000000000009 0.04250000000000055 -0.09999999999999995 -0.01695046439628544 0.0 0.0 0.005263157894736847 0.0
85 2 0.31565257352940984 0.7666421160130709 1.125 0.17 0.19 0.24 0.2804438378958222 0.26250000000000057 1.14 -1.055110294117672 -0.6 -0.019444444444437492 0.0 0.12236842105263186 0.20000000000000018
85 3 -0.042499999999999996 -0.042547794117647045 -0.02 -0.12761029411764652 0.000863970588235308 0.04 0.252723450857047 0.9443750000000014 0.17687500000000028 -0.04999999999999999 0.07730263157894751 0.15294117647058397 0.0 0.46577012383901034 0.6992647058823517
85 4 -0.47 -0.37527185457516316 -0.303758169934639 -0.05 -0.05 -0.04 0.18821411626424542 0.030000000000000006 0.24823529411764694 -0.050000000000000044 0.13065015479876152 0.30000000000000016 0.0 0.01578947368421053 0.009374999999990294
85 5 -0.05500000000000001 -0.003352941176470508 0.05823529411764798 -0.17 -0.135 -0.11 0.18028988074924893 0.08000000000000002 0.12000000000000001 -0.2 -0.06315789473684211 0.11176470588234677 -0.10000000000000002 -0.03931888544891571 0.0
85 6 -0.006764705882352019 0.05848161764705897 0.12294117647058773 0.06 0.07 0.18437500000000043 0.20183280338887627 0.23000000000000004 0.30235294117647094 -0.25 0.03808049535603736 0.2882352941176532 -0.17426470588233836 -0.10526315789473684 0.0
85 7 -0.040441176470587745 -0.042823529411764594 -0.03 -0.16 -0.13406250000000008 -0.10617647058823676 0.17039617941083116 0.11000000000000001 0.06999999999999999 0.0 0.03684210526315789 0.08529411764706125 -0.10000000000000009 -0.021052631578947368 0.09999999999999995
85 8 -0.12913157894736865 -0.07647408489520924 -0.04725000000000013 -0.23180555555555574 -0.20500000000000002 -0.18 0.2005814128214974 0.12 0.39526315789473715 -0.38078804347824846 -0.12908587257617743 0.028124999999997943 -0.10000000000000009 -0.015789473684210523 0.09999999999999995
85 9 -0.015882352941176008 0.012781250000000252 0.0625 0.08519301470588311 0.09 0.1 0.17317029828199687 0.03 0.16999999999999998 -0.049999999999999975 0.05789473684210527 0.16047794117647352 0.0 0.015789473684210527 0.0529411764706024
85 10 -1.1695312500000041 -0.5325255920550045 -0.12 -0.10716577540107047 -0.049833333333334284 -0.0075 0.32090029969726375 0.5070588235294122 1.2564705882352938 -0.3485294117647039 -0.5415634674922579 0.15 -0.3516544117647124 -0.1879256965944275 0.023333333333337314
85 11 0.0775 0.25802477240896343 0.5350595238095239 -0.07 0.06422222222222289 0.11 0.21846183865963426 0.21 0.465 -0.22647058823529598 -0.24473684210526314 0.0 0.0 0.10526315789473684 0.1977777777777712
85 12 1.3798529411764715 1.8409736928104585 2.3500000000000014 1.13 1.14 1.15 0.3279374528605467 0.2659999999999999 1.706 0.6000163398692981 0.8978947368421054 1.0941176470588276 0.0 0.13999999999999996 0.10000000000000009
85 13 -0.0225 0.5030296160130707 1.1069117647058824 -0.22 -0.08323529411764627 -0.06 0.2775891759705046 0.13 1.1600000000000001 -0.7630514705882633 -0.6052631578947368 -0.08823529411764273 -0.049999999999999906 0.06315789473684211 0.10000000000000002
85 14 1.5479411764705888 2.113994689542485 2.797794117647062 -0.3411764705882352 -0.115 -0.05 0.3910078501349648 0.4182352941176469 1.7305882352941184 0.0 -2.394427244582043 1.6558823529411648 -0.33823529411765335 -0.12074303405572834 0.44393382352940386
85 15 -1.8425 -1.4728237336601298 -1.318823529411763 -0.015 0.045 0.1023437500000004 0.3305460983298484 0.24000000000000002 1.2376470588235327 -0.502777777777782 0.6513931888544908 2.0941176470588276 -0.049999999999999975 0.07368421052631578 0.19999999999999998
85 16 -0.2725 -0.1878235294117647 -0.12 0.0075 0.015 0.03 0.17754143372956308 0.05 0.19 -0.20000000000000004 -0.07894736842105265 0.09999999999999974 0.0 0.02631578947368421 0.09999999999999999
85 17 -0.59 -0.4134811683006531 -0.261764705882352 -0.04 -0.02 0.0225 0.20403612507845445 0.07 0.49 0.15833333333333366 0.2578947368421052 0.38649918300653785 -0.09999999999999999 -0.03157894736842106 0.0
85 18 -0.17470588235294238 -0.15982352941176495 -0.14 -0.1855882352941184 -0.18 -0.18 0.1624196294802557 0.01999999999999999 0.07 -0.049999999999999906 0.010526315789473694 0.09999999999999995 0.0 -0.0052631578947368324 0.0
85 19 2.1635294117647055 2.1548722689075617 2.3417647058823534 -0.3264705882352951 -0.32 -0.32 0.2593073184632029 0.09470588235294289 0.9007843137254952 -0.9794117647058886 -0.4740970072239448 0.0 0.0 0.04984520123839099 0.03529411764706142
85 20 -0.042499999999999996 0.04610110294117627 0.125 0.06 0.06 0.07 0.1773551675723234 0.010000000000000009 0.14 -0.24705882352940814 -0.07368421052631578 0.049999999999999906 0.0 0.0 0.0
85 21 -0.18098039215686262 -0.2154617647058815 -0.05279411764705919 -0.2927205882352951 -0.1529411764705882 0.1294607843137252 0.3192545918368303 0.9425000000000006 0.9449999999999988 -0.09999999999999995 0.44473684210526254 0.5990196078431362 -0.6491666666666841 -0.4960526315789478 -0.297156862745096
85 22 -0.05 -0.03404779411764723 -0.01468750000000125 0.18328125000000106 0.2507720588235294 0.31117647058823517 0.19159521480855918 0.36624999999999946 0.04 0.0 0.021052631578947368 0.07647058823528552 -0.14852941176470402 0.10855263157894707 0.4000000000000069
85 23 -0.73 -0.7216764705882355 -0.71 -0.39 -0.3879411764705888 -0.36 0.15977797595893403 0.030000000000000027 0.030000000000000027 0.0 0.01578947368421054 0.01764705882353057 0.0 -0.01578947368421054 0.0
85 24 -0.22 -0.10853695820433354 -0.17867647058823521 -0.0925 -0.09 -0.09 0.23380371050728746 0.08000000000000002 0.8235294117647103 0.0 0.4334365325077422 0.526470588235296 -0.050000000000000044 -0.04210526315789474 0.0
85 25 -0.12 -0.11849999999999998 -0.1175 -0.03 -0.02 -0.02 0.15887982473934034 0.02 0.020000000000000004 0.0 0.010526315789473686 0.0 0.0 7.304098846218135e-19 0.0
85 26 -0.14 -0.1345 -0.13 0.07 0.08 0.09 0.15711484441559492 0.01999999999999999 0.010000000000000009 0.0 0.0 0.0 0.0 0.010526315789473679 0.0
85 27 -0.13632352941176384 -0.09890808823529416 -0.05 0.2814062499999986 0.3 0.3 0.16785048605957048 0.019999999999999962 0.11000000000000001 -0.10624999999999579 -0.01578947368421052 0.10000000000000002 -0.009374999999990363 -0.010526315789473665 0.0
85 28 -0.9642647058823547 -0.5315226715686286 -0.11 0.12867647058823467 0.20500000000000002 0.22 0.29633753504259036 0.28875000000000084 1.278750000000001 -0.9086397058823645 -0.6730263157894741 0.0 -0.34411764705882797 -0.15197368421052676 0.0
85 29 -0.07250000000000001 0.15601225490196066 0.44437500000000213 -0.0025 0.045 0.08249999999999999 0.24169126103035646 0.12 0.77 -0.21470588235292837 -0.38947368421052636 0.050000000000000044 0.0 0.05263157894736842 0.1
