38 0 -1.89 -1.8915 -1.89 -0.33 -0.33 -0.32 0.15622474745425777 0.010000000000000009 0.010000000000000009 0.0 0.0 0.0 0.0 -0.0022556390977425764 0.0
38 1 -1.3932954545454534 -1.1126612554112532 -0.85 -0.19 -0.18 -0.17 0.25383202989013326 0.03 1.0723809523809469 0.0 0.5591478696741807 0.7662337662337443 -0.049999999999999906 -0.015789473684210527 0.0
38 2 -1.687137445887444 -1.6695790043290035 -1.6669047619047617 -0.09 -0.08250000000000081 -0.07920454545454644 0.1669070025056555 0.01999999999999999 0.1204761904761893 0.0 0.06340852130325753 0.14924242424242062 -0.015909090909071097 -0.010526315789473679 0.0
38 3 -2.000616883116879 -1.9451331168831172 -1.8866666666666703 -0.27678571428571686 -0.16068181818181987 -0.13511363636363932 0.19579647745970913 0.20999999999999996 0.14904761904762154 -0.21666666666667833 -0.020551378446114793 0.1500000000000179 -0.16461038961035568 -0.10526315789473684 0.0
38 4 -1.5671428571428563 -1.5469967532467535 -1.5222619047619053 0.2 0.2 0.21 0.17163725319691325 0.039523809523810655 0.08413419913419817 -0.12857142857144566 -0.01629072681704138 0.20833333333333037 -0.09999999999999981 -0.015538847117795077 0.0
38 5 -0.7474999999999999 -0.07013095238095715 0.7340476190476193 -0.0558333333333322 -0.04 -0.02 0.3085842793639019 0.08911255411255607 1.6 -1.4166666666666614 -0.8421052631578947 -0.15238095238094607 -0.1 -0.016040100250625976 0.04318181818183359
38 6 -1.78 -1.742595238095238 -1.6926190476190448 -0.1 -0.08499999999999999 -0.0075 0.17474620692707435 0.11 0.1200000000000001 0.0 0.05789473684210531 0.10000000000000009 0.0 0.05789473684210349 0.1
38 7 -2.079642857142856 -2.0628095238095225 -2.03 0.12 0.12119047619047506 0.13 0.17046389363810746 0.03 0.15095238095237917 0.0 0.06892230576441008 0.11904761904762529 -0.011904761904750621 -0.010526315789473679 0.0
38 8 -1.57 -1.57 -1.57 0.24 0.24 0.24 0.1544546959308694 0 0 0.0 0.0 0.0 0.0 0.0 0.0
38 9 -1.6728571428571444 -1.5448160173160197 -1.5295941558441635 -0.18964285714285628 -0.14095238095238039 -0.06 0.2317331604019759 0.24 0.6380952380952392 -0.36753246753248203 -0.30025062656641716 0.10000000000000009 0.08095238095237517 0.1263157894736824 0.16904761904760784
38 10 -1.85 -1.8500000000000003 -1.85 -0.2425 -0.24 -0.24 0.15533972169256358 0.010000000000000009 0 0.0 0.0 0.0 0.0 0.005263157894736847 0.0
38 11 -0.811071428571432 -0.711742424242426 -0.5420616883116902 -0.07329545454545355 -0.049318181818183364 -0.02 0.24395862078298686 0.16999999999999998 0.830952380952382 -0.5531385281385187 -0.4373433583959905 -0.2785714285714458 0.0 0.0894736842105263 0.17218614718616138
38 12 -1.71 -1.5044826839826844 -1.3075541125541124 -0.0325 -0.02 -0.01 0.21051536609495144 0.03 0.602727272727273 -0.4400432900432971 -0.3119617224880384 -0.20000000000000018 0.0 0.010526315789473684 0.05
38 13 -1.2879761904761935 -1.1831948051948065 -1.0328571428571423 -0.12 -0.11 -0.1 0.2142342343404761 0.09 0.5400000000000034 -0.4788961038961026 -0.28421052631579125 -0.11904761904762529 0.0 0.042105263157894736 0.09999999999999988
38 14 -1.87 -1.8699999999999999 -1.87 -0.25 -0.24 -0.24 0.1562247474542578 0.01999999999999999 0 0.0 0.0 0.0 0.0 -0.010526315789473679 0.0
38 15 -0.8060227272727298 -0.8344231601731622 -0.77 -0.39 -0.38 -0.37 0.21716123514094232 0.1614285714285782 0.5328571428571565 -0.14999999999999958 -0.280451127819556 0.0 0.0 0.08496240601504115 0.08409090909092892
38 16 -1.55 -1.5340000000000003 -1.5274999999999999 -0.05428571428571513 -0.045 -0.017499999999999998 0.16611374130892967 0.060476190476189344 0.06000000000000005 -0.10000000000000009 -0.03157894736842108 0.0 -0.09999999999999999 0.0002506265664154461 0.04999999999998308
38 17 -2.05 -2.0078409090909086 -2.0175 -0.47 -0.46377705627705523 -0.45940476190476165 0.1988887249878992 0.2400000000000034 0.2599999999999998 0.0 0.1368421052631578 0.10000000000000009 0.0 0.12631578947368602 0.09318181818183308
38 18 -1.66 -1.6549999999999998 -1.65 0.0 0.0 0.0 0.15711484441559498 0.01 0.020000000000000018 0.0 0.005263157894736847 0.0 0.0 0.005263157894736842 0.0
38 19 2.8049999999999997 2.8889274891774894 2.976785714285715 0.04 0.05 0.05 0.18017083669437514 0.04 0.25 -0.24999999999998135 -0.01052631578947346 0.18809523809523387 0.0 -0.015789473684210527 0.0
38 20 -1.3598809523809552 -1.3374047619047624 -1.3292045454545465 0.0675 0.08 0.08 0.173934894015879 0.05047619047618934 0.16999999999999993 -0.1444805194805443 -0.08947368421052627 0.0 0.0 0.026566416040099655 0.049999999999999975
38 21 -1.63 -1.6299999999999997 -1.63 -0.11 -0.1 -0.1 0.1553397216925636 0.009999999999999995 0 0.0 0.0 0.0 0.0 -0.005263157894736839 0.0
38 22 -1.4378571428571412 -1.2478419913419923 -1.03 -0.02 0.04 0.05 0.20288843749086083 0.08809523809523924 0.45999999999999996 -0.35833333333334716 -0.2105263157894719 0.050000000000000044 0.0 0.03157894736842105 0.0
38 23 -1.725 -1.6742857142857144 -1.63 -0.6 -0.5981709956709965 -0.59 0.18372136138571687 0.020000000000000018 0.31047619047618946 -0.20000000000000018 -0.16340852130325761 -0.10000000000000009 -0.01590909090907089 -0.010526315789473694 0.0
38 24 -2.2512500000000006 -2.1388138528138536 -2.07456168831169 0.0959523809523804 0.11 0.14500000000000002 0.20497871901584833 0.15 0.4204761904761891 -0.3722943722943983 -0.17393483709273122 0.0 -0.10000000000000009 -0.07894736842105261 0.0
38 25 2.557840909090908 2.718617965367965 2.8676136363636395 0.0075 0.025952380952380387 0.042499999999999996 0.189824115816323 0.04 0.3404761904761897 -0.1669913419913449 -0.15288220551378204 0.06590909090907093 -0.05 -0.021052631578947368 0.0
38 26 -1.6872619047619068 -1.5209285714285732 -1.5248376623376676 -0.02 -0.01 0.0025000000000025375 0.24232605497023094 0.11095238095238208 0.871428571428568 -1.014285714285691 -0.45338345864661483 0.10000000000000009 -0.07500000000000809 0.026566416040099655 0.10238095238094672
38 27 -2.4988095238095225 -2.1852575757575754 -1.987142857142851 -0.21 -0.2 -0.1975 0.25964235017536846 0.07999999999999999 0.5680952380952462 -0.43170995670994916 0.2989974937343401 1.183008658008684 -0.0931818181818013 -0.031578947368421054 0.0
38 28 -1.64043831168831 -1.2594015151515126 -0.9644047619047617 -0.11309523809523839 -0.0950000000000017 -0.06553571428571216 0.24571595110309125 0.10999999999999999 0.9000000000000034 0.1959956709956967 0.4736842105263175 0.5617965367965427 -0.17023809523809852 -0.057894736842105256 0.0
38 29 -0.32 -0.3196829004329006 -0.32 -0.88 -0.87 -0.8628571428571437 0.15687031819384828 0.020000000000000018 0.0072943722943686895 0.0 0.00025062656641544904 0.0 0.0 -0.010526315789473694 0.0
38 30 -2.13 -2.1300000000000003 -2.13 -0.05 -0.05 -0.05 0.1553397216925636 0.010000000000000002 0 0.0 0.0 0.0 0.0 -0.005263157894736843 0.0
38 31 -1.66 -1.6243409090909098 -1.6167045454545466 0.1975 0.2 0.21 0.17125842944024997 0.04952380952380725 0.1404761904761893 -0.15238095238094718 -0.05288220551378383 0.0 0.0 0.015789473684210527 0.038095238095249284
38 32 -0.9792857142857168 -0.961309523809524 -0.9303571428571421 -0.3930952380952384 -0.37 -0.35750000000000004 0.16678355915695836 0.0695238095238106 0.06952380952381065 -0.09999999999999953 -0.03659147869674245 0.0 -0.08571428571430229 -0.03659147869674242 0.0
38 33 -1.76 -1.7615000000000003 -1.76 0.1275 0.13 0.13 0.1562247474542581 0.010000000000000009 0.01000000000000334 0.0 0.0052631578947386 0.0 0.0 0.0 0.0
38 34 -1.5725811688311662 -1.3603495670995656 -1.1375 -0.0625 -0.05 -0.04 0.20791481182694335 0.06999999999999999 0.5299999999999998 0.09999999999999898 0.27894736842105256 0.4690476190476256 0.0 0.01578947368421053 0.09761904761903628
38 35 -1.67 -1.6700000000000004 -1.67 -0.19 -0.19 -0.19 0.1553397216925636 0.010000000000000009 0 0.0 0.0 0.0 0.0 0.0 0.0
38 36 -2.52154761904762 -2.328429653679655 -2.2109090909090927 -0.2129761904761936 -0.06568181818181987 0.10329545454545357 0.29903925687351857 0.7304761904761894 0.9019047619047575 -0.6018398268398228 -0.4220551378446055 -0.12857142857144677 -0.5626623376623424 -0.38446115288220495 -0.17218614718617825
38 37 -0.54 -0.5075357142857144 -0.5070616883116902 -0.88 -0.8606818181818199 -0.785909090909093 0.21828441117399913 0.56 0.17000000000000004 -0.06590909090909841 -0.07368421052631406 0.011904761904767414 -0.18809523809524886 -0.29473684210526135 -0.01904761904760799
38 38 -1.9797727272727261 -1.8189242424242429 -1.65 -0.5142857142857169 -0.28041125541125933 -0.10750000000000001 0.2515655706975244 0.6900000000000034 0.3999999999999999 -0.3690476190476233 -0.14210526315789299 0.0 -0.5360389610389769 -0.36315789473684384 -0.15000000000000008
38 39 -1.88 -1.600977272727275 -1.3133279220779266 -0.1325 -0.017500000000000807 0.0 0.25729469549882944 0.13 0.9904761904761892 -0.9715367965367494 -0.4949874686716786 0.049999999999998934 -0.09999999999999995 -0.06842105263157716 0.0
38 40 -1.7 -1.694313852813853 -1.6875 -0.1925 -0.135 -0.090357142857142 0.1713239818304405 0.13 0.040000000000000036 -0.09318181818180116 -0.010526315789473694 0.04361471861471733 0.0 0.06842105263157897 0.1190476190476078
38 41 -1.8725 -1.7484848484848485 -1.63 -0.02 -0.01 -0.004999999999999999 0.19007262929100321 0.02 0.3604761904761893 -0.24761904761905984 -0.15288220551378218 0.0 -0.015909090909098256 0.010526315789473684 0.04999999999999999
38 42 -1.635238095238093 -1.626377705627706 -1.61 -0.025 0.07568181818181988 0.1 0.17585248782245114 0.18952380952381065 0.04047619047619255 -0.13365800865799637 -0.0213032581453645 0.07857142857141008 0.0 0.08922305764411265 0.2
38 43 -1.67 -1.668 -1.67 -0.08 -0.08 -0.08 0.15622474745425777 0.009999999999999995 0.010000000000000009 0.0 0.005263157894736847 0.0 0.0 0.0 0.0
38 44 -1.7725000000000002 -1.673858225108225 -1.5725 0.0 0.01 0.01 0.18452435401697878 0.03 0.17904761904762467 -0.04761904761903635 0.09423558897243405 0.2500000000000169 0.0 -0.01578947368421053 0.0
38 45 -2.7048809523809556 -2.335154761904764 -1.9253571428571437 0.036477272727270194 0.04309523809523923 0.06 0.2421961425219171 0.06 0.9199999999999997 -0.811363636363629 -0.4736842105263159 -0.10000000000000009 -0.03181818181819061 0.0 0.05000000000000001
38 46 -1.524285714285717 -1.3764751082251097 -1.2575 -0.18079545454545357 -0.15363636363636352 -0.14 0.20066518995705176 0.07 0.4504761904761927 -0.4136363636363327 -0.2370927318295751 0.0 0.0 0.0368421052631579 0.08409090909092878
38 47 -1.75 -1.7454761904761902 -1.74 0.03 0.03 0.04 0.15622981865390081 0.010000000000000002 0.010000000000000009 0.0 -0.005263157894736847 0.0 0.0 0.0 0.0
