4 0 -0.010000000000000231 0.006526858928401281 0.03000000000000025 0.0275 0.06 0.07 0.17343395319847632 0.13 0.05141262135922641 -0.09999999999999787 -0.027059274399592846 0.049999999999998934 -0.08769439644530273 0.01504598875830177 0.05820147360794194
4 1 0.15750000000000008 0.17162410849513648 0.18999999999999995 -0.17 -0.17 -0.16 0.1645333507631186 0.01999999999999999 0.09374356389298916 0.0 0.04407555994367838 0.10000000000000009 0.0 0.0052631578947368324 0.0
4 2 3.0475 3.071205687035431 3.0966783716998307 -0.33 -0.295 -0.27 0.1698868344931703 0.07 0.07000000000000028 -0.10000000000000231 -0.036842105263158044 0.01910524466308905 -0.02360764754779171 0.0368421052631579 0.10000000000000009
4 3 0.1035819391025161 0.12038380000404761 0.13035459812212757 0.06884658001279695 0.09024070021881733 0.12351744496212248 0.17055555815092488 0.11 0.045370570440794705 -0.10709196244254482 -0.002826616021470876 0.09794941411833104 -0.11918259798089872 0.02130600023033403 0.15384578895120854
4 4 -0.1324999999999994 -0.10358314431514622 -0.08000000000000052 0.13 0.15 0.15709957955299844 0.169912406784637 0.046132772737331254 0.10473559485671657 -0.09999999999999787 -0.05263157894736917 0.0 -0.05688828763560548 -0.02428040670385856 0.0
4 5 -0.006275680757713355 0.004219425192408917 0.03000000000000025 0.07155976570974096 0.16260020056827673 0.28586610408348523 0.19630886801643532 0.34489727696914785 0.1078937168591703 -0.12046898693046912 -0.05678616676798437 0.0 0.04010021860472841 0.13934564464264057 0.2907460610422886
4 6 0.2684070894112208 0.6816439199781191 1.1658435208222948 -0.27 -0.19227315671377262 -0.15018029099599345 0.31871924126019235 0.12999999999999998 1.1 -1.5682414017085617 -0.5789473684210528 0.2769484278970047 -0.09999999999999981 0.02631578947368421 0.1311171179356821
4 7 -0.04249999999999954 -0.03154429869287347 -0.020731636631890055 -0.011371939438648343 0.09035980062995551 0.25128207909227424 0.1936425130696115 0.39 0.02999999999999936 -0.02679900314977699 -1.460819769243627e-18 0.057062057410498856 0.0 0.15789473684210523 0.33141955870729334
4 8 -0.0900000000000003 -0.033190840839641536 0.010000000000000231 -0.33 -0.23913523080773724 -0.13845143518358424 0.1981888304476643 0.34 0.15000000000000036 -0.09999999999999787 0.036842105263158044 0.12861225620951577 0.0 0.17894736842105263 0.2913523080773722
4 9 0.009552408361098176 0.07070085823137731 0.12445566690630872 0.051214554765532445 0.13432474677599326 0.17103218509227744 0.18753841617940414 0.1253333040576172 0.16999999999999993 -0.2380965765057414 -0.08947368421052627 0.0 -0.33190331046087296 -0.057894736842105256 0.10937145477333612
4 10 0.14000000000000012 0.25675550330266794 0.5303608894799059 -0.1008583956168298 -0.06531080937765335 0.05710002606299663 0.2548747722256455 0.18 0.9024575675775635 -0.18326483202286692 0.23287240398819128 1.1332090759288915 -0.08283208766340429 0.06638598320210291 0.06562775397321141
4 11 0.03368764921555107 0.05649909834562796 0.08250000000000013 -0.0438123507844491 0.07522546058662159 0.09711440010501476 0.18821533667424686 0.20625349363382267 0.09999999999999964 -0.10000000000000009 -0.047368421052631504 0.07213048986484658 -0.2541181730470243 -0.1060500347003263 0.09999999999999995
4 12 -0.024481665887020804 -0.010454978787354382 0.010000000000000231 0.10002395209581015 0.22711739635800016 0.29838503179239956 0.19278993102118896 0.31 0.07695021684134443 -0.12007807889599709 -0.04050011412702338 0.08089219007905957 -0.24837125760593354 -0.008367824407937374 0.3003917640253881
4 13 0.03000000000000025 0.03893187581643899 0.050000000000000266 -0.3353935127636026 -0.21735346081895546 -0.009259351377498034 0.1987448777995295 0.44475221790961905 0.04999999999999982 -0.02353460818955412 0.004707053226670809 0.050000000000001155 0.1484705759905139 0.21814300029754594 0.3
4 14 -0.010000000000000231 -0.002450839558204844 0.0012993539712728343 -0.028898061913818412 0.067581770163201 0.11 0.18153307735463314 0.25562121465618165 0.0456212146561818 -0.050000000000001155 -0.008221691924306078 4.440892098500626e-15 -0.029413426931201025 -0.0023046238651675747 0.2045249693188389
4 15 -0.002500000000000391 0.023628061503547806 0.050000000000000266 -0.15 -0.12594190665342475 0.06551151761517583 0.1863944671256313 0.28 0.08000000000000007 0.0 0.03684210526315804 0.09999999999999787 -0.08491924073006293 0.1 0.10712515883100335
4 16 -0.031780067867195776 0.05698366453722899 0.15499999999999992 0.12846500479386366 0.17082399382326358 0.23869264813884128 0.20073518982631153 0.26 0.1599999999999997 -0.27922740767388543 -0.07823559437386658 0.09999999999999787 -0.09290777394740074 0.07510775862068779 0.1947162313361015
4 17 -0.020000000000000018 0.012005505382550342 0.04099534061696598 0.10922462058216056 0.13 0.15987263020266812 0.18251090077179186 0.17074254775131942 0.13243839021240272 -0.10000000000000453 -0.0697044159012646 0.0 -0.050000000000000044 0.039538536618522815 0.1261781184477357
4 18 -0.020000000000000018 -0.01643938353279519 -0.010000000000000231 -0.0833143262801133 -0.06 -0.03830522842872214 0.17827592224126892 0.18688635941574944 0.0600000000000005 -0.09999999999999787 -0.03157894736842132 0.0 -0.11824851197341274 0.00691205326791027 0.16876729103359958
4 19 -0.062499999999999556 -0.05645271468696248 -0.04378771665927214 -0.05 -0.04 -0.03 0.16380579774610435 0.04562049222990539 0.0600000000000005 0.0 0.02428037159101323 0.06216246807796689 0.0 0.002958153805213363 0.0
4 20 0.050000000000000266 0.05777767424361602 0.07000000000000028 -0.1825 -0.14 -0.05844644587333715 0.17758482038491843 0.16999999999999998 0.09079853657061586 0.0 0.03726238766874518 0.09999999999999787 0.018239892785337775 0.08947368421052633 0.10000000000000009
4 21 -0.12999999999999945 0.008450616516819876 -0.05392530989289131 -0.21473962846150915 -0.16101244835118486 -0.14 0.24002048458496186 0.16999999999999998 0.7877495952509441 -0.5750941961353742 -0.3842105263157895 0.025447872428091614 -0.09999999999999995 0.027785920805901244 0.18628700387238906
4 22 -0.011118933394671016 -0.002766302408672424 0.010000000000000231 -0.07242732311040137 0.014075527556887003 0.10028831702304697 0.1848720183779985 0.2885356303837123 0.04292873923257528 -0.08921981167868101 -0.0037217161933813378 0.047136411594753055 0.0654807285048632 0.1360713844124802 0.22061438765043936
4 23 -0.07534793423527317 -0.04515585815751244 -0.01750000000000007 -0.07250000000000001 0.005 0.06 0.18697220081282684 0.27 0.04999999999999938 -0.06521109106224249 0.01052631578947346 0.08806787766316869 0.0 0.13157894736842105 0.424355706008107
4 24 -0.16580482853303935 -0.14171842879166058 -0.12145312371007501 -0.025 0.1130472942246406 0.22 0.19726845699155937 0.3623627494456755 0.07808250050892782 -0.18200835869713952 -0.041096052899435694 0.1217830950440707 0.0 0.09268136234172697 0.22980538853123392
4 25 -0.20582062887089211 -0.15208205575309916 -0.10854609096034584 0.0275 0.035 0.058085338040369305 0.17894153614258096 0.08 0.13455929693536095 -0.11764167659105193 -0.0708206825975584 0.011138671940463599 -0.1102549171842788 -0.020124835653390072 0.09999999999999998
4 26 0.03000000000000025 0.03466860520337393 0.0510404495582787 0.23152262931034817 0.3 0.3213363244176017 0.18811398399581847 0.28753235006485817 0.05536731685578083 -0.07919100883442907 -0.029140693081989907 0.0 -0.06249513254677985 0.06268556682099592 0.19400182667650812
4 27 0.06750000000000023 0.12467399590602417 0.1702828503374348 -0.16276629570747195 -0.1101183759265404 0.03546158239644169 0.1974021884637048 0.30000000000000004 0.17011837592654033 -0.10000000000000231 0.00526315789473673 0.15164077983266425 -0.1466525924070662 0.08982604290451934 0.21310902883162772
4 28 -0.17098487206085713 -0.1721969744121717 -0.17000000000000037 -0.14 -0.14 -0.12 0.16032258181633646 0.05606051175657285 0.009999999999999787 0.0 -0.0020734148649616184 0.0 0.0 0.0295055325034594 0.01964880572683632
4 29 -0.059999999999999165 -0.010822847505087154 0.032500000000000195 -0.11000000000000001 -0.08200713004680338 -0.05864611624117374 0.19471299661444497 0.26941507870336595 0.13521989582974 -0.18003812164269645 -0.023568475879084522 0.07292232482347324 -0.07707767517652515 0.11830531798434725 0.3162220178586277
4 30 0.004335460040296806 0.009571530386665104 0.011412498586559822 0.03622395920893968 0.055046550754177664 0.08265045714859873 0.17343579006898782 0.19327664649498738 0.010000000000000675 0.0 -0.005263157894736963 0.021096933064690498 -0.09999999999999995 0.05122238642873668 0.10535976121113934
4 31 -0.24000000000000066 -0.23266340664280855 -0.2199999999999993 -0.06 -0.045 -0.032601843317972244 0.16422439483613918 0.06683175993068029 0.040000000000000924 -0.06699669531857383 0.00526315789473673 0.09999999999999787 0.0 0.029911452595094885 0.06687219691857066
4 32 -1.7099999999999995 -1.6932734587803104 -1.6800000000000002 -0.05 -0.04 -0.03 0.19133234965274784 0.32999999999999996 0.0600000000000005 -0.022073405866960272 0.03157894736842132 0.0 -0.10000000000000002 -0.17368421052631577 0.0
4 33 -0.14249999999999918 -0.11658471090234741 -0.09439056655414686 0.046495299159495844 0.07850315776397988 0.1145729556305689 0.1826475802833527 0.2250021267545713 0.06999999999999851 -0.10000000000000675 -0.008849828622646067 0.0 -0.2512372712461668 -0.0028641559971089568 0.1499999999999999
4 34 0.0900000000000003 0.10002755260527016 0.11000000000000032 -0.15527578997341432 -0.0726342485198893 -0.023776130243763967 0.18929010189674303 0.33999999999999997 0.050000000000000266 -0.04770700392323572 0.021052631578947392 0.10000000000000009 0.051744559722727394 0.07697754707000538 0.2490753206008861
4 35 -0.1825000000000001 -0.059359240989713624 0.040000000000000036 -0.08639157213754256 -0.03493766145098165 0.006724824200609863 0.19016680007551698 0.12 0.2699999999999996 -0.20487681550236295 -0.14210526315789454 -0.02121256239600782 -0.15353615857094285 5.843279076974508e-18 0.12121256239600733
4 36 -0.2615108898984514 -0.18096041958369483 -0.11999999999999966 0.015 0.065 0.1375 0.1945836559470854 0.22000000000000003 0.21382116364286186 -0.2001628412376942 -0.10201113875940121 0.0 -0.19999999999999998 -0.11052631578947371 -0.028181413961768445
4 37 -0.11249999999999982 -0.09042618492699318 -0.0736484670515634 -0.46 -0.41986462273541697 -0.35750000000000004 0.18185773782359238 0.15999999999999998 0.08000000000000007 -0.08549286425489681 -0.021052631578947854 0.017197485232659862 -0.15058220655139398 0.03527207973075612 0.18598742616330072
4 38 -0.0008626929449721548 0.04560117103319789 0.10000000000000009 0.05 0.095 0.12 0.18113530206293654 0.10374678001030448 0.1899999999999995 -0.1204378148004584 0.03157894736842038 0.1309518716577554 -0.10000000000000009 -0.003291168415629231 0.08041891187207127
4 39 0.020000000000000018 0.031869573514923866 0.050000000000000266 0.060000000000000005 0.16724906367041262 0.2130203909732244 0.19592773441878805 0.23810117727087288 0.04787423809359674 -0.041714424631539744 0.017325247835769938 0.09999999999999787 -0.3057225909380813 -0.12531640908993308 0.21582321061484347
4 40 1.1775000000000002 1.2171926055600093 1.2563891479784268 0.1975 0.27 0.3075 0.19718201484732226 0.26172497700228353 0.2017249770022833 -0.18470801779999713 -0.08511840894857015 0.0 -0.20000000000000004 -0.004355275261956034 0.14999999999999986
4 41 0.1499999999999999 0.15855830537219592 0.16618770026816826 -0.31 -0.3 -0.3 0.16295051242102704 0.050000000000000044 0.025680857675574653 -0.06557801930821741 0.00526315789473673 0.10000000000000231 0.0 0.02105263157894739 0.06052935122923514
4 42 -0.18725516120654712 -0.07742621129720356 0.1725 0.11 0.11794654967785662 0.1525 0.25999787656830725 0.11000000000000001 1.0738371656303471 -0.17921039160481447 0.4517874274308627 0.899765270986214 -0.10000000000000009 -0.026315789473684223 0.049999999999999975
4 43 2.6845698333965933 2.8927058990952546 3.1240074331277867 -0.39 -0.38 -0.3712182564341132 0.2133758427700929 0.030000000000000027 0.5020572677304473 -0.24297312342234978 -3.075126166948847 0.41810956923275855 -0.10552335365168725 -0.005263157894736847 0.08797756433231635
4 44 -0.11999999999999966 -0.06330866216038873 0.01726524320621211 0.10107823926730007 0.19823025689819224 0.2736280991883071 0.20944271209165782 0.4095201527098019 0.18999999999999906 -0.18022720014600133 -0.09265549475221074 0.0 -0.3140394544273173 0.013178962149828622 0.368506669414579
4 45 -0.0900000000000003 -0.08442299019640032 -0.08000000000000052 -0.07047601172009889 0.002955857385398548 0.08438485027581055 0.18223480178614881 0.2630879034857487 0.043087903485747786 -0.04661236149628413 0.022677843939867257 0.09999999999999787 0.07786683348320653 0.13320415972934144 0.1992956176334379
4 46 0.06000000000000005 0.05742985994666168 0.07000000000000028 -0.03236582694413954 0.10205097323128239 0.230187014925374 0.19571243510876557 0.3065098950882211 0.13818880910907963 -0.06878944418678902 -0.07273095216267349 0.0 -0.044503768371834326 0.12137038436682818 0.31384538822689334
4 47 -0.08757022897508462 -0.0012818779560944016 0.07140377865900935 -0.346527217980938 -0.31071062740077166 -0.26847839560828757 0.18776857860338814 0.11608641756684979 0.2200000000000002 -0.24203707874962388 -0.1105263157894739 0.0 -0.1496857209667908 -0.02425600924571041 0.10000000000000009
4 48 -0.018753419439734083 -0.0002709862641726027 0.010485979228486424 -0.1604859792284862 -0.1 -0.08 0.171095330329789 0.11000000000000001 0.04999999999999982 -0.09989880715266235 -0.026315789473684115 0.0 0.0 0.05789473684210527 0.10000000000000002
4 49 -0.6066295571163224 -0.31073128567726416 -0.006239620166266533 0.35750000000000004 0.39017864251643514 0.4025 0.24580674570301494 0.18270078988339436 0.39000000000000057 -0.16900394969810495 0.1652723780973334 0.3320748017877201 -0.16839420712268516 -0.09615831046494441 0.132578280993349
4 50 -0.8299999999999992 -0.3584971181648363 0.13309714364564396 -0.6875 -0.615 -0.5895062197959552 0.32549428456549095 0.15966016186105092 1.7130585432505425 -1.1172967055130707 -0.9016097596055488 -0.6330659867621591 -0.19775280898877534 -0.08403166413739523 0.0
4 51 0.02750000000000019 0.048002561677274444 0.07000000000000028 -0.191020651741473 -0.19 -0.17750000000000002 0.16453002513698503 0.04383025458211881 0.07000000000000045 0.0 0.03157894736842117 0.09999999999999787 0.0 0.012542239253746748 0.039564307740053845
4 52 -2.1199999999999997 -2.1469995759071296 -2.11 -0.21 -0.2 -0.2 0.19052023917377828 0.06 0.3500000000000014 0.0 0.1842105263157902 0.20000000000000462 -0.050000000000000044 -0.03157894736842106 0.0
4 53 -0.03323287528628047 -0.005734546104600435 0.05250000000000021 -0.18533579115185161 -0.16389698719105242 -0.14 0.18698248940291348 0.10691095842876025 0.15235616628495932 -0.05693228677765859 0.04612833353423204 0.18458607940844468 -0.16008390762226182 0.04047945180461065 0.021114035711737728
4 54 -0.23109496843668714 -0.16060416170394504 -0.09107408201698843 -0.14 -0.09 -0.02897921760391233 0.18669684777268372 0.13999999999999999 0.2255513871520578 -0.1780564129468576 -0.11871125639581989 -0.05148372081200704 -0.10000000000000002 -0.07368421052631578 0.0
4 55 0.20000000000000018 0.20716605626538748 0.21514150581673275 -0.14013899184581158 -0.14 -0.14 0.159769639758518 0.01999999999999999 0.040000000000000036 0.0 0.015789473684210423 0.01961886325717116 0.0 0.0052631578947368324 0.0
4 56 0.0900000000000003 0.0907829929899291 0.0900000000000003 -0.01 -0.01 -0.01 0.1575751314979337 0.009591378351300927 0.020000000000000018 0.0 0.005263157894736963 0.0026311158046490174 0.0 0.0022863214154702524 0.0
4 57 0.004038735080549541 0.03578275390127609 0.06163581856100184 -0.018332676475739645 0.11714338410797051 0.19315028641212476 0.19781115885336123 0.4133830932889724 0.050000000000000266 -0.050000000000001155 -0.02631578947368435 0.0 0.0 0.15140519026574392 0.3351742738167769
4 58 -0.8997677052225574 -0.5021828498958179 -0.11969592763246878 -0.0325 0.0 0.0025 0.2656877423922151 0.07186175743017867 1.1100000000000012 -1.1495149198092058 -0.5842105263157901 0.0 -0.08853428674993402 -0.03157894736842106 0.0
