46 0 0.6804066000000003 1.3904014200000003 2.112906 0.13100865000000006 0.2405396999999999 0.4118580999999999 0.3618178481659011 0.4935452 1.6726151999999992 -1.1680800000000024 -0.8803237894736838 0.19970400000000055 -0.39925100000000047 -0.24546536842105257 0.0020409999999992934
46 1 0.8155678999999999 0.89462054 0.8505004000000003 0.25251094999999996 0.26091830000000016 0.2797661500000001 0.2174773816187674 0.08776300000000004 0.6259275999999994 0.016642000000000046 0.3294355789473681 0.17709600000000103 0.017741000000000007 0.046191052631578966 0.06028799999999945
46 2 2.3114325 2.624671364 2.8787363 -0.27092705000000006 -0.18617059999999996 -0.07690645000000002 0.2936281201309968 0.48538119999999996 0.9306708800000001 -0.8829680000000018 -3.1653315368421056 0.39344199999999496 -0.452631 -0.11560157894736844 0.2761630000000004
46 3 1.8933258 1.8981268600000003 1.8996057999999998 -0.23894614999999997 -0.2315279 0.0014679500000000512 0.2176801446684489 0.6544387999999999 0.03158839999999952 -0.025748000000000992 0.011403157894737174 0.052751999999998134 0.034068999999999905 0.3444414736842104 0.62172
46 4 -0.5678062 -0.5189007 -0.47771960000000013 0.12468940000000012 0.1714597000000001 0.19781999999999994 0.19039208019010503 0.12823760000000006 0.12465800000000016 0.027946000000000915 0.026045473684210372 0.16516399999999987 -0.2833849999999982 -0.06749347368421056 0.06405600000000011
46 5 2.9575817000000004 3.0178169480000006 3.0496151000000005 0.38588244999999993 0.47578849999999995 0.5143634000000001 0.20055986465934075 0.2876553999999998 0.22780700000000031 -0.08603600000000267 -0.04128604210526384 0.10205000000000464 0.07378999999999802 0.13981263157894736 0.20833900000000072
46 6 -0.1872853000000001 -0.17832374 -0.17271569999999992 -0.05787020000000004 -0.05683399999999994 -0.05507559999999995 0.1598761264079395 0.006531199999999959 0.030206799999999756 -0.031714000000000464 0.015898315789473556 0.048983999999998584 -0.010048000000000279 0.0009915789473684193 0.012873999999999386
46 7 -0.31693589999999994 -0.28589072 -0.24725929999999996 -0.015017049999999976 0.029453199999999957 0.0496277 0.18863112583214345 0.1797964000000003 0.19913879999999962 -0.11994799999999861 0.030805052631578927 -0.000628000000000295 -0.042861000000000704 0.07274884210526321 0.17317100000000196
46 8 2.7566688000000004 2.81733988 2.8671968000000003 0.47435194999999997 0.5823130000000001 0.6650834 0.2381585531480667 0.3004351999999999 0.4112771999999989 -0.3545059999999989 -0.21646168421052572 -0.05086800000000391 -0.4071010000000008 -0.11241199999999998 0.30709200000000436
46 9 0.25565879999999996 0.2865783800000001 0.32877370000000006 0.42262829999999996 0.4944872 0.5292783999999998 0.19020376542704778 0.2730543999999999 0.12823759999999984 -0.1036199999999976 -0.06749347368421044 -0.029201999999999284 -0.0585609999999992 0.08613515789473675 0.29359000000000135
46 10 -0.5053359 -0.4956113200000001 -0.4856952000000003 0.12657340000000006 0.1333243999999999 0.15335760000000004 0.1749625338952006 0.1921366000000002 0.03554479999999982 -0.00847799999999621 -0.0014543157894736662 0.0320279999999995 0.018996999999998376 0.10112452631578958 0.07787199999999994
46 11 1.8748626000000002 2.2351305 2.6331883000000005 0.14884384999999983 0.32899350000000005 0.40149609999999997 0.33529499073851265 0.3926255999999997 1.6376355999999994 0.7174900000000051 0.8619134736842102 1.0327460000000022 0.04568700000000092 0.20664505263157879 0.4328490000000007
46 12 -0.7677614 -0.6702926600000001 -0.5592183000000003 0.09059684999999995 0.12079580000000001 0.14294065000000006 0.1931222375709968 0.09479660000000023 0.3305792000000003 -0.333467999999999 -0.15762800000000007 -0.01852600000000315 -0.05824700000000016 -0.00335484210526339 0.0660969999999983
46 13 -2.2676766 -1.7771988660000002 -1.1736377999999998 0.7049378499999999 0.8960932000000001 1.0400308000000003 0.4216583557420797 0.703203 2.0985624800000005 -1.7741000000000007 -1.1045065684210529 -0.5586060000000015 0.06594000000000211 0.19461389473684199 0.6220340000000002
46 14 0.0038935999999996085 0.01336383999999986 0.021870100000000114 0.3826639500000002 0.3852780000000001 0.38884975000000016 0.1576469431945637 0.013439199999999873 0.022608000000000406 0.0 0.01100652631578962 0.024178000000001365 -0.00015699999999951864 0.0062469473684210654 0.015071999999999308
46 15 2.9776777 2.9834961200000008 2.9865482000000005 0.49535854999999995 0.5219621999999999 0.5803190999999999 0.16923602658055087 0.07463780000000009 0.051998399999999556 -0.031714000000002684 -0.025153052631578725 0.021666000000002406 -0.12136099999999983 -0.035201052631579 0.012246000000000201
46 16 -2.613422 -2.58391385 -2.58913567 0.22592299999999987 0.22860769999999997 0.23309790000000008 0.18260949773335347 0.09966359999999996 0.2193603999999998 0.00031399999999903727 0.11545284210526305 0.07300500000000154 0.0 0.05245452631578945 0.04474499999999826
46 17 -3.12554815 -3.0999216680000004 -3.04100679 0.14813735 0.15820889999999999 0.2985355000000001 0.213005100603672 0.3616337999999999 0.30711712 -0.2936841999999995 -0.1306041684210534 0.0006907999999983261 0.013502000000000791 0.19033357894736835 0.3920289999999993
46 18 1.9120716 2.1489123799999996 2.4147855999999996 0.73267975 1.0024607 1.0359488000000001 0.3050799900455191 0.6561344 1.0592476 -0.6989639999999975 -0.5574987368421053 -0.4270399999999963 -0.026218999999998438 0.32008168421052635 0.6729019999999997
46 19 -0.14962100000000012 0.5199902799999999 0.9818151999999998 0.05327795000000013 0.06785540000000001 0.4198493999999999 0.32769303281749357 0.504912 1.3760107999999995 0.2307899999999985 0.7242162105263156 0.7887679999999975 -0.0375229999999982 0.26574315789473685 0.417934000000002
46 20 0.5525144 1.47577488 2.4822485000000003 0.17605195000000023 0.3970059 0.5481576499999998 0.39160455660857635 0.4471360000000002 2.2521964000000003 -1.797336000000005 -1.1853665263157895 -0.3017540000000052 -0.4320640000000009 -0.2353347368421054 -0.08132599999999712
46 21 2.4247237 2.7036439340000005 2.9770811000000004 0.4451735000000002 0.5724376999999998 0.6693538000000002 0.29471666093488214 0.5687168 0.9236749599999996 -0.6798100000000007 -0.2794269473684214 -0.1119095999999975 -0.4260980000000014 0.08030136842105266 0.5947160000000018
46 22 0.7586082999999999 0.79791168 0.8570001999999998 0.5946846 0.8097118000000003 0.8378304999999999 0.22718332748055095 0.5099046 0.23418120000000053 -0.09796799999999717 0.04541431578947375 0.2204280000000014 -0.5006730000000026 -0.26837084210526313 0.06907999999999914
46 23 -1.2573345000000002 -1.1621736600000003 -1.0466719000000002 0.5434712 0.8611764000000002 1.0280595499999998 0.2635293436391496 0.7600683999999998 0.4804200000000003 -0.39846599999999843 -0.25285263157894755 -0.12685599999999964 0.20519900000000035 0.4000359999999999 0.4887409999999992
46 24 -0.24997540000000018 -0.14815776000000008 -0.04499620000000015 0.0034854000000000274 0.00606019999999996 0.0076694499999998 0.18438214831685673 0.009388599999999858 0.32750199999999996 -0.25151399999999935 -0.1569338947368422 -0.09482800000000013 -0.013972999999998237 -0.0024954736842104715 0.004238999999996995
46 25 -0.5872428000000001 -0.5791541600000001 -0.5698000999999999 0.08985894999999988 0.11063789999999984 0.14663799999999994 0.18579214941430894 0.2311668 0.04019199999999934 -0.057462000000001456 -0.008164000000000213 0.052437999999999096 -0.0395639999999986 0.12166673684210527 0.1653210000000005
46 26 -1.7730481 -1.75688338 -1.7417266 0.2458227499999998 0.29187870000000005 0.30282945000000017 0.18265431883978656 0.25355499999999975 0.04735120000000004 -0.023864000000001218 -0.007833473684210467 0.03925000000000178 0.019153999999999005 0.13344999999999987 0.1434980000000019
46 27 -2.8114037100000004 -2.6446006300000002 -2.5349581100000003 0.47495639999999995 0.49147280000000015 0.59602695 0.22914833411469104 0.1877405999999997 0.6214876400000002 -0.6487554000000006 -0.18950395789473698 0.1269502 -0.13297899999999974 -0.098810842105263 -0.018212000000001893
46 28 -0.3516015 -0.18425206000000002 -0.00971830000000018 0.47687965 0.6592273 0.79240255 0.2527707996544362 0.6540306000000005 0.37573239999999997 -0.016327999999998788 0.1977538947368421 0.3981520000000005 0.1469520000000002 0.3442266315789476 0.5138610000000021
46 29 -0.09781099999999998 -0.09506035999999998 -0.09137400000000007 -0.06308259999999993 -0.05986410000000009 -0.058623800000000004 0.15669144654870382 0.011523799999999973 0.013753200000000021 -0.014444000000000123 -0.007238526315789484 0.00031399999999903727 0.0 0.006065157894736828 0.014601000000000752
46 30 -0.9202868999999999 -0.28996644000000005 0.33210209999999973 -0.1495896 -0.1383955 -0.10898154999999993 0.3096680850391497 0.05830979999999997 1.6498815999999996 -1.425246 -0.868358736842105 -0.336607999999996 -0.08462300000000034 0.0005288421052631726 0.09749699999999972
46 31 2.1478228000000006 2.49341434 2.8863508 -0.14570385000000002 -0.10131210000000002 0.23960555000000006 0.37434964434360823 0.5800836 1.8289244 -1.8067559999999938 -0.9625917894736842 -0.22513800000000028 -0.3483829999999999 -0.24301947368421054 0.009262999999999355
46 32 0.8162429999999998 0.9629814800000001 1.2346166 -0.05072670000000007 0.08890910000000007 0.1355459500000002 0.276382885458258 0.15872700000000006 1.1331004 0.16767600000000105 0.5963686315789474 0.8424620000000016 -0.10801600000000078 -0.06701421052631588 0.08195399999999964
46 33 0.11798549999999985 1.0700209400000003 1.9947949000000005 0.09770895000000007 0.12884989999999996 0.19710565000000008 0.45366006680156995 0.30253900000000034 3.0123903999999997 -1.9744319999999993 -1.5854686315789472 -1.2569420000000031 -0.28762399999999966 -0.07878094736842108 0.08163999999999949
46 34 -0.036643800000000115 -0.018526000000000042 0.003689499999999679 0.27616300000000005 0.44993059999999985 0.5687246499999999 0.2084624662964747 0.48880380000000034 0.08195399999999964 -0.06405600000000122 -0.011766736842105415 0.07284799999999869 0.14867900000000045 0.2528526315789474 0.3328400000000009
46 35 -1.453977 -1.0738674400000001 -0.6668732 0.0014522499999998773 0.009090299999999885 0.028495500000000062 0.2753946901251368 0.10562959999999988 1.2379135999999997 -0.8361819999999998 -0.6515334736842103 -0.4606379999999999 -0.029202000000000394 0.05559452631578941 0.12968199999999985
46 36 0.29117219999999977 0.35758948 0.3745234999999999 0.5070942999999999 0.5627978999999999 0.5930518 0.20963404967864008 0.27025980000000005 0.35821119999999995 -0.31682599999999894 -0.14093642105263163 0.07598800000000017 -0.007536000000001319 0.07081526315789476 0.19954699999999992
46 37 0.7189657999999998 1.33423938 1.9049438000000003 0.4854440000000002 0.4989302999999998 0.5152112000000001 0.3747784804404235 0.11043380000000003 2.2955284000000002 -1.3059260000000017 -1.2081728421052633 -1.1090480000000014 -0.06594000000000211 -0.00568505263157893 0.07818600000000009
46 38 -0.1708002999999999 -0.06525547999999999 0.022137000000000073 0.24856239999999996 0.6981790000000001 0.9977350000000003 0.2801144365334173 1.0546632 0.35394080000000017 0.0618580000000013 0.18628463157894745 0.3585879999999997 0.3163550000000004 0.555085894736842 0.6382050000000006
46 39 -2.90095494 -2.6862367160000002 -2.505877 0.1154578 0.5350089 0.6970093499999999 0.26709726537959555 0.5922982000000001 0.6256135999999999 0.20240440000000026 0.32927031578947363 0.4341363999999981 0.01742699999999875 0.31173589473684216 0.6443280000000007
46 40 2.9408612 3.1194719359999996 -3.1005302 0.6167823499999999 0.7062331 0.8240851499999999 0.2724772444835446 0.3821694 0.6046321199999998 -0.21791600000000244 -2.98703572631579 0.7646528000000008 -0.15338899999999933 0.20114178947368422 0.5363120000000032
46 41 1.5563410000000002 2.0393044 2.4247394 0.28240375000000006 0.3861886 0.4481172499999999 0.2717719241283217 0.22498099999999988 1.0459967999999993 0.26972600000000124 0.550524631578947 0.7247120000000029 0.03940700000000019 0.11841105263157888 0.20567000000000002
46 42 -2.8616547000000003 -2.6777141280000003 -2.4730169 -0.09208050000000001 -0.08751180000000003 -0.08277824999999989 0.2300742733942452 0.05322300000000002 0.8001033999999998 0.33356219999999936 0.42110705263157877 0.4980040000000008 0.0062800000000007294 0.028012105263157904 0.039093000000000044
46 43 -0.0413224000000002 -0.04256898000000002 -0.01783520000000005 0.014027950000000178 0.017819499999999877 0.04333199999999998 0.17340611055953187 0.04954920000000018 0.14594719999999972 -0.170188 -0.07681431578947354 0.012874000000000496 -0.006907999999999914 0.0253844210526317 0.04097699999999982
46 44 -3.03656683 -2.8791542340000005 -2.73145774 -0.008980400000000055 0.2238505999999999 0.42562700000000003 0.24884862729959553 0.5945904000000002 0.46680496000000016 -0.3713677999999998 -0.18406018947368427 -0.022325400000000606 0.10487600000000152 0.31233084210526313 0.4970619999999981
46 45 -0.3555107999999999 -0.24339710000000006 -0.19956269999999987 -0.019467999999999985 -0.0040192000000000005 0.004403849999999987 0.21357942325889495 0.0475082 0.5287131999999999 -0.05589199999999961 0.2782701052631578 0.5765040000000021 -0.007535999999999099 -0.0063791578947368 0.04552999999999918
46 46 -1.5567649000000001 -1.2553123400000001 -0.9453284 0.5853195500000001 0.7860676000000002 0.8475330999999999 0.31732997693023235 0.6524291999999998 1.2088999999999999 -0.6672499999999992 -0.6362631578947368 -0.4443099999999989 0.17050200000000126 0.34338378947368414 0.5210829999999989
46 47 2.9269510000000003 3.0053850599999996 3.1132472 -0.09017295000000008 -0.07711840000000003 -0.028801650000000067 0.2141473909716337 0.1082358000000001 0.5213656000000002 -0.4461939999999931 -0.27440294736842114 -0.006279999999998509 -0.09781099999999987 -0.0010576842105263452 0.052594999999998615
