53 0 0.5011283000000002 0.51224076 0.5096691000000001 0.045341599999999926 0.04824609999999985 0.04997310000000005 0.16475684049201594 0.009419999999999984 0.10682280000000066 -0.08132599999999934 -0.0420429473684214 0.026376000000001287 -0.005023999999999029 -0.0005784210526314416 0.009263000000000465
53 1 0.18595080000000008 0.20362271999999998 0.19321989999999967 -0.20385665000000003 -0.20287540000000004 -0.19931150000000009 0.17125891623341713 0.07306780000000002 0.11787560000000008 -0.059973999999995975 -0.05582589473684227 0.014129999999998866 -0.015700000000000713 -0.03637442105263166 0.0017269999999991459
53 2 0.5946060999999999 0.6040575000000001 0.6128338000000001 -0.08423834999999996 -0.08206389999999997 -0.07773070000000015 0.15878703029838537 0.022294000000000036 0.023110399999999753 -0.026690000000000325 -0.012097263157894576 0.000628000000000295 -0.012245999999999091 0.008147473684210555 0.017898000000001746
53 3 0.3795632000000002 0.38174236000000006 0.38204380000000004 -0.26810104999999995 -0.26715120000000003 -0.26686860000000007 0.155322162769086 0.002857400000000121 0.006342799999999649 -0.00031399999999903727 0.0033383157894734993 0.01632800000000101 -0.00047099999999966613 -0.0013221052631579315 0.0009419999999993323
53 4 0.2818778000000002 0.2743480800000001 0.5066547000000002 -0.4259096 -0.21160460000000003 -0.1037926999999999 0.368182865946156 0.48418799999999995 1.5268564000000002 -0.4772799999999999 -0.8036086315789475 -0.17050199999999904 -0.32483300000000104 0.23211210526315784 0.8859509999999993
53 5 0.2928363999999998 0.44113232 0.6047325999999998 0.10077829999999999 0.11745169999999983 0.12111765000000008 0.19750596107736626 0.0330642000000001 0.4452520000000004 -0.44399600000000206 -0.23024463157894753 0.0015699999999996272 -0.016327999999999898 -0.00014873684210539145 0.03752299999999931
53 6 0.21951740000000042 0.28014138 0.2939354000000002 -0.2588851499999999 -0.2342126 -0.22587590000000002 0.18966873631876752 0.058089999999999975 0.3230432000000003 -0.3394340000000007 -0.1200471578947369 0.10267800000000049 -0.10063700000000009 -0.00538757894736838 0.052594999999999725
53 7 0.4218904000000001 0.42247444000000006 0.4223614000000001 -0.3041718 -0.3035437999999999 -0.30241340000000005 0.15526358157035985 0.0022607999999999517 0.003454000000000068 -0.0043959999999998445 0.0001322105263158516 0.0043959999999998445 -0.0028260000000002172 -0.00118989473684208 0.0020410000000004036
53 8 0.4332885999999999 0.4616710599999999 0.49599439999999995 -0.08127890000000004 -0.065469 -0.06009960000000003 0.1694104954340541 0.030395200000000067 0.10085679999999941 -0.08226800000000534 -0.053082526315789164 -0.020409999999997375 -0.010047999999999169 0.01599747368421056 0.05542100000000105
53 9 0.48789320000000025 0.4887378600000002 0.4899028000000003 0.014035799999999932 0.015747100000000014 0.018188450000000023 0.15565271209520065 0.0083209999999998 0.004584400000000155 0.0 -0.0010576842105263452 0.00031399999999903727 -0.010361999999998206 -0.0013055789473682747 0.010048000000000279
53 10 0.5511171000000001 0.5752354400000002 0.5996615000000002 0.0011146999999998575 0.04708430000000008 0.08992175000000008 0.1734703401582579 0.11347960000000001 0.09828199999999976 -0.09294399999999925 -0.048884842105263095 -0.006908000000003245 -0.10142200000000212 -0.053247789473684214 -0.0012560000000017002
53 11 0.26105959999999984 0.26208637999999995 0.2638855999999996 -0.040521699999999994 -0.035340700000000114 -0.02991634999999998 0.1564758048391496 0.01748980000000011 0.005023999999999251 -0.0006279999999958541 -0.001355157894736427 0.0015699999999996272 0.0 0.009205157894736901 0.015700000000000713
53 12 0.5164044000000003 0.5352412600000002 0.5580408000000001 -0.004631499999999955 -0.0021666000000000185 0.0006908000000001024 0.1600599215041178 0.01014219999999999 0.046346399999999566 -0.034226000000001644 -0.02300463157894719 0.0 -0.010048000000000279 -0.0001487368421052746 0.006907999999998804
53 13 0.4543893999999997 0.4683215800000001 0.47536460000000025 -0.11011195000000001 -0.10818869999999992 -0.10602995000000015 0.16358814499392668 0.027443600000000012 0.07548559999999949 -0.0593459999999979 -0.03715115789473653 0.0 -0.027632000000000767 -0.014444000000000007 0.021822999999999704
53 14 -0.7836184 -0.3093747799999999 0.1732338000000001 -0.1137936 -0.10426369999999996 -0.09113850000000007 0.32522482075252535 0.06531199999999981 1.8304944 0.7228280000000009 0.9634181052631579 1.1244340000000008 -0.09482800000000013 -0.034374736842105166 0.027003999999999362
53 15 2.9128681000000003 2.95230964 2.9780859000000004 -0.20961069999999993 -0.1722133 -0.13692755 0.17913808974169745 0.19847939999999986 0.049863199999999885 -0.016327999999998788 0.024987789473684262 0.05557800000000057 0.03830800000000134 0.10446284210526309 0.12481500000000034
53 16 0.24768319999999988 0.39843146 0.569596 0.2351310499999999 0.23896969999999995 0.24010794999999996 0.1985472847512516 0.009514199999999917 0.48688840000000067 0.17584000000000044 0.25090252631578963 0.3356659999999989 -0.015700000000000713 -0.0006279999999999444 0.012716999999999867
53 17 0.4688804999999999 0.5034048000000001 0.5406608999999997 -0.12690309999999994 -0.1091778000000001 -0.10373774999999996 0.16572672510857633 0.03551340000000014 0.08704079999999959 -0.07096400000000003 -0.04438968421052601 -0.01852600000000315 -0.02354999999999996 -0.01869126315789481 0.0
53 18 0.19802410000000004 0.20842377999999995 0.21774329999999964 -0.33485744999999995 -0.26950620000000003 -0.18725389999999992 0.17442208131494588 0.1718522 0.041761999999999855 -0.04867000000000177 0.0047265263157894736 0.06907999999999914 -0.16484999999999972 -0.028921052631578976 0.019154000000000115
53 19 0.4154690999999996 1.42584574 2.1982511999999996 -0.03448505000000007 -0.025214200000000075 -0.024397800000000025 0.19092797754106045 0.025528200000000112 1.8198811999999998 -0.3946980000000022 -0.9454044210526318 0.0 -0.031713999999999354 -0.00451168421052639 0.0062800000000007294
53 20 0.33191369999999987 0.43415523999999983 0.4942987999999997 -0.02138339999999994 -0.021194999999999853 -0.020841750000000048 0.1699751069257738 0.0016327999999998788 0.17200919999999975 -0.051495999999997544 -0.08811831578947348 0.0 -0.004238999999999216 -0.00034705263157905195 0.004553000000000473
53 21 0.4377631000000002 0.46786314000000007 0.4639506999999997 -0.13958869999999995 -0.13927469999999997 -0.13723369999999985 0.16841543870730255 0.0036423999999999346 0.15053160000000032 -0.05966000000000138 -0.07043515789473685 0.023864000000000107 -0.005808999999998843 -0.000413157894736744 0.006123000000000101
53 22 3.1186480000000008 3.1196967600000005 3.1214739999999996 0.1589625 0.16029700000000002 0.16039119999999996 0.15514149291112414 0.0027632000000001877 0.002825999999999773 0.0 0.0014543157894739 0.0012560000000050309 -0.0009420000000015527 0.001454315789473783 0.012874000000000496
53 23 0.2603059999999999 0.26137673999999994 0.2628180000000002 0.11869200000000013 0.12396720000000006 0.1288184999999999 0.15592347144169738 0.01246579999999975 0.0022608000000001738 -0.0031399999999992545 0.001057684210526579 0.002197999999997702 0.0 0.006560947368420921 0.012246000000000201
53 24 0.3986701 0.49456256000000004 0.6322233000000002 -0.19584965000000004 -0.19240350000000006 -0.16502270000000002 0.18690935346844906 0.04731979999999991 0.31776800000000005 -0.2022159999999995 -0.16724631578947372 -0.013187999999997313 -0.024178000000000255 -0.020624842105263146 0.01617100000000149
53 25 0.4019357 0.41491332000000014 0.4268673000000004 0.08790429999999994 0.09060469999999987 0.09832125000000003 0.16078299947864017 0.013031000000000015 0.033284000000000535 -0.03579600000000349 -0.01751789473684239 0.0 -0.021665999999997965 -0.0001156842105263117 0.011932000000000054
53 26 0.33262020000000037 0.38918416000000006 0.5399543999999998 0.10755285000000003 0.15017049999999998 0.1779595 0.23098822579965939 0.08537660000000025 0.7679184000000001 0.09137400000000184 0.3754117894736843 0.6785540000000001 -0.05683399999999894 0.025153052631578958 0.11178400000000033
53 27 0.5330307 0.53462268 0.5355897999999997 0.13319879999999995 0.13536539999999997 0.13721799999999984 0.15576684101176114 0.005683399999999894 0.008415199999999956 -0.0015700000000018477 -0.003272210526315807 0.0003140000000012577 -0.007535999999997989 0.0002478947368420464 0.0007849999999987034
53 28 0.3783700000000003 0.3896520200000002 0.3944310999999999 -0.09281840000000013 -0.09102860000000002 -0.08983540000000012 0.16098787652641086 0.00822680000000009 0.06556320000000015 -0.036423999999994905 -0.026673473684210785 0.022921999999998555 -0.010990000000000721 -0.004329894736842152 0.0
53 29 2.6421059000000002 2.6470702399999997 2.6898653 0.07973244999999984 0.0812946000000001 0.08278609999999997 0.17708528974679305 0.005903200000000108 0.2444804000000005 -0.21069400000000016 -0.12867389473684235 -0.0006280000000025154 -0.00863499999999906 -4.957894736838591e-05 0.009420000000001094
53 30 0.25818649999999976 0.37134896 0.4985221000000003 -0.3532264499999999 -0.35205679999999995 -0.34792769999999995 0.1842028266073026 0.007693000000000172 0.1696228000000004 -0.15951199999999943 0.06511368421052652 0.30583599999999933 -0.010833000000002313 0.0013716842105263173 0.010204999999999798
53 31 0.7427042000000003 1.65449112 2.5253293 -0.046291449999999956 0.07821739999999988 0.23789425000000003 0.4220045109952006 0.8524472000000001 2.2126324 -0.2317319999999956 1.0955294736842107 1.1869200000000024 -0.7410400000000006 -0.44865642105263165 -0.05447900000000061
53 32 0.3136859999999998 0.36544889999999997 0.41708619999999985 -0.6519896000000002 -0.5693605000000002 -0.48011385 0.19593879697163363 0.28702739999999993 0.09859599999999968 -0.004709999999998882 0.042803157894736966 0.054008000000003165 0.10471900000000034 0.1510670526315789 0.1920109999999997
53 33 0.3316781999999999 0.50020828 0.7071594 -0.15794985 -0.13261790000000007 -0.11065359999999996 0.1987143222391496 0.08157720000000013 0.39865439999999985 -0.35010999999999903 -0.20436442105263164 0.0006279999999980745 -0.061387000000000524 -0.0429353684210527 -0.018212000000000783
53 34 0.2804491000000001 0.2864182399999999 0.2936213999999997 -0.12213814999999989 0.032781599999999966 0.04183265000000019 0.17279956917481845 0.17627959999999998 0.016076800000000002 -0.02480600000000388 -0.004561263157894542 0.027003999999999362 -0.0007849999999998136 0.08795305263157889 0.14444000000000123
53 35 2.4360277 2.4421193 2.4689035000000006 0.01591980000000004 0.022906300000000046 0.03146280000000007 0.16783300845953186 0.017427000000000303 0.12359040000000032 -0.011932000000003384 0.04858736842105232 0.1629659999999955 -0.030301000000000355 9.915789473677181e-05 0.029044999999999765
53 36 -1.9894569000000002 -1.9701333399999998 -1.966268 -0.05407865000000006 -0.05248510000000006 -0.04622080000000006 0.16823221730666565 0.03375499999999998 0.11222360000000009 -0.05212400000000006 -0.007668210526315769 0.054008000000000944 -0.007065000000000543 0.005007473684210483 0.02354999999999996
53 37 0.545732 1.43029512 2.4121637000000007 -0.0710111000000001 -0.04122820000000005 -0.00625645000000008 0.36150816374743 0.1354595999999999 2.207482800000001 -1.8039300000000003 -1.1618330526315794 -0.3994080000000011 0.038935999999999416 0.07129452631578942 0.11712200000000061
53 38 0.5036403000000002 0.5562227399999999 0.5849662999999999 -0.23966834999999992 -0.23782360000000002 -0.2362143499999999 0.17438904547290762 0.01463239999999999 0.12415559999999948 -0.137531999999998 0.03549852631578932 0.18525999999999598 -0.021980000000000333 -0.007701263157894732 0.010989999999999611
53 39 0.49128440000000007 0.49360799999999994 0.4959944000000003 -0.11265534999999993 -0.10974300000000003 -0.10750575000000007 0.1557562388881942 0.007222000000000062 0.007096399999999559 -0.0009419999999993323 0.0009915789473681855 0.0028260000000002172 -0.000628000000000295 0.00016526315789481446 0.010362000000000426
53 40 0.6331496000000003 0.6431630599999999 0.6521151999999999 -0.07422175000000003 -0.07152920000000007 -0.06849125000000006 0.1593518711002961 0.011272600000000077 0.02681559999999994 -0.04427400000000192 -0.0127583157894736 0.0006279999999958541 -0.018369000000000302 -0.00499094736842106 0.003925000000001289
53 41 0.4834187000000001 0.52754512 0.5740704999999998 -0.07094830000000008 -0.022372499999999906 -0.014012250000000004 0.18731309319647457 0.19775720000000008 0.17006239999999995 -0.14883599999999886 -0.07866526315789499 0.0018839999999986645 -0.045059000000000626 -0.05009126315789483 0.09734000000000131
53 42 0.2063608 0.21157005999999995 0.21760200000000007 -0.1212903500000001 -0.11445300000000003 -0.10701120000000008 0.15989060885061462 0.03180819999999995 0.023236000000000256 -0.010676000000000574 0.0032722105263155734 0.028887999999998026 0.0031400000000003647 0.01674115789473682 0.03108599999999906
53 43 0.5712131 0.57154594 0.5716998000000003 -0.24207830000000008 -0.24071240000000005 -0.23919735000000003 0.15579515682067835 0.009231599999999895 0.005275199999999813 -0.004396000000002065 0.0011237894736842709 0.0040820000000074685 -0.015071999999999308 -0.003404421052631542 0.0015699999999996272
53 44 0.4206500999999998 0.4247792 0.4299130999999998 -0.15810685000000002 -0.15458220000000011 -0.14185735000000005 0.16060723409711147 0.029044999999999987 0.024680399999999825 -0.07410399999999928 -0.0002313684210526234 0.056520000000002124 -0.054950000000000276 -0.0107916842105263 0.021509000000000666
53 45 0.3733303000000002 0.44848933999999996 0.5382745000000002 -0.15556345000000005 -0.14965240000000002 -0.14295635000000007 0.19371078546080572 0.029013600000000084 0.3850895999999997 -0.3384919999999991 -0.2026787368421051 -0.001255999999996149 -0.03140000000000032 0.011684105263157833 0.03249900000000028
53 46 0.4921636000000005 0.4987889999999998 0.49651250000000025 -0.09069890000000003 -0.08634999999999993 -0.08295095000000008 0.15940746986080584 0.022827799999999954 0.033158400000000476 -0.026376000000001287 -0.01632800000000019 0.00031400000000347816 0.0006279999999991848 0.012014631578947345 0.01742700000000097
53 47 0.476966 0.48779272 0.4986476999999996 0.03378639999999988 0.034602800000000045 0.035654699999999984 0.15851082755188842 0.004866999999999733 0.03950119999999968 -0.03610999999999587 -0.019401894736841754 0.0 -0.008320999999998913 -0.001107263157894614 0.010205000000000908
