59 0 -0.3092743000000001 -0.2533163600000001 -0.23013060000000019 0.31524815 0.31773660000000004 0.3285146500000001 0.1719798318295955 0.017615399999999948 0.1784775999999999 0.029202000000001505 0.09393557894736837 0.11775000000000091 -0.020567000000001334 -0.00927126315789471 0.0059659999999983615
59 1 -0.06437000000000004 0.11402281999999997 0.35982829999999977 -0.1751178 -0.11592879999999994 -0.03231845 0.2577801673194044 0.14255600000000013 0.9752212000000005 0.04333199999999815 0.5132743157894739 0.8631859999999958 -0.18604499999999913 -0.039960631578947324 0.06955100000000103
59 2 -0.14525640000000006 0.02659266 0.20270270000000012 0.08294310000000016 0.10815730000000001 0.10961739999999981 0.22883034925825807 0.049235200000000034 0.7919079999999998 0.3328400000000009 0.4167936842105262 0.5199839999999978 0.0004710000000018866 0.025913263157894755 0.043960000000000665
59 3 -0.20036339999999975 -0.05057284000000004 0.058765099999999904 -0.16710295000000003 -0.15781639999999997 -0.13371690000000008 0.23407502907227062 0.03702059999999996 0.8256315999999999 0.2364419999999967 0.434542947368421 0.6013099999999993 -0.057618999999999865 -0.005404105263157804 0.03563900000000175
59 4 -0.12932089999999985 0.18300234000000004 0.4454718000000002 0.10050355000000005 0.11731040000000004 0.15548495000000007 0.2376404639659014 0.08003860000000018 0.8606740000000004 0.10236400000000145 0.45275494736842137 0.6556319999999971 0.0056520000000004345 0.042125578947368514 0.06860899999999837
59 5 0.11575610000000003 0.1809927400000001 0.3956714000000001 0.23467575000000007 0.26729249999999993 0.30152635 0.2557838888850096 0.16726780000000008 0.9755351999999999 -0.0075359999999968785 0.47172715789473674 0.9749700000000039 -0.1851030000000009 -0.03055715789473688 0.10032300000000105
59 6 -0.12534880000000004 0.1215494 0.3940857 -0.010738800000000048 -0.00734760000000001 -0.004403849999999987 0.23154828861494586 0.011021399999999959 0.8494956 0.35890200000000094 0.447102947368421 0.603822000000005 -0.00863500000000017 0.0041976842105263005 0.020723999999999743
59 7 -0.19186969999999992 -0.1537877800000001 -0.03312700000000002 0.033417449999999904 0.04490200000000011 0.07392345000000006 0.2135783115958376 0.06694480000000014 0.5812767999999999 -0.027631999999997436 0.21788294736842126 0.4546720000000004 -0.09467100000000284 -0.032474210526315675 0.025120000000000697
59 8 -0.3776007000000001 0.06482216 0.4225969000000003 0.005706949999999933 0.06430720000000001 0.14121365000000002 0.24992679679647453 0.158099 0.9284980000000003 0.023864000000000107 0.48779073684210567 1.041852000000003 -0.11131300000000066 -0.07840084210526317 0.0037679999999984393
59 9 -0.17117709999999986 0.13115780000000005 0.37526139999999986 0.10557464999999983 0.1206858999999999 0.13263360000000013 0.2231656517531624 0.0304894 0.7308035999999998 0.013816000000002049 0.37934505263157914 0.6104160000000003 -0.012874000000000496 0.015204210526316037 0.05243800000000021
59 10 -0.3352107000000001 -0.08269190000000001 0.12319790000000008 0.26210365000000013 0.2631790999999999 0.28183070000000005 0.22616425576653826 0.018557399999999946 0.7872607999999999 0.3538779999999986 0.41434778947368417 0.5658279999999971 -0.009733999999999021 -0.008841578947368308 0.00863500000000017
59 11 0.040254800000000146 0.15833135999999998 0.29054420000000003 0.09992264999999989 0.1096488000000001 0.12336274999999997 0.19999530491176118 0.016170999999999935 0.4836228 0.13973000000000013 0.25453831578947367 0.3501099999999968 -0.01365900000000142 0.008511052631578914 0.025277000000000216
59 12 -0.5304402000000001 -0.30986462000000004 -0.08777869999999999 0.13377185000000003 0.1356166000000001 0.13848184999999985 0.22482034008692034 0.019342400000000204 0.7651551999999997 0.005337999999999177 0.4027132631578946 0.7388419999999996 -0.016642000000001156 0.010180210526315897 0.019154000000000115
59 13 0.3445836 0.38016294000000006 0.46347969999999994 0.09971069999999987 0.10537839999999998 0.12753895000000004 0.20570420460093305 0.1550532 0.3511147999999995 -0.3419460000000041 -0.10642947368421027 0.21163599999999505 0.013815999999999828 0.08160694736842106 0.09011800000000014
59 14 -0.18491460000000004 0.042170200000000005 0.27555070000000015 0.11985380000000012 0.13993409999999984 0.16664764999999987 0.2501499032213153 0.15872700000000006 0.9184499999999995 0.16076799999999558 0.48339473684210504 0.7378999999999958 -0.1428700000000005 -0.04113399999999998 0.06468400000000041
59 15 -0.4225027000000001 -0.18188450000000006 -0.007865700000000309 0.030591449999999853 0.05691249999999981 0.0620856500000001 0.2306740281544364 0.059722800000000076 0.7853768000000003 0.2238820000000019 0.41335621052631594 0.531915999999999 -0.08069799999999905 -0.018360736842105298 0.004082000000001917
59 16 -0.2479344000000001 -0.10125872 0.007269100000000028 0.4247478 0.4263492 0.42748745000000005 0.1983453827270478 0.007033600000000195 0.4843136000000001 -0.4873280000000002 -0.10100884210526316 0.279145999999999 -0.0026690000000006986 0.0018509473684209872 0.015699999999999603
59 17 -0.19824390000000003 -0.0032813000000000646 0.24584629999999996 0.03880254999999988 0.041605000000000225 0.04780650000000003 0.2047839650894681 0.012026199999999987 0.5442247999999994 0.05212400000000006 0.2864341052631576 0.39250000000000007 -0.024177999999998034 -0.004660421052631664 0.011775000000001645
59 18 0.08382230000000024 0.18193474000000007 0.3689185999999999 -0.139102 -0.12693450000000006 -0.10255240000000004 0.24008481682641086 0.10776480000000022 0.8632488 0.04050600000000015 0.4520938947368423 0.7551700000000006 -0.10597500000000037 -0.05465252631578949 -0.008948999999999208
59 19 -0.2446845000000002 -0.03905217999999995 0.22308130000000037 -0.004733550000000086 0.004129099999999775 0.01544880000000004 0.22191358364551908 0.03736600000000001 0.7216348000000004 0.16579199999999794 0.3798077894736844 0.4703719999999989 -0.029359000000001023 -0.010808210526315958 0.009734000000001242
59 20 -0.4323465999999998 -0.40284316000000003 -0.36639089999999996 0.14753290000000013 0.15933930000000018 0.16893985000000017 0.1747834017448821 0.03513659999999974 0.19424039999999998 0.003454000000000512 0.1022317894736842 0.11209799999999825 -0.02982999999999958 -0.018492947368420914 -0.007693000000001948
59 21 0.2645921 0.26790166 0.4344347000000003 -0.02191719999999986 -0.01402010000000009 0.005165299999999984 0.2498032691315064 0.14701480000000022 0.9396764000000002 -0.019468000000000263 0.48831957894736877 0.9153100000000025 -0.14805099999999904 -0.061246526315789494 0.027474999999999028
59 22 -0.2643095 -0.17830804 -0.19048810000000005 0.3743115499999998 0.39518469999999994 0.39903905 0.2092484308098501 0.1323824 0.4888980000000003 0.00251200000000118 0.25731473684210543 0.4885839999999986 -0.10330600000000079 -0.06967494736842106 0.0007850000000020341
59 23 -0.5482282999999999 -0.5426862000000001 -0.5396718000000001 0.2942808000000001 0.2957409000000001 0.2970832500000001 0.15711121138246176 0.004615800000000281 0.02367560000000024 -0.0006279999999980745 0.012460842105263284 0.021980000000001443 -0.0087920000000008 0.0013055789473685085 0.009734000000001242
59 24 -0.35282610000000003 0.055141540000000044 0.4418450999999999 -0.009930250000000085 0.023565700000000134 0.08874425000000008 0.25580929933532803 0.10908360000000017 1.0387120000000003 0.23863999999999885 0.5334364210526314 0.793792000000002 -0.08368099999999878 -0.04903357894736861 -0.005966000000000582
59 25 -0.16318580000000016 -0.04299288000000001 0.07647469999999967 0.17448195000000022 0.18190019999999996 0.19706639999999992 0.21355071373405404 0.0706814 0.5956580000000002 0.1020500000000002 0.3129753684210525 0.4502760000000028 -0.05039699999999869 -0.016212315789473644 0.04317499999999974
59 26 -0.004600100000000329 0.08321941999999997 0.20001800000000014 0.5771634 0.6075900000000001 0.61246485 0.21008054577991397 0.04823040000000001 0.5790160000000002 0.23644200000000115 0.30474526315789485 0.359216 -0.004239000000001436 0.025384421052631584 0.04568700000000092
59 27 -0.15645050000000005 -0.021656580000000016 0.10751359999999999 0.1759577499999999 0.17956090000000002 0.18276369999999986 0.18152579984679296 0.007504600000000083 0.29459480000000005 0.015071999999998198 0.15029031578947358 0.29453199999999846 -0.004395999999998734 0.0013551578947366607 0.0065939999999986565
59 28 -0.48740649999999974 -0.13862158000000005 0.19000139999999976 0.04223300000000002 0.04779080000000002 0.08485064999999997 0.22697899438118785 0.0545732000000001 0.7557351999999997 0.03830800000000023 0.39775536842105247 0.8003860000000018 -0.006594000000000877 0.027681578947368512 0.06593999999999989
59 29 -0.33803669999999975 -0.027757599999999983 0.232831 0.1109440499999999 0.15492760000000005 0.26609144999999984 0.25109057754424513 0.2545283999999999 0.845288 0.24209400000000159 0.4448884210526316 0.6465260000000006 -0.18730099999999972 -0.13396231578947362 -0.07096400000000003
59 30 0.024115200000000114 0.16745306000000007 0.3493093000000004 -0.13409369999999998 -0.13107930000000012 -0.10870679999999994 0.22118424370793954 0.04615799999999992 0.7002828000000001 0.024491999999998182 0.3614305263157897 0.6198360000000025 -0.050240000000000284 -0.018658210526315847 0.034068999999999905
59 31 -0.3914795000000001 -0.3215422799999999 -0.3349437999999999 0.11398985000000011 0.130938 0.1707688999999999 0.2169960116022069 0.1722918 0.445252 -0.08132600000000156 0.23434315789473684 0.2913920000000014 -0.14051499999999884 -0.0906798947368421 -0.02731800000000062
59 32 -0.32811429999999975 -0.12033736000000003 0.04436820000000008 0.22807389999999994 0.2365989999999999 0.24108135000000008 0.20242656437290754 0.02383259999999998 0.5164043999999999 0.16296599999999772 0.27179178947368415 0.3362939999999992 -0.004239000000001436 0.012543473684210516 0.03501100000000146
59 33 -0.20449249999999997 0.07729738000000001 0.3565940999999999 0.021226399999999812 0.03538779999999986 0.07725185000000001 0.23052304036080573 0.07240840000000026 0.7865072 0.09765399999999813 0.4115713684210529 0.6521780000000033 -0.06955099999999881 -0.027863368421052748 0.03579600000000127
59 34 -0.3459808999999997 -0.22696861999999998 -0.1543624 0.17624034999999993 0.1965169 0.21766480000000005 0.20553210480029627 0.05940879999999993 0.5184139999999999 0.03359800000000135 0.2728494736842105 0.39218600000000103 -0.05981699999999979 -0.029433368421052607 -0.011460999999999277
59 35 -0.4162070000000001 -0.11686766000000001 0.17441129999999982 0.15437810000000013 0.15737679999999998 0.16671045000000012 0.23708816737227068 0.015448799999999707 0.9043828 0.34037600000000445 0.475990947368421 0.6214059999999977 -0.005651999999999324 0.0081309473684209 0.03469699999999798
59 36 -0.46261620000000014 -0.39935462000000005 -0.3121003000000001 0.27661044999999995 0.28850319999999985 0.2921377499999999 0.2075595834219521 0.04238999999999993 0.5370656 -0.032969999999998834 0.2826661052631579 0.5922039999999984 -0.013031000000000015 0.017451789473683994 0.05306600000000161
59 37 -0.43146740000000006 -0.17814475999999985 0.06699190000000044 0.20271839999999974 0.20626659999999986 0.23040535 0.24136734817864008 0.046974400000000305 0.9298168000000002 0.015385999999999456 0.48937726315789487 0.8512540000000013 -0.0037679999999984393 0.011551894736842214 0.029202000000000394
59 38 -0.48155040000000016 -0.11019201999999999 0.2192504999999998 -0.10250530000000002 -0.07638049999999996 -0.054557500000000037 0.2556707495875572 0.08999239999999986 1.0564216000000002 0.3130579999999994 0.5560113684210527 0.7859420000000017 0.025590999999999253 0.04736442105263151 0.0687660000000001
59 39 -0.4668395000000003 -0.26239724000000003 -0.0634437000000001 0.10633609999999993 0.16718929999999999 0.19231715000000005 0.21350769040539155 0.10066839999999977 0.5502535999999996 0.16987400000000097 0.2896071578947366 0.4308079999999981 -0.11460999999999943 -0.046091894736842075 0.0009420000000004425
59 40 -0.5143790999999999 -0.28186209999999995 -0.01840039999999976 0.050326350000000075 0.068766 0.08606740000000002 0.23216585083278032 0.06132420000000005 0.7778407999999999 0.08854800000000163 0.40938989473684206 0.6929980000000002 -0.05542099999999994 0.013551578947368475 0.09420000000000095
59 41 -0.31877279999999997 -0.18746113999999997 -0.09415289999999998 0.22265739999999995 0.2377608 0.23908744999999998 0.20555091122577374 0.02490020000000004 0.5462343999999999 0.0050240000000001395 0.28749178947368415 0.47131399999999823 -0.017584000000000488 -0.0019501052631579927 0.013501999999999681
59 42 -0.6153615 -0.2678137400000001 0.07324050000000004 0.016006149999999886 0.04034899999999997 0.0960683 0.2548186468436084 0.13951020000000014 0.9926796000000002 0.2716099999999977 0.5224629473684212 0.645583999999999 -0.10644600000000004 -0.05585894736842123 0.014287000000001715
59 43 0.16789579999999982 0.22548340000000003 0.32608899999999985 -0.004191899999999971 0.007190600000000047 0.010464050000000003 0.2114217896283216 0.0432691999999999 0.5574756000000001 0.11460999999999943 0.2934082105263158 0.37962599999999735 -0.03501099999999924 0.022773263157894682 0.04380300000000115
59 44 -0.08912890000000007 0.16483743999999995 0.4324408000000003 -0.17079245000000004 -0.16643570000000008 -0.16025774999999992 0.2397116413964746 0.03089759999999986 0.9284979999999998 0.12089000000000016 0.4886831578947367 0.9646080000000001 -0.044117000000001294 -0.008577157894736722 0.031243000000001908
59 45 -0.5730657 -0.51378564 -0.4953506999999998 0.09268494999999982 0.10426369999999996 0.10982150000000013 0.19178107024997768 0.07802900000000013 0.3424484000000003 0.0037679999999995495 0.18023600000000017 0.2659579999999995 -0.05086800000000058 -0.04106789473684217 -0.008164000000001614
59 46 -0.1219262000000001 0.06689770000000009 0.2460190000000002 0.09420000000000006 0.12150230000000006 0.15061010000000014 0.21774039295061448 0.09978920000000002 0.6144352 0.1544880000000015 0.32338694736842105 0.47414000000000067 0.01240299999999861 0.051843052631578936 0.086978000000002
59 47 -0.38819820000000005 -0.06575160000000006 0.24997539999999963 0.11227854999999992 0.11729469999999997 0.12945435000000005 0.23470551021749364 0.0385278 0.8680844000000003 0.2703539999999993 0.4568865263157896 0.6543759999999987 0.0032970000000009936 0.020062947368421128 0.031399999999999206
