68 0 -1.323823529411765 -1.0215275735294107 -0.6272058823529387 0.0275 0.06705882352941164 0.10514705882352904 0.2721994267148088 0.12 0.6322058823529451 -0.46268382352940507 0.33273993808049745 0.9382352941177136 -0.09999999999999998 -0.04736842105263157 0.0
68 1 -0.6625 -0.3486141748366022 -0.1603676470588239 0.05 0.06 0.08499999999999999 0.27578073535249165 0.1266666666666651 0.6214705882352838 -0.23627450980392567 -0.09643962848296664 0.4972426470588065 -0.1499999999999999 -0.03157894736842106 0.03235294117645213
68 2 -0.89 -0.7764452614379082 -0.6975 0.10750000000000001 0.12 0.1525 0.20549957667746704 0.09999999999999999 0.4000735294117687 0.0 0.21056501547987833 0.4617647058823282 0.0 0.05263157894736842 0.10000000000000009
68 3 -0.42 -0.413 -0.41 -0.3 -0.29 -0.28 0.15888489593898328 0.02352941176470541 0.010000000000000009 0.0 0.0 0.0 0.0 0.008668730650155037 0.04999999999999977
68 4 -2.09 -2.085264705882353 -2.08 -1.1 -1.0879411764705884 -1.06 0.16197465259299398 0.06000000000000005 0.020000000000000018 0.0 0.0 0.0 0.0 0.03157894736842108 0.0794117647058834
68 5 -0.38250000000000006 -0.355186274509804 -0.31220588235294283 0.0075 0.02 0.03 0.17396314753253322 0.04 0.18 -0.09999999999999981 0.04736842105263155 0.17941176470588321 0.0 0.01578947368421053 0.0
68 6 -0.45 -0.39348529411764754 -0.347031250000001 0.0675 0.07 0.07 0.17126416335348293 0.010000000000000009 0.18 -0.12738970588233672 -0.08421052631578946 -0.049080882352944 0.0 0.005263157894736847 0.0
68 7 -1.05 -1.0064999999999995 -0.98 0.0675 0.08 0.08 0.18245695350962832 0.04 0.2150000000000023 0.0 0.11315789473684332 0.28235294117648635 -0.049999999999999975 -0.005263157894736839 0.02647058823530151
68 8 -1.7585937499999986 -1.5808470179738552 -1.4074999999999998 -0.06 -0.04 0.017352941176467823 0.20351059131236787 0.09 0.4356250000000008 -0.36875000000000324 -0.032372291021664445 0.0 -0.01562500000000973 0.021052631578947364 0.11764705882354784
68 9 -0.41 -0.3941352941176469 -0.37750000000000006 -0.31470588235294283 -0.31 -0.31 0.1633130078060678 0.010000000000000009 0.08999999999999997 0.0 0.04736842105263156 0.10000000000000009 0.0 0.0 0.0
68 10 -0.91 -0.7989503676470578 -0.7224999999999999 0.18 0.19 0.19 0.19626672575696358 0.03 0.4229411764705905 0.11875000000002522 0.22260061919504762 0.3000000000000136 0.0 -0.015789473684210527 0.0
68 11 -0.64125 -0.6312628676470589 -0.6174999999999999 0.138815789473685 0.15 0.15 0.17312734223796214 0.07999999999999999 0.13 0.0 -0.03157894736842102 0.07500000000000007 0.0 0.04210526315789473 0.09999999999999988
68 12 -0.9181209150326802 -0.7561415656174747 -0.6025 0.08 0.0902941176470582 0.1125 0.22062902235568085 0.07875000000000279 0.42999999999999994 -0.39513888888888127 0.08266253869969209 0.13823529411765068 -0.15 -0.005263157894736844 0.15
68 13 -0.9824999999999999 -0.825713235294117 -0.58 -0.03 -0.02 0.02 0.2005365345312154 0.03 0.35062499999999863 -0.10000000000000009 0.17401315789473615 0.20000000000000018 0.0 0.01578947368421053 0.0
68 14 -0.7825 -0.6819630781799901 -0.5760714285714293 0.11 0.13 0.14 0.18206331467726058 0.03 0.26 -0.14047619047619586 -0.005263157894736847 0.26538461538460234 0.0 0.015789473684210527 0.08461538461539929
68 15 -0.6949553571428586 -0.6885811741363215 -0.66 0.07882352941176507 0.1 0.11 0.17414763337894565 0.04764705882353015 0.16000000000000003 -0.1277777777777911 -0.02697368421052247 0.0 -0.049999999999999975 0.006501547987615706 0.01176470588234925
68 16 -1.7566819852941153 -1.4911268382352931 -1.2731770833333311 0.0675 0.2782352941176452 0.3225 0.2708336124231308 0.31999999999999995 0.7633333333333374 0.050000000000000044 0.4017543859649144 0.8548611111111193 -0.15882352941176348 -0.16842105263157894 -0.09999999999999974
68 17 -1.076578431372552 -0.8204559523809518 -0.5974999999999969 -0.18 -0.16147058823529523 -0.11470588235294087 0.24847231297928773 0.1678571428571432 0.48571428571428643 -0.3227941176470539 0.20225563909774394 0.7949019607842989 -0.09999999999999995 -0.009398496240601698 0.15
68 18 -0.18 -0.17550000000000004 -0.17750000000000002 -0.01 -0.01 -0.01 0.15887982473934034 0.01 0.04000000000000001 0.0 -0.015789473684210527 0.0 0.0 0.005263157894736842 0.0
68 19 -0.7877941176470581 -0.7767279411764704 -0.76 0.0 0.01 0.018124999999997504 0.1632980738688839 0.04 0.050000000000000044 0.0 0.026315789473684233 0.07279411764703758 -0.03749999999998335 -0.021052631578947368 0.0
68 20 -0.97 -0.7414803921568616 -0.6446874999999967 -0.20333333333333464 -0.17 -0.1580882352941185 0.24905642223494776 0.14999999999999997 0.6458823529411784 -0.2500000000000002 0.3399380804953571 1.0000000000000284 -0.10294117647060189 -0.07894736842105261 0.0
68 21 -0.946406249999999 -0.8383841911764696 -0.7190716911764676 -0.11 -0.09 -0.09 0.20597148652373468 0.06 0.5129411764705905 0.10000000000000009 0.2699690402476792 0.39687500000000653 -0.09999999999999995 -0.031578947368421054 0.0
68 22 0.6136764705882354 0.5863084558823517 0.66 -0.01 -0.01 0.0 0.21051947110967464 0.060000000000000005 0.577450980392165 -0.17647058823529072 -0.30392156862745523 0.0 0.0 -0.031578947368421054 0.0
68 23 -1.3644117647058838 -1.2502062908496725 -1.1936580882352936 -0.135 -0.09264705882353015 -0.06632352941176557 0.2199121625341401 0.17 0.3433088235294185 -0.12352941176468901 0.18068885448916763 0.5694444444444657 -0.18055555555555436 -0.0894736842105263 0.0
68 24 -0.72 -0.674344064364876 -0.64 -0.03 -0.02 -0.0075 0.17301132557630877 0.04 0.16000000000000003 0.01457800511509455 0.08421052631578949 0.10000000000000009 0.0 0.021052631578947368 2.2204460492495716e-14
68 25 -0.31 -0.3045 -0.3 0.12 0.12 0.13 0.15799987017728917 0.010000000000000009 0.030000000000000027 0.0 0.01578947368421054 0.0 0.0 -0.005263157894736847 0.0
68 26 -0.57 -0.5480397058823525 -0.5275000000000001 -0.08249999999999999 -0.07500000000000001 -0.07 0.16862456897610664 0.03470588235294389 0.06999999999999995 -0.09999999999999953 0.028792569659444146 0.025000000000011124 0.0 -0.018266253869970467 0.0
68 27 -0.8 -0.7474348447712408 -0.7397058823529419 0.0975 0.1 0.10250000000000001 0.19302136778659681 0.06625000000000388 0.2525000000000078 0.0 0.13289473684210934 0.1861111111111241 0.0 0.034868421052633616 0.10000000000000002
68 28 -0.4625 -0.4435882352941177 -0.4275 0.04 0.065 0.0925 0.16700146830122373 0.051111111111112426 0.07 -0.09999999999999981 0.0 0.10000000000000009 -0.09999999999999995 -0.026900584795322324 0.0
68 29 -0.6024999999999999 -0.5343098039215686 -0.47 0.0014062499999995836 0.01 0.02 0.18300583728886904 0.03 0.28 0.09999999999999953 0.1473684210526316 0.24999999999999994 -0.05 1.460819769243627e-18 0.08125000000001942
