74 0 -0.91 -0.9039375000000002 -0.9035294117647065 0.48 0.49 0.49 0.1618308065235913 0.020000000000000018 0.06312500000000065 -0.051470588235301706 -0.027960526315789814 0.0 0.0 0.0 0.0
74 1 1.7844117647058826 2.4145438811489544 2.9105882352941226 -0.006029411764707911 0.19 0.21 0.3644566598947737 0.37411764705882744 2.0182352941176553 0.3482026143790895 -2.2430340557275503 1.2970588235293934 -0.31764705882352695 -0.19690402476780391 0.0
74 2 0.8977604166666625 1.3974426062091494 1.8298529411764763 -0.23147058823529254 0.1478308823529457 0.44890625000000023 0.35472184646028143 1.0499999999999998 0.9199999999999999 -1.364930555555555 -0.4842105263157894 0.14999999999997904 0.19999999999999976 0.5421052631578949 0.8000000000000005
74 3 -2.535 -2.0835569852941194 -1.6989705882352935 0.2283823529411757 0.2585294117647069 0.3422058823529418 0.3291601631853555 0.24 1.6023529411764699 -1.458823529411769 -0.7959752321981421 -0.15000000000000124 -0.23235294117648658 0.002631578947369598 0.10000000000000009
74 4 -0.71 -0.7095 -0.71 -1.21 -1.21 -1.21 0.1553397216925636 0 0.010000000000000009 0.0 0.005263157894736847 0.0 0.0 0.0 0.0
74 5 -0.4895982142857127 -0.24736868950414861 6.8627450982078e-05 0.13 0.13588235294117634 0.14 0.23021943120990931 0.010000000000000009 0.8331818181818207 0.4037500000000199 0.4385167464114846 0.5126881720430032 0.0 -0.005263157894736847 0.0
74 6 -0.22123161764705893 0.07374117647058967 0.4025 -0.9924999999999999 -0.8428235294117674 -0.5112683823529411 0.30242654812538605 0.69 1.011249999999997 0.15000000000000013 0.5322368421052617 0.8113602941175959 -0.5497426470588274 -0.3631578947368421 -0.11470588235292511
74 7 0.9748039215686347 1.5157277369281084 2.205 -0.30588235294117566 -0.12705882352940956 -0.0375 0.39533313164084455 0.31999999999999995 2.421764705882357 0.20000000000000018 1.2693498452012406 2.157189542483702 0.0 0.1631578947368421 0.2676470588235135
74 8 -0.43 -0.43362499999999987 -0.43 -0.05 -0.04 -0.04 0.15799479897764618 0.010000000000000002 0.030000000000000027 0.0 0.01578947368421054 0.0 0.0 0.0 0.0
74 9 1.8175 1.8175000000000001 1.82 -0.73 -0.72 -0.72 0.1562247474542578 0.010000000000000009 0.010000000000000009 0.0 -0.005263157894736847 0.0 0.0 0.0 0.0
74 10 -2.160284926470582 -1.8345203431372537 -1.3669393382352957 -0.08205882352941288 -0.045 0.07484374999999814 0.34054024361730906 0.15000000000000002 1.818125 -0.8048529411765082 0.5911184210526303 1.753529411764705 -0.09999999999999995 0.06480263157894606 0.20000000000000004
74 11 -1.685 -1.6163253676470581 -1.5075 -0.37249999999999994 -0.35 -0.3275 0.20723465765971874 0.12374999999999892 0.4637499999999988 0.1031250000000139 0.24407894736842045 0.25294117647060244 -0.061764705882349225 -0.01776315789473626 0.10000000000000009
74 12 -0.042499999999999996 0.026439338235294686 0.0009283088235323162 -0.13 -0.13 -0.10500000000000001 0.20347106502687445 0.14 0.41 0.0 0.2157894736842105 0.30294117647059554 0.0 0.06842105263157895 0.1
74 13 -0.28499999999999703 -0.2606317401960784 -0.22 0.12 0.12 0.16 0.16682615036391207 0.05 0.09 -0.050000000000000044 -0.021052631578947368 0.050000000000000044 -0.012499999999988909 -0.02105263157894737 0.0
74 14 0.07530330882352862 0.08452941176470471 0.221562500000001 -0.2507352941176452 -0.23 -0.22 0.23911081972555664 0.09000000000000002 0.6539338235294185 -0.6970588235294191 -0.34417569659443076 0.0687499999999805 -0.049999999999999906 -0.001547987616095174 0.049999999999999906
74 15 0.30092105263157687 0.3469645897832817 0.45 0.9505882352941174 1.05 1.06 0.21120352554814043 0.19500000000000006 0.44499999999999995 -0.15000000000000013 0.1488919667590013 0.47058823529411625 0.0 0.08684210526315791 0.12058823529411677
74 16 2.147676470588237 2.465610244668045 2.83 -0.005 0.01 0.02000000000000111 0.27387401102182685 0.14 1.2064705882352946 0.04117647058823337 0.6294443539188519 1.1236928104575294 0.0 0.06842105263157897 0.1
74 17 -0.28 -0.27009374999999974 -0.27046874999999876 -1.2 -1.2 -1.1974999999999998 0.20332920495671067 0.49600000000000943 0.060000000000000026 0.0 0.03157894736842107 0.04687500000000844 0.0 0.2610526315789523 0.050000000000000044
74 18 0.3134068627450931 0.9209343420060303 1.5555034722222203 0.1530882352941206 0.165 0.24583333333333135 0.36400483877813 0.11555555555555422 2.250808823529416 -1.4488562091503656 -1.1846362229102188 -0.8394812091503201 -0.10000000000000009 -0.047368421052631574 0.027777777777771157
74 19 0.4082352941176476 0.7228569444444453 0.9949999999999999 -0.07 -0.06 -0.05485294117647298 0.22941983619256986 0.04 0.801333333333335 0.20000000000000018 0.42175438596491316 0.4135008169934712 0.0 0.010526315789473686 0.050000000000000044
74 20 -2.06 -2.0600000000000005 -2.06 -0.74 -0.74 -0.7374999999999999 0.15533972169256358 0.010000000000000009 0 0.0 0.0 0.0 0.0 -0.005263157894736847 0.0
74 21 0.26 0.2725000000000001 0.28 0.05 0.05 0.05 0.1606574830621932 0.019999999999999997 0.04999999999999999 -0.04999999999999977 -0.010526315789473665 0.0 0.0 -1.460819769243627e-18 0.0
74 22 1.3145833333333345 1.3725371732026144 1.4321875000000006 -0.66 -0.63 -0.63 0.17233616681475894 0.050000000000000044 0.1299999999999999 -0.15000000000000013 -0.05263157894736835 0.006249999999986544 -0.050000000000000044 0.005263157894736847 0.0
74 23 0.8282352941176476 1.083751307189544 1.3888235294117677 0.0 0.01 0.02 0.2318980923936778 0.05 0.8164705882352945 0.3382352941176203 0.4244582043343655 0.5986111111110881 0.0 -0.010526315789473687 0.0
74 24 -1.9049999999999998 -1.8228385255417963 -1.813815789473685 -0.4810294117647058 -0.475 -0.43 0.209626163631504 0.10000000000000003 0.5235294117647054 -0.29999999999999916 -0.24922600619195018 0.049999999999998934 -0.10000000000000009 -0.052631578947368446 0.0
74 25 0.3975000000000001 0.5107557948179277 0.6115625000000021 -0.1625 -0.12 -0.11 0.19742788950855894 0.16591176470588748 0.31941176470588356 0.09705882352941786 0.12074303405572823 0.20937500000000137 0.0 0.0873219814241513 0.19705882352939685
74 26 1.0175 1.1028703431372548 1.2119117647058824 0.3691819852941184 0.6117647058823548 0.6325000000000001 0.2103002998710898 0.355 0.28 -0.21176470588236518 -0.14736842105263162 -0.0514705882352795 -0.02499999999998892 0.17105263157894732 0.30000000000000027
74 27 -0.4897058823529409 -0.4547058823529415 -0.4175 0.0 0.0 0.0125 0.17284348631253416 0.03 0.1782352941176507 -0.1470588235294179 -0.09380804953560565 0.0 0.0 0.015789473684210527 0.0
74 28 2.9392647058823527 2.9735125035521457 2.9925 -0.1225 -0.08951690821255973 -0.05 0.18348162221113876 0.09000000000000001 0.18738562091503663 -0.12058823529411677 0.09862401100791401 0.30000000000000027 -0.09999999999999998 -0.029239766081869727 0.025163398692840608
74 29 -2.3125 -1.9561213235294155 -1.6116176470588224 -0.5122058823529408 -0.36756535947712204 -0.2572058823529388 0.41346233670978455 0.63 2.1868750000000023 -2.2305147058823662 -1.1509868421052645 -0.255882352941163 -0.3058823529411825 -0.1526315789473684 0.22859477124180128
