75 0 -2.045557971014495 -1.8169908313646297 -1.6682812500000004 -0.09421874999999952 -0.09 -0.009666666666666272 0.26136904010108586 0.26 0.9599999999999997 -0.8724621212121231 -0.5052631578947367 -0.049999999999998934 0.0 0.1368421052631579 0.19405934343433212
75 1 0.06257352941176723 0.14685833333333348 0.3 -0.5375000000000001 -0.2366911764705856 0.4900245098039245 0.34424787068593793 1.4706666666666748 0.7 -0.050000000000000044 0.3445614035087697 0.6749999999999889 0.3968750000000029 0.7740350877193025 0.9701797385620379
75 2 0.20171874999999778 0.454773897058824 0.5833823529411746 0.08750000000000001 0.13 0.20029411764706123 0.2483498315150948 0.26 0.4647058823529397 -0.3812499999999974 0.16594427244582122 0.6499999999999778 0.0 0.13684210526315793 0.19999999999999996
75 3 -2.0324999999999998 -1.8670849264705869 -1.884705882352942 0.06 0.09176470588235135 0.18 0.2489443844448023 0.28235294117646986 0.7523529411764698 0.0 0.395975232198142 0.49745098039217006 -0.2979779411764739 -0.13281733746130225 0.0
75 4 1.94 2.176915441176468 2.556599264705881 -1.184494485294125 -0.2825000000000025 -0.1875 0.38237693333289974 1.4 1.0731250000000003 -1.1036764705881685 -0.5648026315789475 -0.050000000000001155 -1.2648897058823285 -0.7315789473684211 -0.15
75 5 0.4695588235294057 0.874936151960782 1.3450000000000002 0.013125000000000834 0.2064375000000021 0.5081372549019628 0.34876776182208513 0.78 1.4605882352941246 -1.153799019607865 -0.7687306501548025 -0.28529411764706913 0.21249999999999442 0.4105263157894737 0.5987132352941305
75 6 -0.8524999999999999 -0.70276531862745 -0.5108854166666654 0.48 0.48 0.5325 0.20389477781781704 0.07000000000000006 0.48 0.09999999999999981 0.25263157894736843 0.2995098039215868 0.0 0.026315789473684233 0.04999999999998034
75 7 0.30296874999999895 0.3601194852941176 0.442499999999999 -0.54 -0.54 -0.54 0.18444467285392813 0.04937500000000139 0.29000000000000004 -0.15000000000002067 0.08421052631578946 0.29705882352939833 0.0 -0.020723684210527043 0.0
75 8 -0.37250000000000627 -0.22079740712074408 -0.12794117647058922 0.2675 0.36527777777777715 0.4775 0.25406871226421135 0.34 0.7936842105263187 -0.6000000000000172 -0.4177285318559572 -0.10294117647060189 0.11160130718953845 0.1736842105263158 0.20294117647060184
75 9 1.1375 1.1722428104575167 1.1930882352941183 0.1626470588235322 0.21 0.24 0.18075218975947352 0.10999999999999999 0.16529411764705793 -0.15000000000000013 -0.012325851393185941 0.16687500000000632 -0.049999999999999906 0.010526315789473694 0.10000000000000009
75 10 -0.4025 -0.3930588235294118 -0.38 0.49 0.49 0.49 0.15799479897764612 0 0.03999999999999998 0.0 0.021052631578947358 0.04999999999999977 0.0 0.0 0.0
75 11 -2.32029411764706 -2.177001838235295 -2.0216176470588243 -0.05 -0.04 -0.0375 0.21973560827934266 0.05 0.6871691176470627 -0.4382352941176848 -0.36166795665634877 -0.2977941176470589 0.0 0.02631578947368421 0.09999999999999998
75 12 0.0363931888544807 0.5236780294281435 0.9683235294117635 0.3791764705882365 0.5697058823529428 0.6705882352941206 0.31655063658722776 0.4847058823529419 1.370588235294116 -0.8843321539142079 -0.7055727554179558 -0.3749999999999887 0.10000000000000009 0.25510835913312724 0.32058823529412694
75 13 -0.830798611111109 -0.7235112745098033 -0.5879166666666649 0.08750000000000001 0.11 0.12069444444444505 0.2019570474486786 0.08750000000000112 0.3662499999999994 -0.32999999999997587 0.03881578947368449 0.3684640522875643 -0.03529411764704775 0.031578947368421054 0.09999999999999995
75 14 0.6255882352941162 0.7884852941176457 0.9824999999999999 -0.2803125000000003 -0.265 -0.2401470588235291 0.26096643239625356 0.4500000000000039 0.7375000000000056 -0.6496732026143787 -0.388157894736845 -0.10000000000000009 0.0 0.23684210526315996 0.3470588235294181
75 15 -0.6875 -0.6380937499999996 -0.58 0.6 0.6 0.6024999999999999 0.17210924073998976 0.02875000000000283 0.17000000000000004 0.08750000000002756 0.08815789473684502 0.10000000000000009 -0.0937500000000141 -0.01513157894736991 0.0
75 16 0.4091176470588233 1.007218137254906 1.5497334558823546 -0.5868750000000025 -0.5191176470588237 -0.3514613970588226 0.39956503409859295 0.49 2.3041176470588303 0.7555964052287536 1.212693498452016 1.547610294117585 0.0617647058823495 0.2578947368421053 0.4119485294117778
75 17 -0.1625 -0.10356495098039238 -0.0625 0.0375 0.058437499999999726 0.09279411764705822 0.1992177619125758 0.19117647058823653 0.3111764705882365 -0.20588235294116417 -0.1532507739938087 -0.016666666666666635 -0.10000000000000002 -0.04469814241485929 0.10000000000000002
75 18 -1.6817647058823555 -1.4529967320261448 -1.297003676470588 -0.0625 -0.03906249999999986 0.09029411764705914 0.2422201980964174 0.2681249999999997 0.6600000000000001 -0.40000000000000036 -0.34736842105263166 -0.1944444444444382 -0.09999999999999998 0.14111842105263145 0.3003267973856205
75 19 0.549209558823531 0.7092851414688682 0.8225 -0.052500000000000005 -0.0008823529411763477 0.05238970588235323 0.25071442629859964 0.3970588235294108 0.5 -0.36176470588236476 0.09473684210526312 0.4563929738562189 -0.23529411764705388 -0.20897832817337406 -0.1
75 20 -1.2717647058823522 -0.7865698529411747 -0.295147058823527 -0.05 0.017058823529412875 0.07250000000000001 0.27611721402575207 0.14 1.23 0.2593750000000111 0.6473684210526315 0.9367647058823714 0.0 0.05789473684210527 0.09999999999999995
75 21 -0.13 -0.10018204478930184 -0.08482142857142709 0.09945652173913101 0.14 0.175 0.20663641612868902 0.43625000000000447 0.13217391304347598 -0.10588235294118273 0.005263157894736847 0.10588235294118252 0.017857142857152716 0.22960526315789706 0.40425409930054834
75 22 -1.8807352941176454 -1.8343823529411758 -1.6919117647058795 -0.7626470588235291 -0.6861764705882345 -0.5769117647058793 0.2727713710951589 0.3875000000000022 0.7900000000000003 0.10000000000000009 0.41578947368421065 0.6558823529411617 0.19411764705881573 0.2039473684210538 0.2816176470588494
75 23 -0.47279411764705814 -0.28513970588235177 -0.07988970588235136 -0.23 -0.22 -0.22 0.23735609033178792 0.15705882352941497 0.77 0.39117647058823674 0.4052631578947368 0.49411764705883654 0.0 0.08266253869969208 0.050000000000000044
75 24 1.1574999999999998 1.266055147058824 1.3666176470588267 0.07308823529411618 0.08 0.10250000000000001 0.1941850990256137 0.06000000000000001 0.33000000000000007 -0.050000000000000044 0.17368421052631583 0.42058823529412814 0.0 0.03157894736842106 0.09999999999999995
75 25 -1.9012499999999988 -1.5549154411764685 -1.2954411764705829 0.023970588235295225 0.12156250000000542 0.2451470588235322 0.2902821788428575 0.33999999999999997 1.0800735294117731 0.0 0.5684597523219859 1.148897058823558 -0.10147058823532128 0.11578947368421054 0.27812500000000423
75 26 -0.74 -0.7021748366013076 -0.6477941176470592 0.9470588235294126 0.98 1.06073529411765 0.19537628144477207 0.23999999999999988 0.14529411764706224 -0.20882352941174576 -0.07647058823529591 0.005882352941182778 0.0 0.10123839009287838 0.20000000000000018
75 27 -2.475 -2.2861893382352934 -2.1025 -0.1253125000000004 -0.065 -0.03 0.2121918297007639 0.13 0.5241176470588276 0.15000000000000124 0.2758513931888566 0.426654411764682 0.0 0.06842105263157897 0.10000000000000002
75 28 -1.5805882352941207 -1.271498856209152 -0.9562847222222249 -0.29 -0.28 -0.2694117647058828 0.26878421077955283 0.10808823529411862 1.1655882352941211 -0.6999999999999806 -0.6134674922600637 -0.4944444444444368 -0.10294117647058065 -0.05688854489164138 0.05588235294116395
75 29 -0.05 -0.03350000000000001 -0.017499999999999998 0.1676470588235301 0.175 0.7022058823529428 0.2093396684449674 0.58 0.04 -0.09999999999999999 -0.021052631578947368 0.0 -0.24411764705881522 -0.2947368421052631 0.0
