8 0 -0.2379099512562155 -0.19034711114546143 -0.04721964050600005 0.179622305298832 0.264872912612772 0.27874828016617204 0.2305777639346885 0.22856831884192 0.6420368186405281 0.08857545953891281 0.3379141150739621 0.45413467136952723 0.018500490071200193 0.11968365697004209 0.20717058221240003
8 1 0.012342289730988505 0.04034522491469125 0.06842844524399105 0.1217728824275721 0.13364984798743212 0.1442527231933321 0.16849980932044498 0.036372661611679985 0.11594222221034255 -0.0780162175644 -0.06102222221596977 -0.03464478565219993 -0.030194196059599998 -0.009819773528357893 0.03726277953019996
8 2 0.3138862182955739 0.3263600864596179 0.3422521819637039 0.1662028080497032 0.1826263563103251 0.19450332187018507 0.1687583456365205 0.10370746415314187 0.03693116697232002 -0.053843407424200296 -0.010765925701810534 0.02993239667180042 0.024696408915799994 0.05458287587007468 0.0681551072905999
8 3 0.06197862947463195 0.06351888253952194 0.06734115360140194 0.1939605244728131 0.19962411789555307 0.20432341690656308 0.1677019230394548 0.12822934014374185 0.021467549799599986 -0.007853981634000015 0.005107384547957895 0.018500490071200054 0.018151424220800016 0.0674891263914431 0.05550147021360016
8 4 0.10626330491794095 0.10856539420132894 0.11170436886105095 0.002637871238927495 0.003340366262857495 0.005443488011517495 0.15592827099693946 0.006562437987521746 0.005864306286719981 -0.00872664625999997 -0.00045929717157895314 0.012828170002200032 -0.001919862177199997 0.0027282251991798665 0.006981317007999995
8 5 2.8446409771825345 3.026592399973631 -3.1325968387881256 -0.1345652731801061 -0.0723268320537861 -0.05890088678277611 0.2357136135938639 0.29574604175105096 0.6159353383619601 0.16842427281799965 -2.981086664020021 0.41826815524180105 -0.032637657012399846 0.08199373107008999 0.25089107997517446
8 6 -0.7229120309634185 -0.46244520204745676 -0.18716576376962946 -0.3880710987812875 -0.2917376507171475 -0.12809994337293207 0.2841967107023043 0.4933696729551854 0.898460592343984 -0.8339183166056001 -0.2408462508322653 0.24172810140199952 0.12784536770900023 0.25966824892378176 0.28527406623939994
8 7 0.09662389994055184 0.24911418935262727 0.25600300391058545 0.1372880837760399 0.289201541870469 0.330365132278889 0.25320537978823204 0.25544638932306907 0.7757290393444436 -0.6398377037858181 -0.35274022777263153 0.06239552075900011 -0.3255039054980003 -0.13444546806477317 0.05096361415839995
8 8 -1.219269174304123 -1.1626777459726492 -1.144503632471573 0.20319481913985593 0.21716181647898591 0.2181871974145359 0.18567174379990634 0.040701078156640036 0.25595253480579994 -0.0389208423196008 0.1347118604241052 0.19207348418260106 0.0026179938780000744 0.021421620082442125 0.026005405854799962
8 9 0.09044961955362779 0.10084916390166979 0.1082432512777678 0.0823775277623659 0.0941366835977159 0.09582092632589591 0.16179212615820343 0.038397243544 0.0444186294634 0.0013962634015999426 0.02337822603336842 0.03813544415619999 -0.0025307274154000303 0.018537233844926313 0.03804817769360008
8 10 0.17402377387213588 0.18201563651728822 0.18398524057827495 0.15559649066670608 0.15876862658221613 0.16286578700128612 0.16338037779384132 0.05054473513757096 0.05023057587290908 -0.03551745027820005 -0.026152380949888976 -0.005934119456799947 -0.004363323129999985 0.026602492177668927 0.040840704496800107
8 11 -0.08326505288293004 -0.05835047781063354 -0.029809981217300052 -0.2665558948257689 0.1032444670883401 0.11505598280125011 0.2086139197488805 0.5388354999703091 0.07726572598602255 0.004625122517799979 0.040666171571590824 0.04555309347719999 -0.146607657168 -0.28359763156332063 -8.726646259997473e-05
8 12 -0.04113731350682621 -0.02966613699805621 -0.030124285926706205 -0.07250097712808001 -0.041661009245239994 -0.00753982236864 0.17032583139377516 0.09457939216588 0.06628760499096001 -0.014049900478600042 0.034888213153136845 0.0177150919077999 0.028361600345000047 0.04977862745572632 0.06178465552079999
8 13 0.938696152404985 1.004421761376801 1.0528494121320449 0.0037533305564259995 0.054791121208036 0.142258296672016 0.1941574661152968 0.27344073391084 0.16037830496627992 -0.16283921921160016 -0.08358289928393679 0.018849555921600092 0.09075712110399987 0.14391617574254736 0.1589122283946001
8 14 -0.1338169147819042 -0.05826510212130378 -0.0002774103883240206 0.27257631111703107 0.30919768214712107 0.344091177217731 0.208573327131261 0.23584634182241093 0.17235126363423206 0.06553711341259989 0.08389522136064728 0.22872539847460002 -0.27646015351680014 -0.12412965359074261 0.08962265709019951
8 15 0.15139218642409116 0.20106600226502755 0.26490840097364754 -0.012841987192130574 0.09372345361182016 0.12971214278806015 0.19145643200395276 0.23101177979471998 0.1864535239906364 0.021642082724800116 0.09813343367928233 0.15262904308478195 0.02905973204580005 0.12131875490086315 0.1974840048640618
8 16 0.12154002641665079 0.14585071756789839 0.1382253740657708 -0.2383867655125579 -0.22056259052650795 -0.11571629903503981 0.2040191858580214 0.34489451348841815 0.12027063875601815 -0.015620696805399986 0.06330033618737797 0.09154251926740006 -0.03735004599279987 0.181523428151799 0.35456363754380005
8 17 0.09569528781567405 0.22064166363700605 0.33952651096615954 0.29756035999061 0.32427698751559997 0.33541655146648996 0.19720251344820286 0.10763445497083998 0.3742858580912255 0.10210176124199971 0.1969925568901187 0.25089107997412735 -0.0013089969390001066 0.04603994847907366 0.09206611804299991
8 18 -0.07092058149039401 -0.003246312408719999 0.056279014395366006 -0.15830504774035703 -0.14731820009901705 -0.04998991436123705 0.18903127516354867 0.19772835095908 0.15508995733272002 -0.152279977237 -0.07763959388370527 0.034993851502599996 0.039880773408199933 0.10406755313635788 0.15036011505971275
8 19 0.4255886963822795 0.7759740156967915 1.1588189684399994 0.0632458839556301 0.08671619907190009 0.1188826171862601 0.2627857485769712 0.11890928193841092 1.0525208054186 0.32890729753939946 0.5539583186413686 0.6669775736517997 -0.1103048087264 0.006228069646610525 0.03429571980179999
8 20 -0.03725827076302384 -0.025385668526272904 -0.015747087732071483 -0.11789994833597722 -0.09301155320245721 -0.07778791880188721 0.16479795594442587 0.05414011339704 0.039601520727932354 -0.03307398932539998 0.010242326926210526 0.017016960206999998 -0.025569073541800158 0.013411477410105255 0.05541420375099998
8 21 0.4325710314984281 0.4457299413938821 0.4574725166013381 0.24708335332297154 0.24952681427577156 0.25474971206238156 0.16407759958939172 0.009878563566319998 0.09019861574335997 -0.07094763409380006 -0.01562528977711574 0.05349434157379984 -0.011780972451000127 0.005199243982273683 0.02504547476620017
8 22 -0.005299301257794377 0.026573901542217403 0.06211840442381816 -0.12029923482511658 0.033259196089008326 0.31112870297693795 0.21658768393700426 0.5265309287435346 0.15357152088348 0.053494341573712724 0.08082711625446316 0.11397000015560002 0.05209807817219997 0.27535784030510235 0.4823217387902
8 23 0.07118136276952185 0.08636136393879185 0.10416808563232184 -0.12017576071794595 -0.05284532149891595 -0.028209999106935953 0.17143323599754018 0.11817624365292001 0.07363544114188 0.013089969389999956 0.03875549533783158 0.05009094953239996 0.01876228945900003 0.062198022975221055 0.07967428035379989
8 24 -0.12479264140320585 -0.10656529535999622 -0.05857048625919585 0.03527601306506485 0.08106036266815485 0.17020741753731575 0.191770366123183 0.11557570306796358 0.22827161286960362 0.05489060497540003 0.12014295414189667 0.11876965559860002 -0.11030480872666179 0.04254928997507368 0.14206980111279996
8 25 -0.038264937890347205 0.24454995943326052 0.4737666680927209 0.013170690867905 0.028036532771815 0.06282094476417499 0.25611511805511256 0.0904953217162 1.0173000611139382 0.13343042131505095 0.5354210847968096 0.7418521985660906 -0.04529129408940001 0.047629116692736846 0.1394518072348
8 26 0.11321747235972116 0.11923013163286116 0.13081911786614114 0.0481963461479471 0.0669324556681671 0.0870517386205971 0.16188354390944779 0.04602433237523999 0.03415609346164 -0.028972465583200005 -0.005346219077178947 0.026616271092999993 -0.0003490658503999683 0.02239533008618947 0.038746309394399985
8 27 0.06280203703066985 0.0935250678536782 0.11259191726709984 0.4265071759011445 0.4537037689704345 0.4904691296638145 0.18157468481227032 0.14955726360387994 0.1544790920950436 0.004799655442999928 0.08130478531318083 0.09660397409819999 -0.07531095722379977 0.035485299476189475 0.12819443355939958
8 28 0.0032340951039560003 0.00801978791294 0.012676326357276 -0.1445393935229731 -0.1318421232146731 -0.11601198689903311 0.16264170162720978 0.03459242577464003 0.03419100004668 -0.0415388361976 -0.012933808351663157 0.018587756533800008 -0.03857177646919993 -0.01820653988138949 -0.008552113334799882
8 29 0.3739454124640635 0.9125749635812401 1.3610949107490038 0.1402457102382448 0.1451326321438448 0.1706493458079103 0.3267175322607118 0.19743164498554183 1.7556441478723388 -1.3188580492737993 -0.9240232357222835 -0.5295328950568 -0.18046704465330937 -0.08925981232428519 0.02111848394919999
8 30 0.2743271187638215 0.2750296137877515 0.27530450314494154 -0.05885264782148616 -0.058350865661536154 -0.05816760609007616 0.15485323672590212 0.001396263401600005 0.0030019663134400187 -0.0035779249666001434 -0.0015799822702315888 0.0006981317007997978 -0.0008726646259999901 0.0006154582099157902 0.0025307274154000303
8 31 -3.0272968101770825 -3.0157017152914203 -3.000222390155432 0.014359890346300506 0.021611733388343053 0.026516108586463052 0.16295078782797776 0.04166100924522081 0.04588470603507977 -0.045291294089402356 0.0009094083997264834 0.05925392810539831 -0.04433136300071276 0.013448221183821473 0.06981317007990401
8 32 0.5011092870415981 0.5190390544473941 0.5405450014905381 -0.122213626545109 -0.029938068991869 -0.011878274556799 0.17337817445010945 0.13053317475708 0.05696754678528004 -0.01021017612419961 0.029982919360673706 0.058468529942000136 -0.028274333882399985 0.050412457552505265 0.056112335451799986
8 33 0.20307385812564302 0.167033681736469 0.20773825055161302 0.107135290804768 0.117598539670508 0.131373550791918 0.2006408445988634 0.14706144277352 0.38193040021516 -0.05070181477059996 -0.20101600011324208 0.003316125578800011 -0.050701814770600026 -0.0774007593544842 -0.010122909661600121
8 34 -0.1112028775893678 -0.0709704203368863 -0.04764234955465779 0.11948766466034495 0.13009053986624494 0.14343358199778494 0.1774986744436178 0.03979350694560002 0.20954422999512 -0.16833700635540003 -0.11028643683953684 -0.036302848441599964 -0.02076941809880002 0.003646819542336845 0.043720497762600036
8 35 3.101621850297035 -3.1280647113484847 -3.0844315207060347 -0.14495318199991777 -0.1414276169108778 -0.1078213021636178 0.17386506734609963 0.047420595776840005 0.08807795938708107 -0.1430297322014007 -0.016778168475200556 0.058992128717603176 -0.04459316238860013 -0.022937300748652634 0.00698131700800006
8 36 0.005869396830377485 0.018335411012800316 0.015843953505570572 -0.10504104114641416 -0.08573769961929417 -0.07812370075744415 0.18140762917113132 0.18818139995063998 0.1190663615714976 -0.0393571746326 -0.05807353437446966 0.0119555053762 -0.10812314716139998 -0.08268267682764212 0.027401669256399905
8 37 -3.0096680150967625 -2.753754750199133 -2.525291151112333 -0.23020432260863552 -0.21839280689572552 -0.019272555858354416 0.24290010870636988 0.2807187568915055 0.7274706855261202 -0.5884377573117971 -0.3771289075834738 -0.157690497918197 -0.0263544717052 0.12563614831360423 0.04415683007560012
8 38 -0.514000676747427 -0.1959903423933289 0.007193907807174979 0.02324574941912115 0.13818004398618935 0.24960186343360755 0.22985158465561462 0.27132888551534406 0.5854706975827019 -0.3426081321676 -0.30814247241194836 -0.02155481626220035 -0.24661502330760005 -0.13852402694793495 0.006806784082800006
8 39 -0.09982211883202805 -0.05693152512875579 -0.04879741814980806 -0.12171688644746195 0.034625344623576776 0.1905661499664635 0.20568446537216536 0.35993925163978546 0.2071705822124 0.026965336943400066 0.10903714853284212 0.10751228192319998 -0.015533430342799942 0.17604860586611867 0.3375466773359273
8 40 -0.024757059107307 -0.014805191712403002 -0.006374378760617 -0.006675787426156021 -0.0033683884936160204 -0.0010078306802930022 0.15948311964002268 0.013386675362840002 0.03675663404712 -0.031590459461199996 -0.009810587584926315 0.016667894356600012 -0.0101229096616 0.003325311522231578 0.0180641577582
8 41 -0.005966117159747516 0.021427698115044667 0.04595306476417484 -0.016848584415562716 0.1567505896345911 0.17560014555584202 0.19314635145543546 0.35412730523045094 0.08360127117085235 0.013177235852599991 0.03094744342101704 0.0534070751112 0.029583330821399967 0.18638279222655313 0.25656340004400013
8 42 0.9173682289455449 1.1494734575166432 1.395365914513915 0.15095425422605985 0.22763093159007347 0.24723970573629345 0.26721924191117435 0.40652208937636364 0.47069784597188 -0.6408849013343998 -0.20450665861724204 0.030019663134398522 -0.12540190675619997 -0.15860449928964213 0.1002691655274001
8 43 -0.5866187494828456 -0.24925271372394006 0.027955313377130746 0.07595934712766086 0.12127245783271087 0.20866545680400447 0.2548622155985817 0.2299122223664836 0.8748462875644765 0.0836012711707127 0.46044541450761917 0.6996152306642001 -0.20909044438960017 -0.117451472716444 -0.030455995447399957
8 44 0.2225621075899631 0.23146154144591108 0.23697416388835307 0.1724879326117828 0.19657347629008093 0.2269334786286209 0.16374062396472233 0.062151174664418135 0.037786378305800034 0.00305432619099974 0.01988756752936844 0.031677725923800054 -0.011344640137999906 0.02569308377849375 0.053145275723399804
8 45 -0.01691359793019099 -0.002987615828489796 0.009955745904349009 0.2878076540557125 0.3383960224249325 0.39114859906663246 0.169447417487813 0.13470451166936004 0.034871678454994906 -0.0284488668076 -0.014265770149242107 0.003752457891800006 0.012828170002200101 0.06374126147172632 0.09302604913159984
8 46 3.123714615815918 3.1383430360209856 -3.0984801606729424 -0.3574096392962205 -0.34445056960012044 -0.33855135672836045 0.1836902862661712 0.06300638599719999 0.24594299023048016 0.007330382858399265 -3.1764441229794103 0.11143927274019916 -0.03761184538060014 0.009167571544715808 0.0433714319122
8 47 -0.026256345416181895 -0.022028285303201424 -0.017119546781926988 0.006651449779372 0.011970340674842 0.016390387005532 0.15871291438449064 0.0208566845614 0.010855947947474909 -0.008901179185200007 0.004840992188460478 0.010559241974600012 -0.054890604975400006 0.0005511566058947343 0.0313286600734
8 48 0.884813426590859 1.264122342269515 1.7386023167304792 -0.58832785005068 -0.5516497558199 -0.51311724925887 0.3602633043418129 0.31906364055812 1.99969353718648 0.7039785537941989 1.0524702827297263 1.2795008746411993 -0.24740042147100016 -0.11728612573439996 0.06579891280040051
8 49 0.046489220214038056 0.07436474636235604 0.11065625016381805 0.18065592806657305 0.20290451270644305 0.277281718780423 0.19197174349692656 0.3091327171138561 0.06906267850164 -0.01666789435660003 0.036348778158757894 0.127845367709 -0.13028882866179994 0.09232791743059793 0.27078783344780005
