34 0 -0.3372727272727286 -0.3271861471861472 -0.31142857142857316 -0.2 -0.19 -0.18 0.16333584176381857 0.04000000000000001 0.030000000000000027 -0.07229437229436975 0.0 0.0 -0.09999999999999981 -0.005263157894736847 0.09999999999999981
34 1 -0.21 -0.03444372294372259 0.14964285714286224 -0.2625 -0.13023809523809637 -0.06392857142857228 0.23477064459158112 0.24727272727272698 0.627272727272727 0.0 0.27224880382774747 0.3690476190476247 -0.049999999999999975 0.01961722488038261 0.1999999999999831
34 2 -0.1925 -0.010980519480520184 0.23805194805194763 -0.2125 -0.2 -0.1975 0.20242013239036244 0.06 0.47272727272727305 -0.4201298701298569 -0.24880382775119633 0.0 0.0 0.02105263157894737 0.002380952380946766
34 3 -0.3501190476190473 -0.3359004329004328 -0.32 -0.41 -0.3720129870129857 -0.265714285714284 0.175676445349756 0.19999999999999998 0.03999999999999998 -0.050000000000000044 -0.021052631578947358 0.0 0.040909090909095336 0.10526315789473684 0.1428571428571429
34 4 -0.29 -0.284 -0.2775 -0.09 -0.027727272727271407 -0.0075 0.16956122976108368 0.12000000000000001 0.020000000000000018 0.0 0.010526315789473694 0.0 0.0 0.06315789473684211 0.1272727272727141
34 5 -0.58 -0.5557380952380951 -0.5375000000000001 -0.26 -0.2020129870129857 -0.08571428571428402 0.1809895475774033 0.24047619047618932 0.05999999999999994 0.0 0.03157894736842102 0.050000000000000044 0.002380952380946731 0.11929824561403389 0.20476190476189343
34 6 -0.27 -0.24419047619047624 -0.2175 0.015357142857143704 0.23560606060606082 0.32494588744588837 0.20848502648426956 0.53 0.07999999999999999 0.0 0.019298245614033895 0.09999999999999995 0.0 0.21403508771929702 0.41818181818180933
34 7 -0.3524999999999999 -0.3132272727272729 -0.28 0.1 0.11 0.132272727272727 0.1704349678825619 0.07012987012986983 0.08000000000000002 -0.10000000000000009 -0.0368421052631579 0.0 -0.03701298701300024 0.009090909090908938 0.06428571428571422
34 8 -0.23500000000000168 -0.21266666666666678 -0.19 -0.85 -0.74 -0.4510714285714252 0.24305518006139598 0.9066666666666712 0.06 0.0 0.008771929824560218 0.049999999999999906 0.14761904761903644 0.4771929824561428 0.8380952380952156
34 9 -0.46607142857142775 -0.4608744588744589 -0.46 -0.17 -0.14 -0.11 0.17164133614698893 0.14727272727272697 0.047272727272726967 -0.023809523809518174 -0.024880382775119458 0.0 0.0 0.07751196172248787 0.10238095238094685
34 10 -0.35464285714285626 -0.3269675324675321 -0.2675 -0.42 -0.41 -0.36321428571428405 0.19158559645825657 0.10727272727272696 0.29000000000000004 0.0 0.13684210526315793 0.3333333333333391 0.0 0.05645933014354051 0.10000000000000009
34 11 -0.67 -0.6718095238095237 -0.67 -0.27 -0.26 -0.26 0.15711484441559492 0.020000000000000018 0.010000000000000009 0.0 -0.005263157894736847 0.0 0.0 0.010526315789473694 0.0
34 12 -0.23749999999999832 -0.22483333333333322 -0.22 -0.0625 -0.005 0.09428571428571597 0.18517731363348625 0.287272727272727 0.06 0.0 0.031578947368421054 0.09999999999999981 0.1 0.1511961722488037 0.20000000000000004
34 13 -0.33 -0.3280909090909091 -0.3279545454545452 -0.34 -0.33 -0.2527380952380963 0.16510434258979542 0.09000000000000002 0.020000000000000018 0.0 0.005263157894736847 0.0 -0.002380952380946766 0.04561403508771813 0.06904761904760776
34 14 -0.5224999999999992 -0.5224999999999997 -0.52 -0.11 -0.11 -0.11 0.15609831520258718 0.008571428571428563 0.010000000000000009 0.0 0.005263157894736847 0.0 0.0 0.0 0.0
34 15 -0.44 -0.44000000000000006 -0.44 -0.18 -0.17363636363636348 -0.17 0.15533972169256358 0.007272727272726959 0 0.0 0.0 0.0 0.0 -0.0014354066985647485 0.0
34 16 -0.9886796536796527 -0.5829956709956697 -0.3501623376623381 0.010357142857143705 0.08181818181818093 0.13 0.33025073869689914 0.35727272727272696 0.822121212121224 -0.8298701298701444 0.4326953748006442 1.7670995670995948 0.0 0.13891547049441655 0.26883116883117475
34 17 -1.5625 -1.4920541125541131 -1.497500000000001 -0.3325 -0.2927272727272714 -0.275 0.20215413617420785 0.11000000000000001 0.427272727272727 -0.46904761904760894 -0.1827751196172247 0.10000000000000009 0.0 0.05789473684210528 0.10000000000000009
34 18 -0.39 -0.38040909090909086 -0.37 -0.1 -0.07500000000000001 -0.06 0.1615433759770731 0.057272727272726975 0.010000000000000009 0.0 -0.005263157894736847 0.0 0.0 0.019617224880382617 0.0880952380952494
34 19 -0.6525000000000001 -0.5961233766233771 -0.55 -0.6392857142857142 -0.3115151515151581 -0.1660930735930751 0.22257592740971197 0.4676190476190498 0.1528571428571428 -0.17619047619048145 -0.02280701754386082 0.08095238095237545 -0.39545454545457204 -0.06666666666667262 0.18095238095235838
34 20 -1.205811688311689 -0.9803787878787876 -0.7534740259740262 -0.0650000000000017 -0.045 0.016309523809524093 0.24812247266157444 0.21000000000000002 0.601818181818181 -0.6259740259739999 0.10430622009569421 0.7380952380952494 -0.07857142857142861 0.04035087719298127 0.18333333333332208
34 21 -0.27 -0.2699999999999999 -0.27 -0.57 -0.5623809523809519 -0.56 0.1553397216925636 0.009999999999999898 0 0.0 0.0 0.0 0.0 0.005263157894736788 0.02337662337661861
34 22 -2.128095238095241 -1.701025974025973 -1.2167857142857126 -1.1225 -0.9207142857142857 -0.8328571428571427 0.31479950080000657 0.5345454545454539 0.9648484848484903 -0.10000000000000009 0.5078149920255213 1.0580086580086545 -0.49199134199134464 -0.2760765550239231 -0.09999999999999898
34 23 -0.45 -0.41986363636363644 -0.405 -0.30302941176470594 -0.16999999999999998 -0.13 0.1976683897457493 0.307272727272727 0.17727272727272697 0.0 0.09330143540669841 0.1999999999999999 0.04647058823529393 0.1511961722488037 0.26818181818180936
34 24 -0.43 -0.39199999999999996 -0.36 0.0275 0.08 0.13928571428571598 0.18073391240725417 0.20727272727272697 0.07999999999999996 0.0 0.042105263157894715 0.09999999999999981 0.03809523809524939 0.10382775119617209 0.1785714285714286
34 25 -1.3717857142857135 -1.3208333333333324 -1.2407142857142839 -0.01 0.01 0.12416666666666609 0.22470998880145762 0.15 0.6118181818181807 0.13095238095237494 0.32200956937798986 0.5242424242424348 -0.030303030303043127 0.07192982456140232 0.22619047619048185
34 26 -0.5925 -0.43111471861471895 -0.2825000000000008 -0.8374999999999999 -0.7506060606060607 -0.6974999999999999 0.20908668175257186 0.19999999999999996 0.42000000000000004 -0.309090909090905 -0.11578947368421051 0.10952380952382101 -0.1491341991341849 -0.05087719298245492 0.0
34 27 -0.28 -0.2786904761904762 -0.28 -0.09 -0.08 -0.06 0.16153635093860658 0.06999999999999999 0.010000000000000009 0.0 0.003508771929823386 0.0 0.0 0.03684210526315789 0.09999999999999995
34 28 -0.2150000000000017 -0.2117575757575758 -0.21 -0.4225 -0.385 -0.35750000000000004 0.1659795332976366 0.10999999999999999 0.01999999999999999 0.0 -0.0052631578947368324 0.0 0.002380952380946766 0.05789473684210527 0.10000000000000009
34 29 -0.65 -0.626642857142857 -0.6360714285714286 -0.2 -0.2 -0.19 0.1694009552647308 0.059523809523810645 0.09999999999999998 0.0 0.04736842105263156 0.050000000000000044 0.0 0.026315789473684206 0.07705627705629714
34 30 -0.68 -0.6675043290043291 -0.66 -0.42 -0.42 -0.41 0.16153808524497804 0.010000000000000009 0.06999999999999995 -0.08852813852814834 -0.03684210526315787 0.0 0.0 0.005263157894736847 0.0
34 31 -0.4979545454545452 -0.45955844155844117 -0.4240909090909071 0.18 0.18 0.18386363636363567 0.16775820446339335 0.03 0.087272727272727 -0.10000000000000009 0.030143540669856302 0.1181818181818095 0.0 0.015789473684210527 0.0
34 32 -0.32 -0.3121818181818182 -0.31 -0.3 -0.2940476190476179 -0.29 0.1580049413769321 0.010000000000000009 0.010000000000000009 0.0 0.005263157894736847 0.0 0.0 0.0 0.0
34 33 -0.5217857142857161 -0.16991341991342163 0.18821428571428317 0.06 0.07 0.12702380952380898 0.2557668471522976 0.07 0.99 -1.0318181818181906 -0.5157894736842106 -0.0794372294372439 -0.14761904761903638 -0.026315789473684206 0.04761904761905328
34 34 -0.31 -0.30349999999999994 -0.3 -0.23964285714285632 -0.1992857142857143 -0.16607142857142856 0.17132234631367257 0.18 0.010000000000000009 0.0 0.0 0.0 0.041341991342011136 0.09473684210526315 0.15
34 35 -0.21 -0.009558441558440581 0.1700000000000034 -0.27 -0.22272727272727139 -0.16545454545454524 0.21358266717839663 0.13000000000000003 0.54 0.0 0.28421052631578947 0.5190476190476078 0.0 0.06842105263157897 0.1636363636363812
34 36 -1.239285714285711 -0.8267554112554084 -0.3024999999999966 -0.4696428571428563 -0.20974025974025712 -0.01607142857142688 0.34717913256496125 0.7090476190476213 1.5072727272727269 0.5696969696969573 0.7862838915470481 1.14047619047623 0.13571428571426875 0.3526315789473684 0.5593073593073384
34 37 0.050000000000008454 0.3388722943722955 0.6433333333333296 -0.14749999999999916 -0.03201298701298569 0.2539285714285714 0.3492116474742426 0.7872727272727269 1.254545454545454 -0.9101731601731525 0.2392344497607617 1.1930735930736116 0.2709956709956716 0.41435406698564575 0.5532467532467621
34 38 -0.35 -0.336 -0.32 -0.2225 -0.18 -0.11857142857142856 0.17209475807435973 0.13 0.06 -0.09999999999999981 -0.031578947368421054 0.0 0.0 0.06842105263157895 0.10000000000000009
34 39 3.0764285714285746 -2.4611385281385236 -1.6799999999999962 -0.014285714285715978 0.0897402597402571 0.245 0.41036690367618284 0.32272727272727303 2.582424242424244 0.5976190476190713 -1.9460925039872405 1.8764069264069438 -0.20476190476189357 -0.1698564593301437 -0.05346320346319596
34 40 -0.37 -0.3658636363636364 -0.36 -0.09428571428571345 0.0772727272727286 0.12 0.20480132625701206 0.527272727272727 0.03272727272727305 0.0 -0.011961722488038442 0.0 0.049999999999999975 0.2775119617224879 0.46818181818182564
34 41 -0.3844047619047608 -0.3166536796536793 -0.25 -0.18964285714285714 0.04071428571428572 0.21416666666666612 0.2198823273758414 0.54 0.17 0.0 0.08596491228070295 0.21904761904762454 0.07229437229436975 0.27719298245613916 0.44523809523807284
34 42 -0.45 -0.44118181818181823 -0.43 -0.20464285714285715 -0.2 -0.15821428571428403 0.16889793065836806 0.13333333333333558 0.030000000000000027 0.0 0.01578947368421054 0.018181818181809417 0.0 0.0701754385964924 0.12316017316018585
34 43 -0.8374999999999991 -0.72716883116883 -0.5542857142857126 -0.3524999999999999 -0.33714285714285375 -0.23999999999999663 0.22319031294865388 0.18 0.564545454545454 0.1974025974025867 0.2971291866028705 0.37424242424243415 -0.09545454545453941 0.0894736842105263 0.14999999999999986
34 44 -0.55 -0.5038874458874454 -0.5067857142857126 -0.12464285714285714 -0.1 -0.0975 0.1850340374417626 0.11727272727272697 0.23000000000000004 0.0 0.12105263157894741 0.13333333333332226 0.0 0.06172248803827735 0.09999999999999995
34 45 -0.42571428571428566 0.04979437229436946 0.5782142857142822 -0.06940476190476247 0.008333333333332206 0.1917857142857126 0.34621763014753704 0.52 1.6545454545454539 -1.5792207792206452 -0.8392344497607652 0.0 -0.5181818181818434 -0.19649122807017663 0.12142857142857148
34 46 -0.41 -0.4073571428571431 -0.4 -0.1725 -0.14500000000000002 -0.10071428571428404 0.16836987368453957 0.137272727272727 0.019999999999999962 0.0 -0.010526315789473665 0.0 0.050000000000000044 0.0669856459330142 0.10000000000000009
34 47 -0.25159090909090953 -0.23262770562770566 -0.2175 -0.06249999999999915 0.007272727272728595 0.06 0.17813773743532374 0.18636363636363812 0.05000000000000002 -0.09999999999999981 0.005263157894736847 0.049999999999999906 0.08181818181817374 0.09473684210526316 0.10454545454546046
