38 0 -1.9 -1.8960000000000001 -1.89 -0.32 -0.32 -0.31 0.15622981865390076 0.010000000000000009 0.010000000000000009 0.0 0.005263157894736847 0.0 0.0 0.0 0.0
38 1 -2.381607142857142 -2.193190476190475 -1.992142857142856 -0.14428571428571574 -0.10500000000000001 -0.08375 0.21136139592323874 0.1 0.5186363636363609 -0.46666666666667744 -0.054135338345861574 0.4181818181818042 -0.09999999999999995 0.00927318295739246 0.09999999999999995
38 2 -1.7285714285714295 -1.3055681818181823 -0.929886363636363 -0.09 -0.08 -0.07 0.23050634243304127 0.03 0.8019047619047608 -0.5480519480519719 -0.41679197994987416 0.0 0.0 0.010526315789473679 0.0
38 3 -2.530238095238095 -2.3512803030303027 -2.2592857142857143 0.006477272727272618 0.04 0.05 0.2331425313360188 0.11809523809523922 0.760476190476193 -0.847619047619077 -0.06516290726817076 0.6931818181818028 -0.10000000000000006 -0.0010025062656635636 0.09999999999999998
38 4 -1.48 -1.469550865800866 -1.46 0.19 0.19 0.2 0.16126396034084797 0.036731601731602725 0.028095238095239283 -0.10000000000000009 -0.002255639097744797 0.10000000000000009 0.0 -0.004260651629073283 0.0
38 5 0.637023809523809 0.6675303030303029 0.7225 0.07534090909090901 0.22857142857143026 0.27181818181818035 0.2192226696588589 0.3980952380952392 0.3180952380952392 0.0 0.16215538847117852 0.21904761904762482 -0.17857142857144548 0.056892230576441695 0.20400432900432752
38 6 -1.7925 -1.7935000000000003 -1.79 -0.061071428571429415 0.039761904761905324 0.1125 0.1792870951975256 0.25 0.020000000000000018 0.0 0.0 0.0 -0.2 -0.12631578947368424 -0.09047619047617923
38 7 -3.0675 -2.822334415584415 -2.5764285714285706 0.1175 0.12380952380952454 0.14125000000000001 0.2598340765681859 0.07999999999999999 1.1123809523809536 0.45227272727274226 -2.719799498746866 0.6969696969697026 0.0 0.04210526315789473 0.09999999999999995
38 8 -1.58 -1.5735000000000003 -1.57 0.23 0.23 0.23 0.15710977321595193 0.01999999999999999 0.010000000000000009 0.0 0.005263157894736847 0.0 0.0 0.010526315789473679 0.0
38 9 -1.6151190476190473 -1.3147380952380947 -1.0417857142857132 -0.33 -0.295 -0.19702380952380896 0.23611997039685279 0.24 0.6699999999999999 -0.050000000000000044 0.32631578947368417 0.327813852813843 -0.1703463203463232 -0.09473684210526315 0.07142857142857145
38 10 -1.85 -1.8500000000000003 -1.85 -0.25 -0.24 -0.24 0.15533972169256358 0.010000000000000009 0 0.0 0.0 0.0 0.0 -0.005263157894736847 0.0
38 11 0.3242857142857118 0.49244913419913255 0.7703571428571437 -0.0225 0.009761904761905325 0.05011904761904734 0.2899756596876253 0.47619047619047844 1.0547619047619086 -0.7863636363636071 -0.5551378446115309 -0.23095238095237558 -0.38603896103894564 -0.25062656641604125 -0.09761904761905325
38 12 -0.84 -0.7716341991341995 -0.6733333333333322 0.04 0.06 0.07 0.2038618706911526 0.09 0.23047619047619283 -0.36904761904760774 -0.12130325814536466 0.1136363636363491 -0.09999999999999998 -0.04736842105263158 0.0
38 13 -1.815 -1.4799707792207788 -1.0941071428571412 -0.1525 -0.15 -0.13797619047619106 0.24673257330947523 0.03999999999999998 0.97 0.2285714285714291 0.4776942355889713 0.7373376623376959 -0.09999999999999981 -0.021052631578947358 0.002380952380946766
38 14 -1.87 -1.8670238095238094 -1.8603571428571422 -0.26 -0.25 -0.24 0.158009046633786 0.028095238095239228 0.010000000000000009 0.0 -0.005263157894736847 0.0 0.0 0.0010025062656635636 0.0
38 15 -1.16 -0.925285714285714 -0.75 -0.347976190476192 -0.15976190476190533 0.0 0.22786170968662228 0.38 0.41999999999999993 -0.050000000000000044 0.21052631578947364 0.10000000000000009 -0.36904761904763106 -0.19999999999999998 0.0
38 16 -1.6925000000000001 -1.634285714285714 -1.49 -0.18 -0.1384090909090913 -0.06 0.22062482396247704 0.29809523809523925 0.4561904761904785 0.0 0.22957393483709398 0.4669913419913252 0.0 0.14511278195488683 0.31190476190475463
38 17 -2.0524999999999998 -1.8281255411255408 -1.5673809523809483 -0.48 -0.46 -0.42202380952380897 0.24958336126664254 0.22809523809523918 0.7599999999999962 -0.3357142857143025 -0.39047619047618976 0.04047619047619966 -0.19999999999999962 -0.10426065162907325 0.0
38 18 -1.6925000000000001 -1.6792142857142855 -1.67 0.0 0.007857142857144549 0.01 0.15977637595476865 0.01 0.050000000000000044 0.0 0.026315789473684233 0.050000000000000044 0.0 0.005263157894736842 0.0
38 19 3.0257954545454533 -2.9359610389610395 -2.748809523809523 0.05 0.06 0.0625 0.261544028427521 0.05 1.1542857142857175 -0.911796536796563 -0.540100250626568 -0.09318181818182003 0.0 0.02631578947368421 0.07499999999999996
38 20 -2.2629761904761914 -1.7908484848484836 -1.3401785714285706 0.028928571428572275 0.095 0.1225 0.2700579059764657 0.09000000000000001 1.15 0.20000000000000018 0.6052631578947367 0.9817099567099186 -0.15 -0.03684210526315789 0.08636363636363706
38 21 -1.67 -1.6513127705627704 -1.64 -0.09 -0.09 -0.09 0.1658139205076254 0.018095238095239233 0.10809523809523913 0.0 -0.030576441102757413 0.050000000000000044 0.0 -0.004260651629073276 0.0
38 22 -0.9924999999999999 -0.9894999999999999 -0.98 -0.02 -0.02 -0.02 0.1579947989776462 0.019999999999999997 0.020000000000000018 0.0 -0.010526315789473694 0.0 0.0 -0.010526315789473684 0.0
38 23 -1.597857142857144 -1.5364047619047618 -1.4342857142857142 -0.62 -0.61 -0.6 0.1810600330499625 0.020000000000000018 0.27 -0.00952380952382037 0.09473684210526312 0.2214285714285702 0.0 0.010526315789473694 0.050000000000000044
38 24 -2.2 -2.06416341991342 -1.9517857142857142 0.2 0.21 0.2125 0.19366844484440332 0.04000000000000001 0.30000000000000004 -0.2681818181818252 0.05263157894736835 0.36363636363637486 -0.0785714285714284 -0.02105263157894737 0.0
38 25 3.076607142857141 -2.760745670995672 -2.32083333333333 0.014642857142855332 0.02 0.04 0.28089756241368263 0.03809523809523922 1.3880952380952394 -0.8913419913420184 -0.6518113465481896 -0.46818181818183535 0.0 0.020050125313283804 0.04047619047619612
38 26 0.30535714285714116 0.471006493506491 0.8242857142857151 -0.01625 0.075 0.15369047619047643 0.3193192609717088 0.18000000000000002 1.394285714285715 -1.0795454545454106 -0.7338345864661658 0.030952380952375402 -0.2955627705627535 -0.057894736842105256 0.2023809523809468
38 27 -1.59 -1.5892651515151528 -1.5490476190476188 -0.23 -0.22 -0.2175 0.19041967641518776 0.08238095238095433 0.29904761904762367 -0.10000000000000009 -0.1573934837092756 0.0 0.0 0.04335839598997596 0.10000000000000009
38 28 -1.72 -1.6998095238095234 -1.68 -0.06785714285714371 -0.04 -0.0375 0.16865720346566226 0.09809523809523922 0.04190476190476078 -0.05952380952380376 -0.01578947368421054 0.0 0.0 0.041102756892231175 0.08409090909091788
38 29 -0.32125 -0.321654761904762 -0.32 -0.85 -0.85 -0.8446428571428563 0.15867030024905676 0.030000000000000027 0.010000000000000009 0.0 -0.005263157894736847 0.0 0.0 -0.01578947368421054 0.0
38 30 -2.13 -2.1315000000000004 -2.13 -0.04 -0.04 -0.04 0.1562247474542578 0.010000000000000002 0.010000000000000231 0.0 0.005263157894736963 0.0 0.0 -0.005263157894736843 0.0
38 31 -1.5105952380952385 -1.3936536796536798 -1.2462499999999999 0.1 0.125 0.13625 0.1903148810168436 0.06 0.3400000000000001 -0.2619047619047721 0.004010025062655599 0.10000000000000009 0.0 0.031578947368421054 0.10000000000000009
38 32 -1.03 -1.0488647186147189 -0.9775 -0.34 -0.3361904761904768 -0.33 0.2103493787103501 0.06 0.5761904761904786 0.0 0.3032581453634098 0.16666666666666163 -0.050000000000000044 -0.031578947368421054 0.0
38 33 -1.78 -1.7770000000000004 -1.77 0.13 0.13 0.1325 0.15711484441559495 0.010000000000000009 0.020000000000000018 0.0 0.010526315789473694 0.0 0.0 0.0 0.0
38 34 -1.69 -1.672004329004329 -1.66 -0.1578571428571437 -0.11499999999999999 -0.1 0.16698407278758987 0.09 0.0480952380952393 0.0 0.025313283208020686 0.10000000000000009 0.0 0.04736842105263158 0.09999999999999995
38 35 -1.68 -1.6770000000000003 -1.67 -0.19 -0.185 -0.18 0.1562298186539008 0.010000000000000009 0.010000000000000009 0.0 0.005263157894736847 0.0 0.0 -0.005263157894736847 0.0
38 36 -1.087142857142859 -0.6345173160173176 -0.12931818181818175 0.4075 0.49 0.52 0.30792106467759156 0.24 1.3290476190476237 -1.1047619047618755 -0.6994987468671704 -0.251623376623373 -0.20000000000000018 -0.12631578947368421 -0.0380952380952454
38 37 -0.45 -0.43233658008657994 -0.4075 -0.6226190476190473 -0.61 -0.36642857142857055 0.20789703142417348 0.5080952380952393 0.09809523809523918 0.0 0.05162907268170483 0.09999999999999981 0.0 0.26741854636591533 0.41731601731601314
38 38 -1.6139285714285732 -1.5924458874458876 -1.5675 -0.14 -0.11499999999999999 -0.08875 0.17403712145759848 0.09 0.1299999999999999 -0.09999999999999898 0.026315789473684233 0.050000000000000044 0.0 0.042105263157894736 0.09999999999999995
38 39 -1.5354761904761913 -1.2486504329004329 -0.9045238095238092 0.0075 0.038409090909091795 0.05 0.24762692840778536 0.07 0.9667316017316032 0.34318181818181803 0.49774436090225516 0.7389610389610751 -0.1 -0.0368421052631579 0.0
38 40 -1.68 -1.671741341991342 -1.6664772727272728 -0.17142857142857143 -0.16 -0.14875 0.16357366346447869 0.032380952380954314 0.030000000000000027 -0.10000000000000009 -0.010526315789473694 0.043181818181817766 -0.10000000000000009 -0.01704260651629174 0.06190476190476746
38 41 -1.3339285714285731 -1.234785714285715 -1.1389285714285715 -0.1125 -0.095 -0.04 0.19696191635321844 0.09999999999999999 0.38238095238095426 -0.4142857142856915 -0.20125313283208118 -0.00952380952382037 0.0 0.05263157894736842 0.1
38 42 -1.5924999999999991 -1.5875238095238098 -1.58 -0.07 -0.06 -0.007142857142856296 0.1694944490554623 0.12 0.026731601731602828 -0.04047619047620077 -0.0002506265664176987 0.08636363636363775 -0.13809523809524535 -0.05263157894736842 0.006818181818196503
38 43 -1.68 -1.6740000000000002 -1.67 -0.08107142857142857 -0.08 -0.08 0.15622474745425777 0.009999999999999995 0.010000000000000009 0.0 0.005263157894736847 0.0 0.0 0.0 0.0
38 44 -1.637976190476191 -1.5933777056277054 -1.536071428571427 0.0 0.0075 0.02 0.18203030378549462 0.03 0.28 -0.059523809523820415 0.08421052631578943 0.2690476190476254 0.0 3.6520494231090674e-19 0.03181818181818036
38 45 -1.8025000000000002 -1.5932034632034633 -1.4489285714285705 0.0675 0.08 0.09 0.243281565877562 0.029523809523810646 0.9561904761904785 -0.9730519480519284 -0.5032581453634097 -0.09318181818182003 0.0 -0.005263157894736848 0.0
38 46 -1.3276136363636368 -1.2481904761904763 -1.177976190476191 -0.2 -0.19380952380952285 -0.18 0.17480956765161806 0.03999999999999998 0.17000000000000015 -0.10000000000000009 0.05263157894736847 0.1840909090909182 -0.021428571428571408 -0.014536340852129306 0.0
38 47 -1.76 -1.758914502164502 -1.7374999999999998 0.02 0.03 0.03 0.17329580782585785 0.01 0.19238095238095343 0.0 0.09072681704260706 0.08127705627704818 0.0 0.005263157894736841 0.0
