42 0 0.7677142999999998 0.9484621200000001 1.1425988999999996 0.08106695000000008 0.08985109999999996 0.09843114999999986 0.2316826421557101 0.03322120000000006 0.8125692000000004 0.13721799999999895 0.4276680000000002 0.6418159999999995 -0.06044500000000119 -0.00836231578947364 0.03249899999999917
42 1 0.009545600000000154 0.04958373999999999 0.08421480000000003 0.07434735000000003 0.07703989999999994 0.08667969999999992 0.16709936494997776 0.029013600000000084 0.11391920000000022 -2.220446049250313e-15 0.05731326315789478 0.09796799999999717 -0.028888000000001357 -0.015270315789473729 0.00015699999999951864
42 2 0.03251470000000012 0.07824251999999995 0.17127129999999957 0.19817324999999986 0.20507339999999996 0.20859804999999998 0.1901498490448822 0.023047599999999724 0.37880959999999986 -0.2797739999999993 -0.19937347368421046 -0.001255999999996149 -0.024334999999998663 -0.0035201052631578535 0.009262999999998245
42 3 -0.31616659999999996 -0.15091468 0.044289699999999654 -0.021312749999999936 -0.0020095999999999448 0.0032106500000000926 0.21689775727736624 0.05240660000000008 0.4872023999999997 -0.09388599999999858 0.25642231578947355 0.47382600000000163 -0.09985199999999805 -0.0247894736842106 0.06107300000000038
42 4 -1.016889 -0.99802702 -0.9827415000000002 0.16486570000000006 0.19866780000000006 0.21507429999999989 0.1676143778366019 0.08829679999999973 0.03862199999999971 0.013815999999999828 0.010775157894736995 0.0395639999999986 -0.018369000000000302 0.011039578947368464 0.06075900000000023
42 5 0.1966581999999999 0.19909798000000006 0.20353480000000035 -0.06632464999999999 -0.06083749999999999 -0.052846199999999954 0.15973511205889482 0.036706600000000034 0.01934239999999976 -0.01978200000000152 0.010180210526315663 0.03140000000000143 -0.06405600000000122 -0.008147473684210555 0.03626699999999872
42 6 0.24165439999999982 0.24504246 0.24743199999999999 -0.15433100000000005 -0.15166199999999996 -0.14739945 0.15693235372449996 0.012559999999999905 0.010299199999999953 -0.0015699999999974068 0.005420631578947344 0.024491999999998182 -0.012717000000000978 -0.0013551578947368942 0.013188000000000644
42 7 -1.7877119 -1.0975336199999999 -0.30897600000000014 -0.7128192499999999 -0.5641167 -0.13662140000000006 0.43386830489392686 0.9736512 2.2646308 -1.673306 -1.191910947368421 -0.7671019999999984 -0.7308349999999997 -0.512448 -0.24727500000000013
42 8 0.2637913999999997 0.27187375999999996 0.2811085000000001 0.029264799999999924 0.03687930000000006 0.040019299999999924 0.15917241040411784 0.019279600000000174 0.03033240000000026 -0.0273179999999984 -0.01579915789473702 0.0015699999999996272 -0.02355000000000107 -0.010147157894736934 0.0003140000000012577
42 9 0.35745760000000004 0.3585377600000001 0.3601580000000002 0.009106000000000058 0.013282200000000022 0.01630444999999997 0.15572529219838538 0.008383800000000052 0.0027004000000001582 0.0 0.0 0.0 -0.016327999999998788 0.0 0.016327999999998788
42 10 -2.1923323 -1.4319433060000002 -0.7508682000000002 0.047602400000000045 0.08889340000000001 0.09270065 0.3658771759337357 0.1545508 2.16394984 0.6980219999999981 1.1389209684210526 1.403894 -0.16375099999999976 -0.08134252631578946 0.015856999999999122
42 11 -0.7158885999999999 -0.6318904599999999 -0.6104160000000001 0.08096489999999995 0.08355539999999995 0.09723009999999993 0.19854189672386316 0.03604720000000006 0.46283600000000025 0.005651999999998214 0.24359789473684224 0.5177860000000001 0.0006279999999991848 0.01807978947368417 0.027632000000000767
42 12 -1.0137489999999998 -0.9440755399999998 -0.8738620000000001 0.09397234999999998 0.10046430000000006 0.10508010000000007 0.1736626638659013 0.026564400000000044 0.18946759999999996 -0.06907999999999914 0.03037536842105276 0.08540800000000015 -0.028102999999999323 -0.0016361052631580204 0.022608000000000628
42 13 -0.003077200000000002 -0.0017772400000000354 -0.0015543000000001195 0.042021050000000115 0.04232720000000012 0.04374020000000001 0.15557581953023247 0.0031714000000000464 0.008226799999999646 -0.0009419999999993323 -0.004230736842105147 0.0 -0.007536000000000209 -0.0016361052631579036 0.0003140000000001475
42 14 -0.5001549 -0.25555832 -0.06232900000000008 0.06539049999999991 0.09322659999999994 0.17710385 0.22644805597227058 0.2334904 0.5856099999999995 -0.41981799999999847 -0.30576989473684213 -0.14569600000000182 0.05165299999999817 0.1228896842105263 0.16076800000000002
42 15 -0.3867695 -0.16902934 0.04648769999999958 -0.053717550000000114 -0.0218387000000001 0.000620149999999875 0.24308771915889504 0.1571570000000002 0.8488048000000004 -0.5771320000000002 -0.4467393684210528 -0.3089759999999986 -0.1387880000000008 -0.0827142105263159 -0.03689500000000012
42 16 -0.8108422 -0.4165053 -0.10005609999999998 0.41940194999999997 0.4297404 0.44706535000000014 0.25122519602768467 0.09018080000000017 0.8539544000000001 -0.7849999999999979 -0.4322953684210527 0.014444000000000123 -0.07426100000000324 -0.029962210526315664 0.07080699999999829
42 17 2.5182172 2.5763857000000003 2.6224024 0.1722133 0.1749765000000001 0.17558879999999988 0.16715026945443634 0.011963399999999957 0.11950839999999996 -0.07096400000000003 -0.06289915789473682 -0.021351999999996707 -0.02213700000000096 -0.006296526315789451 0.005965999999999472
42 18 -0.6085006 -0.5489002599999999 -0.4095345 0.7525638000000001 0.7826607000000001 0.7962333500000001 0.29886228618755745 0.8592295999999999 0.7604451999999999 -0.23989600000000166 0.26749494736842105 0.44399599999999984 -0.5009869999999994 -0.45222610526315793 -0.00737899999999625
42 19 0.35406639999999967 0.3573445599999999 0.36193209999999976 -0.12861439999999996 -0.11721619999999999 -0.11504174999999989 0.16480226917736626 0.09269280000000002 0.013062400000000363 -0.02731800000000284 -0.0020162105263159184 0.025434000000001955 -0.06484099999999993 -0.03178010526315804 0.005808999999998843
42 20 -0.4038196999999998 -0.30780792 -0.3043916 0.09874514999999984 0.16761320000000002 0.187458 0.2128955371149458 0.1534517999999998 0.49743879999999985 -0.562374000000001 -0.20912399999999995 0.11617999999999906 -0.07881399999999927 0.05437157894736825 0.12104699999999857
42 21 0.17784960000000005 0.17894860000000007 0.18045580000000017 -0.017646800000000074 -0.017395599999999956 -0.016885350000000077 0.155530414235965 0.0067509999999999515 0.005338000000000065 -0.0018839999999986645 -0.001520421052631592 0.00031399999999903727 -0.0136589999999992 -0.0035531578947368167 0.0
42 22 -0.7114141000000002 -0.53207928 -0.3679452 0.13255509999999993 0.1396672000000001 0.1567095500000002 0.24146594797736617 0.03340960000000037 0.9244787999999997 0.12026199999999987 0.4865677894736841 0.7243979999999994 -0.06813799999999981 0.0034870526315788908 0.036738000000000604
42 23 -0.9964789999999999 -0.9734910600000001 -0.9553764000000001 0.09612325000000016 0.11242770000000013 0.11613289999999987 0.16817445191813055 0.030928999999999762 0.062046399999999835 -0.03987799999999986 0.032655999999999914 0.11115600000000336 -0.01726999999999923 0.016278421052631453 0.040349000000000634
42 24 -0.9870747000000003 -0.7083683 -0.4531333999999998 0.04130670000000014 0.05096220000000007 0.05892209999999992 0.2384904347187676 0.016547800000000112 0.7642760000000002 -0.5969139999999995 0.0756905263157895 1.0154759999999996 -0.03799400000000008 0.0069410526315789355 0.0557350000000012
42 25 0.11886469999999982 0.14603826 0.1796865000000002 0.09164090000000014 0.10544120000000001 0.12275829999999988 0.17118537548500962 0.03714620000000002 0.07027319999999948 -0.11555199999999655 0.023764842105263452 0.17583999999999822 -0.06295700000000015 -0.011237894736842242 0.03925000000000178
42 26 0.589221 0.9049385799999999 1.1992288000000002 0.035521250000000115 0.7537255999999999 0.99067785 0.3494694253155828 1.1586914 0.9659267999999996 0.26218999999999326 0.49780568421052634 0.7592520000000036 -1.0168890000000008 -0.6090608421052631 -0.042703999999998965
42 27 0.24740059999999997 0.60701224 0.9405713000000002 0.14186519999999997 0.19348679999999996 0.2052775000000001 0.2714524211646274 0.17549459999999995 1.1356124000000003 0.3532500000000005 0.5976907368421054 0.8647559999999976 -0.040349000000001745 0.06845200000000001 0.1538600000000001
42 28 0.03716189999999986 0.10022566 0.1293523000000001 -0.06668574999999999 -0.06524920000000001 -0.05868659999999992 0.19163084609965925 0.017521200000000015 0.40003600000000006 -0.30332400000000037 -0.21054526315789476 -0.05589200000000183 -0.005808999999999953 -0.0012229473684210429 0.0171129999999986
42 29 -0.9336947000000001 -0.8620242000000001 -0.7756584999999999 -0.0009184500000000706 0.0014129999999999976 0.004129099999999886 0.1714097262334172 0.012088999999999794 0.17885440000000008 -0.006908000000001024 0.09343978947368428 0.125286 -0.013187999999999533 0.0063626315789472605 0.02716099999999888
42 30 0.19298440000000028 0.20999378000000002 0.22542059999999997 -0.25715030000000005 -0.24736919999999996 -0.24454320000000007 0.16025633818564644 0.01403579999999982 0.04352040000000068 -0.03799399999999453 -0.0014873684210522785 0.007535999999999099 -0.00989100000000076 0.00028094736842112616 0.02119499999999941
42 31 0.30698210000000015 0.35280412000000005 0.4063631000000001 0.0347048499999999 0.048622900000000135 0.11874695000000007 0.18233863803341724 0.12987040000000016 0.13973000000000013 -0.20472799999999847 -0.06197368421052609 0.08634999999999948 -0.0918450000000004 -0.06780747368421053 -0.021508999999999556
42 32 1.0494508 1.1169984800000001 1.2863795 -0.05659065000000002 -0.04518460000000002 0.19106114999999996 0.2765822828264108 0.6480645999999999 0.7321224000000002 0.1874579999999959 0.35878631578947356 0.3513659999999974 0.034068999999999905 0.3410866315789473 0.5835690000000004
42 33 -1.5263383000000001 -1.3430470800000003 -1.1418138999999998 -0.012285250000000025 -0.008179700000000012 0.03230274999999988 0.23885813926908595 0.056739799999999896 0.6540619999999997 -0.6440139999999994 0.09681115789473708 1.099313999999999 -0.06468400000000041 -0.029813473684210508 0.043959999999999555
42 34 -0.9509176 -0.73567374 -0.5316805000000001 0.2487508000000001 0.2535079 0.2554232999999999 0.2167404027926529 0.0366124000000001 0.6634820000000001 -0.5545239999999985 -0.34156589473684223 -0.0037679999999995495 -0.014129999999999976 0.009866210526315691 0.020723999999999743
42 35 -1.2049907000000002 -1.2046139000000002 -1.2025572 -0.01381600000000005 -0.00973399999999991 -0.00938860000000008 0.1566395529117612 0.009482800000000013 0.015197600000000255 -0.0050240000000001395 0.006445263157894843 0.02355000000000107 -0.0009420000000004425 0.0046108421052631614 0.009105999999999836
42 36 -0.7025750000000001 -0.5551080400000001 -0.40713240000000006 0.2005125499999999 0.21684839999999983 0.23803554999999998 0.20496851252067833 0.08415199999999978 0.4761496000000003 -0.3636119999999998 -0.24544884210526322 -0.023864000000002328 -0.10047999999999835 -0.04429052631578936 0.022765000000000146
42 37 -1.5286148 -1.52790202 -1.3641101999999998 -0.1347374 -0.08821830000000008 0.09457679999999996 0.21395325519583752 0.3168574000000002 2.2064780000000006 -0.30395200000000067 -1.5852703157894732 -0.10676000000000019 0.07269099999999917 0.16676705263157904 0.23911099999999963
42 38 -0.8236690999999999 -0.81664178 -0.7998993000000003 0.1732808999999998 0.1757301 0.17907419999999996 0.16898436030793942 0.04056879999999974 0.11454719999999963 -0.09011799999999903 -0.06028799999999981 -0.007222000000000062 -0.02982999999999958 -0.02135199999999986 0.017113000000000822
42 39 0.13924330000000007 0.14773386000000002 0.15207020000000027 0.08397929999999992 0.10481319999999994 0.1532869500000001 0.16905026431813056 0.09106000000000014 0.07297360000000053 -0.08980400000000222 -0.024227578947368465 0.02951599999999832 -0.08462299999999923 -0.0457613684210528 -0.0003140000000012577
42 40 -2.8234393300000002 -2.757400734 -2.7268278100000005 -0.11671380000000003 -0.09278699999999995 -0.06567310000000004 0.20468300682188853 0.11614859999999982 0.3913068000000002 -0.2374154000000006 -0.1048363368421054 0.14117440000000148 -0.0769299999999995 0.029466421052631572 0.16516399999999987
42 41 0.5643836 0.5659002200000001 0.5683557 0.10131210000000007 0.1054098 0.10719959999999995 0.15672875691940452 0.007661600000000046 0.013502000000000791 -0.001255999999996149 0.007106315789474101 0.0222940000000027 -0.009577000000000613 0.002594631578947243 0.013501999999999681
42 42 0.25135700000000016 0.25994804 0.2667900999999999 0.06293345000000017 0.07669449999999989 0.08118469999999989 0.16201948244742995 0.03994079999999989 0.026627200000000073 -0.07284800000000313 -0.011337052631579013 0.03956400000000304 -0.042704000000000075 -0.02102147368421047 0.007065000000000543
42 43 0.35482000000000014 0.3596587399999999 0.36051909999999987 -0.10820439999999998 -0.10409100000000004 -0.09515769999999996 0.15785110438055097 0.021289200000000008 0.017081599999999586 -0.024178000000001365 -0.006313052631578991 0.00031399999999903727 -0.017898000000000636 -0.008725894736842113 0.0
42 44 0.04111830000000016 0.04252188000000001 0.044603700000000135 -0.017929399999999984 -0.014946400000000026 -0.013187999999999978 0.15740168497609233 0.009796800000000161 0.014632400000000434 -0.027632000000004098 -0.007701263157894965 0.013187999999997313 -0.0014130000000001086 0.004263789473684343 0.014758000000000271
42 45 -0.2760216999999999 -0.018425519999999973 0.2729602000000001 -0.031400000000000095 -0.014789400000000064 -0.0035324999999999385 0.25237236688883125 0.025842200000000037 1.0505183999999996 -0.11178400000000144 0.48547705263157886 1.238102000000001 -0.04851300000000003 0.007552526315789457 0.07441800000000054
42 46 -1.2428905000000001 -0.6847178200000001 0.3184273999999997 -0.005102500000000176 0.009074599999999933 0.014475400000000027 0.40321978274106046 0.10113939999999988 2.6918592 0.09545599999999821 1.3825585263157893 2.462702 -0.03234199999999965 0.05304947368421044 0.11178400000000144
42 47 0.3035123999999998 0.31444587999999996 0.3311443999999998 0.023542149999999984 0.029107799999999906 0.04189545000000017 0.1657006356053916 0.03793119999999983 0.0879827999999998 -0.0467860000000031 0.04620757894736839 0.09765400000000257 -0.033911999999999276 -0.0073046315789472935 0.024335000000000884
