44 0 -2.1909193 -1.96586608 -1.7321025000000003 0.3786526000000002 0.3928925 0.4027678 0.2123865084015701 0.0385278 0.6076527999999997 0.06531199999999959 0.31981726315789455 0.4863860000000009 -0.03940700000000241 0.0008593684210525678 0.045058999999998406
44 1 2.4579291999999997 3.06089712 -2.9969604400000005 0.15628565 0.22906300000000013 0.27409844999999994 0.3785235733323981 0.12271119999999991 1.7644916000000004 -0.5834120000000009 -2.3765833684210533 2.070516 -0.13078100000000092 0.061758842105263126 0.14805099999999793
44 2 -1.6695694 -1.64756114 -1.628404 0.2823095499999999 0.30280589999999996 0.31667685 0.18747788946717506 0.07853139999999992 0.25980360000000013 0.012245999999999091 0.13673873684210533 0.24586200000000002 -0.10958600000000152 -0.04133231578947364 0.01852600000000204
44 3 2.5455509 2.8624039039999998 3.0620495000000005 -0.16823335000000006 -0.1606267 -0.14636325000000006 0.2955817554405509 0.14805100000000015 1.433347200000001 -1.3633879999999987 -3.3607420000000006 0.32436199999999804 -0.061229999999999896 -0.018757368421052734 0.06044500000000008
44 4 -1.9759392 -1.8998287400000002 -1.8427404 0.41714114999999996 0.4345760000000001 0.4452834000000002 0.18857411318692044 0.03297000000000039 0.33290280000000005 0.11398200000000136 0.17521200000000003 0.2279640000000005 -0.046629000000000254 -0.014824105263158022 0.022765000000000146
44 5 3.05943545 -2.966163634000001 -2.52313915 -0.04443099999999989 0.047680900000000026 0.1548962000000001 0.15445469593086938 0.4968422000000001 1.9518868000000005 0.048764199999999924 -2.2779543157894744 1.0084110000000002 -0.06044500000000008 0.26149589473684215 0.26972600000000124
44 6 -1.6394411000000002 -1.62651686 -1.5667030000000002 0.11594450000000017 0.12316650000000007 0.12740550000000006 0.18770348401876752 0.02292200000000033 0.35061240000000016 0.0693940000000004 0.18453284210526325 0.1899699999999982 -0.022608000000000628 0.0009420000000001503 0.026690000000001435
44 7 -2.4707341200000004 -2.167628036 -1.8272445 -0.0819304500000001 -0.028401299999999963 0.1832503999999998 0.3013211706943725 0.4074464 1.2673668000000002 0.47884999999999955 0.6573507368421055 0.9115105999999984 0.023235999999999812 0.21444547368421052 0.31400000000000095
44 8 2.122404500000001 -0.1051887439999998 -0.6305748000000007 0.12474434999999995 0.22201369999999987 0.2357669 0.5937789446857319 0.32420499999999985 2.9816812 -3.6378155999999984 -2.265989263157896 -1.036828000000003 -0.16579199999999794 -0.09740610526315784 0.09608399999999961
44 9 -1.8820532 -1.85080706 -1.8192218 0.42375869999999993 0.43489 0.43741770000000024 0.16797198919392678 0.04100840000000017 0.09507919999999981 -0.0687660000000001 -0.008494526315789607 0.08634999999999948 0.002668999999997368 0.017997157894736823 0.03752300000000264
44 10 -2.2038875 -2.04348688 -1.9162635000000001 0.15568120000000013 0.20289109999999988 0.20652565000000006 0.20243557659074204 0.06779259999999998 0.2692235999999999 -0.18997000000000042 0.09320842105263154 0.4512179999999999 -0.07033600000000195 -0.02864010526315785 0.05793300000000112
44 11 -1.9189796000000001 -1.7768977400000001 -1.6441197 0.3838336 0.3912596999999999 0.40071894999999996 0.19194093279838537 0.03604720000000006 0.38747600000000015 0.09451399999999999 0.19679536842105275 0.30175400000000074 -0.039092999999998934 -0.01897221052631582 -0.003296999999998773
44 12 -2.1650143 -1.9642238600000002 -1.7468291 0.34182825000000006 0.34945060000000006 0.35212745000000006 0.20501863981876753 0.04226440000000009 0.5279596000000002 0.10330600000000079 0.2696764210526318 0.46942999999999957 -0.036423999999998236 -0.022244421052631625 0.009419999999998874
44 13 -1.7947769 -1.7019082600000002 -1.5754322000000003 0.18166470000000007 0.18879250000000003 0.19851864999999996 0.19739306134233436 0.02647020000000011 0.43997679999999995 0.1585700000000012 0.2311701052631578 0.2973579999999998 -0.02370700000000059 0.013931684210526374 0.059973999999999306
44 14 -1.2297338999999998 0.36917608 1.9265313000000002 -0.1309693999999999 -0.07361730000000011 -0.06371844999999998 0.17826931110985023 0.10245820000000005 3.1314591999999997 -2.164087999999995 -1.8745800000000001 -0.04176199999999852 -0.03454000000000068 0.01829463157894737 0.09294400000000036
44 15 -2.0979596000000003 -2.0900185400000004 -2.0834371000000003 0.7530976 0.7583571 0.762392 0.17300165481813057 0.1461041999999999 0.04169920000000005 0.0021979999999999222 0.021946947368421076 0.03485400000000194 -0.0043959999999998445 0.07170768421052628 0.0442739999999997
44 16 -2.0740328000000003 -2.02936944 -1.9575388 0.27867499999999995 0.2920514000000002 0.2982764500000001 0.17715076170411778 0.02640740000000008 0.22162119999999974 0.036738000000000604 0.11601473684210518 0.17772400000000022 -0.04600099999999996 -0.011535368421052674 0.020252999999997856
44 17 2.7946470999999997 3.104457084 -2.89319443 0.11426460000000005 0.17089449999999995 0.21137695000000012 0.2802657713766019 0.10000900000000024 1.2491548000000003 -0.6856504000000041 -0.5673880842105262 -0.461579999999997 -0.15087699999999926 -0.05263631578947381 -0.014444000000000123
44 18 -2.0264932 -1.93287096 -1.8058297 0.1060770499999999 0.11495540000000015 0.1190766499999999 0.19553403255698407 0.02945320000000029 0.4327547999999999 0.15637200000000018 0.22776568421052623 0.30238199999999993 -0.013973000000001567 0.006131263157894753 0.02590500000000162
44 19 -1.763424 -1.75665102 -1.7190715 0.22676295000000002 0.22823090000000001 0.2349348000000001 0.17836525229074204 0.010581799999999975 0.25754279999999996 0.005338000000001397 0.13554884210526313 0.18117799999999962 -0.0065939999999986565 -0.0008428421052631448 0.009419999999999984
44 20 -1.6050267 -1.5256946000000002 -1.4161713999999999 0.38238920000000004 0.38540360000000007 0.3908829000000002 0.19732313871494586 0.02408380000000032 0.4598844000000002 0.09890999999999983 0.24204442105263171 0.3199659999999993 -0.027004000000000472 -0.00890768421052635 0.007536000000000209
44 21 -2.0391788 -2.00396998 -1.9701459000000001 0.05409434999999979 0.11415469999999994 0.13097725000000016 0.18064195792067841 0.21022300000000005 0.08057240000000032 -0.0009420000000004425 0.04131578947368433 0.05966000000000027 0.0259049999999994 0.10890842105263167 0.19970399999999833
44 22 2.5848166000000004 2.6652225800000005 2.7313761 0.34170265 0.3483045 0.356704 0.1855438050474299 0.03755439999999988 0.24115200000000048 -0.23204600000000575 0.038208842105262875 0.08603599999999823 -0.03108599999999906 -0.0008263157894736049 0.0320279999999995
44 23 -2.0563389 -2.03877688 -2.0114682999999998 0.30527864999999993 0.30850500000000003 0.3117078000000001 0.16632315013851282 0.020033200000000084 0.11404479999999939 0.018211999999999673 0.0572802105263157 0.09639799999999976 -0.01852600000000093 0.005850315789473627 0.025120000000000697
44 24 -2.0957459000000003 -2.09121488 -2.0840807999999997 0.23539009999999988 0.2531467999999999 0.26554980000000006 0.1601605141397867 0.037962599999999735 0.01588839999999969 -0.015699999999996272 0.0076021052631579595 0.024177999999999145 -0.03453999999999957 -0.01700557894736852 0.0026690000000006986
44 25 -1.8566192000000001 -1.7403136 -1.5929063 0.2900182500000001 0.29523849999999985 0.30962755 0.19137733341876748 0.028071599999999863 0.38490119999999983 0.04678599999999977 0.20205073684210528 0.3538779999999986 -0.020566999999998004 0.014774526315789401 0.04851299999999892
44 26 -2.6953210499999996 -2.5414108100000004 -2.4256029000000003 0.18911435 0.2643095000000001 0.2772541500000001 0.19460122964290755 0.11473559999999972 0.24091963999999955 -0.2568206000000006 -0.12095941052631576 0.0961782000000011 -0.08430899999999908 -0.06038715789473669 0.009577000000000613
44 27 -2.3134734999999997 -2.30524356 -2.2924512 0.4103822999999999 0.41408749999999994 0.4277151000000001 0.159930904868449 0.02763199999999988 0.03240479999999968 -0.011303999999998648 0.016757684210526123 0.03359799999999913 -0.0014130000000001086 0.014543157894736779 0.02088099999999815
44 28 -1.5276256999999998 -0.9927047200000001 -0.5816064999999998 0.08707220000000004 0.12313509999999994 0.16010075000000001 0.34380505274297146 0.09746560000000004 1.9331096 -1.694344000000001 -1.0100553684210525 -0.2954739999999989 -0.11602300000000065 0.03371368421052626 0.15747100000000014
44 29 -0.3049253999999997 -0.30130183999999993 -0.2965258999999999 0.22667659999999995 0.23074290000000008 0.23557064999999994 0.1574100302378758 0.014129999999999754 0.016390800000000372 -0.00376800000000177 0.006974105263158015 0.009106000000003167 -0.014286999999999495 0.0014873684210527458 0.015386000000000566
44 30 2.7347359 2.900745188 3.0215278 0.07994439999999986 0.08427760000000017 0.09227675000000007 0.21973845703176112 0.05086800000000036 0.6866614800000006 -0.6267439999999991 -0.25013901052631626 0.03140000000000143 -0.0387789999999999 -0.017137789473684373 0.02088100000000037
44 31 -2.1817191 -1.9347675200000005 -1.7052241000000001 0.34211085000000013 0.38248340000000014 0.43082370000000014 0.22438465447035982 0.1078589999999997 0.6750371999999998 0.17709600000000103 0.3552827368421052 0.5052259999999997 -0.10157900000000053 -0.056519999999999904 -0.022607999999997297
44 32 -2.068161 -1.9987104800000002 -1.9222923000000003 0.3349830500000001 0.33772269999999993 0.34077635000000017 0.1863043431334172 0.026784199999999814 0.33177239999999997 -0.07881399999999816 0.1360115789473685 0.25151399999999935 -0.03438300000000005 0.003437473684210505 0.030615000000000503
44 33 -1.7697824999999998 -1.72274216 -1.6626771000000002 0.30996510000000005 0.3124142999999999 0.32737639999999996 0.1783868229894681 0.04100840000000017 0.22438439999999993 0.059973999999999306 0.11393242105263168 0.16642000000000046 -0.04348899999999878 -0.02158336842105272 0.0014130000000001086
44 34 -2.87358356 -2.76424719 -2.77895181 0.33255740000000006 0.3365452000000002 0.3373302 0.22037185738806686 0.0302068000000002 0.7112162799999999 0.0 0.3743243578947368 0.6815056000000008 -0.013972999999998237 -0.013865578947368448 0.006123000000000101
44 35 2.434363500000001 2.7944696900000006 2.9890759000000005 0.08704080000000003 0.10851840000000013 0.19632849999999985 0.3267735799650096 0.2696632000000003 0.8884943999999999 -0.7529720000000006 -2.8376345263157896 0.8672680000000055 -0.0810120000000003 0.14192800000000017 0.2436640000000001
44 36 -1.6404459 -1.45955364 -1.2737881 0.06813015 0.2393936000000001 0.3286794999999999 0.23627575785125166 0.3240794 0.606962 0.2402099999999996 0.2850789473684212 0.39375600000000066 -0.27804699999999793 -0.16990705263157888 -0.06955099999999881
44 37 -1.6581712 -1.6161548600000004 -1.5404997 0.21052914999999994 0.2808415999999999 0.29291490000000014 0.19070281840220699 0.1267303999999998 0.2800252000000001 -0.06750999999999951 0.1006452631578948 0.283855999999999 -0.09796799999999939 -0.0640890526315789 -0.003925000000001289
44 38 -2.2535152 -2.22075558 -2.1905111 0.15274529999999992 0.15439379999999991 0.15566549999999996 0.16372870130475484 0.003485400000000194 0.09847040000000007 -0.07818600000000009 0.0 0.047728000000000215 -0.008478000000000652 0.0 0.003924999999999068
44 39 0.6601222000000002 0.9322063399999999 1.3442183 0.08113759999999998 0.10363570000000011 0.1223500999999999 0.3011003607563473 0.15615219999999996 1.4647472000000006 0.25371199999999927 0.7052109473684214 1.153949999999997 -0.1849460000000025 -0.07479810526315797 0.06515500000000118
44 40 0.9999487000000002 1.4934939 1.9625314000000005 0.006696049999999898 0.04417979999999988 0.05940095000000012 0.25574510602513684 0.08942719999999982 1.0238911999999996 0.04364600000000163 0.5251732631578947 0.9065179999999984 0.005965999999999472 0.03589515789473676 0.059973999999999306
44 41 -2.5088411600000002 -2.2442977300000004 -1.8629777 0.09724580000000005 0.10234829999999995 0.11079489999999992 0.30985989512781204 0.10192439999999969 1.6487512000000004 -0.010676000000000574 -2.5128263157894737 1.1837486000000008 -0.02857400000000121 0.05364442105263142 0.14302700000000002
44 42 -1.7928614999999999 -1.7325044199999997 -1.6474952 0.14523285000000002 0.15272960000000002 0.17966295 0.1933905470595318 0.08007000000000031 0.3611 -0.02103799999999989 0.17332799999999995 0.3846499999999997 -0.04254700000000167 -0.03201147368421055 0.020096000000001668
44 43 -2.0694013 -1.93988886 -1.8112305 0.2558001 0.2720182 0.2922554999999999 0.20237390513086945 0.1238729999999999 0.41347519999999993 0.14475399999999916 0.19349010526315788 0.28354200000000107 -0.10801600000000078 -0.03744863157894731 -0.03359800000000246
44 44 -1.9557176 -1.86608002 -1.746939 0.15659965000000003 0.17455259999999995 0.19168129999999994 0.1986164365754554 0.11991659999999982 0.37874680000000005 0.047727999999999104 0.19269684210526322 0.32498999999999834 -0.1069169999999997 -0.0631139999999999 -0.027946000000000915
44 45 -1.9108313000000001 -1.8856767599999997 -1.8429131 0.12651060000000025 0.13030999999999993 0.13259435000000008 0.17284024187227068 0.030520799999999904 0.1772844 0.019154000000000115 0.09125831578947366 0.15543000000000085 -0.005965999999999472 0.0116014736842106 0.028259999999999952
44 46 -1.7634711 -1.75071328 -1.697641 0.3809840500000001 0.39232730000000016 0.4199279000000001 0.1816136283002962 0.08449740000000006 0.2221864 -0.07881400000000038 0.07830168421052629 0.283855999999999 -0.07504599999999972 -0.042406526315789526 0.00737899999999847
44 47 -1.751649 -1.7177338599999998 -1.6798686 0.29464975000000004 0.31494199999999994 0.3222110999999999 0.17188434535125152 0.02807159999999964 0.15109679999999992 0.024491999999999292 0.07952463157894733 0.12340199999999912 -0.039093000000000044 -0.014708421052631593 0.015857000000001342
