47 0 -0.7713253 -0.59998492 -0.4246850000000002 0.08496055000000008 0.14129999999999998 0.15750239999999988 0.21269807351558268 0.09269280000000002 0.3663751999999998 -0.5206119999999981 -0.06313052631578968 0.3585879999999997 -0.08383800000000052 -0.03245768421052625 0.03736599999999868
47 1 0.1864845999999999 0.40367526 0.6422399000000001 0.0680124000000002 0.07653750000000015 0.08556499999999995 0.2301797368130349 0.02342439999999968 0.5275199999999995 -0.5024000000000006 -0.15511600000000006 0.2022159999999995 -0.03972099999999812 -0.0012725263157895455 0.020723999999999743
47 2 -0.8985895 -0.66022582 -0.3566726 -0.051527399999999945 -0.03687930000000006 0.04552999999999996 0.2569491672143089 0.24237659999999983 0.9225319999999999 -0.9357199999999999 -0.4482267368421053 0.040192000000001116 -0.20048899999999925 -0.11242852631578941 0.0496120000000011
47 3 0.07809180000000016 0.08991076 0.10693269999999999 -0.22513014999999997 -0.19267040000000013 -0.18841570000000013 0.177787781291379 0.13646439999999993 0.04760239999999927 -0.06185800000000352 0.02505389473684172 0.07881399999999816 -0.0632710000000003 0.06354368421052642 0.10832999999999982
47 4 1.993115 2.1195188400000005 2.280268 -0.2718926 -0.24093220000000004 0.07770715000000006 0.2653297208665382 0.6123628000000001 0.6509219999999996 0.12811200000000245 0.32474210526315767 0.6273720000000038 -0.5013010000000007 -0.24561410526315797 0.031242999999998577
47 5 -0.2251222999999999 -0.22371558 -0.22061639999999993 -0.13010589999999994 -0.1116741 -0.041016249999999976 0.17538360924233443 0.1699054000000002 0.021979999999999666 -0.031399999999999206 -0.011568421052631403 0.011618000000002127 0.04082000000000141 0.08942389473684222 0.1830620000000005
47 6 -1.7818558000000002 -1.51261336 -1.2976520999999999 -0.1258512 -0.11429600000000006 -0.07152135000000004 0.24773264264297148 0.08528239999999987 0.9708251999999999 0.41950400000000054 0.5109606315789472 0.6606559999999995 -0.06625399999999892 -0.044885473684210454 -0.029358999999999913
47 7 -0.011837799999999898 -0.008324140000000124 -0.003077200000000113 -0.23097840000000014 -0.2281994999999999 -0.21740574999999995 0.15758134843405402 0.01975059999999984 0.015574399999999766 -0.0015699999999996272 0.008031789473684126 0.025747999999998772 -0.020724000000000853 -0.010395052631578864 0.0
47 8 -0.11150139999999986 0.10085679999999997 0.34756659999999984 0.1158581500000001 0.19020549999999992 0.32672484999999996 0.23799755718628354 0.25726019999999994 0.6926212 0.009420000000002204 0.3516138947368418 0.3205939999999985 0.013501999999999681 0.12568263157894732 0.2135200000000015
47 9 -0.28004090000000004 -0.27918682000000006 -0.27799989999999986 0.24050044999999992 0.24221959999999998 0.24463740000000023 0.15548339146080567 0.008226799999999868 0.0023864000000002328 -0.004082000000000807 0.0002313684210526234 0.0025119999999989595 -0.011460999999999277 -0.0006445263157894843 0.012246000000000201
47 10 -0.3327771999999998 -0.32938600000000007 -0.3258378000000002 0.3145023999999999 0.3166376000000002 0.31712429999999997 0.15633444081367195 0.004207599999999978 0.013502000000000347 0.0 0.006808842105263318 0.015072000000000418 -0.013031000000000015 -0.0011403157894738108 0.00737899999999847
47 11 0.7326090999999997 0.7817909200000001 0.9039432000000003 -0.07120734999999995 -0.06391469999999988 -0.05173935000000007 0.20653808366781212 0.0269412 0.5489976000000003 -0.21351999999999816 0.19646484210526335 0.6044499999999986 -0.02825999999999884 0.005949473684210516 0.04066299999999967
47 12 -0.3733460000000002 -0.14229852 0.029013600000000195 0.12216169999999993 0.14177099999999998 0.14977014999999988 0.23756044080857647 0.04361460000000017 0.8606739999999999 0.21665999999999963 0.4529863157894736 0.7206299999999999 -0.03108600000000128 0.005519789473684232 0.03972100000000145
47 13 -0.2963374999999999 -0.29482716 -0.2934173 0.23608089999999998 0.2494573000000001 0.25649089999999997 0.15749253146462736 0.019907600000000247 0.003830799999999801 -0.006593999999999767 -0.001553473684210438 0.0043959999999998445 0.0018839999999986645 0.008957263157894737 0.018055000000001264
47 14 0.40394530000000006 0.5390281000000001 0.7591263999999999 -0.008171849999999925 -0.0023864000000000107 0.14914215000000008 0.2323786386162198 0.37758500000000006 0.5148972 0.017583999999994937 0.2709985263157895 0.4367739999999998 0.027004000000000472 0.1987289473684211 0.36565300000000023
47 15 -0.3524335999999999 -0.23244477999999996 -0.09467100000000006 0.13983204999999987 0.17551030000000012 0.3426289500000001 0.26955819405252546 0.3299197999999999 0.9284979999999998 0.17583999999999822 0.4886831578947367 0.7601940000000007 -0.3452429999999995 -0.17364199999999994 -0.04207599999999978
47 16 -0.4734020999999998 -0.10437359999999998 0.24313019999999985 0.25894009999999984 0.41358510000000004 0.46561489999999994 0.26635140280666564 0.3540664000000002 0.43375960000000013 -0.4169920000000027 -0.20922315789473694 0.10330600000000079 -0.01601399999999975 0.17876515789473696 0.40945600000000026
47 17 -0.13563229999999993 -0.11884900000000001 -0.1013120999999998 -0.007834300000000016 -0.00442739999999997 -0.004034899999999897 0.159708295135328 0.0062485999999999375 0.04791639999999964 0.0015699999999974068 0.025219157894736652 0.030457999999997654 -0.013815999999999828 -0.001107263157894731 0.007221999999997841
47 18 -1.4897573 -1.0327020399999998 -0.5667856999999998 -0.05750124999999989 -0.053113100000000135 -0.04396 0.2983639779595318 0.027537799999999946 1.5681788000000003 -0.9206479999999995 -0.8253572631578949 -0.5447899999999994 -0.06044500000000119 -0.005371052631578958 0.048827000000000176
47 19 -0.8104967999999998 -0.49034553999999997 -0.19945279999999987 -0.12156509999999998 -0.0969004 -0.0405530999999999 0.2710837710276849 0.21678560000000013 1.0542864000000005 0.048984000000000805 0.5548875789473687 0.9247300000000003 -0.12261699999999931 -0.04146452631578949 0.14600999999999975
47 20 -0.09531469999999997 -0.026275519999999997 0.0027632000000000767 0.08653840000000002 0.08807699999999985 0.08954495000000018 0.1833404675206783 0.00741040000000015 0.3146907999999997 -0.20033199999999862 -0.1468858947368419 0.029516000000000542 -0.013815999999998718 -0.0005453684210524788 0.01004800000000139
47 21 2.1602886 2.23582758 2.3521269000000005 -0.36409084999999997 -0.04912530000000004 -0.0059424500000000435 0.24573527603660192 0.5058539999999998 0.35243360000000035 -0.4477639999999994 -0.18549136842105282 0.066881999999997 0.03940699999999797 0.2662389473684209 0.4416410000000004
47 22 -0.10759210000000019 -0.025945819999999988 -0.0041448000000000595 0.5943941499999998 0.6098350999999997 0.6194277999999999 0.1876797121760923 0.0741354000000003 0.2986139999999997 0.021351999999998927 0.15303368421052643 0.19091199999999864 -0.011932000000001164 0.025698421052631672 0.04851300000000114
47 23 -0.6282041000000002 -0.5069373 -0.3905217999999998 -0.21961160000000002 -0.2116516999999999 -0.20797005000000013 0.18435530060730254 0.03384919999999991 0.21973719999999997 -0.26375999999999733 -0.05476821052631569 0.13439200000000318 -0.01993899999999882 -0.006808842105263084 0.04238999999999993
47 24 -1.2527187000000002 -0.86461156 -0.4281233000000001 -0.01905194999999993 -0.013439200000000096 -0.005950300000000075 0.266489877123863 0.03881040000000002 1.2227160000000001 -0.8939579999999991 -0.6435347368421053 -0.413851999999999 -0.04600100000000107 -0.020426526315789485 0.0009420000000004425
47 25 2.0616298 2.2128679 2.3956316 -0.155901 -0.07975599999999994 0.008328849999999999 0.2260273743996592 0.23031899999999994 0.5561568000000001 -0.6870319999999985 0.013882105263157871 0.6455840000000013 -0.21430499999999908 -0.005602421052631581 0.2601489999999995
47 26 -0.015276100000000015 -0.0011052799999999642 0.023235999999999812 0.22173110000000018 0.22998929999999995 0.23221869999999994 0.16824900045825808 0.04851300000000003 0.10738800000000026 -0.051495999999997544 0.02908631578947379 0.11837800000000342 -0.04207599999999867 -0.024045789473684343 0.008477999999999541
47 27 -0.12638500000000008 -0.12182258000000006 -0.10707400000000022 0.035591900000000065 0.06653660000000017 0.11695714999999984 0.17660043054488211 0.18183740000000004 0.03724039999999995 -0.04584399999999711 -0.019600210526315765 0.028888000000000247 -0.16296600000000105 -0.08682926315789474 -0.02355000000000107
47 28 1.2489978000000002 1.25145328 1.2535822000000003 0.8302630999999998 0.8429487 0.8466225000000001 0.15779807698182485 0.02929619999999966 0.007159200000000254 -0.01601399999999753 -0.0037680000000001337 0.00879200000000413 0.0 0.01376642105263156 0.025119999999998477
47 29 -0.5645092000000003 -0.5613849000000001 -0.5592496999999998 0.037978299999999965 0.038684799999999964 0.040160600000000046 0.15608453303341718 0.005934600000000012 0.010236399999999701 -0.007850000000000357 0.0019831578947368386 0.0056520000000004345 -0.005966000000000582 0.0031234736842105327 0.010204999999998687
47 30 0.046471999999999625 0.1482048599999999 0.30696639999999986 -0.12341770000000013 -0.09988339999999996 -0.09714375000000008 0.18920810456144269 0.03893600000000008 0.34464639999999935 -0.013815999999999828 0.15610757894736824 0.10770199999999397 -0.027945999999999804 -0.012741789473684295 0.01632800000000101
47 31 0.07619209999999998 0.37607779999999996 0.5552462000000001 0.2849471499999998 0.3305792000000001 0.33678070000000015 0.2185267358232261 0.07363300000000028 0.6550040000000004 -0.005965999999999472 0.34473894736842126 0.3925000000000023 -0.009576999999998392 0.03559768421052632 0.03454000000000068
47 32 0.5814024 0.5867718000000002 0.5913876000000002 0.012308800000000175 0.016013999999999973 0.019562200000000085 0.15776399967290766 0.014035800000000043 0.023173200000000005 -0.023864000000000107 -0.012196421052631582 0.0 -0.0009419999999993323 0.00738726315789476 0.009419999999999984
47 33 -0.13313599999999992 -0.13724312000000002 -0.09294400000000014 0.11287515000000004 0.1486476 0.17405805000000002 0.18815302620666566 0.04509040000000031 0.2876240000000001 -0.0006279999999980745 0.147117263157895 0.27474999999999916 -0.08666399999999852 -0.021071052631579087 0.03249899999999917
47 34 -0.10922490000000007 -0.10785899999999995 -0.10481319999999972 0.1804636500000001 0.1832661 0.18469479999999994 0.15603671315825796 0.0050240000000001395 0.010990000000000055 0.0 0.00525536842105288 0.0056520000000004345 0.0 0.0009750526315788795 0.007849999999999246
47 35 1.0244250000000001 1.21091588 1.4384967999999998 -0.5229041999999999 -0.4913472 -0.47050544999999994 0.2564510931194044 0.07344459999999997 0.9369131999999998 -1.0305480000000045 -0.4931122105263157 -0.012874000000007157 -0.06232900000000097 0.029582105263157882 0.14239899999999972
47 36 1.0852311 1.11483188 1.1331004 0.6103218000000002 0.6215473 0.8344236 0.2042329489257739 0.47684039999999994 0.08735480000000084 0.0028259999999979968 0.04597621052631623 0.07410399999999928 -0.47869300000000115 -0.2509686315789474 -0.009262999999999355
47 37 -0.11314989999999991 -0.06293815999999997 0.007661599999999935 0.11574824999999994 0.13866240000000019 0.14304269999999986 0.18674654396271667 0.055923399999999956 0.29289920000000036 -0.05683400000000116 0.12265831578947368 0.27537799999999946 -0.06750999999999951 -0.029433368421052607 -0.003454000000000512
47 38 -0.2394249999999999 0.08938010000000003 0.3864398000000002 -0.05952655000000007 -0.04545149999999998 -0.03776635000000006 0.24876569415698402 0.07831160000000015 0.9072715999999996 0.38402200000000164 0.4775113684210524 0.6939399999999973 -0.018369000000000302 0.04121663157894745 0.08886199999999955
47 39 -0.10657159999999988 -0.09696634 -0.089333 0.1480510000000001 0.1596847 0.17052554999999991 0.1638547394741815 0.06292560000000025 0.0340376 -0.07284799999999647 0.005784210526315819 0.05369400000000191 -0.11382499999999962 -0.02477294736842118 0.07441799999999943
47 40 0.3319137000000004 0.38356984000000005 0.4358947999999998 0.07929285000000014 0.10520569999999996 0.11464139999999995 0.18290510414743 0.04477640000000016 0.18513440000000037 -0.1212039999999992 -0.022641052631578947 0.09985199999999805 -0.0558919999999985 -0.023004631578947422 0.04066299999999967
47 41 -0.020441399999999832 -0.007843719999999998 -0.0018839999999998858 -0.028362050000000028 0.007206299999999999 0.06980220000000015 0.17351937760475478 0.10044860000000022 0.038998799999999445 -0.05934599999999568 -0.010345473684210594 0.0838379999999983 -0.05809000000000064 0.04124968421052641 0.1449109999999998
47 42 -0.2171938 -0.21158262000000003 -0.20485360000000008 -0.13527905000000007 -0.13371690000000003 -0.13294760000000005 0.15758094595316238 0.006593999999999989 0.028699599999999936 0.0 0.013650736842105249 0.030457999999997654 -0.01114699999999913 0.0016526315789473266 0.013031000000001125
47 43 -0.1073251999999999 -0.10405960000000006 -0.10117080000000023 0.0799129999999999 0.08123180000000008 0.0834298 0.15583096347227066 0.005840400000000079 0.008917599999999748 -0.0009419999999971118 0.003206105263157648 0.0021979999999999222 -0.01240300000000083 0.0002809473684210093 0.008164000000000504
47 44 -0.19763160000000013 -0.07373033999999994 0.027553499999999675 -0.02380905 -0.009074599999999933 0.0021508999999999 0.18257482353150636 0.036926400000000026 0.2775759999999998 0.0 0.11736989473684173 0.2537120000000015 -0.008006999999999875 0.015303368421052574 0.046471999999999625
47 45 -0.1788073 0.25255334000000007 0.6903604000000001 -0.08724490000000007 -0.084152 -0.06823219999999997 0.2637602919735447 0.049046799999999946 1.1785676 -1.0669719999999971 -0.6202987368421052 -0.1893419999999968 -0.030300999999999245 -0.012526947368420976 0.020253000000000076
47 46 0.24485719999999978 0.30791468 0.3655902000000003 0.17108289999999998 0.17817929999999993 0.19007989999999997 0.17574080322131527 0.044807800000000064 0.14626120000000054 -0.10864400000000218 0.023235999999999812 0.17897999999999747 0.013502000000000791 0.02358305263157898 0.03187099999999998
47 47 -0.33357789999999987 -0.25197872 -0.1652268 -0.027090349999999985 -0.020645500000000094 -0.015229000000000104 0.18739732155188854 0.01924820000000005 0.3519312000000001 -0.04615800000000059 0.16248673684210538 0.38747599999999993 -0.025277000000000216 -0.00890768421052635 0.00015699999999951864
