59 0 -0.3335465000000001 -0.32933576000000003 -0.3218342999999998 0.3287580000000001 0.33004539999999993 0.3373616 0.16332243230921342 0.05140180000000005 0.048544400000000376 -0.013502000000003012 0.021946947368421312 0.046471999999995184 -0.04552999999999918 -0.02394663157894734 0.0014130000000001086
59 1 -0.7850314000000002 -0.76326806 -0.7534273 -0.08867360000000002 -0.086978 -0.08116115000000002 0.17002868546717514 0.05284619999999984 0.12308800000000009 -0.06060199999999849 -0.0023467368421053137 0.05338000000000287 0.00047099999999966613 -0.012642631578947289 0.018997000000000597
59 2 -0.5307385 -0.5044096 -0.49098609999999976 0.04797134999999997 0.06685059999999987 0.10088819999999987 0.17950519254169747 0.07410400000000017 0.2086844000000001 0.021980000000001443 0.10983389473684216 0.170188 -0.06923699999999866 -0.027698105263157934 0.03501100000000146
59 3 -0.4428185000000001 -0.4424417 -0.4259881 -0.1375634 -0.13396809999999992 -0.1169650000000001 0.16697416343469107 0.02267079999999999 0.10393400000000019 -0.03453999999999846 0.0359612631578948 0.022607999999999517 -0.027789000000000286 -0.007569052631578997 0.0
59 4 -0.4482035999999999 -0.43022396 -0.4132868000000002 0.07312274999999985 0.08558070000000007 0.09460820000000003 0.17571066436080574 0.17106720000000042 0.04138520000000012 0.0 0.007205473684210639 0.06625399999999892 -0.07143500000000191 -0.07739273684210533 0.027945999999999804
59 5 -0.6422085 -0.6026539200000001 -0.5795497999999999 0.38570190000000004 0.38950129999999994 0.3982933 0.1713324281436083 0.0317453999999997 0.15222720000000045 -0.06091599999999975 -0.04442273684210533 0.055263999999999314 -0.03469700000000131 -0.016691578947368432 0.005808999999999953
59 6 -0.3061343000000002 -0.2951443 -0.28694889999999984 -0.003147849999999952 -0.0010362000000000426 0.0015150500000001288 0.15999041556717514 0.02442920000000015 0.03811959999999992 -0.0003140000000012577 0.01907136842105259 0.032655999999999796 -0.027789000000001396 -0.011799789473684144 0.009105999999999836
59 7 -0.6732003000000002 -0.5942355800000001 -0.5280852 0.12669115000000014 0.1901427 0.20189415000000016 0.18462628279074203 0.08650699999999989 0.21735080000000018 -0.09105999999999836 -0.035134947368421314 0.17615399999999948 -0.10157899999999942 -0.04552999999999994 0.04710000000000214
59 8 -0.49385919999999994 -0.48993734 -0.4875006999999999 0.15963759999999994 0.16130179999999983 0.1625813499999999 0.15649317412450003 0.011586600000000002 0.010487600000000263 -0.008163999999997174 -0.005156210526315874 0.0015699999999996272 -0.01350199999999746 -0.004098526315789646 0.0056520000000004345
59 9 -0.3512404000000001 -0.3510834 -0.3501099999999998 0.09918474999999999 0.10305479999999989 0.1042087499999999 0.15636531600348086 0.009200199999999992 0.011178399999999922 -0.001884000000000885 0.0037349473684210543 0.016642000000000046 -0.007536000000000209 0.0006279999999998275 0.014600999999999642
59 10 -0.3958127 -0.3898843800000001 -0.3866596 0.2760845 0.28115560000000006 0.28329079999999984 0.15660843952195216 0.006217200000000034 0.007033599999999751 -0.0043959999999998445 -0.003272210526315807 0.0 -0.011617999999999906 -0.0023632631578948534 0.005651999999999324
59 11 -0.4349214 -0.38562340000000006 -0.3810861000000001 0.08529810000000015 0.08669539999999987 0.08803774999999991 0.180547023890742 0.011555200000000099 0.27198679999999964 0.02951599999999832 0.14315094736842085 0.1381600000000005 -0.015543000000001195 0.005701578947368587 0.01617099999999705
59 12 -0.5232967 -0.5186840400000001 -0.5109094 0.1327906000000001 0.13492579999999976 0.13823850000000004 0.1603802931111242 0.029484600000000194 0.03742880000000026 -0.03202800000000172 0.007238526315789484 0.02731800000000062 -0.017741000000002227 0.009667894736842148 0.009105999999999836
59 13 -0.6997647000000002 -0.4986634 -0.4376532000000001 0.02743574999999987 0.05647290000000005 0.07002200000000008 0.2598985275601687 0.056519999999999904 0.9225948000000002 -0.20943799999999957 0.48557621052631594 0.9109139999999982 -0.017741000000000007 0.02399621052631596 0.07269099999999917
59 14 -0.4144329000000002 -0.33380712000000007 -0.23024049999999996 0.0862244000000002 0.10661870000000007 0.1709258999999998 0.2010636050824618 0.14315260000000007 0.26551839999999993 -0.31808199999999953 -0.13974652631578943 0.06813800000000203 -0.014443999999997903 0.07534347368421057 0.15762800000000077
59 15 -0.5246626 -0.49756126000000017 -0.46738900000000005 0.04763379999999989 0.05436910000000006 0.05960505000000005 0.16479488062449996 0.0170188 0.0962095999999999 -0.09357199999999954 -0.0359612631578948 0.014129999999998866 -0.006593999999999767 0.008957263157894737 0.022765000000001256
59 16 -0.42198460000000004 -0.23558163999999993 -0.060460700000000256 0.42224364999999997 0.42459080000000005 0.42548569999999986 0.2094248145512515 0.006060199999999849 0.6126140000000002 0.09985200000000027 0.3224284210526317 0.5246939999999989 -0.010675999999999464 0.0002644210526315863 0.010832999999998982
59 17 -0.4389719999999999 -0.39747376000000006 -0.3494820000000002 0.03823734999999984 0.05173149999999993 0.06208564999999988 0.17108907072067833 0.031682600000000116 0.13432919999999982 -0.00376800000000177 0.07069957894736832 0.14035800000000265 -0.02951599999999943 -0.010841263157894803 0.016955999999999083
59 18 -0.6305277 -0.5861720600000001 -0.538667 -0.01896559999999997 -0.0042704000000000075 0.013878799999999969 0.173419446535965 0.05190420000000007 0.11586600000000002 -0.1613959999999981 0.019567157894736918 0.0945140000000011 -0.044117000000000184 -0.004908315789473594 0.05542099999999883
59 19 -0.2882677000000001 -0.09729289999999995 0.12153370000000008 0.011539499999999925 0.014491099999999868 0.04442314999999997 0.20775246562067826 0.04735120000000004 0.5270175999999998 -0.46660399999999935 -0.0018509473684209872 0.404431999999999 -0.05950299999999964 -0.01137010526315786 0.045058999999998406
59 20 -0.5370342000000002 -0.54757204 -0.5013167 0.14894590000000008 0.1650541000000001 0.17896430000000008 0.1864942653595319 0.08132600000000001 0.2809672000000001 -0.034226000000001644 0.12265831578947368 0.2728660000000027 -0.06986499999999785 -0.01897221052631582 0.020409999999998485
59 21 -0.5433456000000002 -0.4951717200000001 -0.44476530000000025 0.0623211500000001 0.08702509999999997 0.12112549999999994 0.18245773807672935 0.12673040000000024 0.1579419999999998 -0.15040599999999849 -0.0583048421052632 0.019153999999999005 -0.021509000000000666 0.06286610526315786 0.11759299999999806
59 22 -0.26845430000000003 -0.25761502 -0.24716509999999992 0.4016059999999999 0.40264219999999984 0.4063552499999999 0.15954994048182483 0.006091599999999753 0.04157359999999999 -0.03862200000000149 -0.018046736842105327 0.004710000000003323 -0.01727000000000034 -0.0010576842105262283 0.016798999999998454
59 23 -0.5960348 -0.58563826 -0.5801778000000002 0.2967064500000001 0.2985669000000002 0.30324549999999995 0.16015655999711145 0.01997039999999961 0.028825199999999995 -0.010361999999999316 0.01517115789473684 0.043960000000000665 -0.028259999999999952 -0.0077177894736841545 0.006907999999998804
59 24 -0.46434320000000007 -0.46275436000000003 -0.4608891999999999 0.10051140000000003 0.10297630000000013 0.11574824999999989 0.15841116317800316 0.029892800000000275 0.008792000000000133 -0.028888000000000247 0.0014873684210525123 0.03234200000000298 -0.025748000000000992 -0.015733052631579092 0.00015700000000062886
59 25 -0.40915769999999996 -0.40058550000000004 -0.39493350000000016 0.2192347999999999 0.21975290000000014 0.2205535999999999 0.15767280012258916 0.0026376000000001287 0.033660799999999824 0.006593999999999767 0.017716210526315695 0.031399999999999206 -0.003296999999998773 0.0003635789473683581 0.006593999999999767
59 26 -0.2562711000000001 -0.24929402 -0.23788639999999983 0.5327637999999999 0.5454650999999999 0.5589278500000001 0.1642413712799141 0.0535998000000002 0.0384964000000001 -0.02229399999999826 -0.008957263157894853 0.04050600000000015 -0.051495999999999764 -0.00861021052631592 0.020253000000001187
59 27 -0.17497649999999976 -0.17109546 -0.1664671000000001 0.17372049999999994 0.1777554 0.17992985000000006 0.15840956899711142 0.024617599999999795 0.019970400000000055 -0.003454000000000512 0.0041976842105263005 0.0050240000000001395 -0.013501999999999681 -0.007519473684210377 0.013345000000001273
59 28 -0.6043243999999999 -0.5887123200000001 -0.5762214000000003 0.040945599999999915 0.041840499999999836 0.043245650000000024 0.15944374755061466 0.009231599999999895 0.04364599999999985 0.009420000000002204 0.022971578947368343 0.03391200000000261 -0.008949000000001428 -0.003073894736842147 0.0003140000000001475
59 29 -0.47365329999999994 -0.47311008 -0.47049760000000007 0.3032297999999998 0.3068093999999999 0.30897600000000014 0.1571227845060287 0.0106132000000001 0.01783519999999994 -0.0021979999999999222 0.00938694736842102 0.02731800000000062 -0.010989999999999611 -0.00016526315789481446 0.015386000000000566
59 30 -0.4041651000000003 -0.39715347999999995 -0.3898781 -0.08703294999999994 -0.07686720000000002 -0.07310704999999995 0.16317318493660196 0.02992420000000018 0.03535639999999951 -0.052437999999999096 0.01860863157894711 0.09828200000000065 -0.03359800000000024 -0.003966315789473677 0.03563900000000064
59 31 -0.37099099999999996 -0.34897645999999993 -0.3337506 0.2396919 0.24711799999999995 0.2519457499999999 0.16556399492704768 0.01896560000000025 0.07385279999999961 -0.058717999999999826 0.02429368421052639 0.12716999999999867 -0.03940700000000019 -0.004495157894736967 0.04254700000000056
59 32 -0.3767372 -0.37652996000000005 -0.3764075 0.2139831499999999 0.21782179999999995 0.22083619999999993 0.15616706426016877 0.011366800000000232 0.0031400000000001427 -0.0021979999999999222 -0.000363578947368475 0.0015699999999996272 0.0 0.005982526315789596 0.01601400000000197
59 33 -0.4043220999999999 -0.4022873799999999 -0.4000517 0.0791044500000001 0.08525099999999985 0.0922846 0.15801895603405414 0.02581079999999991 0.009985200000000027 -0.006594000000001987 0.0031069473684211097 0.018839999999995527 -0.04427400000000081 0.0041976842105263005 0.03940699999999686
59 34 -0.3784485000000001 -0.35689554 -0.3444265999999999 0.2175392 0.22155840000000004 0.2237014499999999 0.16150476620602858 0.011649400000000032 0.06518639999999998 -0.046471999999999625 -0.015005894736842142 0.03579599999999905 -0.021508999999999556 -0.0017187368421053694 0.009106000000000947
59 35 -0.5259971 -0.5252340800000002 -0.5242073000000003 0.1480117500000001 0.15310639999999986 0.1548333999999998 0.1564518896111242 0.014883599999999886 0.006342800000000093 -0.0021979999999999222 0.003305263157894653 0.0050240000000001395 0.0 0.007833473684210467 0.013973000000001567
59 36 -0.6388644000000001 -0.62919634 -0.6177008 0.2555724500000002 0.2561926000000001 0.25663220000000003 0.15983267227545542 0.002355000000000107 0.05551519999999943 -0.03956400000000082 -0.029218526315789174 -0.009419999999997763 -0.003453999999999402 -0.0002478947368420464 0.001884000000000885
59 37 -0.4274011 -0.42449974000000007 -0.4193627000000002 0.19164989999999987 0.1924192 0.19487625000000008 0.15718774534742988 0.011523800000000195 0.01124119999999973 -0.007221999999997841 -0.005916421052631436 0.006908000000001024 -0.0010989999999999611 0.006065157894736945 0.016641999999997825
59 38 -0.5219622000000002 -0.50507214 -0.49078200000000005 -0.12545085 -0.027804700000000016 -0.017458399999999985 0.17048839992322606 0.13081239999999994 0.04107119999999975 -0.037994000000001193 -0.013849052631578792 0.03359799999999913 -0.06201499999999971 -0.06681589473684212 1.1102230246251565e-15
59 39 -0.5232338999999998 -0.50735492 -0.4913628999999997 0.14642605000000009 0.16246360000000004 0.17680554999999992 0.16463367435188858 0.03946979999999978 0.03290720000000036 -0.048984000000000805 -0.007337684210526257 0.03987799999999986 -0.017583999999999378 0.009353894736842176 0.05809000000000064
59 40 -0.5267978000000001 -0.50295578 -0.4812050000000001 0.07193740000000015 0.08569060000000017 0.09570720000000005 0.1649260313321433 0.023863999999999663 0.05940880000000037 -0.07755800000000201 -0.02878884210526324 0.04301800000000133 -0.05934600000000012 0.0015369473684212487 0.025277000000000216
59 41 -0.32287050000000006 -0.3215108800000001 -0.32015439999999995 0.22567965 0.23838879999999996 0.24126190000000008 0.15740169019520064 0.020441400000000165 0.007284799999999869 -0.0056520000000004345 0.0011237894736842709 0.011931999999996723 -0.00502400000000236 0.007354210526315679 0.024021000000000736
59 42 -0.6642513000000002 -0.5977932000000001 -0.5385885 0.13812074999999996 0.14007540000000018 0.14390619999999993 0.17705998524806682 0.007504600000000083 0.24259640000000005 -0.19970400000000055 -0.12262526315789461 -0.016956000000001303 -0.013031000000000015 -0.0012890526315789685 0.013344999999997942
59 43 -0.36904419999999993 -0.3421344 -0.3162608 -0.0006358500000000489 0.041479399999999944 0.048403099999999866 0.17869189024169732 0.08107479999999989 0.18136639999999948 0.0320279999999995 0.09545599999999972 0.13376400000000066 -0.11900599999999928 -0.0329204210526315 0.038935999999998305
59 44 -0.4937964 -0.490625 -0.48709250000000015 -0.13284555000000003 -0.12428120000000009 -0.11968110000000004 0.16212662539201592 0.021257800000000104 0.060413599999999956 -0.01601399999999975 0.03179663157894735 0.06405600000000122 -0.026846999999998733 -0.011188315789473739 0.011931999999998943
59 45 -0.5801621000000002 -0.57336714 -0.5598776999999998 0.1192415 0.13034139999999994 0.14604139999999982 0.16533412065125158 0.041416600000000026 0.08113759999999992 -0.035168000000000976 0.026607368421052626 0.024177999999999145 -0.046472000000000735 -0.021798210526315802 -0.011775000000000535
59 46 -0.45953900000000014 -0.4418388200000001 -0.43994539999999993 0.05519334999999986 0.13701390000000002 0.16233800000000015 0.17734545806908594 0.13602479999999972 0.11850359999999993 -0.019468000000002483 0.06237031578947365 0.11963399999999735 -0.07159200000000032 -0.058866736842105215 0.005965999999999472
59 47 -0.4988047 -0.49824892 -0.49486399999999975 0.09472595 0.0997577999999999 0.10342375000000004 0.15836947584551916 0.02515140000000038 0.012120400000000142 -0.004395999999997624 0.0020162105263159184 0.029516000000000542 -0.008321000000000023 0.009800105263157883 0.02103799999999989
