66 0 -2.9925 -2.7839832516339857 -2.62375 0.057499999999999996 0.26068014705881537 0.710147058823529 0.25556203513800996 0.6799999999999999 0.45999999999999996 0.09999999999999787 0.2421052631578947 0.35422794117644596 -0.7411764705882327 -0.35789473684210527 0.0
66 1 -2.22485294117647 -1.9549761029411752 -1.7061764705882334 0.04750000000000001 0.055 0.07 0.23138670218097407 0.049999999999999996 0.8182352941176505 0.25294117647060244 0.43065015479876345 0.6000000000000005 -0.09999999999999995 -0.021052631578947364 0.0
66 2 -2.19 -1.794754289215686 -1.4663235294117611 -0.25 -0.1912500000000011 -0.03154411764705821 0.265904096072341 0.36 0.8599999999999999 -0.10000000000000009 0.3273026315789451 0.9937499999999932 -0.10000000000000009 0.06842105263157897 0.30624999999998614
66 3 0.2500735294117656 0.3663576388888895 0.48791666666666866 0.23 0.23 0.24 0.18541538399123694 0.03 0.32 0.10000000000000009 0.16842105263157894 0.247058823529418 0.0 0.015789473684210527 0.0
66 4 -1.4526470588235307 -1.0852023886308935 -0.8564154411764731 -0.25 -0.16 -0.1 0.3208806400642112 0.18 1.670433436532515 -0.8489787581699371 -0.8791754929118502 -0.598897058823531 0.062499999999988884 0.09473684210526315 0.1786764705882475
66 5 0.37794117647058834 0.772058415032682 1.2158823529411789 0.0275 0.08 0.14250000000000002 0.29420225487305984 0.24000000000000002 1.3464705882352905 0.3470588235293992 0.703405572755416 1.0001633986928087 -0.19062500000000282 -0.12631578947368424 -0.09999999999999995
66 6 -0.49062500000000414 -0.1704362745098053 0.1775 0.08750000000000001 0.13 0.15 0.24970201095749522 0.13 0.95 -0.6441176470588297 -0.5 -0.24999999999999994 0.0 0.06842105263157895 0.09999999999999995
66 7 -0.47691176470588564 -0.1264003880718973 0.10867647058823443 0.01 0.16823529411764865 0.18 0.2778592767687087 0.20400000000000473 1.1647058823529397 -1.062745098039179 -0.6024767801857577 -0.14999999999999986 0.0 0.10736842105263406 0.33764705882353724
66 8 -0.5684375000000057 -0.1136219362745114 0.27578124999999937 -0.3225 -0.26 -0.19220588235293973 0.2575159348369914 0.14 1.02 -0.7999999999999865 -0.5368421052631579 -0.11875000000000302 -0.15 -0.06842105263157895 0.0
66 9 -0.38 -0.374 -0.37 -0.1 -0.1 -0.09 0.15710977321595201 0.010000000000000009 0.020000000000000018 0.0 0.010526315789473694 0.0 0.0 -0.005263157894736847 0.0
66 10 0.6862499999999927 1.387262254901957 2.3988020833333277 -0.006718749999999514 0.045 0.06 0.40465727137799357 0.16999999999999998 2.648594771241836 -1.36139705882356 -1.3939972480220189 -0.8590073529411435 -0.09999999999999995 0.06842105263157895 0.18823529411763476
66 11 -0.67 -0.5436360294117644 -0.35750000000000004 0.01 0.015 0.03220588235294087 0.19180203562516016 0.07125000000000167 0.35000000000000003 0.0 0.16842105263157897 0.24999999999999994 0.0 0.03157894736842106 0.1
66 12 0.14765625000000077 0.13524080882352932 0.17249999999999896 -0.5299999999999967 -0.5 -0.4977941176470591 0.18903433540901185 0.05944444444444186 0.32875000000000276 -0.04999999999997895 0.14671052631579093 0.2968749999999848 -0.053104575163391565 -0.005263157894736847 0.0
66 13 -0.4575 -0.27830788084464303 -0.24470588235293877 0.21 0.245 0.27 0.27274184442466587 0.3444444444444475 1.0133333333333425 0.10000000000000009 0.5333333333333382 0.649999999999979 0.0 0.18128654970760394 0.3156249999999877
66 14 -0.48 -0.342995506535948 -0.23741830065359487 0.1 0.10500000000000001 0.18254084967320255 0.2250791467538677 0.27 0.54 -0.531249999999997 -0.27275541795665426 0.0 -0.22003676470589054 -0.1368421052631579 0.0
66 15 -2.468039215686265 -2.066796568627449 -1.5507261029411739 0.06 0.08499999999999999 0.11880208333333439 0.3331386404813052 0.15000000000000002 1.83 0.3529411764706003 -2.3421052631578947 1.061948529411746 0.0 0.07894736842105263 0.19771241830064165
66 16 0.24858455882352404 0.613517780357755 1.1042647058823492 0.04562500000000167 0.07500000000000001 0.115 0.3185145742256592 0.14 1.6675000000000022 -1.0529605263157953 -0.8776315789473698 -0.4823529411765076 -0.10000000000000009 0.014473684210527488 0.09411764705883828
66 17 -1.3 -1.25341544117647 -1.2766666666666662 -0.15 -0.15 -0.15 0.1856503296876382 0.009999999999999981 0.3429411764705905 0.0 0.18049535603715292 0.11666666666667491 0.0 0.0052631578947368324 0.0
66 18 -1.8941993464052278 -1.1515181781045718 -0.4396599264705848 -0.2147058823529411 -0.17205882352941165 -0.12 0.385927367340303 0.1164705882352946 2.4105882352941204 0.8281045751633831 1.2687306501548001 1.552022058823557 -0.11764705882352705 0.0034055727554182192 0.10000000000000002
66 19 -0.7711580882352971 -0.5942573529411777 -0.40191176470588275 -0.6255882352941172 -0.5182352941176452 -0.2216544117647 0.27541510834346106 0.62 0.7605882352941244 -0.5492647058823452 -0.4003095975232234 -0.27573529411766134 0.20937500000000164 0.32631578947368417 0.3871323529411802
66 20 0.07416666666666535 0.11820690359477089 0.16203124999999882 0.0 0.015 0.021874999999999166 0.17404840073235248 0.06999999999999999 0.1 -0.11493055555558775 -0.05263157894736843 0.0 -0.05000000000000001 -0.021052631578947368 0.0
66 21 -0.5599816176470611 -0.4334417892156887 -0.235 0.3490624999999992 0.5626736111111126 0.7918750000000006 0.2993923583565707 0.6 0.6269934640523018 -1.0959558823529592 -0.3299965600275273 0.34493464052286804 0.10000000000000009 0.2789473684210526 0.4523897058823653
66 22 0.036250000000001247 0.2733384072927431 0.5595833333333343 -0.09 -0.09 -0.08750000000000001 0.2445312822319484 0.009999999999999995 1.0064705882352944 0.44983660130719 0.5297213622291025 0.6000000000000025 0.0 0.0 0.0
66 23 -1.7786458333333335 -1.1086887254901916 -0.4655065359476963 -0.05583333333333432 -0.01 0.030441176470587313 0.4709357484660698 0.19 3.026503267973853 1.0450980392156561 1.788450292397661 2.553308823529483 2.0886070650760757e-14 0.09473684210526315 0.19999999999997908
66 24 -0.9531158088235281 -0.8703466094771233 -0.7574591503267964 -0.22073529411764836 -0.19 -0.1475 0.22042021810596016 0.1805882352941164 0.5676470588235314 0.12271241830065893 0.2987616099071218 0.4529411764705821 -0.11176470588234441 -0.09504643962848233 -0.008823529411746273
66 25 -1.42 -1.3506614787581697 -1.28 -0.18 -0.16 -0.05970588235293878 0.2069256204676983 0.36 0.17999999999999994 -0.22187499999998583 -0.026315789473684233 0.22720588235291883 0.0 0.18947368421052632 0.4233455882352863
66 26 -0.10250000000000001 -0.10250000000000001 -0.1 -0.15 -0.14 -0.14 0.1562247474542578 0.009999999999999981 0.009999999999999995 0.0 -0.005263157894736839 0.0 0.0 -0.0052631578947368324 0.0
66 27 -0.2 -0.18765625000000036 -0.18 0.87 0.88 0.88 0.15887633828958578 0.020000000000000018 0.03 -0.03437499999996804 -0.015789473684210527 0.0 0.0 0.010526315789473694 0.0
66 28 -0.1525 -0.0032056781045752825 0.1334375000000002 -0.26 -0.25 -0.2175 0.2017599421225313 0.042941176470590425 0.3343749999999992 -0.2500000000000001 0.06611842105263202 0.3479779411764684 0.0 0.02260061919504759 0.09999999999999995
66 29 1.1574999999999998 1.2724297967730895 1.3729411764705883 0.0275 0.07323369565217448 0.09514705882353217 0.20965849616840757 0.08 0.5364705882352994 0.20000000000000018 0.2823529411764733 0.33547794117648744 -0.032352941176452196 -0.00526315789473685 0.09374999999999162
