83 0 -2.8222058823529417 -2.666878676470588 -2.5333823529411776 0.34397058823529414 0.4925 0.51 0.22881492171892692 0.26 0.5500000000000003 -0.44705882352941817 -0.1718266253869951 -0.050000000000007816 -0.24117647058824493 -0.1368421052631579 0.0
83 1 0.20279411764705807 0.2708627539784027 0.34846507352941436 0.10750000000000001 0.16999999999999998 0.22 0.19762016746674896 0.12 0.14999999999999997 -0.3147058823529697 -0.036842105263157905 0.2638888888888956 -0.20000000000000004 0.047368421052631594 0.1828644501278801
83 2 0.10014705882353016 0.14824857026143873 0.24470588235294088 0.32661764705882473 0.4338235294117635 0.549531249999998 0.23816917029803075 0.3788888888888876 0.5466666666666627 0.10000000000000009 0.287719298245612 0.3470588235293971 -0.4000000000000209 -0.037186102511177314 0.19705882352942045
83 3 2.0331250000000005 2.2315297385620925 2.405634191176468 0.2442187500000006 0.2623529411764689 0.28 0.24718807384352828 0.054374999999999174 0.7643749999999989 -0.5985294117647011 0.09572368421052901 -0.07959558823527502 -0.09834558823529752 -0.015131578947369884 0.09999999999999995
83 4 2.2864705882352965 2.3962681781045765 2.57 0.2025 0.24 0.25 0.23889841287153693 0.2 0.7623529411764731 0.0 0.3907120743034069 0.7082720588234914 0.0 0.09473684210526317 0.2406249999999987
83 5 0.5004411764705903 0.6183038658645279 0.7600000000000011 -0.28750000000000003 0.1294117647058794 0.4 0.25700816053134157 0.71 0.26062500000000244 -0.14411764705881513 0.09539473684210587 0.24981617647058862 -0.7529411764706015 -0.3736842105263157 -0.10000000000000009
83 6 -0.04016666666666627 0.11125046954679274 0.27430555555555525 0.3495075757575748 0.4578860294117627 0.5125 0.22197999007379354 0.391176470588237 0.33 -0.37611111111109374 -0.15263157894736845 0.0 -0.35588235294118503 -0.20588235294117738 -0.026785714285722517
83 7 -1.6592647058823553 -1.4544540441176472 -1.2889613970588236 -0.37676470588235234 -0.20382352941176507 -0.032794117647056 0.30518221404577606 0.792352941176474 0.7229411764705892 -0.6977941176470592 -0.026006191950462155 0.37647058823529034 0.23529411764704786 0.4170278637770916 0.5477124183006185
83 8 -0.7664338235294132 -0.5633890931372546 -0.39733455882352975 -0.0225 0.025 0.052500000000000005 0.22680137875394762 0.11 0.5624999999999989 -0.5972834967320375 0.06301169590643518 0.9036764705882545 0.0 0.042105263157894736 0.1
83 9 -0.5302941176470581 -0.4430091911764699 -0.36046875000000006 -0.04 -0.03 -0.017499999999999998 0.1919479482522856 0.11 0.21999999999999997 -0.09999999999999953 0.11578947368421051 0.28786764705885204 -0.07941176470590942 0.02631578947368421 0.09999999999999998
83 10 0.49058823529411955 0.5591053921568636 0.7113235294117655 -0.0074166666666679384 0.14722222222222286 0.18 0.26588222612297147 0.34444444444444755 0.8958823529411785 -0.025000000000011124 0.41362229102167286 0.8665441176470237 -0.276307189542471 -0.18128654970760397 -0.039869281045764454
83 11 0.4875 0.5363547794117648 0.58 -0.37 -0.355 -0.3375 0.17337555135872354 0.08999999999999997 0.11999999999999994 0.0 0.06315789473684207 0.09999999999999981 -0.050000000000000044 -0.01578947368421051 0.10000000000000009
83 12 0.07220588235293877 0.22615102554179467 0.390147058823529 -0.22132352941176453 -0.19705882352941165 -0.19 0.23058511409948018 0.07999999999999999 0.7372058823529427 -0.5027863777089618 -0.38800309597523297 -0.2529411764705808 -0.10000000000000009 -0.042105263157894736 0.03621323529410386
83 13 1.1808333333333296 1.450934436274508 1.6993750000000014 0.32352941176470645 0.45800653594771307 0.5650000000000001 0.28287210275180746 0.29 0.8983455882352995 -0.761764705882324 -0.4728134674922629 -0.2958333333333424 -0.5588235294117844 -0.1062500000000025 0.22475490196077363
83 14 2.71 2.738378676470588 2.7640624999999988 0.19 0.2 0.2 0.1633049535478113 0.01999999999999999 0.08000000000000007 -0.10000000000000009 -0.04210526315789478 0.0 0.0 -0.010526315789473679 0.0
83 15 -0.25882352941176767 -0.13115674019607937 -0.015 -0.1 -0.1 -0.09 0.1988636170361287 0.020000000000000004 0.480625000000003 -0.29705882352941915 -0.2529605263157911 -0.20000000000000004 0.0 -0.005263157894736848 0.0
83 16 0.017499999999999998 0.06053451797385612 0.10666666666666864 -0.47 -0.42 -0.35500000000000004 0.1896017661962873 0.13556862745098563 0.08 0.0 0.03684210526315789 0.10000000000000002 0.0 0.07135190918472929 0.2088235294117463
83 17 0.165 0.2829705882352949 0.36811580882353134 0.6732812500000016 0.965 0.9824999999999999 0.2511354779337192 0.5 0.4500000000000043 -0.09999999999999995 0.23684210526316013 0.5970588235294205 0.009375000000019229 0.2631578947368421 0.39117647058821925
83 18 -0.0125 0.006195629084967051 0.018262867647057045 -0.34 -0.33 -0.28203125000000107 0.17837607827252466 0.15 0.11 -0.08611111111112431 -0.02631578947368421 0.09999999999999999 -0.14999999999999986 -0.06315789473684212 0.0
83 19 0.5785294117646985 0.8407935049019587 1.191470588235294 -0.38720588235294473 -0.15941176470588175 -0.09234375000000145 0.31181061822477224 0.2547058823529419 1.2511764705882407 -1.2058823529412184 -0.6585139318885477 -0.36764705882352755 -0.3382352941176088 -0.13405572755417994 0.10882352941174629
83 20 -2.187500000000003 -1.9139193627450997 -1.5993750000000015 -0.3702941176470559 -0.22091911764705904 -0.14 0.2825946912181631 0.27999999999999997 1.1062499999999995 -0.7906249999999992 -0.5457456140350867 -0.4029411764705637 -0.1062500000000055 -0.005263157894736847 0.30000000000000127
83 21 0.2470588235294127 0.27166462418300674 0.295 -0.135 -0.05531249999999917 0.1356209150326828 0.21462377953401568 0.5 0.08722222222222487 -0.20000000000000018 -0.0459064327485394 0.09687500000000723 0.11488970588233616 0.2631578947368421 0.3
83 22 -1.4578125000000117 -1.1615551470588252 -1.013750000000001 -0.10102941176470645 -0.01 0.018529411764706436 0.25721464365048613 0.28 0.8841176470588235 -0.673529411764689 -0.4600619195046439 0.0 -0.2751838235294344 -0.12105263157894738 0.0
83 23 -0.5482352941176476 -0.35428308823529436 -0.06323529411764817 0.020624999999998263 0.04 0.0625 0.21306671902928898 0.060000000000000005 0.55 -0.3617647058823395 -0.2546052631578927 0.050000000000000044 -0.10000000000000005 -0.021052631578947368 0.0
83 24 0.32000000000000106 0.34543566176470664 0.3986764705882381 -0.42 -0.3712132352941167 -0.28 0.21103540108428018 0.23823529411764757 0.40470588235294586 0.0588235294117459 0.21300309597523467 0.3000000000000207 0.0 0.12538699690402502 0.20666666666665418
83 25 0.49 0.5110477941176472 0.5425 -0.37249999999999994 -0.36 -0.35 0.16686748546653846 0.06 0.08000000000000007 0.0 0.04210526315789478 0.10000000000000009 -0.09999999999999981 -0.031578947368421054 0.0
83 26 0.6115624999999998 0.7900610702614375 1.06 -0.32985294117646985 -0.2460763888888911 -0.0275 0.24468062239375946 0.32999999999999996 0.7000000000000001 -0.7215073529412044 -0.3684210526315789 0.0 -0.1 -0.14736842105263157 0.03235294117646559
83 27 0.5538235294117634 1.0155606617647073 1.4777941176470613 0.7163235294117632 0.875 0.9415624999999999 0.2906199168329541 0.19192810457515863 1.0852941176470563 0.1873161764705597 0.5712074303405558 1.0768382352940487 -0.19999999999999962 0.056432748538010995 0.19999999999998574
83 28 0.05 0.16463051470588377 0.24242647058823713 -0.7525 -0.6597058823529419 0.36610294117647596 0.31845030006049324 1.5041176470588273 0.4323529411764824 0.01764705882351343 0.22755417956656968 0.3514705882353223 0.0 0.7916408668730671 1.4720588235293857
83 29 -0.05750000000000001 0.28215808823529187 0.8138235294117634 0.037058823529409736 0.05 0.08249999999999999 0.3289149186143531 0.12937500000000168 1.8175000000000068 -1.441176470588239 -0.9565789473684246 -0.40000000000000074 -0.10588235294118266 -0.06809210526315877 0.049999999999999975
