33 0 -1.3450000000000002 -1.0488495670995674 -0.766320346320345 -0.14964285714285544 -0.08499999999999999 0.04678571428571429 0.2348132674377351 0.21000000000000002 0.5100000000000001 -0.5493506493506506 -0.2631578947368422 0.050000000000000044 -0.18538961038961108 -0.10501253132831961 0.0
33 1 -0.7880465367965364 -0.7725681818181817 -0.74 0.05641233766233601 0.06 0.07 0.16863010605715772 0.020000000000000004 0.14 0.0 0.057894736842105256 0.15000000000000013 0.0 0.005263157894736839 0.0
33 2 -2.7335227272727276 -2.1955303030303024 -1.6355952380952383 -0.3 -0.26 -0.23 0.27241564828036874 0.05000000000000002 1.1585714285714286 0.07142857142859005 0.6097744360902256 0.580952380952392 -0.04761904761905328 -0.01578947368421051 0.09999999999999967
33 3 -1.3647619047619062 -1.350745670995671 -1.33 -0.1725 -0.16 -0.16 0.16330584265424222 0.03 0.06999999999999984 -0.10000000000000009 -0.03157894736842096 0.0 -0.028571428571428636 -0.015789473684210527 0.0
33 4 -1.3725 -1.3566038961038962 -1.34 0.07 0.08 0.11440476190476162 0.17044854963690212 0.11 0.06999999999999984 -0.10000000000000009 -0.01842105263157809 0.0 0.0 0.05263157894736842 0.10000000000000002
33 5 -1.4897619047619062 -1.4518690476190477 -1.4074999999999998 -0.24 -0.23840909090909126 -0.1980952380952384 0.18008903053959008 0.06 0.21999999999999997 -0.15000000000000013 -0.10789473684210436 -0.049999999999998934 0.0 0.031578947368421054 0.0730519480519276
33 6 -1.42 -1.4115183982683983 -1.4096590909090907 -0.07 -0.055 -0.04 0.1672975955225214 0.06 0.07571428571428562 0.0 0.01879699248120306 0.07499999999999174 0.0 0.026315789473684216 0.09999999999999995
33 7 -1.35 -1.3251190476190475 -1.29 0.06 0.07 0.07 0.1668650999074627 0.01571428571428571 0.11999999999999988 0.0 0.06315789473684204 0.1095238095238038 0.0 0.00827067669172932 0.0
33 8 -3.0176190476190508 -2.939400432900433 -2.8214285714285703 -0.1 -0.03340909090909128 0.06535714285714454 0.22026991323717895 0.21000000000000002 0.5150000000000015 -0.43885281385283914 -0.20789473684210655 0.02142857142857002 0.0 0.1 0.18571428571426885
33 9 -1.29 -1.287 -1.28 -0.04 -0.04 -0.04 0.15622474745425782 0.010000000000000002 0.010000000000000009 0.0 -0.005263157894736847 0.0 0.0 0.0 0.0
33 10 -1.08 -1.0799999999999996 -1.08 0.01 0.02 0.02 0.1553397216925636 0.01 0 0.0 0.0 0.0 0.0 0.0 0.0
33 11 -1.52 -1.4575984848484846 -1.3964772727272725 -0.09 -0.08931818181818174 -0.07559523809523838 0.17422183012304548 0.06 0.13000000000000012 -0.09318181818181781 0.005263157894736847 0.1095238095238038 0.0 0.031578947368421054 0.0904761904761961
33 12 -2.36 -2.1856266233766233 -2.0379761904761877 -0.11190476190476162 -0.09 -0.08 0.21585502509490118 0.06 0.6350000000000018 0.049999999999998934 0.33421052631579046 0.6348484848485003 -0.0880952380952324 -0.02894736842105178 0.0
33 13 -2.544166666666668 -2.146444805194806 -1.5938636363636358 -0.25 -0.21431818181818174 -0.1755952380952384 0.2893820174963771 0.16999999999999998 1.1850000000000016 -0.8038961038961112 -0.6236842105263166 -0.2681818181818252 -0.050000000000000044 0.08947368421052633 0.24285714285714277
33 14 -1.639826839826836 -1.650662337662336 -1.365714285714285 -0.07 -0.06 -0.05 0.2661634835573413 0.04000000000000001 1.2057142857142855 -0.1931818181818168 0.5398496240601504 0.6339826839827045 -0.050000000000000044 1.460819769243627e-18 0.0
33 15 -1.5376190476190508 -1.3608733766233772 -1.23 0.07559523809523838 0.11 0.1473863636363631 0.21375938051470522 0.14 0.45999999999999996 -0.31872294372294885 -0.2421052631578947 -0.024999999999991696 -0.22175324675324604 -0.07368421052631578 0.049999999999999975
33 16 -1.1724999999999999 -1.1617261904761906 -1.1574999999999998 0.10750000000000001 0.11619047619047676 0.13 0.16422732177960386 0.04000000000000001 0.050000000000000044 -0.07261904761906135 0.007894736842104394 0.0 -0.06666666666666099 -0.02105263157894737 0.0
33 17 2.3435714285714297 2.4726818181818184 2.5712500000000014 -0.6102380952380947 -0.5700000000000001 -0.4105952380952384 0.22433763107285806 0.39500000000000157 0.19428571428571395 -0.3992424242424275 -0.06541353383458637 0.2380952380952328 0.050000000000000044 0.2078947368421061 0.3880952380952324
33 18 1.58 1.581222943722944 1.59 -0.22 -0.21 -0.1975 0.1615780072213883 0.03999999999999998 0.020000000000000018 -0.050000000000000044 -0.005263157894736847 0.050000000000000044 0.0 0.01842105263157809 0.08409090909091269
33 19 -2.6882142857142854 -2.553587662337662 -2.4321428571428556 -0.03 -0.02 -0.01 0.19264959680418955 0.04 0.3442857142857143 0.0654761904761858 0.17593984962406004 0.330952380952374 0.0 0.010526315789473684 0.00952380952380389
33 20 -2.740357142857144 -2.3391904761904776 -1.9292207792207818 0.0775 0.08880952380952324 0.1 0.29496279360907834 0.03 1.52 -1.0869047619047723 -0.755263157894736 -0.05681818181818121 -0.0976190476190533 0.007894736842104413 0.09999999999999995
33 21 -2.4053571428571447 -2.2583181818181823 -2.163977272727273 -0.07 -0.045 -0.03 0.1996648833853993 0.07 0.43571428571428594 -0.2825757575757293 -0.22406015037593985 -0.15476190476191087 -0.10000000000000002 -0.0368421052631579 0.011904761904767552
33 22 -2.1985714285714293 -2.029516233766234 -1.84 -0.32 -0.32 -0.2802380952380938 0.23007470974778202 0.12571428571428572 0.71 -0.7035714285714378 -0.3736842105263158 -0.024999999999991696 0.0 0.0661654135338346 0.11904761904762473
33 23 -1.6147619047619062 -1.552628787878788 -1.41 -0.14250000000000002 -0.12 -0.12 0.2213876145889553 0.09000000000000001 0.6700000000000033 -0.6309523809523909 -0.3526315789473702 -0.015909090909087542 -0.10000000000000009 -0.04736842105263159 0.0
33 24 -2.0197348484848447 -1.8453939393939378 -1.53 -0.049523809523808957 -0.02 0.0 0.28418723994840506 0.2 1.2799999999999998 0.0 0.6578947368421052 0.7598484848484954 -0.05 0.07894736842105261 0.10000000000000005
33 25 -1.69 -1.6785714285714282 -1.67 -0.06 -0.06 -0.05 0.1623838208446588 0.029523809523807273 0.050000000000000044 0.0 0.026315789473684233 0.059523809523821525 0.0 0.00827067669172933 0.0
33 26 1.9564069264069275 2.307576839826841 2.7344047619047616 -0.1625 -0.15 -0.13952380952380983 0.28773661483995483 0.06 1.415714285714286 0.5642857142857127 0.7451127819548873 0.9612554112554195 -0.0650432900432879 0.005263157894736842 0.09761904761905305
33 27 -2.0267857142857144 -2.0130400432900433 -2.0 -0.29 -0.29 -0.285454545454546 0.1597914797874715 0.019999999999999962 0.020000000000000018 -0.009523809523803717 0.00526315789473673 0.049999999999998934 -0.04999999999999977 -0.010526315789473665 0.0
33 28 -2.1975000000000002 -2.1465649350649345 -2.1029761904761908 -0.10964285714286306 1.112370129870131 1.3928571428571428 0.3122605894469981 1.5742857142857143 0.1457142857142859 -0.3250000000000264 -0.05488721804511268 0.1550865800865875 -1.978679653679535 -0.8285714285714284 -0.028571428571428914
33 29 -2.012662337662336 -1.6827337662337656 -1.3530952380952375 -0.01452380952380896 0.02 0.03 0.2810797961976127 0.14 1.2957142857142856 0.015043290043287305 0.618796992481203 1.252597402597413 0.0 0.0736842105263158 0.15000000000000002
33 30 -2.57 -2.522666666666667 -2.4717857142857147 -0.42 -0.4052380952380947 -0.4 0.16951485300788602 0.03999999999999998 0.08428571428571408 -0.10000000000000231 -0.033834586466165294 0.049999999999998934 0.0 0.01578947368421054 0.002380952380946766
33 31 -1.4325 -1.378538961038961 -1.3250000000000002 0.21 0.21 0.22 0.17486825687193666 0.01999999999999999 0.18999999999999995 -0.20000000000000018 -0.0578947368421052 0.10000000000000009 0.0 0.010287081339713525 0.0
33 32 -1.39 -1.3382186147186146 -1.3208333333333324 0.1475 0.2 0.2009523809523804 0.18445537692053576 0.1 0.20000000000000018 0.0 0.09736842105263079 0.18495670995671287 -0.10000000000000002 -0.05263157894736842 0.0
33 33 -2.5260714285714334 -1.7957857142857172 -0.9424296536796547 0.013095238095238377 0.07869047619047587 0.1761525974025964 0.3706802964412502 0.18000000000000002 1.9457142857142857 -1.073484848484858 -1.008270676691729 -0.21818181818182625 -0.36904761904762456 -0.09473684210526316 0.17500000000000807
33 34 -2.69 -2.67587987012987 -2.66 -0.0910930735930727 0.04 0.05 0.19068430784845608 0.31142857142857144 0.0619047619047608 -0.09047619047619415 0.01616541353383551 0.10000000000000009 0.0 0.15338345864661657 0.20238095238098064
33 35 -1.7864285714285715 -1.7287943722943724 -1.647619047619048 -0.16 -0.15 -0.13784090909090913 0.1774933496363721 0.03 0.15999999999999992 -0.10000000000000009 0.02894736842105178 0.09761904761903639 -0.050000000000000044 -0.0052631578947368324 0.0
33 36 -2.5915692640692636 -2.105416666666666 -1.660833333333332 -0.16 -0.135 -0.08714285714285545 0.2665751932544177 0.08 1.19 0.20952380952382166 0.6263157894736843 0.9800865800865766 0.0 0.042105263157894736 0.09999999999999988
33 37 -0.2642857142857152 -0.1244458874458884 0.1125 -0.10250000000000001 -0.08023809523809636 -0.0775 0.2387194808555274 0.2092857142857159 0.7350000000000081 -0.6365800865800679 -0.38684210526316215 0.0 -0.0023809523809636274 0.11015037593985047 0.1595238095238039
33 38 -1.5309523809523813 -1.524193722943723 -1.51 -0.33 -0.32 -0.285 0.17140792424506285 0.09999999999999998 0.03571428571428581 0.0 0.01353383458646621 0.0646103896103889 -0.050000000000000044 0.05263157894736841 0.10000000000000009
33 39 2.5075 2.733243506493507 2.8853571428571403 -0.8 -0.785 -0.7593181818181818 0.286722430675186 0.2657142857142921 0.5621428571428622 -0.2749999999999919 -3.009398496240599 0.754761904761927 -0.050000000000000044 0.13984962406015375 0.33268398268397337
33 40 -1.34 -1.2385335497835501 -1.133603896103896 -0.17 -0.14500000000000002 -0.12797619047619105 0.19098163977138655 0.06999999999999999 0.17428571428571416 -0.2817099567099657 -0.0917293233082706 0.0 -0.09999999999999995 -0.01578947368421053 0.049999999999999906
33 41 -1.5275 -1.5380616883116887 -1.46 -0.1325 -0.08809523809523923 -0.07 0.20671345435367142 0.07571428571428572 0.43000000000000327 -0.30000000000000027 -0.22631578947368594 0.10000000000000009 -0.09999999999999988 -0.021052631578947364 0.028571428571428636
33 42 -1.06 -1.0445551948051948 -1.0285714285714285 -0.2425 0.010313852813852054 0.08 0.1940659619490206 0.38 0.04571428571428582 -0.10000000000000009 -0.008270676691729364 0.10000000000000009 -0.33777056277055784 -0.19999999999999998 0.0
33 43 -1.21 -1.2045 -1.1974999999999998 0.08750000000000001 0.1 0.11 0.16155615276578397 0.039999999999999994 0.030000000000000027 0.0 -0.01578947368421054 0.0 -0.009523809523803856 0.010526315789473686 0.050000000000000044
33 44 -2.4225 -2.405027056277056 -2.3880952380952385 -0.06 -0.045 -0.04 0.1673662406858967 0.04000000000000001 0.10571428571428587 0.0 0.05563909774436099 0.09999999999999787 0.0 0.01578947368421053 0.049999999999999975
33 45 2.8735714285714264 -3.092112554112555 -2.7454761904761913 -0.03 -0.016590909090908726 0.0004761904761901941 0.25795052039017863 0.09000000000000001 1.0642857142857176 -0.7777056277056449 -0.46158578263841415 -0.20000000000000018 0.0 0.026315789473684216 0.09999999999999999
33 46 -2.677023809523809 -2.581944805194806 -2.52 -0.43 -0.39119047619047675 -0.37892857142857145 0.20322358404402366 0.08809523809523584 0.43571428571428594 -0.31904761904762546 -0.10300751879699273 0.25508658008658536 -0.10000000000000009 -0.002255639097744359 0.10000000000000009
33 47 -1.255 -1.190465367965368 -1.13 -0.13125000000000042 -0.09 -0.04464285714285545 0.18348246894165673 0.08 0.1357142857142859 -0.0931818181818167 0.01804511278195487 0.17857142857142905 -0.05 0.03684210526315789 0.10000000000000009
