4 0 0.43729388991414603 0.4674410596397328 0.5092078741447807 -0.11304433556405483 -0.11 -0.10679702689565629 0.17663032593219655 0.03 0.11871878563844357 -0.1492276705645354 -0.0484247342703313 0.04471916096520201 0.0 0.004881168025224685 0.0046864873622914915
4 1 0.5 0.5061521771972481 0.52 -0.2519302555674809 -0.25 -0.25 0.16255689263982925 0.010000000000000009 0.07108918023339483 -0.10000000000000231 -0.03741535801757623 0.0 0.0 -0.005263157894736847 0.0
4 2 0.1200000000000001 0.1503071594955501 0.16999999999999993 -0.22 -0.21 -0.20900518788558695 0.16869173381644273 0.020000000000000018 0.1200000000000001 -0.061604095562973055 0.047368421052631504 0.196731571627283 -0.03511196040951528 -0.0012848740763005712 0.060295148918916575
4 3 0.6499999999999999 0.6808230838562919 0.7481688934108824 -0.10500000000000001 -0.08700765999505453 -0.0769068782836589 0.18934814723365617 0.13956582992004682 0.20838535866949293 -0.10000000000000009 -0.06813835235241816 0.09999999999999787 -0.08741467525297995 0.037691916489740546 0.15105842655363397
4 4 0.3075000000000001 0.32350000000000023 0.34250000000000025 -0.07 -0.055 -0.04 0.17126190487909468 0.07 0.10000000000000009 -0.10000000000000231 -0.047368421052631504 0.0 -0.09354116945105802 -0.0368421052631579 0.0
4 5 0.33000000000000007 0.3444703159919632 0.34991559801099187 0.0 0.01 0.02 0.16953055464244987 0.05 0.1200000000000001 -0.09375405113432295 -0.06315789473684216 0.0 -0.09375405113432496 -0.02631578947368421 0.0
4 6 0.5575000000000001 0.9103934211029477 1.2500000000000004 -0.2475 -0.19 -0.17 0.293901876511491 0.38 1.2000000000000002 -0.8000000000000007 -0.6315789473684212 -0.40000000000000036 0.0 0.18947368421052635 0.30000000000000016
4 7 0.4450000000000002 0.47150000000000014 0.52 -0.16499999999999998 -0.16 -0.14 0.18187020974481727 0.04000000000000001 0.2400000000000002 -0.20000000000000018 -0.12631578947368433 0.0 -0.050000000000000044 -0.02105263157894737 0.0
4 8 0.6751577792777601 0.7359382834071622 0.8118687669561682 -0.122461848646018 -0.11 -0.1 0.1874756740205438 0.06999999999999999 0.23000000000000043 -0.14737519300052404 0.08936182436314134 0.2539318352076081 -0.000763027079639933 0.03684210526315789 0.09999999999999995
4 9 0.5175000000000001 0.5488649338691147 0.5850000000000001 -0.17 -0.16 -0.10750000000000001 0.18937814146066792 0.08 0.2841078376876245 0.0 0.1473684210526317 0.30000000000000027 -0.10000000000000002 0.0368421052631579 0.15017369727038565
4 10 0.42999999999999994 0.5628361959659609 0.6955546931202901 -0.1725 -0.1596299123149572 -0.15 0.1955221800629449 0.04000000000000001 0.4246674045379131 -0.292087128980163 -0.22350916028311216 -0.17706809701375947 -0.0037008768504277756 -0.02105263157894737 0.0
4 11 0.3900000000000001 0.4197245960455289 0.4299598497738328 -0.1925 -0.18 -0.16 0.17865466347519168 0.05000000000000002 0.20999999999999996 -0.09999999999999787 0.09473684210526324 0.19999999999999796 -0.10000000000000009 0.021052631578947375 0.10000000000000009
4 12 0.2575000000000002 0.6852505821338597 1.1199999999999999 -0.06 -0.05 -0.04 0.263520888687862 0.04000000000000001 1.1899999999999995 -0.8000000000000007 -0.6263157894736839 -0.3073903002307321 0.0 0.015789473684210527 0.050000000000000044
4 13 1.9484555991045431 2.1299415178881316 2.5125882996457585 -0.55 -0.4734432980655596 -0.389990188928249 0.28740067935091285 0.19207608296316148 0.6516956681473542 -0.36521323711246945 -0.34299772007755486 0.3884819483680635 0.0 0.0905663594542955 0.10000000000000009
4 14 0.5383442082368624 0.6070722469734763 0.7125 -0.1490950829897092 -0.14 -0.14 0.1965002951371786 0.04836457569728242 0.426729151394565 -0.3628137108395868 -0.22459429020766583 -0.09999999999999787 -0.016541411790247235 -0.02545503984067496 0.0
4 15 0.41999999999999993 0.42647170471588086 0.43000000000000016 -0.38 -0.38 -0.38 0.15622938346800302 0.010000000000000009 0.010000000000000231 0.0 -0.005263157894736963 0.0 0.0 0.0 0.0
4 16 0.5477707473282153 0.5351607698417454 0.5982918547708306 0.14179015503266004 0.16117122204653292 0.17 0.20238033816715104 0.11000000000000001 0.3906654600069427 -0.35332730003471435 -0.20561340000365405 0.0 -0.10000000000000009 -0.05789473684210527 -0.01107739291789811
4 17 0.26000000000000023 0.3399481210546032 0.4525000000000001 -0.08249999999999999 -0.06 -0.057499999999999996 0.20324581724736887 0.07 0.48 -0.3499999999999992 -0.25263157894736843 -0.09999999999999787 0.0 0.02631578947368421 0.09999999999999995
4 18 0.4155070921985704 0.45286713947990476 0.5300000000000002 -0.36 -0.345 -0.33 0.18034980152957733 0.030242245199427142 0.25 -0.2499999999999991 -0.13157894736842105 0.0 0.0 0.0 0.0
4 19 0.4375 0.4656831676709685 0.52 -0.14 -0.13988204651162828 -0.13 0.17545369651397308 0.03 0.19726869455006474 -0.15042230380051091 -0.10382562871056039 0.0 -0.013520695617902923 -0.015789473684210527 0.0
4 20 0.5496210294836297 0.5680063963109344 0.5900000000000003 -0.43 -0.41 -0.4075 0.16336193194772988 0.03999999999999998 0.06000000000000005 -0.09999999999999787 -0.03157894736842108 0.0 -0.09999999999999981 -0.021052631578947358 0.0
4 21 0.2400000000000002 0.28397240285528547 0.3250000000000003 -0.31 -0.3 -0.28 0.17855593837473846 0.06999999999999998 0.14188015379167407 -0.10000000000000009 -0.021052631578947382 0.10000000000000009 -0.06370425018893663 -0.010526315789473687 0.10000000000000009
4 22 -0.3938161053684559 -0.22449903501340446 -0.09479785144851316 -0.1525 -0.1446053684561521 -0.14 0.20598441653997115 0.03 0.3468858096490339 -0.3906295608331964 0.10690220544787703 0.5000539410935492 0.0 -0.0052631578947368324 0.0
4 23 0.22250000000000003 0.47678188409321437 0.71 -0.22 -0.21 -0.2 0.22599797849728714 0.05000000000000002 0.7600000000000002 -0.7531732826241944 -0.368421052631579 0.0 -0.050000000000000044 -0.026315789473684223 0.0
4 24 0.265 0.32450000000000007 0.3999999999999999 -0.04 -0.01 0.0 0.18982529920077898 0.04000000000000001 0.23999999999999977 -0.30000000000000027 -0.12631578947368408 -0.049999999999998934 -0.1 -0.021052631578947368 0.0
4 25 0.3999999999999999 0.41180324616093966 0.41999999999999993 -0.3425 -0.33081709099768686 -0.3257999587118068 0.16168898967496614 0.020000000000000018 0.041091178804291806 -0.05234635185081021 -0.004688853260898956 0.0 -0.0468373013889134 -0.0059952632213919775 0.0
4 26 0.5761707805203382 0.7985055660263021 1.043862968445707 -0.20116318616288925 -0.10500000000000001 -0.07953821054439346 0.24414165120514422 0.22999999999999998 0.7879741468459183 -0.5741487716887248 -0.41472323518206233 -0.20834231245385304 0.035773643053325296 0.10632939639688511 0.15250434433272347
4 27 0.42580472103003464 0.6130025720850105 0.8022175573862834 -0.2225 -0.19105486542443095 -0.19 0.2249267810527532 0.07 0.6400000000000001 -0.6254423477636042 -0.33684210526315794 0.049999999999998934 -0.07354290055360743 -0.0368421052631579 0.0
4 28 0.22282092344770707 0.2422550424418886 0.32000000000000006 -0.062393025517430985 -0.03733396524486846 -0.024999999999999998 0.19675105207300508 0.07957210206972394 0.19128369379082813 -0.29284568401983346 -0.10067562831096218 0.050000000000001155 -0.14856706874686765 -0.026540998910671604 0.0
4 29 0.15160798380007437 0.17210719892000506 0.18000000000000016 -0.25 -0.24 -0.2175 0.18275101845615555 0.16000000000000003 0.1599999999999997 -0.1892801079995038 -0.08421052631578932 0.0 -0.10000000000000009 -0.08421052631578949 0.0
4 30 0.16499999999999992 0.3002209836339582 0.4477131438721126 -0.15 -0.12 -0.11 0.2021559558789626 0.07999999999999999 0.45999999999999996 -0.2872364566327737 -0.2421052631578947 -0.19999999999999796 0.0 0.036842105263157884 0.09999999999999988
4 31 0.14749999999999996 0.17486368310250416 0.20999999999999996 0.0075 0.014158102766789617 0.03 0.1735340626457943 0.043797526339909375 0.1299999999999999 -0.11738067855086229 -0.0684210526315789 0.0 -0.06918231680223438 0.0 0.09158102766789614
4 32 2.14 2.879661628967967 -2.720863216150985 -0.07250000000000001 -0.009262867488576965 0.0 0.315680753091916 0.18173984202661458 1.645558374641837 0.14448052763622377 -2.4391798028200857 1.3245575458032688 0.0 0.08512623264558664 0.15365228765322217
4 33 0.2258031936104038 0.26838476024637753 0.33307297222891596 -0.12033553336328132 -0.11953987620944823 -0.10019597224162166 0.18821604489033394 0.1373353512824589 0.12065859487016425 -0.23189818038282406 -0.06281126585780816 0.10381981485943659 -0.15517128579759243 -0.07228176383287312 0.05120611294072437
4 34 0.4784874245472819 0.6127012913988424 0.7305069707481822 -0.30215495462553615 -0.28434072384530223 -0.2571385028258626 0.21331755990000417 0.13840244025073042 0.5286555453922671 -0.3993600735823588 -0.2782397607327722 -0.20000000000000018 -0.10000000000000009 -0.07284338960564758 -0.006592761546977688
4 35 0.41999999999999993 0.45436265847994745 0.4900000000000002 -0.16 -0.14500000000000002 -0.14 0.16683608128018024 0.04000000000000001 0.09998358309479971 0.0 0.05262293847094721 0.10000000000000231 0.0 0.02104399110252615 0.050000000000000044
4 36 0.10750000000000026 0.1260000000000001 0.1499999999999999 -0.0325 0.01 0.01 0.1695052050793136 0.06 0.10000000000000009 0.0 0.036842105263158044 0.10000000000000009 0.0 0.02631578947368421 0.09999999999999999
4 37 0.11750000000000016 0.15003996392575364 0.15892102822996196 -0.37 -0.37 -0.37 0.18174464708192892 0.06 0.25 0.0 0.13157894736842105 0.10497429856499957 0.0 0.031578947368421054 0.01858556506714626
4 38 0.47750000000000004 0.5094270954425748 0.54 -0.02 -0.01 0.0125 0.1740165743425941 0.05903921568627299 0.13000000000000034 -0.15000000000000124 -0.06842105263157912 0.0 -0.09999999999999998 -0.0005056759545931618 0.03945855294688767
4 39 0.5078498760682161 0.5730760028346336 0.6325000000000003 -0.16 -0.13997790438625324 -0.0908910379447793 0.18645462719051475 0.12000000000000001 0.23999999999999977 -0.20000000000000018 -0.12631578947368408 -0.09999999999999787 -0.10000000000000009 -0.05789473684210527 0.0
4 40 -0.9599999999999995 -0.9280584706468857 -0.915 -0.37 -0.1 -0.04916221364603445 0.21424722089124346 0.5599999999999999 0.10999999999999943 -0.09999999999999787 -0.02105263157894692 0.09442011654933247 -0.005579883450665714 0.27894736842105267 0.6000000000000001
4 41 0.3900000000000001 0.4125395456278125 0.43999999999999995 -0.36 -0.35 -0.35 0.1676511854480097 0.020000000000000018 0.11999999999999966 -0.10000000000000231 -0.004884017254212035 0.0 0.0 0.0 0.0
4 42 0.2030181641258517 0.41304867292991954 0.6733622704507454 -0.905 -0.7431025058008922 -0.1975 0.35488575606158795 1.01 1.2419472672342768 -0.967245409014908 -0.6536564564390932 -0.23963671748296542 -0.9201254573968135 -0.3947368421052632 0.3499999999999997
4 43 -0.9815985762637033 -0.8836864835958336 -0.7872755617675515 -0.26 -0.25 -0.2375 0.2004885618735463 0.09999999999999998 0.4194589172217744 0.15000000000000568 0.220767851169355 0.2995761122667656 -0.0002467719234208743 0.05263157894736841 0.09992241924997383
4 44 0.3850000000000001 0.5039855527799452 0.6625000000000001 -0.1325 -0.095 -0.0775 0.20547568666746172 0.13 0.41999999999999993 -0.3014928915620471 -0.22105263157894733 -0.15000000000000124 -0.10000000000000002 0.010526315789473679 0.1499999999999999
4 45 0.42000000000000015 0.4990650695813349 0.6200000000000001 -0.1725 -0.12475177607435572 -0.08 0.20428541567969577 0.13 0.41000000000000014 -0.4499999999999993 -0.21578947368421061 0.0 -0.17072094163805396 -0.06315789473684211 0.06011798713670809
4 46 0.40485276796231223 0.4195594091914384 0.5025000000000001 -0.11 -0.09 -0.08273583350813554 0.2090830689865269 0.10999999999999999 0.5100000000000002 -0.10000000000000231 0.2052631578947369 0.40294464075375847 0.0 0.036842105263157884 0.13235003809651474
4 47 0.5775000000000001 0.5942962874409675 0.6800000000000002 -0.3526192010309245 -0.31 -0.3087320895522363 0.19628421296452 0.07 0.40073391812865133 -0.12833578792341482 0.1477546937519217 0.40000000000000036 0.0 0.0368421052631579 0.09920532646050306
4 48 0.23750000000000004 0.4064183138461502 0.5545047415589841 -0.19822501995626784 -0.13262798872376666 -0.13 0.19942373540512648 0.09999999999999999 0.3799999999999999 -0.37116033828700157 -0.19999999999999996 0.0 -0.10000000000000002 -0.04736842105263159 0.0
4 49 0.258927541631476 0.38699361678095767 0.5603259462956849 0.03 0.06 0.09 0.27427409214058124 0.2 0.5995810118118984 -0.8215384227502349 -0.0020801114830901043 0.9280524617320758 -0.10000000000000002 0.007343269377826939 0.2
4 50 0.4700000000000002 0.5971631696471769 0.6834990128502633 -0.23 -0.18927454659161894 -0.13691850934709618 0.2177321689916803 0.13 0.5871079973998978 -0.3790220775594738 -0.30900420915784094 -0.19234119260709004 0.0 0.06842105263157895 0.10000000000000009
4 51 0.43999999999999995 0.4380107342657341 0.43999999999999995 -0.19 -0.18 -0.16671864864864908 0.16326228679657873 0.07946442547799351 0.020214685314684955 0.0 -0.010639308060360503 0.0 -0.09388194696997698 -0.0418233818305229 0.0
4 52 -2.4482115301801533 -2.223541442198516 -2.1222078781007427 -0.6150614993472122 -0.53 -0.391192313213231 0.25558779369064666 0.31 0.7999999999999989 -0.5000000000000027 -0.4210526315789468 -0.1280902100309711 0.08123608401238991 0.1631578947368421 0.29999999999999943
4 53 0.43000000000000016 0.4485894957668174 0.4700000000000002 -0.3325 -0.32 -0.3075 0.1641763040096712 0.04995608812146457 0.06000000000000005 -0.09105042331826296 -0.03157894736842108 0.0 -0.050000000000000044 -0.026292677958665564 0.0
4 54 -2.85 -2.243222611843751 -1.779735105957625 -0.1525 -0.13678875550381162 -0.09250000000000001 0.3954378674265161 0.14 2.5602918104800745 -1.9552978808475086 -1.3475220055158286 -0.600000000000005 -0.16409700315457007 -0.031578947368421054 0.09999999999999998
4 55 0.4475000000000001 0.5195616832991269 0.5737083377050337 -0.2 -0.19045726945846841 -0.19 0.18457854881060093 0.04000000000000001 0.258849971838918 -0.2458206315155509 -0.02105263157894739 0.04350032646761148 -0.011072368117071296 0.010080425474163431 0.08685926255776105
4 56 0.34750000000000014 0.3861410643074912 0.42010277913383076 -0.08 -0.07 -0.06988840481377005 0.16772504659028462 0.020000000000000004 0.1299999999999999 -0.10000000000000231 -0.0684210526315789 -0.0056786200532985 -0.002592817320801466 -0.010526315789473686 0.0
4 57 0.2550000000000002 0.32992787817938346 0.38713939089691646 -0.23 -0.23 -0.2204583333333385 0.19069411467066025 0.04999999999999999 0.3599999999999999 -0.2072121820616768 -0.18947368421052624 -0.10000000000000009 -0.050000000000000044 -0.02105263157894737 0.0
4 58 0.3456659287689802 0.400175796954958 0.47281497789628757 -0.10250000000000001 -0.08 -0.07 0.1859646771315981 0.0792809402413753 0.26884861855236997 -0.20237996688743737 -0.1414992729223 -0.010248992714831928 -0.09999999999999995 -0.04172681065335543 0.0
