45 0 1.5207491000000002 1.82638728 2.0793864999999996 -0.1612076 0.00394070000000013 0.13634665000000012 0.2988441092735445 0.4214507999999999 0.9766656000000005 0.05086800000000391 0.5140345263157897 0.7473200000000002 -0.4096129999999987 0.06593999999999989 0.3962679999999996
45 1 -0.11168980000000006 -0.11322840000000003 -0.09848610000000002 -0.1242027 -0.11077919999999997 -0.08033689999999993 0.16979043668819427 0.046723199999999965 0.10732520000000001 0.010047999999998058 0.05648694736842106 0.07850000000000135 -0.04851300000000003 0.009618315789473761 0.03453999999999957
45 2 -0.07047729999999985 -0.04734492000000001 -0.03730320000000009 -0.06494304999999989 -0.0593459999999999 -0.05895349999999999 0.1670747197410605 0.012559999999999905 0.1200736 0.027631999999999657 0.06319663157894737 0.07284799999999869 -0.013816000000002049 0.0066105263157894235 0.014286999999999495
45 3 0.01995469999999988 0.08148927999999993 0.14269730000000003 -0.3687145000000001 -0.31100130000000004 -0.2664996499999999 0.19767383910411787 0.14990360000000003 0.12509760000000059 -0.24586200000000114 -0.04240652631578941 0.21540399999999904 -0.4636210000000007 0.05480126315789477 0.6719600000000003
45 4 0.15825599999999995 0.16755981999999994 0.17513349999999983 -0.25902644999999996 -0.25457549999999995 -0.25178090000000003 0.16475766374934078 0.08380659999999995 0.01689319999999972 -0.04050599999999571 0.005651999999999967 0.03579600000000127 -0.018211999999999673 0.040803473684210466 0.06578300000000037
45 5 -2.1990362 -1.5418260359999998 -0.8304829 0.015095549999999958 0.05009869999999994 0.08743329999999988 0.3534845672368566 0.16051679999999968 1.81860008 -1.5021760000000006 -0.9571579368421052 -0.4220160000000006 -0.026532999999999696 0.0844825263157893 0.17788100000000084
45 6 0.006170099999999845 0.015040600000000005 0.0712309000000001 -0.29906144999999995 -0.2930091 -0.2824744000000001 0.1874203446786401 0.029704399999999964 0.33547759999999993 -0.21917199999999637 -0.17656715789473681 0.005023999999997919 -0.0014130000000012188 0.011436210526315669 0.02841700000000058
45 7 -2.71092842 -2.353717938 -1.8953982000000003 -0.48488665 -0.24140320000000004 -0.04213095000000011 0.2978745406376209 0.6787423999999997 0.96579492 0.0461893999999996 0.5083131157894737 0.7254656000000015 -0.5647289999999983 -0.35723284210526296 -0.07551699999999939
45 8 -0.12346480000000015 -0.06983046 0.00026690000000006986 -0.10074689999999997 -0.07829589999999997 -0.0071199499999999305 0.1922628722436083 0.11316560000000009 0.30495680000000025 -0.23424400000000123 -0.061345684210526386 0.22482400000000125 -0.05808999999999953 0.0014047368421052802 0.12826899999999974
45 9 3.0522997999999997 3.0723895199999998 3.0959301 -0.010236399999999923 0.033645100000000094 0.11029250000000018 0.17909041105188847 0.09021219999999963 0.11379360000000016 -0.15072000000000418 -0.045447368421052826 0.022922000000002996 -0.035482000000001124 0.04698431578947361 0.14208500000000068
45 10 0.012779800000000119 0.020767959999999964 0.0335194999999997 -0.13472954999999992 -0.0918606999999999 -0.07495180000000001 0.1659309226901051 0.07790340000000007 0.05011439999999956 -0.04741400000000118 -0.012493894736842131 0.028259999999999952 0.0 0.04100178947368425 0.0708069999999994
45 11 2.2052063 2.3949250999999996 2.5869204 0.016273050000000122 0.026391700000000018 0.03771925000000004 0.23751745942067826 0.07011619999999996 0.8668912000000004 -0.526892000000001 -0.45625852631578967 -0.3670660000000048 -0.06562599999999863 -0.03690326315789472 -0.010989999999999611
45 12 0.026313199999999926 0.07387791999999996 0.13302609999999992 -0.08223660000000005 -0.06590859999999998 -0.026493749999999983 0.18636932367481848 0.08314719999999998 0.2735567999999997 0.010362000000001537 0.1389532631578948 0.2973580000000009 -0.013501999999999681 0.04376168421052631 0.08242500000000041
45 13 0.0775579999999998 0.07931639999999995 0.08113760000000036 0.17733935000000006 0.17885439999999986 0.1815234000000001 0.1560348008773663 0.009639799999999976 0.008164000000000726 -0.001255999999996149 0.0041315789473688426 0.0018839999999986645 -0.0007849999999998136 0.005073578947368408 0.01365900000000031
45 14 1.8374181000000003 2.2121802400000004 2.5612195 0.09038489999999988 0.1483178999999999 0.16007719999999986 0.29380656950730255 0.3954201999999998 1.1770604000000002 0.43583200000000044 0.6195054736842106 0.753914 -0.014286999999999495 0.18340905263157886 0.36643800000000115
45 15 0.057540499999999994 0.08527611999999996 0.10955459999999995 0.686247 0.9497715 1.01790165 0.2296869868869204 0.7398781999999999 0.09350919999999974 -0.08415200000000178 -0.038836842105262816 0.0175840000000016 -0.8022700000000005 -0.3894095789473684 -0.10942900000000089
45 16 -1.5556659 -0.99760312 -0.5151955000000001 0.023071149999999874 0.033236900000000014 0.08358679999999985 0.34020303197099694 0.13624459999999972 1.9258248 0.43928600000000095 1.013592 1.5681159999999994 -0.048827000000000176 -0.03784526315789475 0.04615799999999837
45 17 0.14662229999999987 0.16124842 0.17477239999999994 -0.1268402999999999 -0.10311760000000003 -0.08407349999999997 0.16448179354997775 0.06502940000000001 0.04703720000000011 -0.04113399999999823 -0.01239473684210536 0.028259999999999952 -0.015229000000001047 0.02374831578947368 0.07064999999999877
45 18 -0.13856819999999992 -0.11181226000000004 -0.07870410000000017 -0.2650395499999999 -0.2623784 -0.2534608 0.1677811050123981 0.03061500000000028 0.11944559999999971 -0.08792000000000133 0.05509873684210508 0.1748980000000011 -0.0298300000000018 -0.012626105263157982 0.006594000000000877
45 19 2.1288886000000002 2.15366948 2.1529567 0.1592608000000001 0.1783049 0.21041924999999995 0.17888587079902227 0.1032746 0.16717359999999992 -0.17332800000000148 -0.08107810526315823 0.04458800000000096 -0.08933300000000033 -0.05020694736842103 0.08132599999999934
45 20 0.42002209999999984 0.4364537200000001 0.4512180000000001 0.4484155499999998 0.4493340000000001 0.4527487499999998 0.16083317517290752 0.008729199999999881 0.05746199999999968 0.0 0.030243157894736673 0.05338000000000065 -0.008321000000002243 -0.0013551578947368942 0.008478000000000652
45 21 -0.7055108999999998 -0.5668673400000002 -0.3927198000000002 -0.30498035 -0.3002625000000001 -0.2966358 0.1946049347716337 0.06317679999999992 0.3889832000000002 0.024178000000001365 0.18595410526315784 0.2518279999999984 0.00125600000000059 0.03325094736842101 0.0722199999999984
45 22 -0.9905286999999999 -0.44902 0.01516620000000013 0.015535149999999887 0.04987889999999995 0.11109320000000006 0.28781083821494585 0.1345175999999999 1.3797788000000002 0.2970440000000041 0.7261993684210527 0.9388599999999991 -0.10628900000000052 -0.0707987368421052 -0.02088099999999926
45 23 0.11753019999999981 0.17881671999999998 0.2540730999999996 -0.030049800000000182 -0.025748000000000104 -0.02256090000000005 0.18077129234743 0.017803799999999814 0.23236000000000034 -0.1971920000000038 -0.12229473684210544 -0.07504599999999861 -0.03359799999999913 -0.006114736842105331 0.01114700000000024
45 24 0.12872430000000012 0.29045942 0.43737060000000016 -0.2057406499999999 -0.19869919999999996 -0.19401274999999985 0.20155991815125152 0.050742400000000076 0.46968120000000013 -0.34759799999999785 -0.24720063157894745 -0.02951599999999832 -0.04458800000000096 -0.019732421052631614 0.015857000000000232
45 25 0.07548560000000037 0.07805412000000003 0.08911320000000034 -0.05094650000000006 -0.04187190000000007 -0.037844849999999985 0.16388221494360825 0.04697439999999986 0.05796440000000036 -0.02825999999999329 -0.03050757894736861 0.0 -0.027945999999999804 -0.02472336842105256 -0.006750999999999285
45 26 0.20408429999999989 0.20892304000000003 0.21695830000000016 -0.029822150000000047 -0.02818149999999997 -0.02708250000000001 0.15728883245953185 0.004615800000000059 0.018337600000000176 -0.013816000000002049 0.002611157894736783 0.02731800000000062 -0.0056520000000004345 0.001140315789473694 0.015542999999998974
45 27 -2.9739411000000002 -2.793641672 -2.54922941 0.22783840000000005 0.24199979999999988 0.3419145999999999 0.2459363960748821 0.16149020000000003 0.8753880399999998 0.08104340000000043 -2.8447540631578954 0.7206299999999999 -0.0020410000000004036 0.07587231578947373 0.11398200000000136
45 28 -0.013454899999999936 0.022397620000000028 0.059455900000000006 -0.21932115000000002 -0.10850270000000006 0.04503544999999998 0.2107486511894681 0.4784104 0.13646439999999993 -0.14129999999999754 -0.05519789473684232 0.014130000000003307 -0.47398300000000115 -0.042819684210526385 0.3573320000000002
45 29 0.27040110000000006 0.27912402 0.2860697000000002 0.02788319999999994 0.030583600000000044 0.03357444999999998 0.15844913382959558 0.010362000000000204 0.03466559999999985 0.0003140000000012577 0.01824505263157887 0.02606200000000003 -0.012245999999999091 0.005007473684210483 0.021980000000000333
45 30 1.4160458 1.4804283599999999 1.5568905000000002 0.007017900000000077 0.06342799999999993 0.09362695000000004 0.21772258258692043 0.31886700000000023 0.21672280000000033 -0.29421800000000164 -0.0842511578947368 0.03925000000000178 -0.11068500000000148 0.10727231578947376 0.3008120000000025
45 31 0.2669157000000002 0.3713144199999999 0.3575518 -0.226551 -0.18276369999999997 -0.07254184999999991 0.24178291174233427 0.21223259999999988 0.6950703999999996 -0.06217199999999812 0.36582652631578927 0.41636399999999796 -0.003454000000000512 0.11170136842105256 0.16343700000000072
45 32 1.100413 1.7093218000000001 2.4019116 0.04687235000000006 0.07108960000000009 0.11997939999999985 0.37895552915634717 0.19866779999999995 2.3467104 -1.5549279999999999 -1.2351107368421053 -0.9445119999999996 -0.17034500000000063 -0.10456199999999997 -0.04992600000000125
45 33 0.1277509000000001 0.14687350000000002 0.1790271000000001 -0.19655614999999993 -0.19232500000000008 -0.17281775000000005 0.16928368611749361 0.03749160000000007 0.06317679999999992 -0.0985960000000019 -0.024921684210526103 -0.0009419999999948914 -0.030457999999998764 0.010064526315789468 0.013187999999999533
45 34 0.10770200000000019 0.10770200000000019 0.10770200000000019 0.01732495000000006 0.02026870000000014 0.020347200000000232 0.15486320612195226 0.003108600000000017 0 0.0 0.0 0.0 0.0 -0.0001487368421052746 0.0
45 35 -2.8082998200000002 -2.560441408 -2.3084809 -0.36006380000000004 -0.30343390000000003 -0.25547825 0.23142893826067837 0.13040420000000008 0.7395390800000001 -0.6313283999999997 -0.21448513684210518 0.2587988000000019 -0.10597499999999926 -0.021715578947368454 0.05793300000000001
45 36 2.5343097 2.5577026999999997 2.5829012000000002 -0.64601575 -0.6429307000000001 -0.64067775 0.16319001166462732 0.013533399999999918 0.08484279999999966 -0.06939400000000262 -0.027169263157894644 -0.009420000000002204 -0.020095999999998893 -0.0031234736842105327 0.017584000000000488
45 37 0.10839280000000007 0.22252866000000004 0.33398610000000006 -0.11892749999999996 -0.11412329999999993 -0.10975869999999988 0.1901817165952007 0.010833000000000093 0.38647120000000035 0.1212039999999992 0.20340589473684229 0.28762399999999966 -0.020566999999999114 -0.00570157894736847 0.005023999999999029
45 38 1.1810010999999998 1.6101668800000002 2.0548159999999998 0.3564449499999999 0.36788239999999994 0.37578735 0.34734721097991406 0.04675459999999987 2.1240844000000005 -1.4613559999999959 -1.117939157894737 -0.744180000000001 -0.04851300000000003 -0.013204526315789424 0.03956400000000082
45 39 -0.3588392 -0.29072004 -0.22931420000000013 -0.12045040000000007 -0.11040240000000001 -0.09535394999999997 0.1990685208213152 0.04879559999999983 0.41969239999999974 -0.42641199999999824 -0.06835284210526324 0.03925000000000178 -0.030301000000000355 -0.024607684210526247 0.028103000000000433
45 40 0.14808239999999995 0.57837544 0.9622216000000001 -0.24400939999999988 -0.22386630000000007 -0.11855069999999995 0.345059510789468 0.5092138000000002 1.6739339999999996 -1.2754680000000063 -0.881017894736842 -0.4581259999999965 -0.4281390000000007 -0.23903663157894742 0.09529900000000091
45 41 0.23298799999999986 0.23336165999999992 0.23367879999999985 -0.06016240000000006 -0.058623800000000115 -0.05705380000000004 0.15559499429647453 0.007598799999999795 0.0052752000000002575 0.0 0.0014543157894736662 0.0 -0.0009420000000015527 0.0033383157894736164 0.015542999999998974
45 42 0.2408380000000001 0.24296064000000012 0.2457364000000002 -0.18208075 -0.1803615999999999 -0.17784960000000005 0.1557724996735445 0.004113399999999823 0.0077243999999994095 -0.000628000000000295 0.0010907368421054248 0.0015699999999996272 -0.0073790000000006906 -0.0011237894736842709 0.00047099999999966613
45 43 -0.16013999999999995 -0.008003860000000019 0.15414260000000013 -0.24752619999999997 -0.20276549999999993 -0.1880232000000001 0.2010387191512516 0.07328760000000001 0.42107399999999995 -0.38088199999999794 -0.22161789473684207 -0.04615799999999837 -0.03956399999999971 0.025929789473684295 0.08729199999999881
45 44 0.19686230000000016 0.27856510000000007 0.40432210000000024 -0.19475065000000003 -0.15068860000000006 -0.12939154999999997 0.22088117310029606 0.16582340000000007 0.5263268000000001 -0.6697620000000004 -0.27701410526315795 0.07033599999999973 -0.17175799999999963 -0.08651526315789476 0.011774999999999425
45 45 0.1836899999999999 0.20501687999999998 0.2235993999999999 -0.03376285000000001 0.0031400000000000317 0.04443099999999994 0.16924745732450003 0.10908360000000017 0.03943840000000032 -0.013187999999999533 0.01659242105263166 0.05118200000000517 -0.09435700000000047 -0.02536789473684216 0.07630200000000031
45 46 0.03403759999999989 0.04200691999999999 0.05518550000000011 -0.1252702999999999 -0.11796980000000012 -0.08861864999999991 0.16868662938883128 0.09812500000000002 0.0616696000000001 0.00125600000000059 0.016460210526316042 0.030144000000000837 0.021352000000000038 0.05164473684210527 0.07912800000000053
45 47 -2.9654945 -2.61881024 -2.3087164000000002 0.18322684999999989 0.1928901999999999 0.21686410000000012 0.2919000943816973 0.08094919999999961 1.4638679999999997 -1.0980580000000006 -0.7365514526315795 -0.41937840000000115 -0.02951599999999943 0.017650105263157655 0.06264300000000111
