55 0 -0.8086913 -0.60124092 -0.45471909999999993 0.22878825000000008 0.23674030000000024 0.24886855000000013 0.2370515967531624 0.04863860000000009 0.5835376000000001 -0.519984 0.13802778947368408 0.7743239999999973 -0.025591000000000363 -0.011766736842105297 0.0584040000000019
55 1 -0.2853631999999998 -0.2460661 -0.23350609999999994 -0.04902324999999996 -0.031023199999999918 -0.010519000000000056 0.17402600162131523 0.02926479999999998 0.15831879999999998 -0.08540800000000015 -0.043265894736841976 0.06719600000000048 -0.022607999999999517 0.013601157894736862 0.029358999999999913
55 2 0.03859060000000014 0.07649668000000001 0.10308620000000013 0.06253310000000012 0.08178130000000017 0.08763740000000003 0.17257245391112427 0.07024180000000002 0.134706 -0.10675999999999908 -0.0708978947368421 -0.037680000000002156 -0.06374200000000219 -0.03397810526315796 -0.00628000000000295
55 3 0.09145250000000005 0.11251247999999991 0.1304983999999998 -0.16182774999999994 -0.1544409 -0.14516220000000007 0.1683787523187675 0.02873099999999984 0.11517519999999948 -0.08415199999999956 -0.04931452631578927 0.016327999999998788 -0.048827000000000176 0.003966315789473794 0.0530660000000005
55 4 0.06812229999999986 0.11317188 0.17543180000000036 0.023455800000000082 0.03846499999999997 0.06336520000000012 0.18500989890284394 0.08826539999999983 0.2565379999999995 -0.03830799999999579 0.11151957894736822 0.19970400000000277 -0.02339299999999933 0.037465157894736735 0.07724399999999632
55 5 -0.9679521000000001 -0.62633894 -0.29734229999999984 0.1897502000000001 0.20004940000000004 0.2205771500000001 0.2689048517206783 0.15473920000000008 0.8215496 -0.8295879999999989 0.14797663157894733 0.9715159999999989 -0.10173600000000227 0.04374515789473688 0.16296600000000105
55 6 1.6596941000000003 1.9343216400000003 2.2810216 -0.040827850000000054 -0.021885800000000066 -0.010880099999999948 0.27630731876844894 0.06964520000000007 0.8888711999999996 -1.4117440000000059 -0.20928926315789487 1.0088819999999998 -0.040192000000001116 0.03665536842105267 0.08462300000000145
55 7 0.012999600000000111 0.013162880000000099 0.013125200000000059 0.03777419999999987 0.03915579999999985 0.03940699999999975 0.155132787268449 0.0030143999999998616 0.0027631999999999657 -0.0025119999999989595 0.0 0.0025119999999989595 -0.012560000000000349 0.0007271578947368331 0.008321000000000023
55 8 0.04531019999999997 0.04748308000000001 0.08598889999999981 -0.44745 -0.44272430000000007 -0.37320470000000006 0.20218261635507326 0.17533759999999998 0.2199255999999994 -0.032970000000003274 -0.11575031578947337 0.07159200000000254 -0.15087700000000148 0.033647578947368334 0.01852600000000093
55 9 0.07628629999999981 0.07707444 0.07824880000000034 0.10451490000000002 0.11004130000000001 0.11554415000000012 0.15633448321367194 0.01727000000000012 0.003579600000000571 -0.0028260000000002172 -0.0008924210526316475 0.003140000000001475 -0.01475799999999916 -0.0031399999999999558 0.013502000000000791
55 10 -0.046848800000000246 -0.046431179999999996 -0.04634640000000001 0.2165029999999999 0.21945459999999994 0.2222491999999998 0.15630286812386304 0.012654200000000282 0.003077199999999891 -0.0015699999999996272 0.000991578947368653 0.0006279999999980745 -0.0004710000000018866 0.0066601052631580435 0.01475799999999916
55 11 -0.06983359999999994 -0.06645809999999988 -0.06367919999999971 0.025245599999999924 0.028966499999999895 0.03227134999999992 0.15689715425379938 0.015574399999999766 0.008666400000000074 0.0 0.0017517894736842152 0.0009420000000015527 0.0 0.008147473684210439 0.014444000000000123
55 12 -0.033519500000000035 -0.028303960000000062 -0.02177590000000007 0.09813285000000022 0.1034159 0.10796889999999992 0.1578166366862834 0.011680799999999936 0.011178399999999922 -0.03108600000000017 -0.004362947368420998 0.02857399999999677 -0.015543000000001195 -0.0008758947368421076 0.027003999999999362
55 13 -0.06152830000000009 0.045778059999999995 0.15696860000000012 0.12006575000000008 0.12255420000000006 0.16992895000000013 0.21180235786526427 0.17109859999999966 0.48155040000000016 -0.031714000000000464 0.2358966315789475 0.47665200000000185 -0.16013999999999973 -0.08466431578947366 -0.0023549999999983307
55 14 0.0584039999999999 0.061126379999999966 0.06386760000000002 0.10038580000000019 0.10161040000000021 0.10308620000000013 0.15581129470602864 0.005432199999999998 0.008352399999999705 -0.0006279999999980745 0.004329894736841919 0.0003140000000012577 -0.00047099999999966613 0.002859052631578946 0.01365900000000031
55 15 0.007975600000000416 0.012635359999999984 0.019640699999999844 0.0036345499999999586 0.014161400000000102 0.020245149999999934 0.16411238783978663 0.08352399999999993 0.014255600000000257 -0.05432199999999998 -0.004296842105263073 0.028888000000002467 -0.08477999999999986 0.02976389473684212 0.1128830000000014
55 16 1.1159403000000003 1.2301829199999998 1.3719131000000004 0.38508174999999994 0.5340041 0.59510065 0.25006997340475484 0.3325887999999999 0.6742836000000008 -0.5548380000000019 0.03196189473684251 0.5774459999999992 -0.013188000000000644 0.11837799999999991 0.3138429999999992
55 17 0.14739159999999984 0.15323199999999992 0.16756609999999983 -0.061355599999999955 -0.043316300000000085 -0.04030974999999998 0.17031208436335357 0.042766800000000105 0.11134440000000057 -0.05903199999999886 0.04600926315789508 0.06562600000000085 -0.015857000000000232 0.012526947368420976 0.04474499999999937
55 18 -0.36259150000000007 -0.3378169000000001 -0.3189297999999998 -0.24543810000000005 -0.23608090000000004 -0.23072720000000002 0.16609086041112417 0.021352000000000038 0.10594360000000025 0.02229399999999826 0.05575978947368434 0.06970800000000166 -0.0056520000000004345 0.011237894736842126 0.03501100000000035
55 19 0.11418609999999974 0.29739568000000005 0.5738507000000003 -0.028393449999999987 0.04816759999999998 0.10244249999999994 0.2318325938327802 0.21326879999999981 0.5279596 -0.1095859999999993 0.2778734736842105 0.6000540000000032 0.014600999999999642 0.11224673684210516 0.192639
55 20 0.1207016000000003 0.1225322199999999 0.12340199999999957 0.11828379999999994 0.11982239999999988 0.12112549999999994 0.155916712779914 0.006970799999999944 0.005275199999999813 -0.0015700000000062886 -0.0027764210526314806 0.0006280000000069563 -0.014600999999999642 -0.0036688421052631284 0.0
55 21 0.008713500000000152 0.01902840000000001 0.023848300000000044 -0.04422689999999996 0.02042569999999988 0.04384224999999997 0.17599525512959563 0.19103760000000025 0.037052000000000085 -0.048984000000003025 -0.0031399999999999558 0.025748000000005433 0.035482000000001124 0.10054610526315803 0.15527300000000133
55 22 -0.04361459999999995 -0.03378326 -0.02212130000000001 0.11290655 0.12542730000000002 0.1362603000000001 0.16348669595825796 0.02844839999999982 0.034728400000000104 -0.02951599999999832 0.010279368421052669 0.057776000000002714 -0.005338000000000287 0.012659157894736945 0.04427400000000192
55 23 -0.38811970000000007 -0.22657297999999998 0.06664649999999994 -0.11526939999999997 -0.07488899999999987 -0.045993150000000094 0.27594281401176113 0.2502894000000002 1.1202264000000004 0.15480200000000055 0.5666212631578947 0.9084019999999993 -0.23801199999999967 -0.08359010526315801 0.1326650000000007
55 24 -0.05477729999999992 -0.04271027999999997 -0.0227335999999998 -0.11929645000000005 -0.11618000000000006 -0.11270245000000001 0.17264636233914965 0.04289239999999994 0.15750239999999982 -0.042704000000000075 0.0828959999999999 0.11649400000000254 0.00015700000000062886 0.02257494736842102 0.041605000000000114
55 25 0.048622900000000246 0.07561747999999999 0.10748219999999997 0.14353725 0.15615220000000007 0.1877563 0.18264186108755728 0.19625000000000004 0.12195760000000044 -0.01727000000000256 0.05123157894736865 0.14067199999999946 0.010048000000000279 0.10310768421052642 0.08996099999999951
55 26 0.0539295000000003 0.05656082000000009 0.06901720000000022 0.25995274999999995 0.2619545000000002 0.2691765000000001 0.16934143248246178 0.042421400000000054 0.12560000000000038 -0.03579599999999905 0.044621052631578874 0.08038400000000445 -0.012560000000000349 0.022327052631578977 0.07378999999999913
55 27 -0.0537725 -0.046478280000000025 -0.02081820000000001 0.13856035000000005 0.14349800000000001 0.14637895000000006 0.16937955045316241 0.06405599999999989 0.09733999999999998 -0.02354999999999885 0.030507578947368375 0.034225999999999424 -0.006123000000002321 0.03369715789473684 0.07661600000000046
55 28 0.4408403000000001 0.5383341599999999 0.6835936999999996 0.13041990000000014 0.13748490000000002 0.1400047499999999 0.20307150642386304 0.016233800000000187 0.5290899999999996 -0.12214600000000297 0.13267326315789466 0.47570999999999586 -0.02119499999999941 0.001603052631578824 0.015857000000000232
55 29 0.37378560000000016 0.38132474000000016 0.38625140000000036 0.04070225000000022 0.044007099999999966 0.04677029999999993 0.15870107540985032 0.011052799999999863 0.029076400000000113 -0.0015699999999996272 0.007436842105263028 0.026376000000001287 -0.015857000000000232 0.004065473684210566 0.020723999999999743
55 30 -0.36281130000000006 -0.1360718999999999 -0.1314717999999998 -0.2870509499999999 -0.2807474 -0.2660129500000001 0.2631016859410605 0.07875120000000013 1.1484236 -0.9036920000000026 -0.4916578947368424 0.1975059999999984 0.0021979999999999222 0.04144800000000007 0.08901900000000018
55 31 -0.005400800000000094 0.040063260000000024 0.08521959999999984 -0.18186879999999994 -0.17610689999999996 -0.1685394999999999 0.17597728854870384 0.09542459999999986 0.0635536000000001 -0.050239999999999174 0.026144631578947378 0.15982599999999625 -0.02841699999999947 0.05022347368421045 0.041447999999999485
55 32 0.038166699999999776 0.03845243999999999 0.03824520000000042 0.019012700000000105 0.02077109999999993 0.022184099999999818 0.1555724710493408 0.004333199999999815 0.00546359999999968 -0.0012560000000050309 -0.0013882105263157403 0.0009420000000037732 -0.013972999999998237 0.0013882105263158572 0.014286999999999495
55 33 0.05567219999999984 0.0658866199999999 0.07963039999999999 -0.24741629999999998 -0.20311089999999998 -0.0712623 0.1812224010493408 0.23794920000000008 0.05783879999999986 -0.04050600000000015 0.01374989473684202 0.10110800000000308 -0.22152699999999914 0.0014543157894736662 0.05683400000000005
55 34 0.01620240000000006 0.019565340000000007 0.022042799999999918 0.25730729999999996 0.2602118 0.2621115000000002 0.15729076434042355 0.011743599999999743 0.020284400000000424 -0.0075359999999968785 -0.007932631578947589 0.014443999999995683 0.0006279999999991848 0.006098210526315674 0.014914999999997569
55 35 0.1474386999999996 0.14991616000000002 0.1522429000000003 0.08888554999999992 0.09118559999999976 0.09318735000000006 0.1566079359410604 0.005400800000000094 0.01582559999999944 -0.02731800000000284 -0.008329263157894442 0.000628000000000295 -0.015385999999999456 0.0021153684210526904 0.02496300000000229
55 36 -0.47517619999999994 -0.4593223400000001 -0.44721450000000007 0.25258945000000005 0.2530055 0.25419870000000006 0.17077834460793945 0.0037994000000001193 0.1777867999999998 0.03265600000000202 0.09357199999999989 0.12905399999999956 -0.006279999999999619 0.0019996842105263787 0.007065000000001653
55 37 0.11186249999999975 0.12944649999999994 0.15188180000000007 -0.06956670000000009 0.10833000000000004 0.1134325000000001 0.2163862294467933 0.6432918000000003 0.04772800000000066 -0.054007999999998724 -0.025120000000000347 0.0012560000000028104 -0.004082000000000807 0.3352693684210527 0.716234
55 38 -0.1284103000000001 -0.028068459999999962 0.06681919999999997 -0.02458619999999989 -0.019625000000000115 -0.015535150000000053 0.18604198004743003 0.016453599999999957 0.3315840000000003 0.12685600000000408 0.1745178947368423 0.22482399999999902 -0.01475799999999916 0.008659789473684188 0.030301000000001466
55 39 -0.042923799999999956 -0.026740240000000037 -0.01639080000000004 0.016202400000000117 0.021069400000000016 0.026666449999999953 0.1631155889659013 0.010707400000000034 0.07630200000000054 -0.08415200000000178 -0.03721726315789492 0.027945999999998694 -0.014129999999999976 0.005552842105263078 0.021352000000002258
55 40 0.0552640000000002 0.057041240000000125 0.05879650000000003 0.06512359999999995 0.06656799999999996 0.06663864999999997 0.155947260869723 0.005620600000000309 0.01124119999999973 -0.0018839999999986645 -0.005817263157894665 0.00031399999999903727 -0.00737899999999958 -0.0023136842105264677 0.00015699999999951864
55 41 0.09418430000000011 0.10310190000000005 0.12718570000000007 0.09670415000000004 0.12269549999999985 0.12539590000000017 0.1716141262162197 0.0942942 0.09815640000000059 -0.03924999999999956 0.02855747368421062 0.03642400000000379 0.002040999999997073 0.04863694736842105 0.030301000000001466
55 42 -0.11994799999999994 -0.11769662 -0.11607010000000006 -0.0060759000000000785 -0.005369399999999969 -0.004600100000000051 0.15613929815125163 0.007096400000000003 0.0089804 -0.01475799999999694 -0.003272210526315807 0.0006279999999980745 -0.00737899999999958 0.0037349473684210543 0.013972999999999347
55 43 0.005903200000000108 0.013184860000000099 0.021728799999999993 -0.03647109999999992 -0.033236900000000014 -0.03131365000000008 0.15833148319392668 0.01626520000000009 0.019153999999999893 -0.0012559999999939286 -0.006775789473684238 0.001884000000000885 -0.0025120000000000697 0.00776736842105254 0.02825999999999884
55 44 -0.04667610000000011 0.009529899999999935 0.05305029999999977 -0.21801019999999993 -0.1827951000000001 -0.18029094999999995 0.17857086416526438 0.07884540000000029 0.18927920000000054 -0.13156599999999852 -0.04706694736842119 0.1387880000000008 0.003140000000001475 0.04149757894736857 0.07143499999999858
55 45 0.06132419999999994 0.08944917999999995 0.1288655999999997 -0.009922399999999998 -0.008430900000000019 -0.008171850000000092 0.1706948198340541 0.007567400000000113 0.1714439999999997 -0.1953080000000007 -0.09023368421052616 -0.000628000000000295 -0.013187999999999533 0.002214526315789462 0.0018839999999997747
55 46 -0.06572020000000023 -0.04595076 -0.03567039999999988 0.026195449999999898 0.034273100000000056 0.04422689999999996 0.164545525269086 0.04223300000000019 0.06606559999999995 -0.10173599999999894 -0.011700631578947254 0.05683400000000116 -0.037679999999998826 -0.0032887368421053473 0.03830800000000023
55 47 -0.05290899999999987 -0.043828119999999984 -0.03377069999999993 0.06359284999999998 0.0668506000000002 0.06954315000000022 0.15930379068246175 0.013910199999999762 0.029390399999999595 -0.028888000000000247 -0.0004627368421052468 0.029201999999997064 -0.0006280000000036257 0.007321157894736717 0.027788999999999175
