58 0 0.023518600000000167 0.03919976000000001 0.05546810000000013 -0.06188154999999995 0.015542999999999974 0.1326179 0.18148767650157013 0.26099680000000003 0.04370880000000055 -0.0009419999999993323 0.02280631578947388 0.03830800000000467 0.035482000000000014 0.1373667368421053 0.22513799999999917
58 1 -0.2835263000000001 -0.2648747 -0.24898629999999977 -0.16986615 -0.16692239999999992 -0.13300255 0.17424495235507317 0.15141080000000007 0.06707040000000042 0.009733999999999021 0.03530021052631601 0.06342799999999871 0.005494999999999806 0.07968989473684214 0.11037099999999911
58 2 0.09043200000000018 0.09847353999999997 0.12040329999999988 -0.02103014999999997 -0.009357200000000065 0.0003453999999999402 0.16697180499520065 0.06144980000000011 0.07969319999999991 0.0 0.041943789473684163 0.05808999999999731 -0.04348899999999989 -0.030210105263157944 -0.0014130000000001086
58 3 0.020378600000000135 0.04803885999999995 0.0715448999999998 -0.17602055 -0.15458220000000011 -0.13862315000000014 0.1776428059964745 0.08142020000000016 0.09960079999999971 -0.048984000000000805 0.018178947368421176 0.1372180000000034 -0.20818199999999898 -0.0028755789473683692 0.13093799999999933
58 4 -0.10063699999999998 -0.08597948000000004 -0.07309920000000003 0.14771345000000008 0.1565761 0.18175104999999991 0.19312516908373561 0.35865079999999994 0.05250079999999979 -0.048983999999996364 0.01179978947368426 0.06091599999999753 -0.06798099999999918 0.1601565263157895 0.16280899999999932
58 5 -0.09269280000000013 -0.07721888000000002 -0.06818510000000022 -0.36196350000000005 -0.35737909999999995 -0.3219599 0.1705895202206782 0.11115600000000003 0.07159199999999943 -0.04584399999999933 -0.023103789473684196 0.019153999999996785 -0.05322299999999891 -0.049347578947368465 0.0017270000000013663
58 6 0.027459299999999853 0.11725388000000012 0.22954969999999997 -0.11000990000000005 -0.08660120000000004 -0.08270759999999994 0.19982409711813057 0.05959720000000002 0.39884280000000016 -0.21509000000000222 0.09667894736842124 0.38370799999999816 -0.03249900000000028 -0.02424410526315789 0.027945999999999804
58 7 -0.00993809999999995 0.0259740800000001 0.0743395 -0.4190722500000001 -0.4153749000000001 0.07546990000000015 0.23134005617418155 0.7492353999999999 0.13049840000000001 -0.001884000000000885 0.05939557894736839 0.0700220000000007 0.014130000000001086 0.3943344210526315 0.3661239999999999
58 8 -0.09040059999999994 -0.08651327999999998 -0.08735479999999995 0.3028058999999999 0.30465850000000017 0.30666025000000013 0.17821458749074198 0.2275872000000001 0.0390615999999997 -0.0028260000000024377 0.020558736842105102 0.02982999999999958 -0.0387789999999999 -0.11978273684210532 0.007065000000001653
58 9 -0.07931639999999995 0.029038720000000007 0.10993140000000023 0.0445566 0.050585400000000114 0.08374379999999992 0.19282623466526436 0.10170460000000014 0.27525239999999984 0.00125600000000059 0.05942863157894747 0.19750599999999618 -0.14742299999999986 -0.05352873684210534 0.024491999999998182
58 10 -0.05221819999999977 -0.0517566199999999 -0.05143319999999996 0.09028284999999991 0.09159380000000006 0.09299110000000005 0.1559968271257739 0.011523800000000195 0.005903200000000108 -0.00031399999999903727 -0.001520421052631592 0.0 -0.0003140000000001475 0.0053875789473684975 0.014129999999999976
58 11 -2.78071963 -2.598377632 -2.4639109 -0.23892259999999987 -0.23309789999999997 -0.21651870000000012 0.2247548290754554 0.12566279999999996 0.66566116 -0.5303460000000015 -0.3503479789473684 -0.10952320000000126 0.021665999999999075 0.06613831578947367 0.13502000000000014
58 12 -0.04866999999999999 -0.03356659999999996 -0.01687749999999999 0.061324199999999995 0.06269009999999986 0.06599495 0.15924659118819426 0.00916880000000031 0.03491679999999997 0.0009419999999993323 0.01685684210526313 0.02982999999999958 -0.013501999999999681 -0.004065473684210566 0.0012559999999994798
58 13 0.019844800000000218 0.02263312000000004 0.02926479999999998 -0.1226641 -0.12107840000000003 -0.11918655 0.16018026032959554 0.029013600000000084 0.03127439999999959 -0.029201999999997064 -0.016460210526315574 0.015700000000000713 -0.02119500000000163 -0.015270315789473729 0.014129999999999976
58 14 0.5310838999999999 0.53589124 0.5372068999999997 0.38709919999999975 0.3894698999999998 0.39178564999999993 0.15899954226972288 0.02832279999999976 0.023047599999999502 -0.027631999999999657 -0.010742105263157681 0.0018840000000031054 -0.010518999999998835 0.012163368421052501 0.013344999999997942
58 15 -0.11811110000000002 -0.05995830000000002 -0.008964700000000048 0.0023079000000000294 0.031415699999999935 0.15574399999999988 0.19719252228628342 0.2972638000000001 0.17935679999999987 -0.2348719999999993 -0.025582736842105127 0.13439199999999873 0.04600099999999885 0.1564546315789474 0.267999000000001
58 16 -0.19431889999999996 -0.09355316000000005 0.021760199999999674 -0.1197125 -0.09220610000000007 -0.07614499999999996 0.19368452841621972 0.06301979999999996 0.2047279999999998 -0.3026960000000023 -0.09010147368421055 0.11021399999999959 0.010675999999998353 0.03214368421052628 0.06750999999999951
58 17 -0.13875660000000012 -0.13618807999999996 -0.1334656999999999 -0.13666849999999992 -0.13286909999999996 -0.13131480000000018 0.15656162694679307 0.0153859999999999 0.008415199999999956 -0.0043959999999998445 0.0004957894736843265 0.004396000000002065 -0.007849999999999246 0.0006114736842105214 0.013188000000000644
58 18 -0.07945769999999996 -0.08018304000000005 -0.07609790000000016 -0.13200560000000006 -0.1302158 -0.12792360000000014 0.15848383554297132 0.009890999999999872 0.03171400000000002 -0.03077199999999891 -0.016691578947368432 0.004081999999998587 -0.0018839999999997747 0.004577789473684199 0.01601399999999975
58 19 -0.06716460000000013 0.06901405999999996 0.19745890000000021 -0.11249050000000005 -0.10966450000000005 -0.10781974999999999 0.1965820865168566 0.057901599999999886 0.4176827999999997 -0.3124299999999991 -0.20152189473684198 -0.147265999999997 -0.022764999999999036 -0.024211052631578925 0.010989999999999611
58 20 0.0007064999999997212 0.0019311000000000523 0.0043960000000002886 -0.1634605500000001 -0.1617571 -0.1599908499999999 0.1555555738639905 0.005400799999999872 0.006845200000000329 0.0 0.003602736842105436 0.003768000000006211 -0.0010989999999999611 0.0027433684210526345 0.008006999999999875
58 21 0.10523709999999997 0.10983092000000003 0.11190960000000016 -0.49075845 -0.4868884 -0.4851143000000001 0.16168175991112418 0.05130760000000012 0.03039520000000051 -0.022922000000002996 -0.014377894736842197 0.000628000000000295 -0.007222000000000062 0.025384421052631584 0.042703999999998965
58 22 0.17103579999999974 0.17759211999999994 0.18483609999999973 0.7873157500000001 0.7976385000000001 0.8037458 0.16389411708309873 0.02866819999999981 0.06908000000000003 -0.03705199999999964 -0.01345242105263147 0.05306599999999717 -0.08148299999999997 0.00619736842105268 0.07944200000000068
58 23 0.04201319999999997 0.10043289999999991 0.14588439999999991 0.2767439 0.29024590000000006 0.2982058000000001 0.17816181799774844 0.0772754 0.18136640000000037 -0.19342399999999982 -0.00829621052631583 0.02982999999999958 -0.06091599999999864 -0.04067126315789473 0.0050240000000001395
58 24 0.06898579999999999 0.07145383999999995 0.07534429999999992 -0.2849314500000001 -0.2831651999999999 -0.2816894000000001 0.1570698372499777 0.012842599999999926 0.01626519999999987 -0.02857400000000121 -0.008560631578947299 0.0025120000000034004 -0.0003140000000012577 0.006660105263157809 0.015072000000000418
58 25 0.0002354999999999441 0.008729199999999881 0.02213699999999974 0.07349954999999997 0.10010320000000006 0.11507315000000007 0.1679986774366019 0.09655499999999995 0.047539599999999904 -0.0543220000000022 0.0012560000000001225 0.05463599999999902 0.027474999999997918 0.05081842105263155 0.07331899999999836
58 26 -0.7263134000000001 -0.55930936 -0.3728436000000003 -0.5938446500000001 -0.43581630000000005 -0.26689999999999997 0.27711863750156995 0.5613378 0.32706239999999953 -0.15605800000000114 0.15742968421052628 0.39972200000000013 -0.2898219999999979 0.295440947368421 0.9561300000000006
58 27 -0.05614320000000017 -0.05252906000000004 -0.05180999999999991 -0.07218859999999988 -0.059377399999999914 -0.05098574999999994 0.16534025715571013 0.09485939999999982 0.016704799999999853 -0.0009420000000015527 -0.00307389473684203 0.0062800000000007294 0.00015699999999951864 0.0499259999999999 0.1048759999999993
58 28 -0.14795680000000022 -0.10413810000000004 -0.025386900000000212 -0.06856975000000004 -0.06705469999999991 -0.06513930000000007 0.17807907703978657 0.004081999999999919 0.26061999999999985 -0.14883600000000108 0.0664357894736841 0.3030099999999991 -0.003296999999998773 0.0009254736842104936 0.0065939999999986565
58 29 0.03443010000000002 0.03529673999999998 0.037523000000000084 0.14704620000000013 0.1491186 0.15126165000000008 0.155848064357621 0.005683399999999894 0.00320279999999995 -0.0015699999999996272 0.001156842105263117 0.0012559999999983695 -0.00737899999999958 0.002247578947368425 0.013502000000000791
58 30 -0.03301710000000013 -0.01373749999999998 0.0006907999999997694 -0.17007025000000003 -0.11738890000000002 -0.10037010000000002 0.1704379014480667 0.13103220000000015 0.04986319999999944 -0.042704000000002296 -0.005189263157894486 0.023864000000000107 -0.08540800000000015 -0.0185755789473685 0.056205999999999756
58 31 0.052029800000000015 0.06861841999999999 0.07664740000000025 -0.21527839999999998 -0.07639619999999991 -0.038111749999999944 0.18793654411303498 0.18472619999999984 0.10556679999999963 -0.058718000000002046 0.01864168421052619 0.14852199999999538 -0.06421299999999963 0.04407568421052639 0.22419599999999984
58 32 0.019923300000000088 0.020968920000000037 0.02336159999999987 0.1284574 0.13048270000000006 0.13156600000000002 0.15568049450411778 0.0070022000000000695 0.005400799999999872 0.0 0.0028425263157894065 0.0 -0.0003140000000001475 0.003685368421052668 0.014129999999999976
58 33 0.040615899999999816 0.04529135999999996 0.05334859999999997 -0.18758360000000002 -0.1603441000000001 -0.1459315000000001 0.16370310538692043 0.052720599999999784 0.02348720000000082 -0.013816000000002049 0.006280000000000145 0.030144000000000837 -0.07127800000000017 -0.027747684210526202 0.0004710000000018866
58 34 0.07426100000000002 0.07396584000000003 0.0744180000000001 -0.029516000000000098 -0.026690000000000103 -0.024892349999999897 0.15547499551813052 0.005746200000000146 0.0027631999999999657 -0.00031399999999903727 -0.0013882105263157403 0.0 -0.007064999999998323 0.001520421052631475 0.013973000000001567
58 35 0.12404569999999993 0.31004360000000003 0.43531390000000014 -1.0073277 -0.8464498 -0.54993175 0.2674850624264107 0.6546272 0.6308259999999994 0.07535999999999765 0.332013684210526 0.5874939999999973 -0.5014580000000002 -0.3419294736842106 -0.12277399999999994
58 36 -0.06389900000000026 -0.0665585800000001 -0.05440049999999996 0.028346350000000076 0.21709960000000017 0.23856149999999987 0.18512234066271657 0.2427220000000001 0.10066839999999999 -0.05683400000000116 0.03850631578947366 0.057462000000001456 -0.08603600000000045 -0.11441168421052623 -0.01852600000000093
58 37 0.12063880000000016 0.12169069999999993 0.12335489999999971 0.022419599999999984 0.029311900000000057 0.03363725000000023 0.15702475027481844 0.02414660000000013 0.0028888000000000247 -0.0003139999999968168 -0.0011568421052628832 0.0006280000000047359 0.00015699999999951864 0.012708736842105332 0.02119500000000052
58 38 0.06236039999999987 0.19144894000000007 0.36752130000000016 0.028205050000000065 0.10424800000000001 0.20961854999999996 0.24367601840157 0.3294801999999999 0.6519268 -0.24178000000000033 0.13148336842105246 0.6053919999999979 -0.2797740000000004 -0.1726504210526315 -0.034225999999999424
58 39 -1.6876087 -1.3439890799999996 -0.9333336000000002 -1.2259188 -1.2061996000000001 -1.1808755 0.31454639411978663 0.1627336399999999 1.0937876 -1.2764100000000023 -0.26719747368421065 0.3724039999999995 -0.25922270000000025 -0.08564928421052627 0.11884899999999976
58 40 0.051244799999999646 0.05121967999999981 0.051700099999999805 -0.21587500000000004 -0.21439920000000012 -0.21301760000000014 0.1556857520659014 0.0068766000000002325 0.0032656000000006458 -0.00031400000000347816 0.00042968421052616703 0.004081999999998587 0.0 0.0036192631578948592 0.014286999999999495
58 41 0.18033020000000022 0.18147316000000005 0.18299920000000025 -0.09609184999999992 -0.09404299999999999 -0.09194705000000003 0.15591484209902226 0.004553000000000029 0.006028799999999723 -0.021352000000001148 -0.002280631578947154 0.013815999999999828 -0.0050240000000001395 0.0016030526315789408 0.007536000000000209
58 42 0.0026375999999999067 0.055986200000000076 0.13994979999999968 0.01800789999999991 0.09462389999999998 0.15100259999999988 0.21443740432641084 0.3112681999999998 0.35902759999999967 -0.04490199999999556 0.131417263157895 0.29139200000000365 -0.21116499999999983 -0.16382536842105253 -0.018997000000000597
58 43 0.14736019999999994 0.18772176000000002 0.2317320000000005 -0.23243065000000002 -0.22411749999999997 -0.17109075 0.17991670952450006 0.1068541999999999 0.1772844000000009 -0.126228000000006 -0.0933075789473689 0.0 0.011931999999998943 0.05623905263157889 0.07049300000000036
58 44 -0.02830710000000003 0.07497377999999999 0.16050110000000017 -0.21560025000000005 -0.19348679999999996 -0.17514134999999992 0.18286984087927705 0.04323779999999999 0.24102639999999997 -0.017583999999999378 0.07162505263157881 0.2518280000000028 -0.056362999999998165 0.004891789473684288 0.026218999999999548
58 45 0.5820461000000003 0.9824997200000002 1.4694258000000002 -0.2216526000000001 -0.19439740000000005 -0.16495989999999994 0.3150850732856465 0.0843404000000001 1.6437272000000003 -0.9498500000000032 0.20733915789473684 1.5009200000000034 -0.1483649999999992 0.01877389473684216 0.14946400000000026
58 46 -0.0054008000000003165 -0.0031871000000001535 0.000251200000000118 -0.0983447999999999 -0.09079310000000007 -0.08777084999999996 0.162784212735328 0.06204640000000006 0.028385599999999567 0.0 0.005784210526315819 0.028259999999999952 -0.05118200000000073 -0.03265600000000003 0.0026689999999995884
58 47 -0.1205446 -0.03269681999999994 0.051401800000000275 -0.23356890000000008 -0.18613919999999995 -0.16834325 0.18910360401876752 0.1174674 0.2049164000000001 -0.26847000000000065 -0.10785073684210532 0.037679999999997715 -0.04914100000000032 -0.0018509473684209872 0.07206299999999999
