61 0 -0.800972222222222 -0.7765046977124188 -0.77 0.1475 0.175 0.23309027777778255 0.18843593918555016 0.1555882352941162 0.16499999999999992 -0.15000000000000013 -0.07631578947368423 0.07352941176471894 -0.20000000000000004 0.023684210526315773 0.10000000000000009
61 1 1.8880882352941175 2.178027573529413 2.44 -0.6125 -0.43499999999999583 0.014531250000001248 0.27451841250308545 0.64 0.7093750000000016 0.09999999999997788 0.37335526315789563 0.5970588235294616 0.0 0.3315789473684211 0.5524305555555713
61 2 2.46 2.463735294117647 2.47 0.09352941176470644 0.1 0.1 0.15799957187142777 0.03 0.005294117647058005 0.0 0.0027863777089778977 0.0 0.0 0.015789473684210527 0.0
61 3 0.6849999999999999 0.813047203464676 0.9375 0.15 0.15 0.15 0.1991003976702471 0.009999999999999981 0.4944565217391339 0.20563186813189582 0.26024027459954424 0.2999999999999997 0.0 0.0 0.0
61 4 0.25044117647058955 0.4059399509803935 0.4842401960784343 0.0675 0.07936274509803873 0.09 0.22188313755558667 0.05000000000000002 0.6706250000000031 0.15 0.3529605263157911 0.4995098039215433 -0.014705882352952226 0.026315789473684223 0.10000000000000009
61 5 0.1260937500000031 0.2003270016339874 0.21703124999999993 -0.07250000000000001 -0.05970588235294179 -0.04 0.19358490639450646 0.05 0.3876470588235311 -0.10294117647058079 0.20402476780185844 0.5099264705882302 -0.05000000000000129 -0.014551083591332174 0.008823529411746273
61 6 0.06294117647058953 0.06892095588235321 0.11 -0.05 -0.05 -0.04 0.1760785586894908 0.02 0.1370588235294108 0.0 0.06687306501547936 0.09999999999999995 0.0 -0.005263157894736843 0.0
61 7 2.39 2.39 2.39 0.03 0.03 0.03 0.15445469593086938 0 0 0.0 0.0 0.0 0.0 0.0 0.0
61 8 -2.7073805147058825 -2.5628235294117654 -2.4392647058823536 -0.27707720588235263 -0.13264705882353114 0.0023529411764707108 0.22771119458054 0.3317647058823527 0.31999999999999984 -0.3487132352941291 -0.05015479876161174 0.23750000000000382 -0.3619485294117566 0.04117647058823543 0.23125000000000528
61 9 1.8439705882352935 2.329736642156865 2.9710661764705986 -0.052500000000000005 -0.025 0.05 0.22100984827944495 0.13 1.7320000000000046 -0.2499999999999991 -2.393684210526313 0.6448529411764836 -0.10000000000000002 0.036842105263157884 0.018750000000024997
61 10 -0.8281249999999989 -0.04556687091502828 0.8077205882352967 -0.035 -0.007187499999999584 0.011176470588234434 0.4856691426421179 0.11 3.132169117647063 1.3822794117646997 1.847058823529412 2.475183823529433 -0.14834558823530716 -0.03684210526315789 0.1
61 11 -0.20983455882353177 0.6895726307189582 1.3962499999999993 -0.135 -0.04638888888888955 0.09156250000000542 0.4063447765083276 0.21000000000000002 1.7572794117647192 0.4862132352941084 0.9248839009287996 1.54119689542489 -0.3736111111110879 -0.04210526315789473 0.21176470588236532
61 12 2.9050000000000002 2.954642361111112 3.0124999999999997 -0.14 -0.13 -0.13 0.1820997620712453 0.010000000000000009 0.2905882352941207 0.09999999999999787 0.15294117647058983 0.21176470588236462 -0.08823529411763481 -0.005263157894736847 0.050000000000000044
61 13 -1.8069025735294133 -1.3211366421568655 -0.7835937499999988 -0.05 -0.05 -0.0275 0.314815698826168 0.06941176470587965 1.7152205882353004 -1.1031249999999704 -0.902747678018579 -0.6498161764705884 -0.09999999999999996 2.921639538487254e-18 0.04705882352939824
61 14 0.18171568627450757 0.46328981461005325 0.8660835913312726 -0.07235294117646993 -0.06 -0.05 0.29582010440928863 0.1694117647058836 0.9824632352941123 -1.3195415008109301 -0.5170859133126907 0.1470588235293968 -0.10000000000000002 0.06811145510835978 0.20000000000000004
61 15 -1.1023529411764699 -0.7907979983660113 -0.46117647058823336 -0.04056372549019583 -0.03 -0.009843749999997282 0.2617809770193626 0.06999999999999999 1.1300000000000001 0.4882352941176496 0.5947368421052632 0.6996323529411961 -0.09099264705882572 0.021052631578947368 0.1
61 16 0.6644117647058794 1.514586805555552 2.566215277777779 -0.1680882352941206 -0.09 -0.02 0.3826973043522603 0.15000000000000002 2.2275000000000054 -1.9264705882353361 -1.1723684210526344 -0.1983455882353069 -0.144117647058847 -0.07368421052631578 0.0
61 17 -0.42484375000000035 0.03470259287925418 0.5604687499999993 0.03 0.059062499999997645 0.15 0.27559922503630563 0.15 1.2313157894736872 -0.42352941176473063 -0.5657894736842117 0.06250000000001088 -0.10000000000000006 -0.07368421052631581 0.012500000000011113
61 18 -0.4725 -0.2943566176470581 -0.1375 -0.59 -0.55 -0.5422058823529392 0.2027861453018375 0.04999999999999993 0.45352941176470957 0.10000000000000009 0.23869969040247874 0.3 -0.050000000000000044 -0.026315789473684174 0.026470588235301684
61 19 -2.5720588235294115 -2.33727999226006 -2.094531250000001 -0.046184210526313135 -0.02 -0.0075 0.24698182019153178 0.13 0.8987499999999988 0.0 0.42565789473684146 0.7998366013072089 -0.10000000000001977 -0.02105263157894736 0.09999999999999998
61 20 -0.17 -0.13358578431372456 -0.16 0.02 0.03 0.03 0.19214241185459605 0.03 0.3966666666666746 0.0 0.20877192982456558 0.10000000000000009 0.0 -0.01578947368421053 0.0
61 21 2.277352941176471 2.4243819444444443 2.5516176470588228 -0.0925 -0.015 0.0025 0.21265788345202474 0.13 0.5299999999999998 -0.49654820261438415 -0.21640866873064848 0.047058823529420035 0.0 0.062538699690404 0.10000000000000005
61 22 0.853124999999993 1.190419526143789 1.4708823529411756 0.0975 0.1067647058823527 0.11 0.26783042275310054 0.05 1.19 -0.7235294117647184 -0.6253289473684186 -0.30000000000000027 -0.10000000000000002 -0.02631578947368421 0.08235294117647299
61 23 0.5391819852941184 0.588992647058824 0.65 -0.09 -0.08 -0.0375 0.191070225763842 0.1 0.31499999999999995 0.10000000000000009 0.1657894736842105 0.24062500000003484 -0.1 -0.05263157894736842 0.0
61 24 -0.18 -0.17850000000000002 -0.18 -0.17 -0.17 -0.17 0.15533972169256358 0 0.009999999999999981 0.0 -0.0052631578947368324 0.0 0.0 0.0 0.0
61 25 2.936250000000001 3.10851286764706 -2.969999999999997 -0.4613235294117651 -0.3247058823529418 -0.2675 0.2700464283731744 0.24812499999999976 0.9394117647058842 0.34705882352943807 -2.810835913312693 0.5968750000000056 -0.050000000000000044 0.037828947368421205 0.247058823529418
61 26 -1.5344117647058815 -1.4101158088235273 -1.4093841911764686 0.04 0.06 0.0654687500000023 0.2573986841480609 0.30000000000000004 0.8870588235294233 0.10000000000000009 0.46687306501548587 0.3498161764705676 0.0 0.15789473684210525 0.14687499999998477
61 27 -2.534852941176474 -2.215284558823531 -1.975294117647059 -0.22 -0.10500000000000001 -0.0683823529411774 0.2607179478753278 0.19 1.0087499999999991 -0.6054901960784198 -0.5309210526315785 -0.3473856209150372 -0.10588235294118273 -0.09999999999999999 0.0
61 28 -3.0 -2.997 -2.98 -0.11421874999999937 -0.11 -0.09 0.16510162886932528 0.04000000000000001 0.07999999999999963 0.0 0.026315789473684115 0.09999999999999787 0.0 0.02105263157894737 0.049999999999999975
61 29 1.5669117647058826 1.6315556372549012 1.7325 -0.1938235294117664 -0.1367647058823548 -0.08 0.21401453662477715 0.25 0.4065441176470599 -0.3788235294117426 -0.2139705882352947 -0.050000000000000044 -0.11764705882354787 -0.05263157894736841 0.06470588235295227
