82 0 0.1570588235294127 0.2464673202614384 0.3425 -0.03 -0.02 -0.007058823529412688 0.19945656102490217 0.03 0.4788888888888915 0.0 0.23625730994152186 0.44983660130721004 0.0 -0.010526315789473684 0.0
82 1 0.8 0.8643464052287575 0.8696078431372529 0.09 0.095 0.13544117647058732 0.2008914810818166 0.2 0.33000000000000007 -0.2111111111111047 -0.17368421052631583 0.0 -0.19411764705883594 -0.1 0.0
82 2 -0.17988970588235526 0.055768500601993884 0.2783823529411757 0.17 0.17 0.19 0.24084927243531903 0.04000000000000001 0.9371691176470629 -0.5786764705882379 -0.49324690402476995 -0.36062091503269456 0.0 -0.02105263157894737 0.0
82 3 1.8398437500000004 1.8462432598039222 1.851666666666668 -0.76 -0.75 -0.75 0.1597550250517262 0.030000000000000027 0.030000000000000027 0.0 0.014035087719300322 0.0031249999999916067 0.0 0.01578947368421054 0.0
82 4 1.283235294117648 1.3246288807189543 1.3808333333333336 0.15888888888888855 0.185 0.23073529411764732 0.1799093155453508 0.09999999999999998 0.17470588235294193 -0.11470588235294454 -0.0027863777089778977 0.15294117647056904 0.0 0.05263157894736841 0.10000000000000009
82 5 1.5961764705882346 1.7050787968696248 1.91 -0.28 -0.25 -0.22437499999999586 0.25246945908821106 0.23529411764706226 0.8670588235294108 -0.2500000000000002 0.24829721362228874 0.6481617647058646 0.04705882352942767 0.1238390092879275 0.22187499999999596
82 6 0.38444852941176255 1.160956617647054 1.927261029411757 0.026323529411762678 0.11352941176470539 0.22378676470587858 0.41733297754978266 0.41 2.3478676470588353 -1.7041176470588093 -1.2357198142414922 -0.872794117647047 -0.22058823529412874 -0.21052631578947367 0.0
82 7 -0.07291666666666866 0.3007944852941157 0.6650980392156861 -0.37249999999999994 -0.3393750000000014 -0.2237009803921569 0.2826145999819691 0.4 1.057058823529415 -0.9821323529412187 -0.5563467492260079 -0.23235294117649385 -0.347058823529419 -0.21052631578947367 -0.05624999999998627
82 8 -1.0682352941176498 -0.618594566993466 -0.08941176470588363 -0.43953125000000104 -0.41 -0.38749999999999996 0.28112272027884316 0.22000000000000003 1.147647058823531 -0.8444444444444172 -0.594736842105263 -0.14705882352942362 -0.19705882352941906 -0.06842105263157895 0.09999999999999981
82 9 -1.92 -1.7753630030959755 -1.5933823529411786 -1.01 -1.01 -0.817352941176472 0.22815272596107486 0.33999999999999997 0.51 -0.3749999999999887 -0.23684210526315788 0.0495356037151895 -0.2485294117647302 -0.17368421052631577 0.0
82 10 1.908593750000003 2.212596200980393 2.567968750000003 0.2775 0.3441176470588233 0.4325 0.25190970813420405 0.11941176470588355 0.6394117647058839 -0.08235294117648673 0.32786377708978237 0.845220588235257 -0.09999999999999981 0.03839009287925592 0.2375000000000113
82 11 -1.362647058823529 0.1457700163398759 1.3607352941176694 -0.02544117647058731 0.04086397058823513 0.09950000000000117 0.5527969225585699 0.18 3.090000000000012 0.9045751633986787 2.181286549707605 3.1531250000000877 -0.09999999999999998 0.03157894736842106 0.14705882352941793
82 12 -0.05346078431372554 0.1904860644257707 0.3668382352941225 -0.14 -0.1285294117647054 -0.08926470588235269 0.23374430757430636 0.07 0.4252941176470581 -0.44697303921568954 0.19195046439628521 0.7000000000000156 -0.09999999999999995 0.005263157894736844 0.02058823529412876
82 13 0.08750000000000001 0.15047794117647145 0.1907812500000005 0.1134742647058824 0.21559027777777728 0.28529411764705864 0.22524291052856898 0.24411764705882327 0.2 -0.17352941176468872 0.08978328173375194 0.25 -0.39816176470587505 -0.09442724458204542 0.24999999999998898
82 14 -0.12952205882352513 0.33296139705882827 1.0334375000000047 -0.2625 -0.22558823529411826 -0.1875 0.40823033426680844 0.07999999999999999 2.707058823529411 0.7970588235293976 1.4247678018575847 1.875000000000011 -0.10000000000000009 -0.021052631578947385 0.10000000000000009
82 15 1.174889705882353 1.5758978991596653 1.9908823529411777 -0.61 -0.6 -0.5866176470588222 0.25805763997250225 0.060588235294120496 1.07 0.2852941176470536 0.5578947368421051 0.8450367647058787 0.0 0.03188854489164237 0.09999999999999953
82 16 0.7984650735294085 0.9942224264705877 1.2426562499999976 -0.24 -0.235 -0.21500000000000002 0.237112009764148 0.06882352941176764 0.48 -0.9000000000000417 -0.18885448916408829 0.3470588235294203 -0.050000000000000044 0.036222910216719806 0.10000000000000009
82 17 0.043805147058823234 0.06864443277310942 0.1 0.04 0.05 0.052500000000000005 0.1651121814391707 0.030000000000000006 0.0735294117647054 -0.09999999999999996 -0.00866873065015506 0.021428571428578694 0.0 0.01578947368421053 0.0
82 18 1.1425 1.309067401960785 1.3325 0.01 0.055294117647058084 0.07249999999999895 0.24928455434601743 0.1694117647058836 0.7429411764705931 -0.19999999999999907 0.39102167182662795 0.5874999999999886 -0.1999999999999988 -0.06284829721362295 0.0
82 19 0.9496875000000007 1.2484477124183027 1.553125000000003 0.2 0.2 0.20031249999999934 0.2898115411480126 0.06 1.4700000000000042 0.5000000000000171 0.773684210526318 0.9172794117646971 -0.050000000000000044 -0.026315789473684206 0.0
82 20 0.1575 0.2681323529411759 0.3614705882352936 -0.37 -0.36823529411764866 -0.36 0.20605280305372864 0.08000000000000002 0.3738888888888876 0.049999999999999906 -0.057236842105266965 0.30069444444443494 -0.050000000000000044 -0.04210526315789474 0.0
82 21 1.25 1.2639999999999998 1.28 0.06 0.07 0.07 0.16064480506308573 0.010000000000000009 0.06000000000000005 -0.10000000000000009 -0.03157894736842108 0.0 0.0 0.005263157894736847 0.0
82 22 -0.9750000000000001 -0.8215404411764713 -0.6869117647058827 -0.27 -0.26156249999999875 -0.26 0.20427689300337296 0.020000000000000018 0.53 -0.332352941176452 -0.27894736842105267 -0.20000000000000018 -0.020588235294107804 -0.005263157894736847 0.0
82 23 2.246948529411765 2.463120383986927 2.7478854166666675 -0.2811764705882345 -0.27 -0.23524509803921503 0.2604689117009168 0.11000000000000001 0.5882352941176463 -1.1129084967319924 -0.24975920192638618 0.6468627450980247 0.0 0.03538011695906305 0.10000000000000009
82 24 -0.035 -0.012536356209150737 0.003020833333333904 -0.13999999999999688 -0.13 -0.07796874999999875 0.1827475872756773 0.13999999999999999 0.18 -0.1468750000000056 -0.09473684210526317 0.0 0.0 0.07368421052631578 0.1031249999999917
82 25 1.7867187500000006 1.9036673722519322 2.003676470588239 0.23874999999999832 0.4529545454545452 0.5225 0.24295467984156816 0.4441176470588275 0.5641176470588274 0.0 0.29690402476780386 0.5996527777777905 -0.3983660130719085 -0.2337461300309618 -0.050000000000000044
82 26 -0.17 -0.0875575980392155 -0.04750000000000001 -0.2125 -0.195 -0.19 0.18275666854447284 0.04999999999999999 0.15 0.0 0.07894736842105263 0.2518382352941345 -0.049999999999999906 -0.026315789473684206 0.0
82 27 -0.4601470588235322 -0.13632606209150425 0.12875 -0.3007812500000001 -0.195 -0.17 0.24750268725891159 0.29000000000000004 0.7679411764705903 -0.663602941176483 -0.40417956656346865 -0.1178431372549113 -0.23529411764705396 -0.1473684210526316 0.0
82 28 0.20500000000000002 0.23207916666666692 0.26 -0.05 -0.05 -0.04 0.16423054890664937 0.010000000000000002 0.1 0.0 0.05263157894736842 0.10000000000000009 0.0 0.0 0.0
82 29 0.21 0.3290544117647063 0.44997058823530484 -0.27 -0.26 -0.26 0.20057775850059048 0.045000000000003926 0.4282352941176474 -0.050000000000000044 0.1938080495355997 0.3500000000000003 -0.09888888888888364 -0.023684210526317855 0.0
