10 0 1.3781165346276087 1.3928375142036027 1.4147422689808287 0.08403004039043285 0.09146077968082283 0.09243380073881285 0.16073811851749334 0.018081611050719995 0.04036946559876009 -0.0071558499331991765 0.020751046211936873 0.03412118687659893 -0.02905973204579998 -0.009516637395115787 0.004101523742200061
10 1 1.7085772236830443 1.803746537137148 1.8924651136755097 0.14639579358933505 0.15362145669261507 0.17041588741998506 0.183830190571848 0.03052580861748 0.16770868782642534 -0.29365164664900023 -0.06359428637773969 0.1483529864199995 -0.08377580409599975 -0.0035457741645894838 0.04939281783160013
10 2 1.2366675859144516 1.2991625904408157 1.3697140347944117 0.129613822573589 0.143803349392349 0.147638710423619 0.17580854935625276 0.02546435378667998 0.20919516414472006 0.06763150851500033 0.11010271797090529 0.13552481641780023 -0.01876228945899991 -0.013402291466673676 -0.003577924966599935
10 3 1.3352809672775285 1.3840489572369123 1.4305541278210785 0.18895942894647494 0.21547970693061497 0.26324936855785497 0.17829653690078845 0.10442304914750908 0.14095279039151998 0.020856684561401106 0.07418567915343156 0.10489428804520085 -0.08368853763339998 -0.05495949955132057 -0.028361600344999904
10 4 1.6560660357722001 1.6649541249880098 1.6769707168880301 0.18719281637290455 0.19482426852727458 0.23166380571386455 0.19374969343526613 0.38964475550847644 0.05506513790060019 -0.021031217486600084 0.026721909442463287 0.07949974742860078 -0.004537856055200212 0.20365236587782964 0.11842058974820005
10 5 2.2626093539371603 2.639582146412015 3.055289903641131 0.29455320617116987 0.33369221464726995 0.36550956691122993 0.2991746704052219 0.39557887496649813 1.2216257566448803 0.29932396671800143 0.642960924549937 0.9635962800292008 -0.08464846872200033 -0.20819940787710428 0.05497787143799976
10 6 0.1676939979700842 0.13851994685791424 0.1914304757967606 -0.694494774007633 -0.692666541616163 -0.6701256143265831 0.22421617760874876 0.44020694393944 0.3516314843999164 -0.19303341526858198 -0.1850692023157455 0.009512044423399951 -0.006632251157600022 0.23168786523128415 0.2590941274593994
10 7 1.2457613330949524 1.4985591852790716 1.7440266546034815 0.10149108992925304 0.20709223632133852 0.23733442893536852 0.25252589884604987 0.1258731456540655 0.8944463350701963 -0.7530223057754004 -0.38718751564380843 0.15760323145560085 -0.07496189137339987 0.06290534061936078 0.16266468628552738
10 8 0.4261457957842139 0.47603603245263393 0.548379929948034 0.4384270474712011 0.4917686727354511 0.508375480568231 0.19013589698344235 0.12562879955895995 0.26597072471228006 -0.23972097276220072 0.01896897318621052 0.12618730491959995 -0.12461650859279971 -0.06612042082050523 -0.014835298642000283
10 9 1.6204782390298405 1.6285006449366584 1.6363738251924305 0.14222183868317706 0.14314686318673708 0.14545069779937703 0.15815766025949038 0.017156586547159985 0.02466150233075992 -0.021118483949200684 -0.012529626840673708 -0.0014835298642001948 -0.017366026057400036 -0.005594239549831587 0.010035643198999938
10 10 0.505146379046742 0.507987775068998 0.5085846776731819 0.1387092666008878 0.1404589591760178 0.1418159526694478 0.15651805060728632 0.0044680428851200105 0.011606439525799983 -0.003926990816999765 0.006108652381999991 0.007679448708800551 -0.005410520681200098 0.0009920818906105312 0.007068583470599965
10 11 1.377745070385723 1.3792390722254353 1.3801492614303528 0.0648975472045558 0.06714902193963579 0.0679082401642558 0.15702183048009188 0.014730578886879994 0.006510078109960071 -0.004014257279599809 0.0034263568999789848 0.007330382858399265 -0.0056723200690000225 0.007752936256252629 0.007243116395800053
10 12 1.3465286931602864 1.4166228612498584 1.4807401493159564 -0.0014942927279225574 0.007162540361993515 0.08071071504122115 0.19429173681816797 0.15681783329214766 0.2591290340444403 -0.03630284844159948 0.12408372387376851 0.07208209810760091 -0.013002702927400106 0.08199373107024614 0.1436405974393383
10 13 0.9777750924654136 0.9836952492881975 0.9863053891845635 0.3401486723627415 0.3425310467917215 0.3458209924317416 0.15767197867874033 0.007382742735960068 0.018675022996400004 -0.008552113334800437 0.009130827770989473 0.015882496193200257 -0.012915436464799868 -0.0023883452922105067 0.007679448708799996
10 14 -0.231044941050508 -0.11014249310596402 0.074758560515542 0.24444388219986796 0.5432922466966978 0.6469298976804579 0.28766866897526666 0.6670124802372239 0.84754933806372 0.10498155450779999 0.4460785989809053 0.6622651846714 0.0227765467385993 0.22059124556613896 0.5309291584583997
10 15 1.9376768013604106 1.981350175233032 2.0590644508370106 0.09592765901304999 0.10066186460910001 0.15192218474034 0.19169813719670248 0.06469935537164 0.3391000203745709 -0.24076817031340014 -0.17847369493398468 -0.03202679177420009 -0.013264502315200044 0.025876802646757884 0.04747295565439999
10 16 2.073230173302089 2.175252522063123 2.129669757988639 0.14961684720530793 0.3213485189560225 0.4308941094578025 0.2388167050793928 0.3353475624794546 0.56299085681764 -0.03394665395139995 0.29631097727244216 0.28082347664679874 -0.03045599544739999 0.11510905714120767 0.2735803602510001
10 17 1.6765988647955872 1.7033661068701071 1.8289181119425026 0.14467756542214794 0.15424196972310794 0.16544262019781797 0.21846317101671914 0.04270820679661455 0.6774495491655455 -0.5905321524229279 -0.3565523942976555 -0.010995574287601118 -0.02705260340599966 -0.007367126632218186 0.013002702927399912
10 18 1.5601421583064443 1.6618765277402001 1.7714928040756392 0.0690819740862258 0.0703560644401858 0.07390780946800579 0.17670976404692237 0.007731808586359995 0.23547982267809475 0.002617993878000213 0.1136393061911446 0.2040289895587999 -0.018675022996400004 -0.004069372940189471 0.00698131700799999
10 19 2.6163510383563082 2.7099460648240608 2.845032803599609 -0.0616183644281401 -0.0450944597348301 0.09564452782331989 0.22957396326023047 0.16805775367508 0.6697701004549996 -0.04310963252439848 0.32058023981867373 0.5414884004330012 -0.03551745027819998 -0.07875109303892633 0.023212879051600042
10 20 0.6535874076304561 0.68195686195709 0.7324413832358161 0.1527137885189358 0.1551790660873858 0.16295014458191578 0.17330328227330988 0.020176006153120013 0.19273670929835995 0.039008108782199735 0.1014403733149263 0.1373574121323995 -0.019111355309400224 -0.009709542207178947 0.003141592653599923
10 21 1.9521364178809177 1.9746616372072296 1.9828062161616875 0.09640912747974206 0.10592989854940205 0.11922494412651206 0.16921412445872544 0.04380776422520001 0.12079423753092011 -0.09110618695440165 -0.06357591448995796 -0.03778637830579967 -0.002094395102400018 0.01181312325301054 0.033597588100999984
10 22 1.5732123472988369 1.598979515710739 1.6294730357370568 0.27178368922958857 0.27886099934644853 0.28291452653421856 0.16459571376532622 0.030647981665120005 0.08391543043616001 0.014049900478600996 0.043780206394905305 0.06117379028259928 -0.0061959188445998015 0.012942994295094734 0.03900810878220029
10 23 2.0399943531738125 2.2946972322351806 2.5797243343854226 0.14765640612299896 0.16277532076844894 0.16495261901031893 0.24702581138904353 0.06316346563005451 0.9788504576916797 -0.5814564403038003 -0.5151844514166735 -0.3147701305982009 -0.05044001538279996 -0.019915125359755016 0.02426007660280005
10 24 1.7027724525161712 1.8108083332149711 1.8894485059869612 0.07236731399625583 0.07677427035755585 0.12073911421543584 0.20307821869931264 0.07307693578124 0.4761258199456002 -0.33065262679140006 -0.25059253681347377 -0.07374016089699897 -0.006719517620199858 0.038461545148021054 0.06091199089480005
10 25 1.5944849535162926 1.5982557373652386 1.6043373371438325 0.1613556408659931 0.1656971473803431 0.1693754287789331 0.1602043164553613 0.03722787294516003 0.02757620218159995 -0.033772121026199864 -0.014513790621894711 0.007243116395800886 -0.0116064395257999 0.014210654488652642 0.0267035375555999
10 26 -1.680961168079091 -0.8963484028425697 -0.0830511513497946 0.19738868699315698 0.224633276616877 0.249770381168807 0.40132334609194636 0.10293951928296002 2.63357966822036 0.9135053304967994 1.3860945622212422 1.8168877513293828 0.005846852994200041 0.05417869435945265 0.13857914260880025
10 27 1.2882113766056191 1.5074648732296152 1.700877024948499 0.10086427432092511 0.13373755078234512 0.17751913506841605 0.2037335379685354 0.10079276430265093 0.45446628392828003 -0.3979350694559991 -0.22687443087313675 -0.007592182246199952 -0.05244714402259987 -0.038479917034700495 0.015795229730600005
10 28 0.4836393169319374 0.5167569394886373 0.5513624552326675 0.2188976433818665 0.2236100323622665 0.22682143818594652 0.16540066597239256 0.042010075095640004 0.08155923594596004 0.008901179185200614 0.04292591365576844 0.06684611035159993 -0.039968039870799804 -0.02211056583981053 0.0017453292520000496
10 29 0.703290506218355 1.1777259747840911 1.707984926809025 0.11908536626775895 0.15026131003160895 0.18669069484415346 0.330299317550372 0.43612287348993456 1.559207340570211 0.6181956210584 0.808987666134132 1.2449433554515998 0.030543261909999897 0.2295383544683866 0.23073252711439993
10 30 0.29810470879195544 0.3232924278921934 0.3567695882748054 0.16793175059943677 0.17447673529478586 0.19381934673042495 0.16603660751949387 0.05035274892089811 0.07881906902031993 0.0006108652382000312 0.04148372053701049 0.10445795573220007 -0.0452912940894 -0.02078778998566315 0.010559241978090605
10 31 -1.499389671112924 -1.322925539095586 -1.179305012942384 0.01598711898557602 0.20311259473798807 0.3872841007321581 0.26523677273939467 0.7456919229162251 0.52317989657952 0.08054694497979908 0.27535784030501054 0.43205625633259914 0.07312929565880008 0.3924694331138026 0.5798856439769997
10 32 -1.7725809683790148 -1.7357859370914928 -1.7067558756450705 -0.15822723514468418 -0.0667414390778869 -0.05857766150165689 0.20943805770171806 0.5144183437348291 0.06218608124876002 -0.09110618695440054 -0.014651579770612716 0.05768313177859974 -0.0013962634016000813 0.26692514423500474 0.3786491812231456
10 33 1.5461724944916806 1.6026600757321368 1.6997963752527205 0.24460367678819256 0.26710969749273256 0.27784347239253254 0.23737470424324172 0.16493361431399997 0.7683812031877639 0.07470009198560001 0.4044111595725073 0.5914920835028004 -0.01396263401600012 0.08680716542842104 0.12191124825220015
10 34 2.2400535913489383 2.2562039955823208 2.274851093310689 0.24434279854677451 0.2643486350978245 0.2798733387943645 0.16640318234968926 0.05714207971048005 0.07723081940100007 -0.04302236606179566 -0.007119106159473952 0.04005530633339971 0.00637045176979989 0.0300747787949895 0.03228859116199995
10 35 0.8577257226745405 0.9342034325033026 1.0182611072735004 0.029365213146306895 0.031446518279316896 0.0494452261905669 0.1841770047721887 0.027960174617040007 0.29698522552032003 -0.26895523773319996 -0.15630801343174736 -0.012566370614400801 -0.014224433403800009 0.014715881377389481 0.030019663134400014
10 36 1.831446075925738 1.871737001708158 1.9019922842915784 0.06986073030211701 0.07547632717042699 0.08111374065438699 0.17331115792541563 0.01993166005784 0.19118336626408006 0.039444441095201066 0.10062282434951582 0.1093448776377981 -0.018325957145999966 -0.007918283238021052 0.008028514559200034
10 37 1.694160610136246 1.6967873306605061 1.700792861293846 -0.05461886690721479 -0.05055224975005479 -0.04832695495375479 0.15697551469799623 0.017435839227479995 0.010786134777359901 0.0013962634015984854 0.004997153226778903 0.009075712110401257 -0.0013089969389999678 0.008625600882252627 0.016144295581000008
10 38 1.6289120093443057 1.6324332111102156 1.6362249389101855 0.19484448525894044 0.20084841788582042 0.20464014568579042 0.1568127089432613 0.016964600329440027 0.005619960191439954 -0.009948376736400588 -0.0027282251991789827 0.0038397243543997206 0.0016580627894000055 0.007201779650357898 0.013613568165599943
10 39 1.8621452054245191 1.8751409270349115 1.903099356322699 0.09918483124818811 0.1028980192318181 0.12065674437091811 0.16849496200005465 0.042202061313360004 0.11374310735283988 -0.0775798852513987 0.018472932240905193 0.07801621756439947 -0.04241150082360007 -0.015818194589178946 0.015184364492400113
10 40 1.4383544405805795 1.4656295734662095 1.4949554682229393 0.1875628746560845 0.1912804259628445 0.19310429503118454 0.1657142319439639 0.039758600360385477 0.08702211650472003 -0.07007496946779934 0.003343683409094791 0.08124507668059944 -0.040666171571600296 -0.020925579137044986 -0.002530727415400169
10 41 2.127598682422361 2.1579490854500154 2.179596404162571 0.1764970993478475 0.1812923914677175 0.1871392444619175 0.16727007432860233 0.03813544415637454 0.07840018999983966 -0.09581857593480292 -0.00032150802010536727 0.04721115626660222 -0.0411025038846001 -0.019593617339649767 0.0006981317008000754
10 42 1.3236174167004815 1.3560072369590974 1.4769053215805115 0.17692994100229986 0.2372659732439835 0.27213328837581346 0.22093246935858518 0.21005037547837455 0.5480333851279999 -0.0527089434104 0.23666664657119993 0.5546656362856006 -0.05523967082580017 0.07993607974169188 0.10829768008659993
10 43 1.7788275987424158 1.8390973084724798 1.8473404985296757 0.18012263301818954 0.19182942897611044 0.20576588305333043 0.20907771908681777 0.25432937860201593 0.3623128994226801 -0.3034254904601996 -0.1829105056096 0.0293215314336015 -0.15088371383537025 -0.13385756768527154 -0.022514747350799863
10 44 2.0287841518560095 2.1118016103934116 2.2868136284716902 0.23202824015873147 0.3675617832227915 0.3935322824925515 0.29158624583452936 0.47762680310249456 1.095612984643499 -0.839765169599801 -0.5766384129702625 -0.12531464029359896 0.10759954838579971 0.2513825279486813 0.35840336189819993
10 45 -1.1144905143218677 -0.889114402681856 -0.7823543576662679 -0.27961459373275555 -0.2218398321684255 -0.2086058731151355 0.24711741839538934 0.09039060196107998 0.8595921099025199 0.050265482457600985 0.4524168999486947 0.6981317008000001 -0.11327186845480008 -0.02951443624566316 0.08124507668059971
10 46 0.479557622069101 0.4839235631929789 0.48898676335303104 0.12798504253056692 0.1288707971259569 0.1303281470513769 0.15684699671603422 0.007679448708799996 0.018151424220800016 -0.015009831567200094 -0.009498265508252642 -0.0009599310886002077 -0.0069813170080001985 0.00041336745442104245 0.002705260340599841
10 47 0.8705034235719551 0.988535677561585 1.206431308027525 0.10804712837612421 0.12755990941348422 0.1532380660335342 0.19494266400621824 0.08466592201382186 0.3570594583741601 -0.0038397243543991655 0.18792603072324215 0.08517206749759865 -0.018325957145999966 0.015818194589178942 0.04354596483740002
10 48 1.475489471704837 1.475792286330059 1.477553323545327 0.05643497895656005 0.06004781050820005 0.06247381816848006 0.15660229027368092 0.007086036763120002 0.01010545636907989 -0.013002702927400467 -0.0012768461369894763 0.007330382858400375 -0.0030543261909999828 0.0037294930332210535 0.012653637076999943
10 49 1.4207922104258521 1.425261125975598 1.429326870468132 0.6545911173938785 0.6646965737629584 0.6780657958332785 0.16022502793307083 0.04045673206136002 0.014538592669160355 -0.013962634015998177 -0.0021586967064211506 0.012566370614399691 -0.03342305517580024 -0.021293016874400012 -0.0071558499331991765
