2 0 0.20999999999999996 0.21352589979007014 0.2200000000000002 0.37 0.39 0.39 0.17760228812527895 0.22 0.040000000000000036 -0.09741002099299151 -0.010526315789473694 0.10000000000000009 -0.050000000000000044 0.08947368421052633 0.10000000000000009
2 4 -0.1324999999999994 -0.11102047239556712 -0.08979095245442822 0.40208190490885587 0.46499999999999997 0.48593391866913144 0.17793365568080455 0.18584771926773314 0.0799999999999983 0.0 0.04210526315789384 0.05820930871730405 -0.14999999999999986 -0.09781458908828061 -0.022892791127542833
2 6 -1.7033856697819314 -0.9979077113993224 -0.2983971098540662 0.4975 0.5538012230638887 0.6415832215609016 0.3553576971301978 0.18999999999999995 1.853208614051975 -1.3011693481254516 -0.9753729547641975 -0.40229485900823647 -0.21833556878196547 -0.05958348107998709 0.10000000000000009
2 9 -0.545211773696171 -0.31391212851497585 -0.06750000000000034 0.2 0.21492672729166495 0.46265792952277646 0.2794076228837708 0.3211715337587765 1.0419720101781367 -1.1233442426403406 -0.5484063211463878 0.0 -0.023245763031748135 0.1234537070117872 0.19968485286973897
2 10 -1.835439546778433 -1.4569711914053882 -1.1343919455574851 0.515 0.59 0.6904114713216949 0.291430685958446 0.21000000000000008 1.2800000000000011 -0.9498868402295002 -0.6736842105263164 -0.22476182344036477 -0.1814402717410829 -0.11052631578947374 -0.050000000000000044
2 11 -0.0349999999999997 0.06261782182368972 0.15499999999999992 0.17250000000000001 0.2515598706470639 0.3325 0.21621570810717458 0.19000000000000003 0.22000000000000064 -0.1431891561709174 0.06777234697331071 0.29999999999999805 -0.3 -0.08421052631578947 0.050000000000000044
2 12 -0.11999999999999966 -0.05030778236605188 0.011075767530395249 0.6798976681240894 0.69 0.7092691647685632 0.18130533822673428 0.05114881240911717 0.20999999999999996 -0.003740996619145606 0.08436168584330475 0.19999999999999574 -0.10106031757961487 -0.026920427583745882 0.09803338192853228
2 15 -0.041030341200388835 -0.024459369349178924 -2.938552701105564e-16 0.1 0.11 0.1202991243647048 0.16798852592731078 0.039999999999999994 0.0510608825481073 -0.08829267003006418 0.009967956553628043 0.09999999999999787 -0.09999999999999995 0.012339558005698824 0.10000000000000002
2 16 -0.33297315134243144 -0.2512318932893569 -0.16750000000000043 0.03 0.055 0.0723705656759348 0.18770639297707525 0.09 0.23999999999999844 0.0 0.12631578947368338 0.24474472549106846 -0.049999999999999975 0.03157894736842105 0.05258868648130413
2 17 -1.2524999999999995 -0.9147137351782926 -0.52 0.678482936608688 0.69 0.7013620702430352 0.26922425944160694 0.09000000000000008 1.1400000000000006 -1.200000000000001 -0.6000000000000003 0.0 -0.0913297465300561 -0.04736842105263162 0.044463619930233955
2 19 -1.5509782509575083 -1.1984252604463037 -0.8374999999999999 0.4015217490424916 0.575895880361174 0.659550726708953 0.30342487081488845 0.45759597059625046 1.1899999999999995 -0.8412480636479924 -0.6263157894736839 -0.4630750103605141 -0.38821172247336944 -0.2408399845243423 -0.09097920277296001
2 20 -0.3300000000000005 -0.23299999999999974 -0.12999999999999945 0.43 0.49 0.66 0.21411411416284645 0.32999999999999996 0.35000000000000053 0.0 0.18421052631578974 0.3500000000000014 0.0 0.17368421052631577 0.29999999999999943
2 23 -1.3181940579305564 -0.7448807606503517 -0.2534004577281568 -0.04084920742141755 0.22366363510159945 0.25352942697994135 0.38512144796714987 0.45999999999999996 2.179365164978839 -1.3261435463057074 -1.1470342973572838 -0.9872404011330965 -0.29964261770622475 -0.2421052631578947 -0.0312772075542966
2 32 -0.11228744721963786 -0.08523814353408235 -0.059999999999999165 0.47 0.48 0.48 0.16545262235321076 0.023808337558693826 0.07000000000000028 -0.05425105560723807 0.0 0.09999999999999787 0.0 0.012530703978259908 0.0
2 33 -0.2799999999999998 -0.2803531224560992 -0.2799999999999998 0.18182274532047737 0.19 0.2025 0.1590031769063856 0.03433132010354262 0.007062449121989556 0.0 0.0 0.0 0.0 0.018069115843969797 0.05950496504786379
2 34 0.04450626258938022 0.1397799524148388 0.28064201579666503 0.37750000000000006 0.39 0.4076134820782054 0.19801794980367424 0.0857301880726582 0.3831257442773347 -0.31740200585623296 -0.20164512856701827 0.0 -0.005749023100282136 0.044515991290843035 0.1840680370609607
2 36 -0.5924045671438307 -0.46369786365818466 -0.37678884369354104 0.5371444218467708 0.615 0.66 0.22204813046795155 0.28988514330709064 0.4695138276476117 0.14990232044156088 0.24711254086716403 0.3962707482232092 -0.24657929373903292 -0.15257112805636347 -0.0020958083832461893
