37 0 1.2654545454545452 1.3584523809523807 1.4098809523809486 -0.07250000000000001 -0.04 -0.0375 0.19829572902416132 0.03729437229437528 0.4195454545454522 -0.23571428571428577 -0.11279334700386977 0.1840909090908971 -0.09999999999999999 -0.019377990430622393 0.0023809523809636274
37 1 -0.6360389610389696 -0.39172727272727437 -0.30202380952380814 -0.39249999999999996 -0.31785714285714284 -0.225 0.3004046419034194 0.15000000000000002 1.3295454545454524 -1.0452380952380391 -0.36943495101389595 0.40476190476191026 -0.19761904761903634 -0.07894736842105264 0.0
37 2 1.3951136363636343 1.46108658008658 1.5325 0.3085714285714294 0.37 0.42 0.2047291208417766 0.32318181818181746 0.12205627705628208 -0.14924242424244172 -0.06424014581909583 0.02857142857141115 0.0 0.1515493278651146 0.24999999999999994
37 3 1.3860227272727272 1.4331590909090917 1.5025 -0.4357142857142857 -0.41 -0.3225 0.1963458500595678 0.16999999999999998 0.2631818181818175 0.09318181818181781 0.1385167464114829 0.18495670995671287 0.0 0.0894736842105263 0.23809523809523225
37 4 0.34238636363636316 0.3561352813852814 0.37 0.11464285714285882 0.14840909090909127 0.16499999999999998 0.16693819323738182 0.06 0.026818181818182518 -0.06352813852814054 -0.006937799043061822 0.0 -0.049999999999999975 0.0 0.09761904761903639
37 5 -1.61 -1.6095 -1.6075 0.07 0.07214285714285884 0.08 0.1633051950335086 0.06999999999999999 0.020000000000000018 0.0 0.005263157894736847 0.0 0.0 0.03684210526315789 0.07619047619044803
37 6 1.114594155844157 1.2421904761904767 1.36 -0.2325 -0.14636363636363328 -0.12 0.2010950811987588 0.17000000000000004 0.3599999999999999 0.0023809523809470434 0.18947368421052624 0.2931818181818169 0.0 0.08947368421052633 0.11363636363633273
37 7 -0.9470454545454621 -0.16167640692641183 0.48366883116882753 0.145 0.1559523809523804 0.19 0.42559908119940026 0.11 2.929545454545452 -1.8731601731601186 -1.5418660287081327 -1.2708874458874644 -0.009523809523803856 0.031157439052175103 0.10000000000000009
37 8 -2.47 -2.4683733766233766 -2.4684523809523813 0.23 0.27431818181818335 0.2948863636363655 0.16599052389048738 0.1 0.01318181818181774 0.0 -0.0035885167464117253 0.0 0.0 0.05263157894736842 0.10000000000000009
37 9 1.2529545454545379 1.7527911255411237 2.1904761904761902 0.0 0.03 0.05349025974025823 0.2628343235777377 0.06 1.15 -1.3863636363636045 -0.5947368421052632 0.0 0.0 0.02756892230576322 0.09761904761905324
37 10 -1.36 -1.3344253246753246 -1.3075 -0.27 -0.2652380952380964 -0.25 0.16605704797312623 0.030000000000000027 0.050000000000000044 -0.08809523809524933 0.01177944862155272 0.10000000000000009 -0.04047619047621298 0.004010025062657834 0.04318181818181749
37 11 2.190227272727269 2.3718766233766226 2.527857142857144 -0.2729761904761902 -0.17214285714285715 0.10238636363636551 0.24369945088946474 0.52 0.45952380952380745 -0.5522727272727068 -0.22230576441102637 0.01190476190475076 0.07456709956710869 0.269674185463658 0.39837662337661095
37 12 0.5910714285714294 0.6127142857142863 0.65 -0.62 -0.6038095238095249 -0.5528571428571438 0.18413675272564595 0.08000000000000007 0.17000000000000004 0.011904761904767414 0.07769423558897362 0.11904761904760808 -0.019047619047624642 0.04210526315789478 0.10000000000000009
37 13 -1.58 -1.5684166666666666 -1.56 -0.16 -0.16 -0.13 0.1629205855931562 0.04000000000000001 0.050000000000000044 -0.050000000000000044 -0.026315789473684233 0.0 -0.028571428571411706 -0.02105263157894737 0.0
37 14 -1.6524999999999999 -1.582441558441558 -1.5076190476190479 -0.05 -0.03 0.05095238095238156 0.19184183618751618 0.14238095238095094 0.26 -0.10000000000000009 0.07468671679197929 0.20000000000000018 -0.04318181818180347 0.05789473684210527 0.15
37 15 -1.582857142857142 -1.5790238095238096 -1.5775000000000001 -0.35 -0.3421428571428572 -0.32 0.1650902186701286 0.08000000000000002 0.040000000000000036 0.0 -0.010526315789473694 0.0 -0.10000000000000009 -0.04210526315789474 0.0
37 16 -0.4321428571428588 -0.17882251082251038 0.006590909090908724 -0.25678571428571173 -0.1586363636363635 -0.0637499999999988 0.24378408779452473 0.18 0.5063636363636349 -0.4341991341991381 0.1415128730918236 0.657142857142874 -0.20000000000000004 -0.015789473684210523 0.12142857142858843
37 17 2.28 2.284 2.29 -0.55 -0.55 -0.54 0.15710977321595201 0.010000000000000009 0.010000000000000231 0.0 0.005263157894736963 0.0 0.0 -0.005263157894736847 0.0
37 18 1.8475000000000001 1.9488409090909085 2.0972727272727276 -0.08 -0.06 -0.03 0.19225604963985418 0.06681818181818255 0.3344372294372324 -0.32651515151515653 -0.17601959444064863 -0.05681818181818121 -0.09761904761905318 -0.02589428115743826 0.0
37 19 -0.47724025974025697 -0.21924242424242166 0.05488636363636551 -0.14964285714285544 -0.026493506493509577 0.1304058441558432 0.29854091403713684 0.42 1.2108008658008673 0.42554112554110024 0.6372636135794039 0.7834415584415131 -0.3636363636363497 -0.18947368421052635 -0.049999999999999906
37 20 -1.5975000000000001 -1.52520238095238 -1.44 -0.2125 -0.09782467532467379 -0.050113636363634494 0.20888412908076662 0.25 0.36761904761904995 0.09999999999999898 0.19348370927318417 0.29761904761903657 0.0 0.12631578947368424 0.21590909090910348
37 21 1.5310227272727275 1.68477380952381 1.8225 -0.1725 -0.10431818181818336 0.0125 0.21874327493831708 0.23 0.45999999999999996 0.10681818181818237 0.2421052631578947 0.36904761904760774 -0.17857142857142852 -0.08421052631578949 0.049999999999999906
37 22 -1.5225000000000002 -1.489849567099567 -1.4474999999999998 -0.06397727272727262 -0.01 -0.009047619047618766 0.17857485466847123 0.14 0.13318181818181762 0.0 0.06483253588516717 0.10000000000000009 0.0 0.0736842105263158 0.10952380952380389
37 23 -1.4796428571428564 -1.4283354978354972 -1.3581493506493518 -0.4332142857142874 -0.3272727272727286 -0.21750000000000086 0.2063708653766796 0.32 0.26 -0.07619047619048191 0.08421052631578956 0.26515151515153046 -0.23051948051947602 -0.16842105263157894 -0.10000000000000009
37 24 1.1560714285714293 1.6034264069264093 1.917272727272731 0.048571428571429424 0.07 0.08249999999999999 0.2972461826749161 0.11681818181818254 1.4296753246753318 0.4238095238095352 0.7524606971975432 1.1380952380952514 -0.030952380952375316 0.06148325358851712 0.12738095238095554
37 25 -0.9 -0.8995000000000001 -0.9 -0.01 -0.01 -0.0047619047619044804 0.15711460292989768 0.01 0.010000000000000009 0.0 0.005263157894736847 0.0 0.0 -0.005263157894736842 0.0
37 26 -1.63 -1.612840909090909 -1.58 -0.08 -0.08 -0.07 0.16332016714674025 0.009999999999999995 0.08318181818181736 -0.10000000000000009 -0.04377990430621966 0.0 0.0 -0.005263157894736839 0.0
37 27 3.0851136363636344 3.091364718614718 3.1 0.057499999999999996 0.09714285714285714 0.1 0.16330518353418963 0.08 0.020000000000000018 -0.0023809523809470434 -0.010526315789473694 0.0 -0.09999999999999995 -0.042105263157894736 0.0
37 28 -1.7925 -1.74576948051948 -1.7051136363636346 -0.7498863636363655 -0.5911904761904767 -0.5675 0.2142524529689856 0.44523809523809965 0.17761904761904979 -0.057142857142840064 0.0934837092731841 0.11904761904762529 -0.4761904761904989 -0.23433583959899984 -0.00324675324674617
37 29 -2.0867857142857145 -2.0728214285714293 -2.074821428571428 -0.6125 -0.61 -0.6 0.1742776094093501 0.14500000000000168 0.08000000000000007 -0.07857142857142785 -0.04210526315789478 0.0 0.0 0.06842105263157895 0.10000000000000009
37 30 -1.65 -1.6499999999999997 -1.65 0.07 0.07500000000000001 0.08 0.15622474745425774 0.020000000000000004 0 0.0 0.0 0.0 0.0 0.005263157894736847 0.0
37 31 -0.7625000000000001 -0.7504080086580088 -0.74 -0.04 -0.03 -0.02 0.16329537095627805 0.04 0.06000000000000005 -0.07619047619048191 -0.03157894736842108 0.0 -0.009523809523820804 -0.02105263157894737 0.0
37 32 -1.454464285714288 -0.7991645021644989 -0.205454545454538 -0.16 -0.14214285714285885 -0.137142857142858 0.359397231464045 0.03999999999999998 1.8996753246753322 0.052380952380981505 0.9998291182501748 1.7229437229437194 -0.10000000000000009 -0.015789473684210523 0.050000000000000044
37 33 1.8126136363636345 1.9545324675324653 2.127905844155843 -0.03 -0.015 0.027386363636365506 0.23903218042074248 0.1 0.8584199134199173 -0.5038961038961121 -0.4517999544315355 -0.3254329004329082 0.0 0.05263157894736842 0.1
37 34 -2.9329761904761855 -2.8859718614718606 -2.8175 0.04750000000000001 0.11282467532467377 0.3083116883116864 0.22446753100687192 0.43681818181818255 0.31999999999999984 -0.16904761904762422 0.0802005012531316 0.2595238095238206 -0.36904761904760774 -0.22589428115743823 -0.06590909090908723
37 35 -1.5615909090909104 -1.4778452380952385 -1.3974999999999997 -0.20602272727272739 -0.165 -0.1275 0.18457035221259716 0.12952380952380727 0.20000000000000018 -0.18538961038959578 -0.0894736842105264 0.0 0.0 0.044611528822052764 0.15
37 36 -1.56 -1.5535 -1.54 -0.23 -0.225 -0.1975 0.1624487414204522 0.056818181818182545 0.020000000000000018 -0.10000000000000009 0.0 0.10000000000000009 0.0 0.029904306220096075 0.09999999999999981
37 37 0.7875000000000001 0.8761774891774895 0.9663474025974045 0.0945941558441568 0.21285714285714286 0.2725 0.194954548576506 0.26 0.19999999999999996 0.0 0.101253132832079 0.20952380952382055 0.0 0.13157894736842107 0.23095238095237516
37 38 1.5726136363636347 1.583245670995671 1.6 -0.43 -0.42 -0.3975000000000001 0.1669882769319338 0.03999999999999998 0.06000000000000005 -0.10000000000000009 -0.03157894736842108 0.0 0.0 0.021052631578947358 0.08095238095237517
37 39 -1.5950000000000002 -1.3523354978354998 -0.98 -0.3476136363636345 -0.27063852813852834 -0.11119047619047337 0.3024457196256265 0.3763636363636349 1.1680952380952492 -1.0113636363636591 -0.6147869674185523 -0.06904761904760748 -0.2749999999999919 -0.021645021645018487 0.2190476190476237
37 40 2.1151136363636347 2.263869047619047 2.4314285714285706 -0.07 -0.07 -0.06 0.20314642301725783 0.03 0.5176190476190501 -0.46190476190477003 -0.27243107769423686 -0.10000000000000231 0.0 -0.005263157894736839 0.0
37 41 2.2975 2.3002499999999992 2.306249999999999 0.03 0.04 0.058977272727272614 0.15977499290032052 0.039999999999999994 0.010000000000000231 0.0 0.0 0.0 -0.025865800865790337 -0.021052631578947368 0.0
37 42 -1.5039285714285715 -1.4589004329004327 -1.4192857142857127 -0.042499999999999996 -0.02431818181818336 0.052500000000000005 0.1866103502685018 0.11 0.13080086580086725 -0.20952380952382055 0.032000455684667056 0.26818181818180964 -0.1496753246753431 -0.05263157894736842 0.0
37 43 -1.5 -1.5 -1.5 0.01 0.01 0.010595238095237531 0.1553397216925636 0.01 0 0.0 0.0 0.0 0.0 -0.005263157894736843 0.0
37 44 2.51 2.5127857142857137 2.516785714285714 0.03 0.03 0.03 0.15622474745425777 0.010000000000000002 0.010000000000000231 0.0 0.0 0.0 0.0 0.0012531328320790128 0.0
37 45 2.2976136363636344 2.3300876623376614 2.42 0.065 0.11 0.12392857142857058 0.22525738465223843 0.2731818181818174 0.5308008658008676 -0.5206709956709976 -0.27936887673729877 0.0 -0.20000000000000004 -0.1437799043062197 -0.009523809523820786
37 46 -1.46 -1.4545000000000001 -1.4475000000000007 -0.1362500000000012 -0.13 -0.13 0.157109773215952 0.010000000000000009 0.020000000000000018 0.0 -0.010526315789473694 0.0 0.0 -0.005263157894736847 0.0
37 47 1.1626136363636346 1.4770562770562756 1.8289772727272728 0.07 0.08 0.08624999999999877 0.24271854255976127 0.03 0.96 -0.6619047619047669 -0.5052631578947369 -0.3568181818181826 0.0 0.015789473684210527 0.049999999999999975
