41 0 -2.6434090909090964 -2.3424372294372313 -2.05202380952381 -0.1826082251082256 -0.11 -0.07392857142857227 0.2663324920886264 0.15952380952381062 1.0300000000000002 -0.7725108225108102 -0.5421052631578949 -0.3004329004328854 -0.18398268398267567 -0.016040100250625976 0.10000000000000002
41 1 -1.0625 -1.0483484848484852 -1.04952380952381 -0.8870238095238097 -0.865 -0.8567857142857135 0.17045526680723938 0.040000000000000036 0.14000000000000012 -0.10000000000000009 -0.05789473684210531 0.011904761904771854 -0.019047619047614095 -0.010526315789473694 0.0023809523809636968
41 2 -1.519318181818182 -1.6222467532467548 -1.5 -0.23 -0.23 -0.2275 0.2545015323869228 0.1709523809523824 0.9628571428571473 -0.28636363636363904 -0.5067669172932354 0.0 0.0 0.08997493734335917 0.050000000000000044
41 3 -2.440909090909091 -2.2683419913419933 -2.0341666666666667 -0.08 -0.07 -0.018571428571427726 0.3037565507442498 0.18952380952381065 1.505714285714294 -1.252597402597364 -0.7924812030075231 -0.21818181818180182 -0.1976190476190532 -0.08922305764411087 0.0
41 4 -1.4425000000000001 -1.406316017316017 -1.37 -0.15 -0.15 -0.14 0.16870802822194245 0.04000000000000001 0.10999999999999988 -0.045238095238088194 0.005764411027569673 0.10000000000000009 -0.07619047619048178 0.005263157894736839 0.09999999999999981
41 5 -1.7705952380952392 -1.6301060606060602 -1.5175 -0.04590909090909098 -0.02 0.02023809523809552 0.21617865368314285 0.23190476190476478 0.30095238095237864 -0.12142857142858898 0.11578947368420853 0.4716450216450063 -0.2523809523809636 -0.12205513784461305 0.004761904761910393
41 6 -2.081785714285717 -1.8806580086580087 -1.7103571428571445 -0.2689285714285714 -0.16818181818181804 -0.11988095238095181 0.22859315453444143 0.2 0.41000000000000014 -0.236363636363639 0.11528822055137783 0.4203463203463209 -0.17272727272726274 0.03157894736842105 0.2999999999999998
41 7 -1.736136363636374 -1.6141277056277072 -1.392045454545454 0.02 0.03 0.05 0.242774256345565 0.060000000000000005 0.7309523809523824 -0.920129870129931 -0.3847117794486223 0.050000000000000044 -0.0761904761904818 -0.02105263157894738 0.0
41 8 -1.5529761904761903 -1.543333333333333 -1.52 0.10702380952380981 0.13 0.13 0.17296998758717524 0.1 0.10999999999999988 0.0 0.0578947368421052 0.10000000000000009 0.0 0.05263157894736842 0.10000000000000009
41 9 1.7875 2.425296536796469 2.833116883116533 -0.06 -0.030454545454545894 0.005476190476190194 0.2997749581096395 0.27238095238094673 1.2586147186147187 -1.485714285714319 -2.804010025062656 1.5928571428570504 -0.31147186147188155 -0.143358395989972 0.0854978354978447
41 10 -1.66 -1.5823809523809522 -1.4964285714285714 0.0570238095238098 0.065 0.08892857142857141 0.18934822885372635 0.17952380952381064 0.15999999999999992 -0.10454545454545938 -0.07894736842105259 0.050000000000000044 0.0 0.07343358395990034 0.15
41 11 -1.9 -1.8391428571428574 -1.82 0.15821428571428658 0.18556277056276985 0.1913636363636369 0.19256780463675796 0.15952380952381068 0.27 -0.24285714285714355 -0.12105263157894736 0.0 -0.05238095238096374 0.0576441102756898 0.07727272727273762
41 12 -1.585909090909096 -1.4873614718614727 -1.3675000000000002 -0.02 -0.01 -0.01 0.20082876886727788 0.014761904761907016 0.5 -0.4872294372294217 -0.2631578947368421 -0.09999999999999898 0.0 -0.005513784461152288 0.0
41 13 -1.804090909090907 -1.7148051948051948 -1.62 -0.12 -0.12 -0.12 0.18798295827531106 0.010000000000000009 0.1980952380952392 -0.10000000000000009 0.07368421052631574 0.17857142857142905 0.0 -0.005263157894736847 0.0
41 14 -1.7100000000000024 -1.5990086580086589 -1.5251190476190473 -0.3688744588744578 -0.33954545454545415 -0.33 0.21353383273373866 0.10047619047619277 0.5595238095238106 -0.39870129870130167 -0.2944862155388477 -0.17727272727273813 -0.10476190476191055 0.036842105263157905 0.20000000000000018
41 15 -1.31 -1.3000238095238097 -1.3 -0.15 -0.15 -0.14 0.16132949429031235 0.028095238095239228 0.049523809523810636 -0.047619047619053 -0.020802005012531908 0.0 0.0 0.005263157894736847 0.0
41 16 -1.44 -1.4341038961038963 -1.43 -0.09 -0.08 -0.08 0.15622981865390076 0.009999999999999995 0.010000000000000009 0.0 -0.005263157894736847 0.01818181818181941 0.0 0.005263157894736839 0.0
41 17 -1.2865909090909096 -1.2734004329004338 -1.2389285714285714 -0.11 -0.11 -0.1 0.17974144997245606 0.03 0.13904761904762153 -0.10909090909091756 -0.059899749373434515 0.0 -0.04047619047620257 -0.000501253132832841 0.07142857142857867
41 18 -2.2534740259740254 -2.102874458874459 -1.9730952380952376 -0.1865909090909098 -0.14214285714285885 -0.10750000000000001 0.22926473754503052 0.11047619047618937 0.6595238095238105 -0.5499999999999938 -0.2892230576441109 -0.09999999999999787 -0.1380952380952285 -0.016040100250625976 0.14761904761906933
41 19 -2.0809090909090937 -1.8892835497835505 -1.7030952380952373 0.0 0.02142857142857143 0.042499999999999996 0.20903458487320717 0.049090909090908214 0.5200000000000002 -0.3738095238095296 -0.2736842105263159 -0.1562770562770388 -0.09999999999999999 -3.652049423109067e-18 0.04545454545454106
41 20 -2.7059090909090986 -2.2567099567099578 -1.9074999999999998 -0.15000000000000255 -0.055 -0.05 0.24769337427224686 0.11000000000000001 0.9295238095238105 -0.8909090909090822 -0.48395989974937387 -0.10000000000000009 -0.1166666666666498 -0.05263157894736842 0.0
41 21 -1.828279220779222 -1.744660173160175 -1.5696428571428571 -0.13 -0.12428571428571324 -0.06659090909090648 0.23250754866940013 0.14 0.46142857142857174 -0.7558441558442164 -0.24285714285714302 0.2285714285714291 0.0 0.07368421052631581 0.10476190476191051
41 22 -1.48297619047619 -1.487160173160173 -1.46 -0.14 -0.14 -0.14 0.16945798979578044 0.010000000000000009 0.14952380952381072 0.0 0.07343358395990038 0.1095238095238038 0.0 -0.0052631578947368324 0.0
41 23 -1.5694047619047624 -1.3968354978354973 -1.2689610389610373 -0.3793181818181845 -0.29 -0.27883116883116754 0.2383354023871975 0.5409523809523824 0.3604761904761895 -0.061255411255397574 0.16817042606516164 0.3192640692640547 -0.5666666666666733 -0.28471177944862225 0.004761904761910463
41 24 3.1275 -3.065902597402597 -3.0366666666666653 -0.09840909090909353 0.14 0.16022727272727294 0.24278573035457784 0.36 0.5385714285714327 -0.683333333333338 -3.4370927318295745 0.20000000000000018 -0.41536796536794973 -0.1894736842105263 0.0
41 25 -1.61 -1.5915519480519478 -1.59 -0.04 -0.033809523809522846 -0.02 0.18745240186274298 0.18095238095238242 0.20190476190476492 0.0 0.10626566416040259 0.050000000000000044 0.0 0.095238095238096 0.08571428571426477
41 26 -1.5434090909090936 -1.4624913419913423 -1.3949999999999998 0.034999999999997464 0.09 0.10250000000000001 0.19165740874314038 0.16 0.2495238095238106 -0.19999999999999907 -0.13132832080200557 -0.10000000000000009 -0.10000000000000002 -0.08421052631578947 0.0
41 27 -2.5307142857142857 -2.3849329004329007 -2.2455952380952375 -0.32 -0.32 -0.30954545454545407 0.2030781702524599 0.020000000000000018 0.5095238095238108 -0.43874458874459954 -0.26290726817042664 -0.16363636363635914 -0.07727272727273748 -0.005263157894736847 0.06818181818181945
41 28 -0.4718181818181947 0.4400865800865764 1.1642857142857141 -0.2025 -0.1757142857142857 -0.13 0.36209167300666906 0.08952380952380727 1.9338095238095259 -1.7363636363636075 -1.01779448621554 -0.048268398268390134 -0.10000000000000009 0.026315789473684206 0.14999999999998376
41 29 -1.7525 -1.7265064935064935 -1.6974999999999998 0.23909090909090902 0.275 0.3 0.20034782056974287 0.28142857142857175 0.17000000000000015 -0.11428571428571455 -0.0894736842105264 0.0 -0.3761904761904833 -0.14812030075187987 0.10000000000000009
41 30 -1.76 -1.7111731601731606 -1.6535714285714276 0.03 0.039545454545454106 0.042499999999999996 0.16860441688756028 0.039999999999999994 0.1200000000000001 -0.12727272727273808 -0.05789473684210531 0.0 -0.004545454545458946 -0.021052631578947368 0.0
41 31 -2.040909090909091 -1.986837662337663 -1.91 0.24 0.25 0.25 0.1992095618969414 0.039523809523810655 0.4633333333333398 -0.3904761904762144 -0.24385964912281044 -0.10000000000000009 0.0 0.009774436090225403 0.009090909090917892
41 32 -2.744318181818187 -2.2723961038961056 -1.8980952380952376 -0.36250000000000004 -0.2995454545454541 -0.29 0.2695560048887243 0.09999999999999998 1.2067965367965385 -0.8380952380952267 -0.6265664160401015 -0.29047619047619544 -0.10000000000000009 -0.05263157894736841 0.0
41 33 -1.73 -1.724863636363636 -1.72 -0.39 -0.38 -0.38 0.15711484441559492 0.010000000000000009 0.020000000000000018 0.0 -0.010526315789473694 0.0 0.0 0.0 0.0
41 34 -1.7718181818181846 -1.7520974025974039 -1.6185714285714279 -0.01 0.0 0.0 0.21773232171654203 0.04952380952381065 0.6509523809523823 -0.2696969696969931 -0.3426065162907275 -0.0833333333333508 0.0 0.026065162907268763 0.030952380952375316
41 35 -1.42 -1.412681818181818 -1.41 -0.37 -0.36 -0.36 0.1624321557436978 0.02999999999999997 0.050000000000000044 -0.10000000000000009 -0.026315789473684233 0.0 -0.0023809523809636968 -0.005263157894736847 0.0
41 36 -2.2634090909090934 -1.9332251082251097 -1.56202380952381 -0.999090909090909 -0.6693073593073577 -0.4690476190476161 0.3176744358754416 0.6100000000000001 1.0157142857142942 -0.7430735930735721 -0.534586466165418 -0.2753246753246652 -0.45844155844154855 -0.01528822055137768 0.3183982683982728
41 37 -1.445909090909091 -1.3784437229437232 -1.3050000000000002 0.13 0.155 0.1829761904761902 0.18809549412276513 0.10952380952381065 0.27 -0.19999999999999907 -0.14210526315789473 -0.10000000000000009 -0.10000000000000009 -0.05764411027568981 0.0
41 38 -2.4234090909090935 -2.105902597402599 -1.82952380952381 -0.12 -0.04454545454545411 -0.017499999999999998 0.25870011859124065 0.13 1.0309523809523824 -0.6036796536796629 -0.5426065162907276 -0.43831168831170886 -0.10000000000000006 -0.06842105263157895 0.0
41 39 -2.338409090909094 -2.2233225108225114 -2.1205952380952375 0.16749999999999746 0.19404761904761963 0.22607142857142773 0.2255670148886245 0.06999999999999999 0.6704761904761967 -0.46991341991341473 -0.35288220551378774 -0.22164502164502276 -0.10000000000000009 -0.03684210526315789 0.0
41 40 -1.7735714285714295 -1.7443809523809528 -1.7075 -0.08499999999999999 -0.049090909090908214 -0.02 0.17840664071351378 0.11 0.15000000000000013 -0.10000000000000009 0.010025062656640868 0.14588744588743818 -0.09999999999999999 -0.0057644110275696875 0.10952380952380386
41 41 -2.4652272727272755 -2.2710064935064946 -2.059318181818181 -0.16 -0.08954545454545411 -0.07 0.24960671634915246 0.12000000000000001 0.81 -0.90735930735929 -0.42631578947368426 0.10000000000000009 -0.10000000000000009 -0.06315789473684212 0.0
41 42 -1.4425000000000001 -1.4423333333333335 -1.44 0.0375 0.04 0.05 0.15967549113361107 0.030000000000000002 0.020000000000000018 0.0 -0.005263157894736847 0.0 0.0 -0.01578947368421053 0.0
41 43 -1.4859090909090908 -1.3896601731601732 -1.2950000000000002 0.0075 0.015 0.03 0.19278539287902824 0.04 0.3600000000000001 -0.2181818181818196 -0.18947368421052638 -0.16233766233767488 -0.09999999999999999 -0.01578947368421053 0.03181818181818036
41 44 -1.7125 -1.7122272727272734 -1.6974999999999998 -0.0025 0.02 0.02 0.18709007216842566 0.13999999999999999 0.20047619047619314 -0.1636363636363658 -0.10551378446115428 0.0 -0.09999999999998385 -0.07368421052631578 0.0
41 45 -1.6869047619047624 -1.5990606060606063 -1.48340909090909 -0.01 0.01 0.0225 0.1874906295295033 0.04 0.28047619047618944 -0.19761904761905313 0.03182957393483656 0.26320346320345855 -0.04999999999999999 -0.015789473684210527 0.013636363636365103
41 46 -1.55 -1.5305 -1.51 -0.15 -0.1345454545454541 -0.09357142857142772 0.16595368634502888 0.08 0.040000000000000036 -0.050000000000000044 -0.01578947368421054 0.0 -0.09545454545454093 -0.03157894736842106 0.0
41 47 -1.7059090909090908 -1.6254935064935068 -1.52 -0.022045454545454105 0.054545454545454106 0.07 0.18981623650200727 0.09047619047618935 0.28 -0.21428571428571463 -0.1473684210526316 -0.02857142857141115 0.0 0.04761904761904703 0.09999999999999998
