47 0 -0.08244070000000026 0.87860968 1.9154157 0.0894743 0.15949629999999992 0.19904460000000007 0.2696688784423344 0.4422375999999999 3.1347876 -2.0946940000000036 -1.5743298947368423 -0.632710000000003 -0.028103000000000433 0.23275663157894733 0.3362940000000014
47 1 -0.06523349999999994 0.19075814000000008 0.5166556000000001 0.08112190000000002 0.08419910000000008 0.08816335000000003 0.22167215354297148 0.0340062000000001 0.7213836000000002 0.08697799999999756 0.3715446315789474 0.5645719999999965 -0.055106999999998685 -0.01722042105263172 0.014287000000000605
47 2 -0.17990630000000007 -0.17521514000000002 -0.17116140000000024 0.14563320000000013 0.1567487999999999 0.21290769999999992 0.16563675264488223 0.09432560000000012 0.024931599999999943 -0.024492000000000402 -0.00042968421052616703 0.028888000000002467 -0.056205999999999756 -0.04964505263157901 -0.016642000000001156
47 3 -0.4296305 -0.1259297 -0.12366890000000019 -0.23284670000000007 -0.22518509999999992 -0.21822215 0.3002808722537993 0.1030861999999999 1.5463871999999999 -1.761225999999998 -0.5423275789473682 0.35419199999999984 -0.11319700000000044 -0.05425589473684206 0.020566999999999114
47 4 -0.07189029999999985 0.05011125999999995 0.06050779999999989 0.09157810000000005 0.11961829999999996 0.1820414999999999 0.23223696782004138 0.19942139999999986 0.5130759999999999 -0.17270000000000119 0.27003999999999995 0.288879999999998 -0.19719199999999937 -0.023269052631578892 0.11319699999999933
47 5 -0.3219128000000001 -0.28385286 -0.23893829999999994 -0.017952950000000023 0.009765400000000146 0.045537849999999935 0.17965852574042343 0.10515859999999999 0.15630919999999993 0.0031399999999992545 0.07985515789473673 0.17113000000000378 0.005965999999999472 0.054867368421052574 0.08619299999999996
47 6 -1.5701884 -0.96506644 -0.2443548000000001 -0.11355810000000005 -0.07912800000000009 -0.02596779999999993 0.35498606676844896 0.12409280000000011 2.1008484000000003 -1.5163059999999984 -1.1057096842105265 -0.7944200000000046 -0.11429599999999929 -0.025467052631578932 0.008478000000000652
47 7 -0.017222900000000152 0.2447316 0.5147716000000002 -0.12357470000000004 -0.0938232 0.02950029999999998 0.2699391717385126 0.28699600000000003 1.0218187999999997 -1.210469999999999 -0.47919705263157897 0.10424800000000234 -0.28416999999999915 -0.1510505263157895 -0.008163999999998284
47 8 -0.1349258000000001 -0.11482038000000003 -0.08085500000000012 0.03322905000000004 0.053175900000000054 0.05701454999999994 0.17141041001112425 0.0356704000000001 0.09991480000000053 -0.1218319999999995 -0.028722736842105082 0.07975600000000194 -0.02590500000000051 0.01608010526315791 0.05934600000000123
47 9 -0.27556639999999977 -0.2753026399999999 -0.2746871999999998 0.24162299999999992 0.2449357000000001 0.24677260000000012 0.15541089115762097 0.005557799999999835 0.0027631999999999657 0.0 -0.0012560000000001225 0.0 -0.001098999999998851 -0.0013055789473685085 0.0
47 10 -0.3493564 -0.34551618 -0.3415064000000001 0.3036066 0.30773569999999995 0.3107344000000001 0.1565606788659013 0.00850939999999989 0.010487600000000263 0.0 0.005519789473684349 0.024492000000000402 -0.010832999999998982 0.0010907368421051913 0.0025120000000000697
47 11 -1.7347872 -1.5686027 -1.4248064 -0.03139215000000006 -0.025904999999999956 -0.011892750000000119 0.21152533624360828 0.08660120000000004 0.48255519999999996 -0.45561400000000085 0.03427557894736863 0.65469 0.009263000000001576 0.042406526315789526 0.06845199999999996
47 12 -0.048638599999999754 0.41323656 0.9305389999999998 0.12023845000000005 0.1316601999999999 0.13882724999999985 0.3246530652792772 0.036737999999999715 1.8720680000000005 0.4518460000000024 0.9574025263157898 1.6569779999999978 -0.01726999999999923 0.019286210526315673 0.07253400000000187
47 13 -0.28988479999999983 -0.28815151999999994 -0.2871058999999999 0.2144855499999998 0.2158121999999998 0.21637740000000005 0.1559807523404235 0.0108957999999999 0.00565199999999999 -0.0037679999999995495 0.002512000000000011 0.0043959999999998445 -0.0015699999999996272 0.005734631578947316 0.01365900000000142
47 14 -1.2780585 -1.22782478 -1.2205337000000003 0.0803683 0.10486030000000002 0.12376310000000007 0.20091672108309863 0.19248200000000004 0.3375499999999998 -0.2728660000000005 -0.177657894736842 -0.007849999999999246 0.014758000000001381 0.1013063157894737 0.16233800000000076
47 15 -0.5846209 -0.11221418000000002 0.32638729999999994 0.35540875 0.4033486999999999 0.43032915 0.37113667456144267 0.212264 2.1127176000000003 -1.5850720000000007 -1.1119566315789478 -0.6710179999999988 -0.3224780000000005 -0.11171789473684211 0.011931999999998943
47 16 -0.20612529999999996 0.58457694 1.3085635999999998 0.10130424999999993 0.17097300000000004 0.20488500000000004 0.3343723493550732 0.16026559999999979 1.6879384000000006 -1.3056119999999982 -0.8883886315789477 -0.30834799999999607 -0.008791999999999689 0.08435031578947357 0.15072000000000085
47 17 -0.14988790000000018 -0.1301153200000001 -0.11310280000000006 -0.10644600000000004 -0.08729200000000015 -0.07464565000000001 0.16424113659010514 0.04892120000000011 0.05469880000000016 -0.04364599999999941 -0.023731789473684373 0.0 -0.03689500000000123 -0.0008097894736841818 0.04238999999999882
47 18 2.612951 2.8729828779999997 3.1330150700000003 -0.022262600000000077 -0.010032299999999994 0.0015072000000000418 0.2762081989204234 0.09708880000000009 1.282746519999999 -1.011394000000001 -0.6484827157894736 -0.31556999999999835 -0.07112099999999955 -0.05109936842105268 -0.018212000000000783
47 19 -0.4713611000000001 -0.33394214 -0.15034320000000012 -0.2974051000000001 -0.2892882 -0.2624412 0.2492224313754553 0.06044500000000008 0.9997132 -0.8192259999999996 -0.5261648421052632 -0.27129599999999865 -0.04835600000000051 -0.008312736842105253 0.04741399999999785
47 20 -0.42556420000000006 -0.34697000000000006 -0.25584720000000016 -0.005361549999999993 0.01871440000000013 0.17636594999999994 0.22163436423278024 0.4062218000000002 0.35444319999999996 -0.3177680000000005 -0.12622800000000003 -0.022607999999999517 -0.3320550000000011 -0.16552757894736847 0.05479300000000076
47 21 -0.06339660000000014 0.25168042000000007 0.35651560000000004 0.032255650000000136 0.14993500000000004 0.3430764 0.29452574849074203 0.39202899999999996 1.1928232000000003 0.004082000000003028 0.6278016842105265 1.1285160000000038 -0.006279999999999619 0.19453126315789468 0.34257399999999993
47 22 0.3790922000000003 0.5247756400000001 0.7618424999999999 0.2942572500000001 0.30440730000000005 0.3080418499999999 0.22773508194934075 0.03617280000000034 0.7849371999999994 -0.23581400000000086 0.1989768421052629 0.744494 -0.029202000000001505 0.0031895789473683415 0.04568700000000092
47 23 1.0378956000000001 1.0986075 1.2037660999999997 -0.08886984999999992 -0.03763289999999997 0.1833917000000001 0.2883114665378757 0.7025436 0.5859868000000006 -0.7683580000000001 -0.3084141052631582 0.06750999999999951 -0.6248599999999993 -0.3641243157894735 -0.034226000000002754
47 24 -0.3949492000000001 -0.38969598000000005 -0.38367660000000003 0.0058796499999998475 0.006656799999999907 0.007693000000000061 0.15667469778246174 0.007284799999999869 0.01507199999999953 -0.016641999999997825 -0.00618084210526314 0.0 -0.008006999999999875 0.003255684210526384 0.0136589999999992
47 25 -2.5011308899999998 -2.3526358940000005 -2.2290703 0.0914446499999999 0.1226798 0.14137849999999996 0.21136350457246175 0.06430720000000023 0.56345416 -0.6393040000000005 -0.0014873684210527458 0.4650339999999997 -0.047571000000001806 0.006296526315789451 0.0700220000000007
47 26 0.30362230000000023 0.30679997999999997 0.3105617000000003 0.50487275 0.5090882000000001 0.5130602999999999 0.15844760072959546 0.020347199999999788 0.01601400000000064 -0.025434000000004175 -0.0041976842105263005 0.019468000000002483 -0.027474999999999028 0.004627368421052702 0.03705199999999964
47 27 -0.13371690000000014 -0.13251742000000002 -0.13062400000000007 0.18791330000000006 0.1891221999999998 0.19115535000000006 0.156284126457621 0.005589199999999961 0.014695200000000241 -0.0021979999999999222 0.007569052631579113 0.030144000000000837 0.0 0.0005123157894735158 0.013187999999999533
47 28 1.1967011 1.3976328400000002 1.6756610000000003 0.7013818 0.9213231 0.93120625 0.22342617404870385 0.23983320000000008 0.5270176000000006 -0.030772000000003352 0.24872105263157904 0.3714620000000002 -0.1986050000000006 -0.1191712631578948 0.03924999999999734
47 29 -0.5687011000000002 -0.5760204400000001 -0.5562667000000001 0.011641550000000056 0.014145699999999928 0.02344795000000016 0.1734039037830987 0.0666935999999998 0.14783120000000016 -0.027631999999999657 0.06339494736842115 0.06782399999999855 -0.08006999999999986 -0.026871789473684096 0.011304000000000869
47 30 0.13142470000000006 0.1643790000000001 0.18222990000000017 -0.12046610000000008 -0.11266320000000007 -0.10310190000000008 0.17456164536462743 0.05730499999999994 0.16924600000000023 -0.12026199999999987 -0.08907684210526327 -0.04961199999999666 -0.030614999999998282 0.02462421052631567 0.07802900000000168
47 31 -0.2167228 -0.056890519999999965 0.10396539999999999 0.23456585000000002 0.24636440000000015 0.3442774500000002 0.22355063724233434 0.17197779999999985 0.6108555999999998 -0.5997400000000019 -0.300812 -0.008791999999997469 -0.11680799999999936 -0.07420315789473687 0.033911999999997056
47 32 0.5690151000000003 0.5735461199999999 0.5788904 -0.010840849999999902 -0.0048983999999999694 -0.0036031499999999994 0.15763407107099692 0.018212000000000117 0.017709600000000325 0.0 0.005685052631579046 0.01978200000000374 0.0 0.008147473684210555 0.01601399999999864
47 33 1.4427044000000002 1.5520800199999998 1.8149199999999999 0.04491769999999995 0.04994169999999998 0.052822649999999804 0.2546563293971114 0.012371599999999816 0.7117751999999999 -1.413941999999997 -0.37461852631578946 0.46974399999999417 -0.02213699999999985 -0.005238842105263106 0.005494999999998695
47 34 -0.11781279999999983 -0.11614231999999995 -0.11498680000000006 0.17888579999999998 0.17907419999999996 0.18039300000000003 0.15524429530411785 0.0027631999999999657 0.005086799999999947 0.0 0.002677263157894709 0.0015700000000018477 -0.0003140000000012577 6.610526315780892e-05 0.002354999999999441
47 35 -2.9191732200000002 -2.7168959900000003 -2.4898159 -0.7340064 -0.6985244 -0.6282512 0.25099615172018946 0.32247800000000015 0.7085096000000002 0.027631999999999657 -2.9561844 0.5666444000000004 -0.3004979999999996 -0.14354757894736847 -0.036424000000000456
47 36 1.0510365 1.1516703600000002 1.3244520000000002 0.5650822500000002 0.6398692000000001 0.6738518500000001 0.24090031207163376 0.30903880000000017 0.6361012000000001 -0.06845199999999885 0.17970715789473699 0.5730499999999994 -0.02857400000000121 0.1626520000000001 0.473669000000001
47 37 0.47767250000000006 0.545418 0.6373572000000002 0.06037435000000002 0.07300499999999999 0.07964610000000005 0.18863620311430898 0.03535639999999973 0.24605039999999967 -0.2807160000000031 -0.052851157894737245 0.22890599999999983 -0.007065000000000543 0.01758399999999996 0.04584400000000044
47 38 -0.7040194 -0.20174500000000006 0.34056439999999977 -0.14978584999999994 -0.1442673 -0.1426815999999999 0.3399554183187675 0.027977400000000152 2.0561976 0.612927999999997 1.0822092631578946 1.5543000000000018 -0.05824700000000127 -0.007139368421052596 0.03626699999999983
47 39 -0.295474 -0.27681612 -0.27485990000000005 0.036840050000000124 0.042908100000000005 0.04789284999999999 0.1716966236378758 0.07592520000000014 0.11517519999999992 0.00376800000000177 0.060618526315789435 0.03799399999999897 -0.0015700000000007375 0.03996063157894744 0.02245100000000111
47 40 -0.5694389999999999 -0.39160196 -0.15021760000000006 -0.08913674999999999 0.004176200000000074 0.029092099999999954 0.21923879014934072 0.16299739999999985 0.5655768000000001 -0.4267259999999995 -0.27453515789473676 0.061229999999998785 -0.011774999999999425 0.06957578947368417 0.13250800000000007
47 41 -0.01007939999999985 0.0024240799999999396 0.020080299999999718 -0.049447150000000106 -0.02457049999999994 -0.0230476 0.1695912801671751 0.03855919999999968 0.12170639999999988 -0.03579599999999905 0.04445578947368417 0.08258200000000215 -0.019154000000000115 0.013997789473684182 0.03720900000000027
47 42 -0.34288799999999997 -0.25230214 -0.17624820000000008 -0.18522860000000008 -0.08564349999999998 -0.06324744999999998 0.18528977695571008 0.13533399999999984 0.18770919999999958 -0.19687800000000033 -0.07066652631578947 0.06279999999999841 -0.13925900000000047 -0.06960884210526314 -0.0007850000000009238
47 43 -0.11379360000000016 -0.11032390000000006 -0.10787469999999988 0.074104 0.07656889999999994 0.07897100000000018 0.15654809464233435 0.009796799999999939 0.009482799999999791 -0.0021980000000021427 -0.003106947368420876 0.003140000000001475 -0.0015699999999996272 0.0036853684210525514 0.014600999999999642
47 44 -0.1973176000000002 -0.18689908000000005 -0.17679769999999995 -0.024287899999999973 0.013376399999999955 0.04595390000000005 0.1668218945811879 0.07105820000000018 0.02373840000000005 -0.0763019999999992 0.002512000000000011 0.06625400000000115 -0.08054099999999953 -0.036060421052631575 0.01632800000000101
47 45 -0.8640494999999999 -0.26492808000000007 0.4267103 0.330642 0.3693111000000001 0.49181819999999987 0.3935825729614426 0.35422339999999974 2.3166919999999998 0.8028979999999986 1.2193115789473683 1.333244 -0.3191809999999995 -0.15840473684210518 -0.06154399999999893
47 46 -0.04994169999999987 0.14508370000000007 0.35400359999999986 0.06962949999999996 0.08809270000000002 0.15427605000000005 0.2279453543136721 0.10886379999999996 0.7247119999999998 0.011932000000001164 0.3814273684210525 0.5922040000000006 0.028259999999999952 0.05729673684210524 0.056519999999999904
47 47 -0.11040240000000001 -0.10146910000000006 -0.0928498000000002 0.06423655000000006 0.06546899999999989 0.06878170000000011 0.1573675954245 0.006531199999999959 0.02285920000000008 -0.0012560000000028104 0.007668210526315652 0.028888000000000247 -0.014443999999999013 -0.0017517894736840984 0.013344999999999052
