52 0 -2.4101384 -1.7663159399999997 -1.2311626 0.5679396499999999 0.7914527 0.85986545 0.34450276636590127 0.48833280000000023 1.6799000000000004 0.20661200000000157 0.8841578947368423 1.4500520000000017 0.16218099999999902 0.25701726315789486 0.33456700000000117
52 1 -0.0304894 -0.01130399999999998 0.012826900000000085 -0.17599700000000007 -0.12222449999999996 -0.07917510000000005 0.19357706415634707 0.24853100000000006 0.11950839999999996 -0.17364200000000274 -0.06289915789473682 0.07693000000000172 -0.05306599999999939 -0.026789157894736862 0.12811199999999912
52 2 0.06889160000000027 0.0730709400000001 0.07919080000000012 -0.06072759999999988 -0.057681800000000005 -0.05736779999999997 0.1579591553353281 0.017929400000000095 0.021666000000000185 0.0 0.01140315789473694 0.027631999999999657 -0.013345000000000162 0.007172421052631676 0.015228999999999937
52 3 0.02844840000000015 0.2404141000000001 0.45856560000000035 -0.38354314999999994 -0.3443638000000001 -0.3218971 0.23593884637227072 0.11545780000000017 0.7874492000000002 -0.5400799999999983 -0.41444694736842114 -0.1818059999999999 -0.04066300000000078 -0.02029431578947375 0.05793300000000112
52 4 -0.038292299999999835 0.032590059999999976 0.07638049999999985 0.08477214999999988 0.0950949000000001 0.23564130000000016 0.2242215768442453 0.2697259999999999 0.5132016000000004 -0.33723599999999854 -0.2701061052631581 -0.12183199999999728 0.04694300000000151 0.1419610526315789 0.20676899999999887
52 5 -0.11360519999999985 -0.09522364000000005 -0.08352400000000015 0.13923545000000004 0.1495424999999999 0.1527767 0.1640024773557102 0.025088599999999905 0.08283320000000005 -0.06311399999999967 -0.04210905263157886 -0.0021979999999999222 -0.00251200000000229 0.012493894736842131 0.028103000000000433
52 6 0.11936710000000028 0.18710004000000008 0.3057888999999999 -0.18024384999999993 -0.1712712999999999 -0.15526515000000007 0.2075411710659014 0.07200020000000018 0.5236264000000008 -0.11523799999999751 0.18912715789473686 0.49140999999999657 -0.013972999999999347 0.036622315789473704 0.06531199999999959
52 7 -0.35893340000000007 -0.30987718000000003 -0.2593796999999999 1.2791339499999999 1.2842913999999999 1.2884597500000001 0.17524264408755735 0.06546900000000022 0.1689320000000003 -0.3811960000000014 -0.07886357894736853 0.13847400000000176 0.003925000000000178 0.03445736842105275 0.04725700000000055
52 8 0.42815469999999967 0.5644809399999999 0.8182997 -0.12534095000000012 -0.10379269999999985 -0.08291170000000003 0.24329996159965922 0.12754680000000018 0.4708743999999996 -0.8142020000000016 -0.24782863157894716 0.26375999999999733 -0.13297900000000085 0.06712989473684221 0.2877810000000014
52 9 0.5972280000000001 0.61850464 0.6874873000000002 -0.11035530000000016 -0.09751270000000001 -0.08240145000000004 0.1886479805487038 0.04232720000000012 0.304894 -0.3237340000000022 -0.16047052631578948 -0.011617999999999906 -0.044902 0.0031895789473684586 0.05542100000000105
52 10 -0.05743059999999989 -0.05040642000000004 -0.044949099999999964 0.09937314999999991 0.10763919999999993 0.11121880000000006 0.15810825259902225 0.020535599999999876 0.020472799999999847 0.0 0.009188631578947244 0.02857399999999899 -0.015228999999998827 0.003090421052631453 0.027004000000000472
52 11 -0.2190464000000003 -0.21947972000000018 -0.21873240000000038 0.050836600000000065 0.052720600000000006 0.05397660000000015 0.1553721835251369 0.006907999999999914 0.0033911999999998166 0.0 -0.0017848421052630613 0.0 -0.00047099999999966613 0.0013882105263156234 0.012559999999998128
52 12 1.1736064 1.2484954000000001 1.3455528 0.10642245 0.15120670000000003 0.39184844999999996 0.21061480427163376 0.32655999999999996 0.3046427999999999 -0.22168399999999977 -0.16033831578947363 -0.07379000000000246 -0.2485309999999985 -0.1718736842105263 -0.020253000000000076
52 13 0.7477282000000003 0.8052749800000001 1.1299918000000004 0.14966809999999997 0.17839910000000003 0.18564464999999997 0.27777169393787565 0.07206299999999977 1.3112011999999997 0.07441800000000054 0.6794960000000003 0.5432199999999976 -0.05228099999999847 0.02108757894736839 0.0606019999999996
52 14 -0.16087790000000024 -0.15512228000000006 -0.14337239999999996 -0.06124570000000007 -0.054745900000000014 -0.04523170000000004 0.1656961834334172 0.028354200000000107 0.08547079999999996 -0.0021980000000021427 0.04349726315789484 0.06437000000000026 -0.046314999999998996 -0.011105684210526273 0.014130000000001086
52 15 0.5355583999999998 0.58013698 0.5897548 0.13499645000000005 0.14243039999999985 0.18187664999999992 0.18834685544806684 0.05758760000000018 0.29742080000000026 -0.19154000000000337 0.03420947368421082 0.05966000000000138 -0.0736329999999974 -0.0061147368421050965 0.041447999999998375
52 16 0.43947440000000004 0.7433070800000001 1.1144017000000004 0.21032505000000007 0.22292429999999996 0.2290002 0.26171736629774844 0.019342400000000204 1.1444671999999998 -0.8930159999999976 -0.6023511578947367 -0.35827400000000065 -0.026218999999999548 -0.005701578947368587 0.006907999999999914
52 17 -0.040929899999999964 0.03445522000000005 0.07839010000000002 -0.14498165000000002 -0.08487420000000001 -0.07956760000000013 0.18346720028309882 0.0761136 0.24322440000000034 -0.21038000000000112 -0.1239143157894738 -0.01350199999999857 -0.052594999999999725 -0.030474526315789414 0.0381509999999996
52 18 -0.07856280000000004 0.012795500000000005 0.12585120000000005 -0.19457794999999994 -0.1862334 -0.1731631500000001 0.19631502989647456 0.028950799999999832 0.39093000000000044 -0.33503800000000084 -0.2057526315789476 -0.08980399999999555 -0.05824700000000127 0.011617999999999906 0.07630200000000142
52 19 0.1546763999999996 0.2637034799999999 0.3710380999999998 -0.13036495000000003 -0.11272599999999999 -0.10987644999999996 0.19123584459583753 0.06502940000000001 0.340376 -0.28322800000000203 -0.17914526315789475 -0.04961199999999666 -0.08430900000000019 -0.034226000000000006 0.008321000000000023
52 20 1.0796732999999994 1.08541322 1.0910872 0.051362549999999896 0.05636299999999983 0.12509759999999992 0.1729556007881942 0.1460728 0.04791640000000008 -0.06091599999999531 -0.011799789473684728 0.00376800000000177 -0.006437000000001358 0.07688042105263158 0.08195400000000075
52 21 -0.2265039000000001 -0.24829863999999996 -0.17709600000000003 -0.20311875000000001 -0.1914144000000001 -0.07134865000000012 0.2373290642512515 0.4835286000000001 0.4672320000000001 -0.0009419999999993323 0.2419452631578948 0.3080340000000015 -0.5342709999999995 -0.2313188421052631 0.03673799999999949
52 22 -0.1469834 -0.009834479999999956 0.2793971999999999 -0.0010126500000001148 0.04818330000000004 0.10044075000000008 0.2780078110391498 0.17693899999999996 1.1966540000000006 0.21069400000000016 0.6298178947368424 0.924415999999999 -0.1932670000000014 -0.029069789473684132 0.0755170000000005
52 23 -0.41039800000000015 -0.34148755999999997 -0.2965258999999998 0.008352400000000149 0.020582700000000065 0.029492450000000003 0.18946797434934073 0.03720900000000005 0.3546315999999998 -0.35293599999999703 -0.08593684210526309 0.1858879999999985 -0.06405600000000011 -0.0061643157894737165 0.03924999999999956
52 24 0.2629278999999999 0.49775908000000013 0.7568970000000003 -0.11434309999999986 -0.09908269999999997 -0.051590199999999975 0.24153356171876775 0.09316380000000013 0.5520747999999998 -0.9856460000000067 -0.04967810526315821 0.6578299999999948 -0.1212039999999992 -0.04903357894736849 0.05542099999999994
52 25 -0.1173888999999998 -0.11681113999999997 -0.11567759999999983 0.037334599999999885 0.040254799999999924 0.04639350000000003 0.15694848949074197 0.01613960000000003 0.009231600000000117 -0.000628000000000295 0.004825684210526479 0.015072000000000418 -0.021665999999999075 -0.0031730526315790356 0.014129999999999976
52 26 0.14709329999999976 0.15259457999999998 0.18042440000000037 0.34407335 0.35119330000000004 0.35397220000000024 0.1689796922799139 0.02989279999999983 0.13451760000000013 -0.05306599999999939 -0.05946168421052655 -0.015072000000000418 -0.023236000000000923 -0.01573305263157886 -0.000628000000000295
52 27 0.2828354999999999 0.5173275599999999 0.6902505000000002 0.15428390000000014 0.16227519999999995 0.1767035 0.24584914064106037 0.08107480000000011 0.9516711999999998 -0.7438659999999997 -0.5008795789473685 -0.12874000000000496 -0.03862200000000038 -0.030458000000000107 0.02857399999999899
52 28 -0.2268964000000001 -0.18264752 -0.15210160000000006 -0.055287550000000074 -0.05350560000000004 -0.05011440000000006 0.16820974083150644 0.030175400000000074 0.08226800000000001 -0.12246000000000201 -0.043298947368421055 0.0018839999999986645 -0.019310999999999634 -0.012345157894736856 0.007222000000000062
52 29 -0.19736469999999984 -0.18730414 -0.1787759000000002 0.12622015000000014 0.13905489999999987 0.14458129999999997 0.16356664352768474 0.04301800000000022 0.03711479999999989 0.0018839999999986645 0.01953410526315784 0.029516000000002762 -0.021979999999999222 -0.022641052631579065 0.02825999999999884
52 30 0.1673619999999998 0.16739025999999993 0.16742480000000004 -0.09993049999999998 -0.09812500000000002 -0.09812500000000002 0.1548743377455191 0.004364599999999941 0.000251200000000118 -0.0003140000000012577 6.61052631579258e-05 0.0 0.0 0.0001156842105263117 0.0014130000000001086
52 31 0.25173380000000023 0.6598961200000002 0.9893198000000005 0.06392254999999997 0.09663350000000004 0.15155994999999983 0.27519202284233435 0.2503208000000001 1.002288 -0.8022699999999983 -0.52752 0.1111559999999967 -0.14192800000000116 0.06398989473684213 0.31117400000000184
52 32 0.4818486999999998 0.74215156 0.9880481000000003 0.017819499999999933 0.029939899999999908 0.0525557499999999 0.23930777466335343 0.07043019999999967 0.8910691999999996 0.0197819999999993 0.46551326315789465 0.7479480000000005 -0.053693999999998576 -0.034126842105263004 0.0017270000000024766
52 33 0.008336700000000197 0.27959188 0.5899746000000001 -0.15608939999999993 -0.15130090000000007 -0.14567245 0.22341890798182484 0.04634640000000001 0.6705155999999999 -0.6747859999999961 -0.3029273684210527 0.13564800000000155 -0.036424000000001566 -0.024392842105263164 0.006437000000000248
52 34 -1.9600037000000001 -1.7764047600000001 -1.5882748 -0.3047527 -0.027930299999999852 0.18044009999999994 0.2586933892187676 0.6724623999999999 0.5169068000000001 0.13187999999999866 0.2659084210526317 0.37742799999999965 -0.5520120000000017 -0.35392757894736837 -0.028102999999998213
52 35 -0.07548560000000015 0.14658776000000007 0.23518600000000034 0.09155455000000007 0.10230119999999998 0.10761564999999995 0.24432796585252553 0.03946980000000022 0.9747188000000007 0.13093800000000044 0.5130098947368423 0.6424439999999998 -0.005651999999998214 0.015435578947368425 0.040191999999998895
52 36 0.14619840000000006 0.14152293999999982 0.16068950000000037 0.02514354999999996 0.026658599999999977 0.02687839999999997 0.16562821212004142 0.013721800000000117 0.11266320000000052 -0.028260000000006613 -0.05929642105263185 0.0 -0.015228999999999937 -0.007222000000000062 0.0
52 37 0.05017719999999992 0.06531827999999992 0.06769839999999971 0.0025434000000000845 0.03224780000000005 0.03623559999999992 0.17834309271303503 0.18617060000000007 0.08434040000000032 -0.027631999999999657 0.044389684210526484 0.11178400000000144 -0.1226169999999982 -0.09798452631578951 -0.009576999999999503
52 38 -0.6047482999999998 -0.23798373999999994 0.09955370000000041 -0.23111185000000006 -0.16108200000000006 -0.14542124999999995 0.27567959206781223 0.17147540000000006 1.11313 -0.6656799999999996 -0.5858578947368421 -0.4374020000000045 -0.017740999999998897 0.016906421052631515 0.19436600000000026
52 39 -0.04655050000000005 -0.04046832000000002 -0.032969999999999944 0.11763224999999994 0.12074870000000004 0.13344215000000004 0.15952538577736622 0.028699599999999714 0.027066800000000057 -0.02606200000000003 -0.014245684210526346 0.0012560000000028104 -0.029516000000000542 -0.012262526315789507 0.0004709999999985559
52 40 -0.1186292000000001 -0.07695512000000007 -0.051762900000000056 0.047751549999999865 0.05878080000000008 0.06560244999999998 0.17090547873596496 0.025748000000000104 0.15787920000000044 -0.14538200000000057 -0.07988821052631603 -0.0009419999999993323 -0.000941999999998222 0.0004627368421053636 0.037679999999997715
52 41 0.002841699999999836 0.015131659999999946 0.023754099999999778 -0.006020950000000025 0.0034383000000000052 0.008430899999999908 0.1613653234085764 0.026156199999999963 0.05193560000000019 -0.030457999999997654 -0.027334526315789576 -0.004082000000003028 0.005965999999996141 0.01376642105263156 0.02621900000000066
52 42 -2.1397216 -1.89617064 -1.701095 0.24131684999999992 0.2525972999999999 0.2569854499999999 0.23360098683405423 0.06578300000000015 0.8174676000000001 -0.5658280000000016 -0.06438652631578935 0.28888000000000247 -0.07206299999999888 -0.034622631578947446 0.01601400000000086
52 43 -0.15279240000000005 -0.14609164000000005 -0.1365114999999999 -0.05705379999999993 -0.053521299999999994 -0.04673890000000003 0.16131977376717507 0.042798199999999786 0.02468040000000027 -0.032655999999999796 -0.006379157894736917 0.031714000000000464 -0.002982999999999736 0.02245926315789471 0.034225999999999424
52 44 -0.3051452000000001 0.01329790000000004 0.21388110000000038 -0.25392395000000006 -0.2414503 -0.2319282499999999 0.2664728155002962 0.05024000000000006 1.2078951999999998 -0.9398019999999985 -0.6357343157894736 -0.11115600000000114 -0.018212000000000783 -0.011221368421052702 0.030144000000000837
52 45 -0.0886421999999999 -0.07196880000000003 -0.05691250000000003 0.12060740000000014 0.13608759999999998 0.14552330000000002 0.16347354418628343 0.038088199999999794 0.06386759999999958 0.0009419999999993323 0.033614526315789255 0.059974000000000416 -0.030458000000000984 -0.02004642105263147 -0.008164000000000504
52 46 -0.06755709999999993 -0.057603299999999934 -0.04879560000000005 0.0019389499999998283 0.0034226000000001644 0.008054099999999953 0.15794658863086944 0.010361999999999982 0.028950800000000054 -0.02857400000000121 -0.015237263157894766 0.0 -0.014129999999998866 -0.005453684210526307 0.0
52 47 0.07674160000000008 0.07713410000000002 0.07692999999999994 0.13247659999999994 0.13247659999999994 0.1351770000000001 0.15511628828309873 0.004176200000000074 0.0030144000000000837 0.0 0.0014212631578948201 0.0003140000000012577 0.0 -0.0006445263157894843 0.0
