54 0 1.2471294999999996 1.24597084 1.2526245000000003 0.29711465000000015 0.30983950000000005 0.3195578000000001 0.1660783945346911 0.02634460000000005 0.08666399999999985 -0.015072000000002639 0.045612631578947294 0.02982999999999958 -0.04176200000000185 0.0035201052631578535 0.053851000000001426
54 1 -1.179855 -0.83871284 -0.5256674 0.08897189999999999 0.09087159999999994 0.14352940000000008 0.23879054849711143 0.11875479999999983 0.8145788 -0.47539600000000015 -0.42872568421052637 -0.05714800000000242 -0.010361999999999316 0.06250252631578938 0.1639080000000004
54 2 1.0135135000000002 1.0151054800000001 1.0175013000000002 0.21892079999999986 0.2209618000000001 0.22219425000000015 0.15595061655061457 0.005589199999999961 0.006154399999999782 -0.0012560000000050309 -0.0032061052631581154 0.0006280000000025154 -0.019467999999998042 -0.002941684210526295 0.0026690000000006986
54 3 -1.7926417000000001 -1.7352110999999997 -1.6905289000000001 -0.011115600000000003 0.002857400000000121 0.013902350000000063 0.1788041679487038 0.08795140000000012 0.16974840000000002 -0.032655999999998686 0.007403789473684182 0.15197599999999922 -0.07017900000000021 -0.04629021052631586 -0.015543000000001195
54 4 1.1458017000000003 1.2045887800000001 1.2610396999999998 0.4243474500000001 0.4489101 0.4525995999999999 0.17597284210348096 0.07115240000000012 0.17226040000000076 0.004396000000004285 0.08415200000000003 0.15417400000000026 -0.017740999999997786 0.03255684210526326 0.06829499999999933
54 5 -0.14542909999999998 -0.12389497999999995 -0.10845559999999999 0.24079090000000014 0.24692959999999997 0.2537277 0.16432882084488212 0.03466559999999985 0.06719600000000003 -0.07504600000000083 -0.027136210526315797 0.010675999999998353 -0.05495000000000139 -0.00014873684210515772 0.04584400000000266
54 6 0.17949809999999977 0.8626553400000001 1.6283412000000004 -0.19059800000000016 -0.011351100000000058 0.017756700000000125 0.3604750172735445 0.1932984000000002 2.0808152000000004 0.6480959999999958 1.0951658947368421 1.5031179999999988 -0.13109499999999885 -0.09785231578947366 0.04678599999999977
54 7 -0.15296510000000008 0.12088372000000003 0.37810310000000014 -0.11837015000000006 0.13344999999999996 0.14089964999999988 0.2825226981786401 0.3975867999999998 1.0775223999999999 0.0018839999999986645 0.567117052631579 1.297448000000001 -0.32373399999999997 -0.20925621052631568 -0.013188000000001754
54 8 0.8625894 1.49729016 2.1368171000000005 0.005361549999999937 0.5171579999999998 0.7545577000000001 0.3560805638920159 0.7915939999999999 1.5521648000000003 -1.2161219999999995 -0.8144498947368422 -0.22764999999999702 -0.7931640000000018 -0.41662842105263154 -0.033911999999998166
54 9 -0.11687080000000016 0.1527766999999999 0.3494349 0.10627330000000001 0.13903919999999992 0.14403179999999988 0.24767381906080566 0.039030200000000015 0.9946264 -0.7576820000000017 -0.5064654736842106 -0.0320279999999995 -0.01868300000000045 0.01986463157894735 0.05196700000000054
54 10 0.4620823999999999 0.4649837600000001 0.46917880000000034 0.14886739999999987 0.15200740000000001 0.15433884999999997 0.1568761385066656 0.008666399999999852 0.011994800000000527 -0.015700000000002934 -0.0024789473684206976 0.024492000000000402 -0.01617099999999927 -0.0020327368421051077 0.009105999999998726
54 11 0.5315863000000002 0.5260787400000002 0.5462972000000001 0.09783454999999996 0.09947519999999987 0.10371419999999992 0.17550395546080574 0.02706680000000028 0.211322 -0.023235999999999812 0.10523957894736853 0.04741400000000118 -0.010518999999998835 0.007816947368421043 0.014444000000001234
54 12 -0.30979239999999986 -0.25286106 -0.19172840000000013 0.20597614999999997 0.21474460000000006 0.22181745000000008 0.17508087882195217 0.038841799999999926 0.17150679999999996 -0.11335400000000107 0.010576842105263218 0.17521200000000015 -0.012873999999999386 0.020211684210526284 0.0469430000000004
54 13 -0.041479400000000055 0.2844369000000001 0.5248196000000002 0.059510850000000115 0.12305660000000007 0.1576437 0.2834689104321433 0.17028219999999994 1.2467055999999999 -0.8374379999999992 -0.6513351578947368 0.03234199999999854 -0.1695599999999997 -0.08421810526315783 -0.000628000000000295
54 14 0.7345715999999999 0.7086603200000001 0.7671962000000001 0.06290990000000007 0.06986499999999995 0.0981328500000001 0.20243213672322616 0.08132600000000001 0.3938816000000003 -0.21728800000000215 -0.20730610526315804 0.032970000000001054 -0.1277980000000012 -0.04280315789473685 0.022921999999999665
54 15 -0.15062580000000014 0.007714979999999904 0.09256720000000007 -0.03421815 0.023644200000000115 0.10475824999999994 0.24972565572641073 0.43077659999999995 0.6437627999999997 -0.7058719999999985 -0.18314463157894725 0.3673799999999994 -0.4355179999999992 -0.176782 0.12136100000000094
54 16 0.7235031000000001 0.7106479400000001 0.7297674000000003 0.3180741500000001 0.32558659999999995 0.3315447499999999 0.17219540826271665 0.025088600000000127 0.17119280000000048 -0.016642000000002266 0.0828959999999999 0.1120980000000027 -0.002982999999999736 0.010973473684210422 0.025276999999999106
54 17 0.8135112000000003 0.8621027 0.8997984000000001 -0.036934249999999946 -0.026658599999999977 -0.019326699999999974 0.1692749914321433 0.03425739999999999 0.11260040000000027 -0.1218319999999995 -0.0584701052631579 0.008164000000003835 -0.008478000000000652 -0.0023302105263157736 0.040192000000001116
54 18 0.5998185 0.6807363000000002 0.7873864000000003 -0.09976565000000004 -0.0873704999999999 -0.08141234999999997 0.2115169166703598 0.039658199999999866 0.5838515999999996 -0.30834800000000273 0.138193052631579 0.2069259999999984 -0.047727999999999104 -0.009948842105263039 0.02464899999999881
54 19 -1.1707804000000002 -0.97881022 -0.8697643 0.13571080000000002 0.1698269 0.1876621 0.253648140025137 0.235657 0.8937695999999999 -0.4581259999999987 -0.4704050526315789 -0.19907600000000247 -0.004238999999999216 0.09203505263157888 0.1830620000000005
54 20 0.11148569999999969 0.38102016 0.6345311999999999 0.004191899999999971 0.027804699999999793 0.05024784999999987 0.24293455074551917 0.1569685999999999 0.8136996000000001 0.11994799999999639 0.42826294736842113 0.7557979999999986 -0.01256000000000368 0.06944357894736844 0.13768900000000084
54 21 0.5708519999999997 0.5774648400000001 0.5822345000000002 -0.022827799999999954 -0.020567000000000002 -0.018337599999999954 0.15923530380284392 0.00973399999999991 0.043269199999999675 -0.04301799999999467 -0.020360421052631326 0.0 -0.013345000000000162 0.0018178947368420243 0.009263000000000465
54 22 0.8018304000000005 0.8965328000000001 0.9693650999999996 0.29042645000000017 0.3997533999999999 0.46469645000000015 0.20152428374551912 0.2732427999999998 0.2589872 -0.036423999999999346 0.11584947368421036 0.17709600000000103 0.0885479999999983 0.14171315789473674 0.17505500000000174
54 23 -0.5145361000000002 -0.41296966000000007 -0.3267798000000002 0.20927314999999996 0.21086670000000007 0.2141479999999999 0.18577542500666552 0.012057599999999669 0.34062720000000013 0.07379000000000024 0.1792774736842106 0.2565379999999995 -0.0017269999999991459 0.0031399999999999558 0.01836899999999808
54 24 -1.1336499 -0.87423252 -0.6220497 -0.02987709999999999 -0.01273269999999993 0.029955600000000082 0.23879780769456374 0.06490379999999996 0.5692820000000001 -0.19311000000000078 0.13303684210526318 0.607276000000001 -0.11115600000000114 -0.006098210526315791 0.05039700000000091
54 25 0.6031469000000004 0.8550690999999999 1.0874919 -0.08152224999999996 -0.059644300000000094 0.11102255000000011 0.22874892457099677 0.2630378000000002 0.5479928000000003 -0.12497200000000319 0.16251978947368448 0.4147939999999961 -0.15401699999999963 -0.11219715789473701 0.06625400000000004
54 26 0.2453596 0.32003507999999997 0.3967860999999998 0.41673294999999994 0.4295990999999999 0.43693884999999977 0.1718713961646272 0.01946799999999982 0.1598887999999996 -0.21006599999999764 -0.0748311578947367 0.024177999999999145 -0.02339299999999933 -0.009139052631578975 0.002197999999997702
54 27 0.6790407000000003 0.8823714 1.0710226 0.22188025 0.24353840000000004 0.25092525000000004 0.2056235708901051 0.030583599999999933 0.5331720000000004 0.1551160000000018 0.2806168421052634 0.3658099999999975 -0.024491999999999292 -0.013849052631578908 0.017741000000001117
54 28 -1.0406431 -1.0230465399999997 -1.0064485 0.47351984999999996 0.5342867 0.5698550499999998 0.18025333551876754 0.2152470000000002 0.03818240000000017 -0.027945999999998694 -0.0074368421052632624 0.05055399999999821 0.03705200000000186 0.1107758947368422 0.17882299999999907
54 29 -0.3199189 -0.27027864 -0.24838969999999994 0.23519385000000004 0.2774190000000001 0.3466324500000001 0.1867462246283217 0.18657880000000016 0.17954520000000018 -0.12874000000000052 -0.09449747368421062 -0.018211999999997452 0.06342799999999982 0.09819936842105272 0.13015300000000063
54 30 -0.18827440000000017 -0.10674116000000003 -0.022027100000000188 -0.1812879 -0.17745710000000003 -0.17181295000000013 0.18564183146399046 0.08123180000000008 0.26413680000000017 -0.06154399999999782 0.11108989473684228 0.24052399999999974 -0.07881399999999927 -0.04210905263157898 0.012246000000000201
54 31 -0.26663309999999985 -0.26387618000000007 -0.26011760000000006 0.06590859999999976 0.06966089999999991 0.07304424999999992 0.15611113784233435 0.011492399999999847 0.007222000000000062 -0.0015699999999996272 -0.0038010526315789797 0.0 0.0 0.006048631578947288 0.013972999999999347
54 32 -0.18015749999999986 -0.16386404 -0.15448800000000007 0.033354649999999986 0.04884270000000002 0.0703595500000001 0.1629998985346911 0.04518460000000024 0.05143319999999951 -0.04741400000000118 -0.027003999999999945 -0.0021979999999999222 0.002041000000001514 0.023103789473684428 0.04207600000000089
54 33 0.014475399999999916 0.4113808200000001 0.7483719000000001 -0.033621550000000056 -0.02918630000000011 0.05586845000000007 0.258745166214309 0.1028036000000001 1.0654648 -0.5491859999999993 -0.5607709473684209 -0.27349400000000523 0.0009420000000004425 0.05131421052631564 0.06641100000000066
54 34 -1.7594833 -1.54953348 -1.4037526999999999 0.1719699500000001 0.18899659999999985 0.29399035 0.2584154196741814 0.4112144 0.7790968 -0.5444759999999982 -0.41005094736842107 -0.11241199999999951 -0.31494199999999917 -0.21642863157894732 -0.04694299999999818
54 35 -0.37384839999999986 0.011241200000000017 0.46836239999999985 0.18444360000000004 0.2811085 0.28398160000000006 0.25712116292768467 0.11247480000000021 1.0448035999999998 -0.037994000000001193 0.3422599999999998 0.34131799999999934 -0.017113000000001932 -0.0482733684210527 0.024177999999999145
54 36 0.1960772999999998 1.0936054800000001 2.0884297 0.2777565499999999 0.32580639999999994 0.4448123999999998 0.41717876829137907 0.21910919999999967 2.7272783999999994 -2.114790000000002 -1.4354096842105257 -0.8393220000000001 -0.21116499999999983 -0.11532063157894719 -0.0422329999999993
54 37 -0.3653704000000001 -0.3549518800000001 -0.34332759999999984 0.3874132000000001 0.39113410000000015 0.39399935000000014 0.16474450917736622 0.04458799999999985 0.06782399999999988 0.0015700000000040681 0.035696842105263096 0.06562599999999863 -0.026690000000001435 -0.023467368421052553 -0.002982999999999736
54 38 0.21174589999999993 0.46006652 0.6729019999999998 -0.2693492 -0.06743149999999998 0.17346145000000007 0.3052047692824618 0.48393680000000017 1.2134216000000002 -0.7881399999999994 -0.6386429473684212 -0.3953260000000025 -0.0012559999999994798 0.2533814736842106 0.4639350000000009
54 39 -0.07790340000000007 0.22813042 0.6063811000000001 0.1593864000000001 0.17205630000000016 0.19185399999999997 0.23245966859647463 0.042013200000000195 0.8307184000000007 -0.6311400000000011 -0.4314360000000001 -0.07504600000000083 -0.035168000000000976 -0.0037845263157895567 0.04050600000000126
54 40 -0.008321000000000023 0.36030244000000006 0.6922444000000001 0.09520479999999992 0.15897819999999996 0.32987269999999996 0.23908164203787582 0.24416640000000012 0.7131568000000001 -0.03453999999999846 0.3560429473684212 0.5093080000000016 -0.08948999999999985 -0.12326978947368421 -0.00015700000000173908
54 41 1.1306041000000004 1.13528584 1.1605753999999997 0.20437475 0.21568660000000017 0.21944675000000002 0.1685820174901051 0.027129600000000087 0.07234560000000112 -0.062485999999997155 -0.03807663157894796 0.03359799999999691 -0.0014130000000001086 0.009866210526315925 0.028888000000000247
54 42 -0.2206635 -0.16056390000000004 -0.18075410000000014 0.11979100000000015 0.12398290000000001 0.12763314999999997 0.20208680289838532 0.05878080000000008 0.42854720000000013 0.00031399999999903727 0.2255511578947369 0.09263000000000021 -0.030143999999998616 -0.030937263157894777 0.0015700000000007375
54 43 -0.12459520000000024 0.1012493000000001 0.3319451000000002 -0.026258249999999983 0.023204599999999798 0.04243709999999995 0.2346264005722708 0.07335039999999982 0.8302788000000003 -0.5381959999999975 -0.43698884210526334 -0.3237340000000022 -0.005651999999998214 0.03784526315789463 0.08273900000000056
54 44 -0.2275087 -0.19589832000000001 -0.17945099999999992 -0.0859261 -0.08234649999999999 -0.07683580000000007 0.17235395720411784 0.055421000000000165 0.1457588000000003 0.003454000000000512 -0.016658526315789585 0.08415199999999956 0.0018839999999997747 0.02554968421052628 0.036738000000000604
54 45 0.7258581000000001 0.7443244400000001 0.7655947999999999 -0.03772709999999996 -0.03724039999999995 -0.036000100000000035 0.16214756797736626 0.0030144000000000837 0.08308440000000061 -0.055264000000003755 -0.04372863157894769 -0.03359799999999913 -0.009105999999999836 -0.0006114736842106382 0.008477999999998431
54 46 0.10902080000000014 0.13113268 0.13093799999999978 0.17452119999999982 0.17582430000000004 0.17739430000000012 0.17171530872577384 0.005651999999999546 0.18645319999999987 -0.11461000000000165 -0.09538989473684203 0.0 -0.0050240000000001395 0.001470842105263323 0.010676000000000574
54 47 0.13071819999999978 0.47257627999999985 0.7126229999999999 0.15874270000000007 0.17948240000000004 0.19189325000000018 0.2242434456983855 0.05981700000000001 0.7168619999999999 -0.3720900000000005 -0.3593482105263154 0.0015699999999996272 -0.03846499999999975 -0.018625157894736885 -0.004238999999999216
