57 0 -0.10795319999999986 -0.07674473999999998 -0.062391799999999886 0.07331899999999991 0.07528149999999989 0.0781624500000001 0.16964113074679296 0.01877719999999994 0.1529180000000001 -0.16767600000000105 -0.07572357894736859 0.0009419999999993323 -0.024962999999996738 -0.009205157894736783 0.012874000000000496
57 1 -0.3319137000000002 -0.2371108200000001 -0.16043830000000014 -0.1987620000000001 -0.18849419999999995 -0.18109165000000005 0.1911304723932898 0.08229940000000013 0.31205320000000025 -0.3130580000000016 -0.12741789473684223 0.006279999999998509 -0.03673799999999949 0.0433154736842106 0.03972099999999923
57 2 0.9531313000000001 0.9937001000000001 1.0207354999999998 0.25528984999999993 0.3299198 0.39815985 0.18729280505953183 0.23239139999999958 0.07523439999999937 -0.07473199999999736 0.03136694736842141 0.12905400000000178 -0.14820799999999967 -0.12231126315789452 -0.10361999999999871
57 3 -0.5459204000000001 -0.34076535999999996 -0.22231199999999995 -0.16741695000000006 -0.1506415000000001 -0.10376129999999995 0.24648082408246183 0.1342350000000001 0.8739248000000002 -0.8770019999999978 -0.3022332631578946 0.321222000000001 -0.21320599999999912 -0.06390726315789466 0.05699100000000179
57 4 0.10274079999999997 0.64705038 1.3423813999999998 -0.010597499999999871 0.10903649999999998 0.6318857499999999 0.34661472165061463 0.6689769999999999 1.503432 -1.1445299999999992 -0.7912800000000001 -0.20943799999999735 -0.4502760000000017 -0.3300801052631579 0.12701299999999915
57 5 0.04381869999999999 0.04703092000000002 0.05162160000000027 0.1643947 0.1686337 0.16912825000000004 0.1575576304251369 0.007316199999999773 0.024743199999999632 -0.0012560000000028104 0.008990315789473466 0.027945999999998694 -0.014443999999999013 0.0022145263157893453 0.014286999999999495
57 6 -0.23061730000000014 -0.06424126000000008 0.11296150000000005 -0.19404415000000003 -0.14145700000000005 -0.12742904999999993 0.22712438659010512 0.17226039999999987 0.4751447999999998 -0.6270580000000003 -0.2500762105263157 0.13596200000000058 -0.1634369999999996 -0.08843231578947368 -0.017112999999999712
57 7 0.05896920000000039 0.061123240000000044 0.06261160000000032 -0.2340241999999999 -0.2256247 -0.22281440000000008 0.15720927841367188 0.024617599999999795 0.005400799999999428 -0.0006279999999980745 -0.0005618947368422523 0.0097339999999968 0.0 0.012956631578947261 0.020566999999999114
57 8 0.2948617000000002 0.48395877999999987 0.6959339000000002 -0.8279473500000001 -0.7271926 -0.4809381 0.33900662384742997 0.7981566 1.2637871999999999 -0.8810840000000009 -0.6651511578947368 -0.45529999999999626 -0.6005250000000006 -0.2989610526315789 0.154802
57 9 -0.18015749999999986 -0.08638768000000001 0.009011800000000014 0.003116449999999993 0.015370299999999948 0.022929850000000085 0.20943009568564644 0.2895079999999999 0.29955599999999993 -0.2634460000000005 -0.0010907368421051913 0.2518279999999984 -0.0638990000000006 -0.15237263157894732 0.027631999999999657
57 10 0.04571840000000005 0.04650339999999995 0.05212400000000006 0.20686319999999997 0.21351999999999982 0.21637740000000016 0.15941307522258932 0.02198000000000011 0.03234200000000076 -0.013187999999999533 0.013584631578947556 0.029516000000002762 -0.001569999999998517 0.007007157894736861 0.026689999999998104
57 11 -1.5546454 -1.3305184799999998 -1.2169227 -0.17330445 -0.08721350000000005 -0.044587999999999905 0.2657280564206785 0.21402240000000017 0.6976452 -0.21100800000000142 0.36718168421052627 1.0318040000000006 -0.1844749999999984 -0.10137242105263163 0.09702599999999895
57 12 -0.012136099999999872 0.045344740000000085 0.10938190000000014 0.1713419499999999 0.1759499000000001 0.17745709999999998 0.1750826185149459 0.02741220000000011 0.1655408000000005 -0.14224200000000353 -0.08712673684210552 -0.06625400000000115 -0.006907999999999914 0.014163052631579114 0.034068999999999905
57 13 -0.25758990000000026 -0.21109906 -0.1527609999999998 -0.13276705 -0.08330420000000005 -0.0046393499999999865 0.18905840864934073 0.17791239999999986 0.14261880000000016 -0.2169740000000009 -0.07506252631578955 0.04615800000000059 -0.12952500000000033 -0.0831604210526316 -0.0259049999999994
57 14 -0.12657339999999995 -0.09772621999999997 -0.07276949999999993 -0.29549755 -0.2774346999999999 -0.2652829000000001 0.16928245322450003 0.02314179999999988 0.1207016000000003 -0.10990000000000055 -0.02925157894736849 0.06374199999999997 -0.03234200000000076 0.0025119999999998945 0.04914100000000032
57 15 0.0014600999999996311 0.004634639999999912 0.007975599999999972 -0.15209374999999997 -0.14715610000000012 -0.14568030000000004 0.15656498772768473 0.007222000000000062 0.011994800000000083 -0.016327999999998788 -0.006313052631578991 0.000628000000000295 -0.01491499999999979 -0.003751473684210477 0.014286999999999495
57 16 -0.27220659999999974 -0.02637913999999999 0.22372499999999973 0.17506284999999988 0.18025170000000001 0.18463984999999994 0.2183787660875573 0.015354600000000218 0.7064371999999999 -0.5115059999999971 -0.3718090526315789 -0.1855740000000039 -0.0037679999999995495 0.007965684210526435 0.021352000000000038
57 17 0.003092900000000287 0.01428071999999998 0.02348719999999993 -0.09044770000000008 -0.08770020000000012 -0.08590254999999991 0.16318385663086946 0.02000179999999996 0.07014759999999987 -0.07064999999999433 -0.03691978947368414 0.0 -0.02119500000000163 -0.010527263157894715 0.013973000000000457
57 18 -0.0728165999999999 -0.06001482 -0.0489212 -0.2510744 -0.24714940000000007 -0.24386025000000006 0.16071316179456363 0.013093800000000044 0.043394799999999734 -0.004082000000000807 0.02247578947368425 0.056206000000000866 -0.027789000000000286 0.0015204210526317088 0.02841700000000058
57 19 0.03931280000000026 0.04074150000000012 0.04220159999999984 -0.1186292000000001 -0.11720049999999993 -0.11683940000000004 0.15547497281813052 0.00298300000000018 0.00565199999999999 -0.00031399999999903727 0.0 0.0 -0.00047099999999966613 0.001454315789473783 0.007065000000000543
57 20 -0.11774999999999991 -0.06948191999999997 -0.008116899999999871 0.16080725 0.16678110000000002 0.18398830000000022 0.17434279597672936 0.04672320000000019 0.1694344000000001 -0.14789400000000175 -0.08917600000000005 0.0031399999999992545 -0.04804200000000036 0.001983157894736722 0.05934599999999901
57 21 -0.3386176000000001 -0.33506939999999996 -0.3373773 -0.060602000000000045 -0.0589535000000001 -0.05893780000000004 0.15848873510475475 0.0027946000000000915 0.041134000000000004 0.0 0.021649473684210527 0.0056520000000004345 -0.0003140000000012577 -1.6526315789423013e-05 0.0015700000000007375
57 22 -1.7817302 -1.72949002 -1.6613426 0.10817300000000002 0.2753937000000001 0.30833230000000017 0.1937661143194044 0.2519535999999998 0.19141439999999998 -0.14098600000000072 -0.07906189473684208 0.04364599999999941 0.03972099999999923 0.13260715789473673 0.17191500000000137
57 23 0.0760822000000001 0.07751717999999994 0.07875120000000013 0.24275340000000006 0.24655280000000013 0.24716510000000008 0.15583354315316242 0.00973399999999991 0.0033284000000004532 -0.002511999999996739 -0.001751789473684449 0.0 0.0 0.005123157894736795 0.013502000000000791
57 24 -0.27318 -0.25229586 -0.2334119 -0.16868865 -0.16386089999999998 -0.1619141 0.160982872945519 0.013721799999999895 0.04672320000000019 -0.000628000000000295 0.02459115789473694 0.04929799999999984 0.000628000000000295 0.007106315789473633 0.015699999999999603
57 25 0.032420500000000296 0.03619477999999998 0.04297089999999992 0.0356704000000001 0.04105550000000002 0.04647199999999985 0.15911925824360829 0.01246579999999975 0.025057200000000446 -0.027631999999999657 0.010279368421052903 0.04207599999999978 -0.007849999999999246 0.003387894736842119 0.024335000000000884
57 26 0.41947259999999975 0.7557791600000001 1.1307925000000003 0.43098855000000014 0.44548750000000004 0.46595244999999985 0.27284726018692035 0.04857580000000006 1.0480692000000005 -1.0176740000000017 -0.5516153684210529 -0.15605800000000336 -0.05071100000000106 -0.006990631578947321 0.0298300000000018
57 27 -0.2455794 -0.20377344000000003 -0.17139689999999996 0.06597140000000007 0.06849909999999981 0.0693861500000002 0.167907075880551 0.005463600000000346 0.14086040000000022 0.03140000000000143 0.07413705263157906 0.1108420000000021 -0.013188000000000644 0.0001487368421052746 0.016641999999998935
57 28 -0.3275962000000001 -0.3079586400000001 -0.2875454999999999 -0.4727426999999999 -0.42597240000000003 -0.32267424999999994 0.21565800492004142 0.4378101999999999 0.24071240000000005 -0.17332799999999926 -0.08177221052631586 0.03611000000000031 -0.48983999999999916 -0.16840315789473695 0.12073300000000065
57 29 -0.17142829999999998 -0.13565113999999998 -0.10573949999999988 0.02494730000000006 0.037397399999999914 0.07060290000000008 0.17360230309328983 0.05388240000000022 0.1092092 -0.011617999999999906 0.05747852631578948 0.12026199999999987 -0.052751999999999244 -0.014146526315789457 0.05086799999999836
57 30 0.07572109999999976 0.07779978000000001 0.0796304000000001 -0.26786555 -0.26421530000000004 -0.2620958 0.1557808279162198 0.010330600000000079 0.004584400000000155 0.0 0.0024128421052632396 0.0009420000000015527 0.0 0.005437157894736883 0.014600999999999642
57 31 0.05813709999999994 0.06320505999999997 0.08215810000000012 -0.17314745000000004 -0.1638138 -0.15031965000000003 0.1693676798665382 0.08515680000000003 0.08371239999999958 -0.026689999999998104 0.02974736842105258 0.07912800000000386 -0.09828199999999954 -0.027202315789473606 0.028888000000000247
57 32 0.07061860000000031 0.07839638000000011 0.09278700000000006 -0.42075215000000005 -0.4081215 -0.35644494999999987 0.1740862620869204 0.15194459999999999 0.06970800000000033 -0.08540800000000237 -0.03668842105263175 0.0034539999999982918 0.029044999999999765 0.07997084210526315 0.14538199999999835
57 33 -0.13958870000000012 -0.04055310000000003 0.08196969999999992 -0.030332400000000037 -0.026171900000000026 -0.020417850000000015 0.19308388127991397 0.0465662 0.32078240000000013 -0.44462400000000013 -0.07658294736842115 0.22419599999999873 -0.039093000000000044 -0.020310842105263172 0.019310999999999634
57 34 -0.2844526000000003 -0.08196970000000008 0.12165929999999958 0.09993050000000003 0.1439847000000002 0.18452210000000008 0.21953403944233432 0.12547439999999987 0.5601132 -0.10456199999999471 0.2477294736842106 0.573992000000001 -0.06829500000000155 0.05359484210526327 0.15621500000000066
57 35 -0.08083929999999995 0.13213748000000003 0.30501960000000006 -0.12720140000000002 -0.11245910000000003 -0.09669630000000007 0.21513823935188864 0.2363478000000001 0.4404792000000004 0.03485400000000194 0.21233010526315807 0.3183960000000008 -0.0748889999999991 -0.09707557894736833 0.05102499999999899
57 36 -1.1789758000000004 -1.03908566 -0.8427603 0.65640915 0.7665054 0.9650475999999999 0.2517531865811879 0.5840086000000002 0.5262639999999998 -0.41981799999999847 -0.265016 -0.05557799999999946 -0.38606300000000093 -0.3073729473684212 -0.22325400000000162
57 37 -0.25223620000000024 -0.23886294000000002 -0.2286705 -0.04790070000000002 -0.04457230000000001 -0.04095345 0.15971129669265277 0.0170188 0.028197200000000144 0.00031399999999903727 0.007370736842105103 0.03485399999999972 -0.01868299999999934 -0.004346421052631576 0.012559999999999238
57 38 -0.17935679999999998 -0.13437630000000003 -0.09655500000000006 0.12220094999999992 0.1246737 0.12728775000000014 0.17023641713978654 0.01953079999999985 0.1180011999999997 -0.10990000000000055 0.021186736842105282 0.15071999999999974 -0.01962500000000089 -0.005156210526315757 0.012089000000000683
57 39 0.12335489999999993 0.27400582000000007 0.4655520999999998 0.09942809999999996 0.10134349999999992 0.11852715000000003 0.21707315636781202 0.20193340000000015 0.49279160000000033 -0.3959540000000006 -0.25936400000000015 -0.16390799999999928 -0.02857400000000121 0.08957263157894738 0.08760600000000007
57 40 -0.1480353000000001 -0.09470868000000003 -0.056111800000000045 0.0343123500000001 0.09347780000000006 0.10559819999999992 0.17676327191940447 0.08211100000000005 0.13137759999999998 -0.16171000000000157 -0.06914610526315788 0.04050599999999793 -0.06201499999999971 -0.04321631578947371 -0.012246000000000201
57 41 0.25787249999999984 0.25849736000000006 0.26137359999999976 0.03403759999999978 0.03724039999999995 0.03879469999999996 0.15663340404997778 0.009294400000000369 0.015260400000000285 -0.014443999999995683 -0.00803178947368436 0.0003139999999968168 -0.002825999999999107 0.004891789473684405 0.011932000000003384
57 42 -0.28595979999999976 -0.25383759999999994 -0.2260957 -0.02813440000000006 -0.01973489999999989 -0.01595120000000011 0.17564501132577387 0.04496480000000003 0.19430320000000023 0.021666000000000185 0.10226484210526328 0.13376399999999844 -0.013187999999999533 0.015650421052631508 0.05118199999999962
57 43 -0.26482759999999983 -0.17558565999999998 -0.07931639999999995 -0.15915089999999993 -0.1575495 -0.1544723 0.17815658261940437 0.015574399999999988 0.24730639999999982 0.042703999999997855 0.12222863157894752 0.20190199999999825 -0.010518999999999945 0.008180526315789518 0.014443999999999013
57 44 -0.5539587999999999 -0.30594590000000005 -0.06736870000000006 -0.28527685 -0.2793658 -0.27544080000000015 0.22325902214360827 0.013093800000000044 0.7514020000000001 -0.6955100000000014 -0.3720404210526315 -0.10550399999999627 -0.028888000000000247 0.0021649473684209595 0.03611000000000031
57 45 -0.07703989999999994 -0.01879917999999998 0.053803899999999905 -0.12326854999999998 -0.12137669999999989 -0.12006575000000008 0.1810122542862835 0.01083299999999987 0.28831480000000065 0.042704000000002296 0.1454315789473685 0.2524560000000009 -0.012559999999998128 0.003982842105263218 0.015385999999999456
57 46 0.3022878000000001 0.31556372 0.3282242000000004 -0.32322375000000003 -0.32232099999999997 -0.3170300999999999 0.16869708107736622 0.08575339999999998 0.04659760000000013 0.0006280000000025154 0.024525052631579013 0.046472000000001845 -0.013501999999999681 -0.04513336842105262 0.02621900000000066
57 47 -0.6404030000000001 -0.28312751999999997 0.012795500000000182 0.004341050000000124 0.01871440000000013 0.06831854999999998 0.26693819704679295 0.1631229999999999 1.1079176 -0.732248000000002 -0.5831145263157893 -0.40663000000000116 -0.15731400000000062 -0.06941052631578948 0.023079000000000294
