68 0 -0.0332904411764711 0.17715502450980242 0.35941176470588176 0.05 0.06 0.09812499999999749 0.23504470415615628 0.060000000000000005 0.8241176470588233 -0.8235294117646972 -0.42585139318885795 -0.0666666666666864 -0.07499999999998894 -0.0013157894736859647 0.049999999999999975
68 1 0.057343750000000346 0.13699264705882327 0.2325 0.05 0.06 0.08 0.18100729371167026 0.039999999999999994 0.26 -0.1968750000000069 -0.1368421052631579 -0.09999999999999981 -0.02647058823531133 -0.015789473684210523 0.0
68 2 0.03720588235293878 0.08959967320261376 0.12 0.0775 0.0903124999999993 0.1 0.1829735237984356 0.039999999999999994 0.28 -0.2240808823529224 -0.14736842105263157 0.0 0.0 0.0 0.0
68 3 -0.46 -0.3373470179738568 -0.28151041666666654 -0.19 -0.18 -0.1404166666666657 0.22142782425500634 0.12 0.6412500000000017 -0.5005106209150136 -0.31644736842105353 0.0 -0.10114379084967859 -0.05789473684210527 0.0
68 4 -2.02 -1.8233838585434186 -1.6580698529411781 -0.8463235294117676 -0.6422500000000019 -0.2796874999999996 0.312395134810348 0.6549264705882375 1.0187499999999983 -0.8719642857142318 -0.49407894736842006 0.050000000000001155 -0.4772549019607622 -0.34469814241486185 -0.20000000000000018
68 5 0.12437499999999918 0.22572843137254933 0.33044117647058835 -0.0017647058823523879 0.01 0.03 0.19166425937813972 0.05 0.37 -0.09999999999999981 0.13157894736842102 0.3168627450980367 0.0 0.02631578947368421 0.05
68 6 0.01 0.09485069444444413 0.1759722222222213 -0.01 0.0 0.0 0.1818630193306176 0.03 0.27999999999999997 -0.26493055555558687 -0.14736842105263157 0.0 0.0 0.015789473684210527 0.038235294117621235
68 7 -0.06878472222222565 0.1359639297385612 0.319447916666665 0.08 0.09 0.11 0.22198017862133843 0.04999999999999999 0.7141176470588233 -0.49852941176469834 -0.37585139318885435 -0.28055555555555456 -0.049999999999999975 -0.026315789473684206 0.0
68 8 -0.14781250000000373 0.2248674836601296 0.49241176470588394 -0.1625 -0.1518421052631575 -0.13 0.2334138320340596 0.05000000000000002 0.64 -0.9856617647058864 -0.3315789473684211 0.09999999999999995 0.0 0.026315789473684223 0.10000000000000009
68 9 0.11 0.11881249999999961 0.1225 -0.32 -0.32 -0.32 0.15982016461114068 0 0.06062500000000305 -0.08437499999997496 -0.0319078947368437 0.0 0.0 0.0 0.0
68 10 -0.1775 -0.12874080882352984 -0.0975 -0.05927389705882219 0.11 0.1625 0.20005495589038963 0.26 0.24588235294117672 -0.25000000000001354 -0.10835913312693514 0.0 0.017647058823547848 0.13684210526315788 0.18529411764704773
68 11 -0.27 -0.13982818627451055 -0.0005882352941174625 0.11808823529411747 0.2117647058823548 0.2831944444444448 0.2202030365723456 0.30735294117647405 0.44000000000000006 -0.34816176470590027 -0.23157894736842108 -0.10000000000000009 0.11176470588237036 0.16176470588235473 0.2125000000000113
68 12 -0.175 -0.05902696078431402 -0.013235294117648348 0.03376838235294178 0.08906249999999985 0.125 0.2195779641122648 0.10812499999999972 0.53 -0.30294117647058594 -0.1736842105263158 0.20000000000000004 -0.10000000000000009 0.006250000000000155 0.23124999999999732
68 13 -0.4833333333333343 -0.21666462418300741 -0.13651654411765088 -0.1525 -0.09382352941176766 0.04 0.30055937994227466 0.3905882352941164 1.2411764705882329 -1.1941176470587964 -0.4391060371517001 0.16562499999998745 -0.3058823529411617 -0.08452012383900864 0.10000000000000009
68 14 -0.09194444444444379 0.07890671420083165 0.21 0.09 0.09 0.09 0.18303582199969937 0.002941176470589224 0.31 -0.2838383838383831 -0.15789473684210523 0.011111111111124297 0.0 0.0 0.0
68 15 -0.4515000000000012 -0.30238104575163355 -0.165 0.057499999999999996 0.11 0.1835937499999987 0.21108509399141565 0.19 0.45352941176470957 0.10000000000000009 0.23869969040247868 0.34264705882355884 -0.1718749999999738 -0.1 0.0
68 16 -0.08499999999999999 0.01073075980392132 0.08453125000000104 -0.03 -0.02 -0.015 0.19494893670533 0.048921568627453685 0.3983333333333334 -0.30000000000000004 -0.20964912280701756 -0.09999999999999995 0.0 0.0008771929824561431 0.05294117647060175
68 17 0.06999999999999704 0.10455514705882321 0.14 -0.1516176470588226 -0.13 -0.075 0.1835524060489004 0.19 0.12235294117646985 -0.10000000000000009 -0.06439628482972097 0.0 0.0 0.1 0.1972222222222288
68 18 -0.062187500000000694 -0.052551470588234714 0.015 0.008088235294117462 0.08499999999999999 0.11 0.2162096920780733 0.22 0.4764705882352904 -0.10000000000000002 0.18235294117646864 0.15 0.0 0.09473684210526313 0.2527573529411687
68 19 0.06 0.19610032679738515 0.38156249999999986 -0.02 -0.02 0.0075 0.202084583440392 0.07 0.47000000000000003 -0.3500000000000002 -0.23684210526315788 0.0 0.0 -0.036842105263157905 0.0
68 20 0.2527777777777782 0.33149673202614405 0.4425 -0.14 -0.14 -0.08 0.19151987934124523 0.08000000000000002 0.31999999999999995 0.052941176470581996 0.15789473684210528 0.2500000000000001 -0.0029411764706017973 0.03157894736842106 0.10000000000000002
68 21 0.48 0.48581250000000004 0.49 -0.08 -0.08 -0.08 0.15798893540305897 0.009999999999999995 0.030000000000000027 0.0 -0.01578947368421054 0.0 0.0 0.005263157894736839 0.0
68 22 -0.25 -0.23456985294117588 -0.2266176470588233 -0.045 -0.02 -0.01 0.17450636996370253 0.09000000000000001 0.12625000000000391 0.0 0.0664473684210547 0.1176470588235344 0.0 0.04736842105263159 0.09999999999999999
68 23 -0.32533088235294255 -0.0064481209150336945 0.25652777777777713 -0.17187499999999944 -0.135 -0.10328125000000127 0.23794116292056838 0.1 0.805294117647058 -0.6176470588235479 -0.42383900928792534 -0.26805555555554805 -0.10000000000000009 0.005263157894736839 0.10000000000000009
68 24 -0.042343750000000346 0.00900694444444424 0.08 0.03 0.03 0.05 0.17124933713785997 0.039999999999999994 0.15 -0.09999999999999999 -0.07894736842105261 0.0 0.0 -0.021052631578947368 0.0
68 25 0.17750000000000002 0.21518300653594769 0.26 0.04 0.04 0.1 0.17242793151651659 0.09 0.11333333333333337 -0.10000000000000009 -0.05964912280701756 0.0 -0.09999999999999995 -0.042105263157894736 0.0
68 26 -0.05750000000000001 0.04573345588235264 0.15828124999999937 -0.11 -0.1 -0.09328124999999937 0.18546641293764454 0.03 0.32 -0.22500000000001125 -0.16842105263157894 -0.1 0.0 0.010526315789473679 0.021874999999995856
68 27 -2.3997058823529427 -1.3127374999999952 -0.3585098039215612 0.12 0.13 0.14426470588235238 0.39693813116724 0.042352941176469844 2.530294117647063 0.48382352941175444 1.3317337461300331 1.8911764705882403 -0.09999999999999995 0.006656346749225223 0.0676470588235134
68 28 1.6395588235294136 1.9297704063927708 2.1735294117647115 0.2 0.22 0.2325 0.30693176796299226 0.21000000000000002 1.5189999999999977 0.502430555555553 0.7994736842105251 1.0415601023017684 0.0 0.1105263157894737 0.20000000000000004
68 29 -1.0025 -0.8070404411764699 -0.7073529411764676 0.0 0.0 0.01 0.23605618832350891 0.044705882352943885 0.7022058823529449 -0.11470588235292511 0.3695820433436552 0.9231617647058621 0.0 0.023529411764707308 0.09852941176470831
