7 0 -0.47682361227759895 -0.4215490348667589 -0.3665580734593689 0.20078893124598457 0.22497919467870456 0.23117075020017458 0.1775786196421281 0.07536331710083638 0.18226473378636 -0.14643312424279992 -0.0002572064160842529 0.14791665410699983 0.007853981634000085 0.0396649037372823 0.058992128717599984
7 1 -0.48860473017212147 -0.4587116034084916 -0.4359743265780615 0.4353926956048325 0.5017893836740425 0.5810796915924025 0.1967415318926456 0.22830651945412 0.2448696940556 -0.09180431865520006 -0.06936305885185261 0.07688175355060001 -0.1890191579915998 -0.000688945757368448 0.24940755011080062
7 2 -0.1029849948063258 -0.08598374256259379 -0.07476738412461578 0.12829192959065205 0.13541723626194205 0.16967804947870205 0.1627122329581317 0.04778711491976001 0.04546582701459999 -0.005497787143800004 0.020328492814084213 0.0370009801423999 -0.03874630939440016 -0.02060407111703158 0.002443460952800125
7 3 -0.11371552145430722 -0.1047646003854252 -0.09489214547148722 0.41435696935157995 0.4220975045842 0.43113831010955994 0.16126849681805117 0.030613075080080043 0.027366762671359984 -0.018151424220799947 0.008451067957052631 0.03551745027819998 -0.011170107212800096 0.011160921269368424 0.023823744289800386
7 4 0.01694816514564452 0.022315925260133866 0.030195214168272158 -0.0630496798590008 -0.04920049224438079 -0.038266004480600795 0.1589803228896147 0.024399702942959997 0.01989675347274764 -0.015882496193199997 -0.010471975511972442 -0.0013089969390000025 -0.005148721293400035 0.012667415992147366 0.027052603406000006
7 5 2.6068936324425267 2.6727291971572185 2.7489198003240265 -0.04227420158905115 0.08608603824928884 0.13367244030506886 0.20226794944184617 0.22830651945412 0.18069393745955953 -0.2396337062995979 -0.050467573213094655 0.1289798317227997 -0.020507618711000097 0.11521928846229475 0.22279127901780008
7 6 -0.31034402409688394 -0.289888765263444 -0.26263981231659395 0.3999729352829885 0.40264765236167854 0.41050599731880855 0.16841219914122216 0.042219514605880026 0.08403760348380002 -0.019373154697200357 0.04141941893298946 0.06527531402479997 -0.051487212934000215 -0.018702580826694754 0.021903882112600248
7 7 -0.30380180283928454 -0.24859703859855942 -0.18598771500615452 0.37241651349899607 0.4999128153575961 0.5943176745982761 0.19947892389211974 0.26000169867044 0.19434241221002546 0.015446163880200314 0.10228548011053973 0.1720894642471997 -0.2500184153490001 -0.13684299930023155 -0.0485201532056001
7 8 -0.6056738533034379 -0.4733883679773151 -0.37128922472922793 0.2428270285731685 0.3898666547310385 0.4319596329661485 0.23008116969232478 0.19893262814296006 0.3975685503130799 -0.28483773392639966 0.08918632477756745 0.5237733085286909 -0.13404128655360031 -0.10470138323313688 -0.006283185307200123
7 9 -0.05277361755553779 -0.04370314143288681 -0.04009380053975779 0.1240561609400942 0.1283060376687142 0.1324686479347342 0.16309951898134958 0.044715335436239984 0.04668755749106981 -0.00523598775600001 0.024572398679510426 0.04406956361334909 -0.004799655442999928 0.023534387071705253 0.04380776422519994
7 10 -0.311097133669122 -0.26993005260219793 -0.23229115461819197 0.00978993962540901 0.0307033473874641 0.0458615319410841 0.1765452637957339 0.0746128255229616 0.10246828038491998 0.007592182246199952 0.0539306738868 0.08770279491299993 -0.0966912405607825 -0.004170418317936838 0.07129669994419999
7 11 0.7313607335400376 0.806681290074776 1.0727864051394076 -0.6204434596914534 -0.4735041899655734 -0.42557744870565345 0.3079827112266624 0.54159312018812 1.2439136111923965 0.1733984611861994 0.6525326776053665 0.48493973266820034 0.0561996019144001 0.28504901062532634 0.29330258079860005
7 12 -0.054121157182127955 -0.0423916719440602 -0.023717521612287948 0.26558224351018744 0.27385946748779744 0.32833555676584747 0.1725940594526449 0.11407471991071999 0.08262388678969745 -0.05593780252659993 0.027539458407873686 0.08735372906268726 -0.006195918844600079 0.05683343201117895 0.0877027949130002
7 13 -0.2245450925090255 -0.20843483084845701 -0.19610495234768555 0.2992219134385139 0.316177787121694 0.32184138054443395 0.1635891256719797 0.03234095103956003 0.039828413530465484 -0.030106929597000093 0.020962322910771308 0.056897733615200174 -0.0021816615649999926 0.017021553178715804 0.034033920413999996
7 14 -0.679617587463585 -0.6058652092618211 -0.557837238905285 0.6218589217148254 0.6693013341073154 0.7115993885295355 0.19290214755231808 0.17702874603036 0.25877996819404003 -0.22593287167140014 -0.06761772959985263 -0.010471975512000298 0.037437312455399496 0.059267707020547414 0.14477506145340158
7 15 -0.9331823179273706 -0.5113362377191827 0.018139934136576573 0.06561681678183284 0.12049433178784284 0.15795346085889284 0.30038915100870994 0.19755381803440364 1.4616608886719162 -1.1114256676733394 -0.7692952045641664 -0.40020399748359886 0.045640359939800035 0.1039756937023177 0.14529866022900004
7 16 0.059793628950957745 0.08455112439057774 0.10895955397979773 0.529045007934264 0.6124542928873441 0.708888097383474 0.18056915320766537 0.2193878869764 0.07637560806752 0.0036651914291999793 0.03764399618261052 0.05506513790060008 0.029932396671799588 0.1132259387376421 0.17933258064300017
7 17 -0.13363714528321569 -0.10356774026513023 -0.08467193311835572 0.598105378782511 0.6397794779971411 0.641319731062031 0.17788702804882617 0.14409438304512 0.11767009816990982 0.004450589592600029 0.061931630615742014 0.08019787912940002 -0.10227629416719952 -0.0758391489711158 0.0007853981633992868
7 18 -0.690875882285367 -0.5926286806964092 -0.540467770671137 0.295777845528493 0.303627463839363 0.33361222038872307 0.20114869108896927 0.11124728652248 0.41825070194928005 -0.3585778948234 -0.21706384328821057 -0.015184364492399904 -0.10175269539159981 -0.047252493012042096 0.0333357887132002
7 19 -1.1650349585709976 -0.6601199326136662 -0.2874746840191375 0.24060774546573857 0.2690042523957786 0.43833173310168855 0.2952352620760719 0.2525491427644 1.2292353921834256 -1.0394308360286 -0.03231614899220286 0.7083418769242009 -0.008290313947000028 0.13292060145494736 0.25062928058720013
7 20 -0.24951013668611097 -0.1658643596192382 -0.0663683749502719 0.02990001111782421 0.0441288078447542 0.0530474403224742 0.18557849232912257 0.02693043035836 0.313426227074544 -0.23134339235259996 -0.1612133072244126 -0.05349434157379998 -0.018413223608600027 0.008028514559199998 0.032550390549799996
7 21 -0.21752382685350805 -0.18762371877300968 -0.15629767669369712 -0.06386096707291396 -0.04683528021965395 -0.044815061610463953 0.16605441778963623 0.051923545247000005 0.07895869536013095 -0.054716072050199904 -0.038838168828532076 -0.01108284075020019 -0.00436332313000002 0.02732818170894737 0.04808382089260002
7 22 -0.18901789747641695 -0.17598377862228895 -0.16206128717892793 0.5458252527354296 0.5492897313006495 0.5609528940271395 0.1686275960319577 0.11060151469924001 0.03567452991122905 -0.021380283336999845 0.004528670111768417 0.04590215932760003 0.0 0.057797956071494704 0.07461282552300108
7 23 -0.5052983196534325 -0.41873784273586656 -0.3489953584905725 0.26288944288138594 0.2817782687111559 0.30074127103413595 0.19414205153514433 0.09526007057415997 0.28516934648427994 0.06483898171180003 0.15008912972856842 0.2243620753445999 -0.12226031410260019 -0.030203382003031565 0.01745329251999994
7 24 -0.5660388319492236 -0.3868694395912943 -0.22063817297842353 0.5738870443013879 0.6218268755306979 0.6880708472903581 0.21148290541088127 0.08639379797399993 0.2686585317601855 0.024521875990600184 0.14139922724220289 0.3615449545517993 -0.2668608426308 -0.042631963465957885 0.15254177662479995
7 25 -0.6300727805435385 -0.5477621803545926 -0.5010929488207385 0.12512662954810388 0.1381642390605439 0.1510491322634339 0.19781586999593814 0.042097341558240006 0.42776274637267997 -0.3502875808764003 -0.20324818436711575 -0.0938114472950008 -0.02905973204579998 0.008726646260183712 0.04459316238859992
7 26 -0.19063717517171594 -0.1673562282790087 -0.1459349297041678 0.4113135514684049 0.41627028654408493 0.4275974733895649 0.16933263959775854 0.05569345643132001 0.09793042433041814 0.009773843811200084 0.051542328594956915 0.0911934534204907 -0.0022689280276003143 0.029312345490168427 0.04389503068780054
7 27 -0.06791134297167915 -0.06526193316714315 -0.06374873270565916 0.27844517465215957 0.28280849778215955 0.2957719308013896 0.1595824157525637 0.03090978105291997 0.011850785621080002 -0.008988445647799999 -0.0030405472758526313 0.0025307274154000303 0.007243116395799776 0.0162683058173263 0.04415683007559984
7 28 -0.07508469467880605 -0.07103291282028804 -0.06702563685769605 0.11690142607838017 0.13046263436642014 0.17142114858759924 0.1657928238367256 0.10011208589419637 0.02021091273815999 -0.03726277953019996 -0.001974977837789471 0.033597588100999984 -0.08054694497980006 -0.052690571523261266 -0.01745329251999994
7 29 -0.33609160603645694 0.0012028712236036132 0.4281924367374731 -0.122624651583955 -0.014540774330725 0.15010049733356498 0.3028253250666542 0.3162536604624 1.17122064784712 -0.9379399400248004 -0.6164319199195369 -0.22340214425599914 0.06510078109960002 0.1664492949802105 0.28719392841659985
7 30 0.010843100384892494 0.02770472628847497 0.03801351351541995 -0.10731525364317704 -0.10639459246274705 -0.10523831183329704 0.16011255286890572 0.00897099235528001 0.04288273972165745 0.0021816615649999905 0.021981962631777603 0.041102503884599975 -0.0007853981634000501 0.004611343602652633 0.011868238913600032
7 31 -0.44589562296206564 -0.4328920473700397 -0.4291448254659957 1.0622545809242543 1.0679748975476842 1.0748645847699545 0.1687590704289458 0.08381071068104007 0.05503023131556001 0.0065449846950002555 0.028963279639768424 0.04101523742199992 -0.05864306286720078 -0.04411090035844214 0.022689280276000368
7 32 -0.1008793055935131 -0.057746111124218256 -0.020266910766763097 0.12363991722715838 0.15217605049735838 0.18526749311458024 0.17749331083879163 0.12191124825150187 0.13554226971025018 -0.0915425192674174 -0.014541348452152734 0.09119345341700003 0.02539454061660007 0.06357591448959045 0.09669124056079989
7 33 0.026134657182261795 0.0501914029272003 0.05126303508793179 0.34947963887624656 0.35869497732680655 0.3655933911953365 0.1752595442405515 0.09936159431635999 0.13121385316542983 -0.10812314716174906 -0.0505686185908421 0.06536258048739998 -0.005148721293400105 0.052295575955978946 0.06361725123539996
7 34 -0.655116752387521 -0.6198768094603889 -0.604916719776871 0.4290475511091865 0.4539010396576665 0.4610481629446065 0.18312242358659733 0.08960520379768 0.23258257612151995 -0.22767820092339963 -0.11970202885690527 0.004276056667399941 -0.043545964837400086 0.01936396875376842 0.0045378560552000735
7 35 -0.21907847888472703 -0.19282872693475175 -0.1673076499476261 0.292461768431449 0.303614422351729 0.403176729532069 0.18020078721324184 0.19238764344796 0.09142034621941092 0.01797689129559993 0.0481159716944268 0.07967428035379989 0.006283185307200401 0.10125665444629472 0.1781108501666001
7 36 -0.44608046168648896 -0.418643885845049 -0.4091580213604289 0.376625520435462 0.38485911118177196 0.389650039978512 0.17231228857915679 0.06469935537163995 0.12604767857944005 -0.007592182246199952 0.06634088346286318 0.08176867545620053 0.0029670597284003897 0.030469774362547376 0.04127703680979977
7 37 -2.995598140302258 -2.8601361557375298 -2.7318832536481885 0.0513677548430518 0.13805389546711086 0.21863138370916996 0.1981774524982737 0.14432127584857812 0.27721064509516014 -0.020856684561401106 -0.13454651344233678 0.0707731011685997 -0.06222098783380002 0.06001176843887269 0.016144295580999835
7 38 1.161369573216519 1.2246272866260068 1.311450435595999 -0.9697300942418314 -0.7590164936478714 -0.4134631183675214 0.22279849160963827 0.6160488660784401 0.1627694060415199 -0.11842058974820047 -0.08341755230216846 0.0034906585040006544 -0.4958480404931992 -0.3235105557733474 -0.032637657012399846
7 39 -0.3659199132107285 -0.34612700682842246 -0.3378288388997885 0.41160153079498496 0.4836574489638049 0.543504789014885 0.18287302926048157 0.17863444894220004 0.11173597871304003 -0.04188790204800008 0.05880840984896844 0.13247049022680008 0.025569073541800158 0.08149769012496842 0.1516691119987998
7 40 -1.6431753248057186 -1.6330611417903786 -1.6236712704146186 -0.1655241173775352 -0.14578008021428512 -0.11566442397102517 0.16966555492170043 0.09841911652028 0.06332054526256004 -0.03708824660500043 0.021706384328821098 0.07173303225719851 -0.017104226666982067 0.019621175169852633 0.09721483933640002
7 41 -0.2213894402596429 -0.2004070919919593 -0.18676210789996292 0.6273307228451239 0.633827710985694 0.640560318575284 0.1658015041701905 0.05394812717932007 0.0715934059177381 0.011693705988400083 0.03768073995670427 0.054192473278090736 -0.03481931857739984 0.009084898053831614 0.054541539124999816
7 42 0.006240618665996505 0.018533845252452393 0.02598465582922905 0.26543801143986295 0.27019403365156297 0.27924356582318294 0.16285830867222595 0.029024825460759962 0.060545471751862555 -0.05061454830800005 -0.03173743455609608 -0.005410520681199994 -0.024521875990599906 -0.002544506330547369 0.004450589592600029
7 43 2.1669133873823134 2.358468508776284 2.7335170757515934 0.30214950933346546 0.4460780860996454 0.7527586156148255 0.35021049004848476 0.54084262860976 1.587429314576796 -0.8990190977052004 -0.8354891129351557 -0.3442661949570014 -0.1112647398149999 0.2846540150577684 0.6149667619422
7 44 -0.0009259941309212527 0.00029137302234653087 0.0009720514306287473 0.211222800403231 0.21197765530472099 0.214682915645321 0.1559739026659118 0.004171336912279999 0.00918043186552 -0.00890117918519651 -0.003086476993005934 0.003752457891800001 -0.009337511498200002 0.0010931272683578923 0.00837758040960035
7 45 -0.13990001748306477 -0.1328768125730168 -0.1267140549842048 0.38082570376215596 0.4068616528788659 0.4126779626111559 0.1604353408898658 0.046390851518160026 0.021188297119279997 -0.017191493132199948 -0.011151735325936841 -0.004276056667399941 -0.006021385919399713 0.023525201128273686 0.03935717463260019
7 46 3.0690541034077556 3.0945376476846977 3.102590604984935 0.24078295713028605 0.29331300429235607 0.30781669037647597 0.1854773996268454 0.23539255621689098 0.11853395483448015 -0.055152404363201235 0.01116547144366282 0.04476769531379876 -0.04406956361300007 0.0770976232210584 0.11353366784259994
7 47 -0.4582451156841385 -0.3900097232479465 -0.2787947253166285 -0.08055935621001704 -0.03981464482208578 0.05114318914590295 0.21492437245719648 0.16596335857285452 0.36269687185812 -0.22872539847460016 -0.1559038319207579 -0.06143558967039969 -0.04520402762679999 0.08734913609097605 0.14617132485499992
7 48 -0.2503946792463286 -0.24655844555053727 -0.18262790771429854 0.1144526806565918 0.4233105084143399 0.61148754504185 0.24906587212704454 0.6603627757874879 0.40376446915715636 0.02652900463039995 0.2125076153458718 0.2604031243984001 0.08970992355280012 0.32733190824128844 0.5834635689435996
7 49 -0.22225488116160044 -0.19728620088238374 -0.18426342666869044 0.4157585172209466 0.4232590696814166 0.44172465316757653 0.16569976634835337 0.033370695298239994 0.04452334921852 -0.033423055175800104 0.022422887916759775 0.061348323207799926 -0.022602013813400046 0.01705829695244211 0.05715953300300003
