73 0 0.16 0.2208921568627466 0.17 0.07 0.07 0.07 0.22117875123156217 0.08 0.6511764705882448 0.0 0.3427244582043394 0.050000000000000044 0.0 -0.03157894736842106 0.0
73 1 -0.7277941176470611 -0.5346124226006201 -0.32 -0.05500000000000001 0.0 0.0 0.20124293217956585 0.1 0.43 -0.4549342105263235 -0.22105263157894742 0.0 -0.10000000000000006 -0.05263157894736842 0.0
73 2 0.34460784313725384 0.36229125816993435 0.39 -0.33539215686274615 -0.315 -0.3 0.17120265175605115 0.09000000000000002 0.10000000000000003 -0.09705882352941925 -0.052631578947368446 0.0 -0.10000000000000009 -0.047368421052631594 0.0
73 3 -0.7756250000000018 -0.5849582924836599 -0.4226249999999959 -0.4134375000000008 -0.39400000000000235 -0.3231249999999997 0.22223554616031502 0.16999999999999998 0.3618750000000003 -0.2624999999999883 -0.12105263157894734 0.16312499999997232 0.0 0.0894736842105263 0.14999999999999986
73 4 -0.7825 -0.6979685457516344 -0.6171405228758182 0.03 0.03 0.03 0.1809929399355182 0.010000000000000002 0.29000000000000004 -0.24999999999998856 -0.13003095975232082 0.0 0.0 -0.005263157894736843 0.0
73 5 0.4 0.5290851715686271 0.6725000000000001 0.3275 0.405 0.49 0.20492445157257033 0.16058823529411642 0.35941176470588354 -0.3446078431372676 -0.1535603715170276 0.0 -0.2016666666666822 -0.08452012383900864 0.0
73 6 -0.15 -0.09500000000000022 -0.04 -0.14 -0.11499999999999999 -0.11 0.16944435068359773 0.039999999999999994 0.13 -0.10000000000000002 -0.05263157894736843 0.0 -0.005882352941182639 -0.01578947368421053 0.0
73 7 -0.8324999999999999 -0.8187322303921569 -0.8064062500000013 -0.005588235294120598 0.035 0.08009374999999987 0.19304769059556995 0.28 0.15156862745098387 0.0 0.0797729618163073 0.10000000000000009 -0.19520833333329907 -0.14736842105263162 -0.07663398692809148
73 8 0.09 0.15682843137254923 0.19208333333333336 -0.38 -0.3647058823529419 -0.2475 0.17732368617032504 0.15000000000000002 0.11000000000000001 0.0 0.05263157894736842 0.052941176470580886 -0.10294117647058093 -0.0736842105263158 0.0
73 9 -0.68 -0.5626975619195047 -0.477077205882353 -1.1171874999999996 -0.992941176470592 -0.6216544117647058 0.2594696499126 0.8199999999999998 0.38999999999999996 -0.28529411764707496 -0.11883656509695202 0.04999999999999949 -0.6642414860681173 -0.1858725761772816 0.09999999999999898
73 10 -0.3608823529411773 0.12952532679738712 0.66 -0.25014705882353006 -0.06117647058823677 0.04203125000000105 0.31675712168840703 0.42 0.9812500000000012 -0.0944444444444359 0.5164473684210533 0.7529411764706223 -0.45000000000001955 -0.005263157894736842 0.15000000000000002
73 11 0.44437499999999625 0.6847910437859339 0.96 0.27 0.27 0.28 0.25223065980882564 0.06 0.9926006191950489 -1.0924922600618852 -0.52242137852371 -0.050000000000000044 -0.08437499999999015 -0.031578947368421054 0.0
73 12 -0.64 -0.4295588235294129 -0.2 -0.05 -0.05 -0.02 0.1978290125121411 0.030000000000000002 0.45 -0.15294117647058222 -0.22724458204334166 0.0 0.0 0.01578947368421053 0.0
73 13 -0.12 -0.046626429738562125 0.0325 0.0075 0.03 0.05750000000000001 0.19114074728954955 0.16 0.16999999999999998 -0.10000000000000002 0.015789473684210537 0.23529411764706742 -0.04999999999999999 0.08421052631578947 0.2590073529411938
73 14 -1.2725 -1.0012487745098047 -0.850343137254901 0.0525 0.07 0.07 0.27113431623710843 0.16999999999999998 1.16235294117647 -0.7540441176470541 -0.5749226006191946 0.050000000000000044 0.0 0.08421052631578947 0.10000000000000002
73 15 -0.7175 -0.6329011437908504 -0.52 -0.08 -0.07 -0.07 0.19456285268702023 0.01999999999999999 0.42235294117647393 -0.34779411764705837 -0.22229102167182835 -0.03055555555554257 -0.049999999999999975 -0.010526315789473679 0.0
73 16 -0.8405882352941172 -0.7992906454248365 -0.7475 -0.03 0.038235294117645216 0.15000000000000002 0.20702879618404493 0.35 0.23352941176470532 -0.10000000000000009 0.054489164086687004 0.18823529411765572 -0.2500000000000001 -0.18421052631578946 -0.01176470588234925
73 17 -2.091323529411768 -1.5723595588235315 -1.1543750000000017 0.01 0.02 0.0225 0.33198738162580027 0.09 1.909411764705884 -1.4889705882352786 -1.0049535603715178 -0.43566176470585805 0.0 0.0368421052631579 0.09999999999999999
73 18 0.23 0.2502254901960795 0.24 0.01 0.01 0.01 0.18024759244241376 0.06823529411765075 0.2264705882353015 0.0 0.11919504643963236 0.049999999999999906 0.0 0.03591331269350039 0.0
73 19 -0.1 -0.07869852941176496 -0.04765624999999959 -0.1625 -0.15 -0.13 0.17375308164168196 0.08000000000000002 0.07 -0.10000000000000006 -0.03519736842105394 0.003124999999991676 -0.09999999999999981 0.010526315789473694 0.0500000000000185
73 20 -0.08249999999999999 -0.089950367647058 0.04 -0.2364705882352921 -0.12294117647058517 -0.001911764705879402 0.24087168347228283 0.25 0.6652941176470581 -0.20294117647059196 0.2578947368421053 0.4 -0.07941176470587119 0.12105263157894736 0.1985294117647169
73 21 0.452500000000001 0.5614332107843152 0.685 -0.01 -0.005 0.0 0.24755199515536402 0.12 0.9364705882352983 0.1939338235294258 0.4928792569659464 0.6999999999999964 0.0 0.06315789473684211 0.1
73 22 -0.77 -0.7699999999999999 -0.77 0.0375 0.04 0.04 0.1553397216925636 0.010000000000000002 0 0.0 0.0 0.0 0.0 -0.005263157894736843 0.0
73 23 -0.9025000000000001 -0.5627352941176479 -0.28 -0.11 -0.09 0.0567647058823527 0.22981055692511085 0.21000000000000002 0.65 -0.43161764705886285 -0.3263157894736843 0.0 0.0 0.11052631578947367 0.20000000000001483
73 24 -0.64 -0.6146948529411768 -0.62 -0.042499999999999996 -0.03 -0.017499999999999998 0.1810351660514312 0.04437499999999918 0.23874999999999835 -0.10000000000000009 -0.1203947368421044 0.0 0.0 0.008223684210526754 0.09999999999999996
73 25 -0.07250000000000001 -0.05152745098039241 -0.0375 -0.1 -0.09 -0.08 0.16330258698797792 0.020000000000000004 0.08 -0.09999999999999998 -0.042105263157894736 0.0 0.0 -0.010526315789473686 0.0
73 26 0.10735294117647282 0.2592259395424855 0.575 0.14 0.15 0.15691176470588383 0.28846698050159053 0.08411764705882327 1.4041176470588232 0.10000000000000009 0.7376057791537651 1.2323529411764884 -0.07941176470590436 0.011289989680080765 0.050000000000000044
73 27 -0.5323437500000004 -0.41349652777777796 -0.2875 -0.1 -0.08 -0.057499999999999996 0.18720934762960864 0.039999999999999994 0.31000000000000005 -0.2999999999999997 -0.15263157894736845 -0.053124999999991374 0.0 0.021052631578947364 0.09722222222220911
73 28 -0.056911764705884875 0.26483639705882245 0.5760937500000031 0.1608823529411774 0.17759191176470715 0.1925 0.23111784875189764 0.05882352941176347 0.6047058823529461 -0.6873774509803936 -0.0712074303405547 0.05882352941174618 0.0 0.030959752321980775 0.10000000000000009
73 29 -2.3724791666666665 -2.297792401960783 -2.2167647058823525 -0.32 -0.30055555555555624 -0.19602941176470748 0.21257383968476026 0.32 0.27294117647059046 -0.33013888888888454 -0.143653250773995 0.049999999999998934 -0.2500000000000002 -0.1631578947368421 0.08506944444443637
