83 0 3.02 3.126476102941177 -3.1374999999999935 0.8725 0.8958823529411768 0.9 0.22147365382110176 0.22941176470588376 0.5275367647058831 0.0 -3.0276122291021665 0.30000000000002025 -0.20000000000000018 -0.1207430340557283 0.0
83 1 -1.2420955882352922 -0.7100433823529386 -0.19338235294117215 -0.25 -0.22 0.015 0.3491472108910839 0.4 1.8206249999999984 0.6830882352941081 0.9582236842105254 1.1988970588235792 -0.3852941176470724 -0.20526315789473684 -0.050000000000000044
83 2 -0.8171405228758194 -0.26356977124183273 0.29936274509803906 0.8148235294117585 0.9398692810457531 1.0408333333333344 0.352255501839934 0.39058823529411635 1.660808823529416 -1.147058823529419 -0.8741099071207453 -0.5250000000000212 -0.32058823529409586 0.010216718266254629 0.2944444444444372
83 3 -1.0730392156862791 -0.5875040204678391 0.006710526315788735 0.58 0.6452941176470601 0.6954411764705872 0.33099195164874756 0.14 1.7787500000000027 -1.3441176470587943 -0.9361842105263172 -0.44510448916410095 -0.10294117647058176 0.02105263157894739 0.1472426470588284
83 4 0.2228125000000004 0.26289338235294135 0.29 -0.08069444444444476 -0.07 -0.06 0.16866830404687275 0.039999999999999994 0.09 0.0 0.04736842105263159 0.10000000000000009 -0.09999999999999995 -0.021052631578947364 0.013888888888895431
83 5 1.7672794117646977 2.403860906862743 2.97 -0.06 -0.05264705882352905 -0.033281249999999374 0.2989620771080117 0.04 1.387058823529411 -1.845036764705833 -0.699109907120739 0.10000000000000009 -0.0062500000000082975 0.021052631578947368 0.09999999999999996
83 6 0.14024038461538413 0.2189730743222417 0.3246875 0.5023076923076928 0.51 0.5278571428571435 0.1949521361777834 0.08000000000000002 0.3675000000000022 -0.1175000000000076 0.08289473684210427 0.21124999999998811 0.0 0.031578947368421054 0.10000000000000009
83 7 0.37374999999999986 0.5510183823529416 0.7010294117647068 -0.715 -0.6993749999999994 -0.6871875000000007 0.21693037829880069 0.200666666666665 0.46 -0.10312499999999308 0.19845201238389762 0.5382352941176266 -0.1617647058823246 -0.08456140350877103 0.03235294117648668
83 8 2.08 2.1134611519607844 2.1420312500000014 0.03 0.03 0.05 0.166035781877561 0.03 0.08000000000000007 -0.10000000000000009 -0.010526315789473694 0.006249999999985434 0.0 -0.015789473684210527 0.0
83 9 0.2725 0.46987132352941235 0.6425 -0.135 -0.08264705882352806 -0.06 0.20491309219504125 0.09 0.47000000000000003 0.06176470588234395 0.23684210526315794 0.47334558823528744 0.0 0.03157894736842106 0.10000000000000009
83 10 -0.3182904411764712 -0.07032790032679863 0.16062499999999863 0.24764705882353008 0.25 0.25 0.24025095090335527 0.04000000000000001 0.9275000000000012 -0.8121323529412051 -0.39897660818713443 0.0031249999999929945 -0.0029411764706017973 -0.02105263157894737 0.0
83 11 0.73 0.7360000000000001 0.74 -0.2453125000000004 -0.24 -0.2375 0.15800494137693213 0.01999999999999999 0.020000000000000018 0.0 -0.010526315789473694 0.0 0.0 0.0 0.0
83 12 -0.01482026143791075 0.15763705065359596 0.2835386029411774 -0.2 -0.19529411764706017 -0.17500000000000002 0.24642091904284655 0.21687499999999943 0.7111764705882412 -0.10065359477126071 0.37430340557275854 0.8058823529412049 -0.24705882352939815 -0.11414473684210497 0.0
83 13 1.7775833333333333 1.9717927706494511 2.202993421052634 0.02 0.03 0.03 0.23993389282738953 0.05 0.9160000000000033 0.26250000000002327 0.4821052631578964 0.7007189542483627 0.0 0.02631578947368421 0.04999999999999999
83 14 2.77 2.777 2.78 0.21 0.21 0.21 0.15622474745425774 0.010000000000000009 0.009999999999999787 0.0 0.00526315789473673 0.0 0.0 -0.005263157894736847 0.0
83 15 1.4472058823529417 1.4943833741830066 1.5625 -0.13187500000000058 -0.12 -0.10750000000000001 0.18141138731378614 0.04999999999999999 0.23062499999999853 -0.20000000000000018 0.00427631578946886 0.2451388888888817 -0.09191176470589944 -0.010526315789473679 0.09999999999999988
83 16 0.15 0.16144117647058817 0.1625 0.38749999999999996 0.41 0.44 0.16777005534170344 0.09999999999999998 0.05000000000000002 0.0 -0.015789473684210527 0.0 -0.10000000000000009 -0.05263157894736841 0.0
83 17 0.056029411764705085 0.1283529411764704 0.20441176470588385 0.09 0.3174632352941187 0.5815624999999999 0.2629844631264609 0.78 0.36 -0.3992647058823548 -0.05263157894736841 0.23124999999999724 0.09999999999999995 0.41052631578947374 0.6775735294117874
83 18 0.075 0.07650000000000001 0.09 -0.22 -0.215 -0.19683436532507825 0.17071976237865696 0.12437499999999917 0.060000000000000005 0.0 0.021052631578947368 0.09999999999999995 -0.10000000000000002 -0.06546052631578904 0.0
83 19 0.4783333333333354 0.6113185049019613 0.8002941176470584 -0.2961764705882381 -0.12 -0.075 0.23954994062199922 0.43000000000000005 0.45999999999999996 -0.33856209150327304 0.002476780185756694 0.4000000000000001 -0.31194852941174356 -0.2157894736842105 -0.09999999999999995
83 20 2.283363970588228 2.358419580460388 2.6393137254901955 0.07 0.11333333333333334 0.1775 0.31841688937854273 0.34714285714286297 0.9183613445378247 -0.947426470588224 -0.4833480760725393 0.3990808823529379 -0.2500000000000001 -0.1827067669172963 0.15
83 21 2.1117647058823468 2.2818632119514453 2.52 -0.3008823529411774 -0.24 -0.17750000000000002 0.2586347476233149 0.17 1.0070588235294191 -1.1022875816993594 -0.530030959752326 -0.10000000000000009 -0.18235294117645212 -0.08947368421052633 0.0
83 22 -0.05278492647058766 0.02532863562091483 0.08 0.41 0.445 0.47 0.19147422698266914 0.08999999999999997 0.3282352941176473 -0.30000000000000004 -0.16749226006191964 -0.003124999999993064 -0.10000000000000009 -0.04674922600619349 0.0
83 23 -0.02 0.0038988970588235325 0.0125 0.01 0.045 0.05 0.16914425722437143 0.06 0.10562500000000083 -0.1 -0.05559210526315833 0.0 0.0 0.02105263157894736 0.04301470588236735
83 24 0.045000000000000005 0.15519852941176496 0.23500000000000001 -0.485 -0.4379411764705884 -0.3085784313725457 0.2243910358387502 0.2931250000000019 0.25 -0.2 0.08585526315789573 0.3781249999999916 -0.050000000000000044 0.15427631578947465 0.34246323529414535
83 25 0.857450980392156 0.9841145833333332 1.14 0.1625 0.18 0.255 0.21809101013407012 0.26 0.43624999999999936 -0.3562500000000074 0.03424922600619078 0.49791666666666345 -0.2500000000000001 -0.1368421052631579 -0.04999999999999977
83 26 0.8302941176470593 0.7702150735294123 0.85 -0.04 -0.03 -0.0075 0.21739417236238576 0.1082352941176473 0.5964705882352945 0.0 0.3139318885448919 0.30312499999996967 -0.09705882352939824 0.020123839009288054 0.0
83 27 1.7422334558823533 1.82897524509804 1.9503125000000001 0.34 0.4 0.6233823529411777 0.24349394235629604 0.4905882352941205 0.49733333333333496 0.09374999999999467 0.26175438596491307 0.4882352941176338 0.0 0.2582043343653266 0.40588235294118036
83 28 0.17750000000000002 0.1927647058823539 0.23514705882352913 0.2024080882352959 0.6511764705882368 0.7951470588235292 0.328936995145406 1.3575000000000013 0.6350000000000064 0.049999999999999906 0.33421052631579284 0.5000000000000193 0.2029411764705824 0.7144736842105269 1.2661764705882832
83 29 0.16 0.16911029411764736 0.17125 0.0775 0.08 0.09531249999999987 0.17327305122746897 0.060000000000000005 0.15235294117646986 0.0 0.0801857585139315 0.12499999999998887 0.0 0.026315789473684206 0.09999999999999995
