86 0 0.2975 0.303 0.31 0.02 0.025 0.03 0.15887982473934034 0.02 0.030000000000000027 0.0 0.010526315789473694 0.0 0.0 0.010526315789473684 0.0
86 1 -2.7023611111111103 -2.2951332182115247 -2.0230882352941078 0.22 0.2356249999999986 0.26 0.30806864130470485 0.04000000000000001 1.6381250000000043 0.4972222222222089 0.8621710526315811 1.0244886363636285 -0.10000000000000009 -0.02105263157894737 0.0
86 2 1.42 1.4227434640522876 1.45 -0.08 -0.07 -0.062205882352941916 0.17079304217527022 0.05235294117646985 0.13235294117646967 0.0 0.053869969040247184 0.14999999999999902 0.0 0.017027863777089394 0.0647058823529461
86 3 0.9601102941176439 1.2299200528895746 1.4892647058823523 0.10750000000000001 0.125 0.14 0.2799884843368131 0.10941176470587938 1.2872549019607873 -1.1713235294117363 -0.6775025799793616 -0.29669117647057375 0.0 0.05758513931888388 0.15
86 4 0.905 1.0091779218266241 1.1122058823529395 -0.1225 -0.11 -0.10796874999999896 0.2331291025273857 0.04000000000000001 0.7727647058823629 -0.9032679738562271 -0.40671826625387525 -0.0411764705882367 -0.08421052631578746 -0.005263157894736847 0.09062500000002076
86 5 1.7241666666666666 1.9476121366529067 2.201718750000001 0.05 0.06 0.07250000000000001 0.2523462959026466 0.1 1.0076470588235351 -0.02647058823530113 0.3577089783281742 0.7003590471276155 -0.09999999999999998 -0.0368421052631579 0.0
86 6 1.502794117647059 1.7376726527149322 1.9716176470588227 -0.07 -0.06 -0.05 0.21968040980662618 0.020000000000000004 0.7143749999999989 0.17941176470587128 0.3111842105263142 0.5485294117646988 0.0 -0.010526315789473686 0.0
86 7 0.12 0.12499999999999997 0.13 0.01 0.01 0.01 0.15622474745425782 0.01 0.010000000000000009 0.0 0.005263157894736847 0.0 0.0 0.0 0.0
86 8 0.48 0.690974264705883 1.0140625000000072 -0.18 -0.18 -0.11 0.2291066617695665 0.08 0.64764705882353 -0.11176470588234955 0.3269349845201224 0.2959558823529304 0.0 0.042105263157894736 0.0
86 9 1.2877083333333317 1.3985429136566903 1.4809539473684195 0.04 0.05 0.052500000000000005 0.2178360450728225 0.010000000000000002 0.6918382352941181 -0.6507739938080459 -0.3641253869969043 0.0 0.0 0.005263157894736839 0.0
86 10 1.0308823529411764 1.0591194852941166 1.11 -0.14 -0.13 -0.12 0.20118089313669954 0.067500000000005 0.45875000000001165 -0.39117647058821925 -0.24144736842105877 0.0 0.0 0.03552631578947631 0.10000000000000002
86 11 1.2550000000000021 1.4647073120915004 1.6928267973856201 0.0275 0.05 0.07 0.32868198976953944 0.22 1.733790849673201 -1.816727941176457 -0.9125214998280005 0.36944444444444113 -0.25 -0.03684210526315791 0.09999999999999998
86 12 0.82 0.838522549019606 0.8901176470588233 -0.08 -0.05705882352941373 0.01 0.20129875362898098 0.09999999999999999 0.41382352941179223 -0.2500000000000002 -0.21780185758515383 0.04999999999999949 -0.12058823529412872 -0.04860681114551264 0.0
86 13 1.27 1.5169255832220752 1.7604045893719802 0.05 0.0697058823529418 0.08203502415458871 0.22816401874807407 0.060000000000000005 0.76 -0.9102657004831172 -0.24736842105263776 0.35294117647060474 -0.09722222222220904 -0.021052631578945293 0.002941176470601728
86 14 0.7306249999999994 1.0565716036414556 1.4095588235294128 0.2882812499999994 0.3008823529411746 0.33 0.23682705311933663 0.07999999999999996 0.7494117647058834 -0.9023897058823799 -0.3381772445820426 0.12941176470590676 -0.09999999999999981 -0.03519736842105393 0.0
86 15 0.9207352941176413 0.926586805555554 1.0215625 -0.09 -0.07500000000000001 -0.057499999999999996 0.2156301925114738 0.08 0.5550000000000113 -0.5003472222222749 -0.2921052631579007 0.023529411764688923 0.0 0.036842105263157905 0.10000000000000009
86 16 0.29596507352940893 0.6507298955108369 0.9930000000000012 0.02197368421052469 0.043823529411765566 0.06 0.2504299592315016 0.11 0.6166666666666705 -0.20588235294116186 0.32456140350877394 0.5941176470588394 -0.19705882352941917 -0.05263157894736842 0.05882352941176963
86 17 0.8571691176470544 0.8931080473856208 0.9880882352941174 0.08 0.09 0.10250000000000001 0.20370866558786418 0.039999999999999994 0.3650000000000023 -0.4625000000000168 -0.19210526315789603 0.10937499999997935 -0.049999999999999975 -0.010526315789473686 0.049999999999999975
86 18 1.052647058823527 1.166639705882352 1.2825 -0.21 -0.2 -0.1922058823529419 0.20245391232524063 0.08562500000000084 0.3617647058823569 -0.400000000000017 -0.19040247678018782 0.050000000000000044 -0.023529411764730418 0.029276315789474122 0.10000000000000009
86 19 0.38 0.5180581232492985 0.5922647058823511 0.13 0.15 0.16 0.2184402277556734 0.03866666666666509 0.6572156862745159 -0.689019607843153 -0.34590299277606096 -0.10000000000000009 -0.09999999999999988 0.005964912280702587 0.10000000000000002
86 20 1.1189705882352943 1.1862365196078426 1.191084558823528 0.0 0.01 0.02 0.19078073757516317 0.05 0.34999999999999987 -0.30000000000000027 -0.17616099071207558 0.0 -0.04999999999999999 0.005263157894736842 0.04999999999999999
86 21 1.7972058823529398 2.0542664969834097 2.33358455882353 0.11 0.12 0.13 0.22716680283334917 0.04000000000000001 0.6519607843137285 -0.3284313725490162 0.08771929824561396 0.5014705882352999 -0.10000000000000009 -0.003383458646615013 0.10000000000000002
86 22 0.67 0.7496911764705878 0.85 -0.13 -0.13 -0.11 0.17487257173062765 0.03 0.19117647058823695 -0.14999999999999958 -0.1006191950464405 0.0 0.0 -0.015789473684210527 0.0
86 23 0.37330882352941563 0.4944658905228764 0.6391666666666658 -0.13 -0.11501633986928109 -0.10750000000000001 0.2095813121851713 0.04000000000000001 0.5681249999999997 -0.39062499999999833 -0.08353328173374516 0.2500000000000002 -0.09428104575164666 -0.005263157894736847 0.049999999999999975
86 24 1.4094117647058826 1.5389298014077424 1.6530769230769218 -0.25 -0.2302941176470582 -0.21 0.18955924996509443 0.04999999999999999 0.21999999999999997 -0.3121323529411668 -0.09473684210526324 0.10000000000000009 -0.09999999999999995 0.0 0.09999999999999995
86 25 0.7438235294117631 0.8306323529411757 0.92 0.17 0.17 0.18 0.18017518811167643 0.03 0.22058823529412064 -0.20000000000000018 -0.11609907120743189 -0.09411764705881731 0.0 -0.015479876160989153 0.0
86 26 -1.41 -1.3523970588235303 -1.3427941176470595 -0.02 -0.01 0.0 0.1861382626189346 0.03 0.3282352941176472 -0.24411764705881356 -0.16749226006191956 0.0 0.0 -0.01578947368421053 0.0
86 27 1.275 1.4909436274509806 1.73 -0.1 -0.07 -0.019117647058823652 0.23070834851066763 0.1 0.6199999999999999 -0.4882352941176338 0.029276315789471787 0.5177083333333343 -0.15 -0.021052631578947368 0.10000000000000002
86 28 1.6720588235294118 1.9725876225490186 2.2795220588235274 0.04970588235294192 0.06 0.06484374999999813 0.23191678709040286 0.030000000000000002 0.8023529411764656 -0.4441176470588104 -0.09411764705882254 0.6602941176470312 -0.0843750000000125 0.005263157894736838 0.049999999999999975
86 29 -0.32573529411764496 -0.3630677696078425 -0.18500000000000003 0.08 0.1082352941176473 0.16 0.2736859156447333 0.12921568627451005 1.1833333333333333 -0.026470588235290582 0.6175438596491228 0.8634191176470313 -0.10000000000000002 0.02280701754385965 0.11764705882351338
