12 0 -0.8946966443690995 -0.5077152612984918 -0.07881630558238276 -0.23615565295092106 -0.23076694888537103 -0.22044768968292106 0.2655081046416675 0.044244096538199995 1.1895466049936436 -0.8269369995976 -0.6260771605229704 -0.3221877799192008 -0.03403392041399986 -0.0010288256643368656 0.0131772358526
12 1 -1.570867352003507 -1.006794391048929 -0.4303644989915871 0.03600318510538279 0.06660317021607279 0.0813861089805128 0.3597352406249591 0.6955311602138219 1.6017933743085386 -1.2152727581326939 -0.8430491443729151 -0.4379903757893999 -0.07155849933199993 0.3400176961195273 0.2907718533832
12 2 -0.007869431225270519 0.008766174540228568 0.02747348612781675 -0.17274691534805328 -0.12261669590757054 -0.017722407862392354 0.18044271324288058 0.19181168479436367 0.09885544883327999 -0.02556907354223632 0.03504437419142775 0.09267698328163633 -0.12374384396680017 -0.0671859902585225 0.058817595792400035
12 3 0.06038824667515384 0.25815761287196476 0.4399406357849875 -0.21935075024803904 -0.20882205153534905 -0.20404857603112903 0.23659883635405027 0.1484926127598109 0.7767413303106036 0.25001841534900016 0.40881122647926504 0.5121668689993999 -0.0818559419188001 -0.046765638009984706 0.036651914291999654
12 4 -2.1135167357613787 -1.2539988023509856 -0.3392804680233835 -0.14265007460768309 -0.12358671585271311 -0.09790419590953311 0.40046442051061537 0.08745844881772 2.6572463328794003 -1.8223855384845267 -1.3985507015154737 -0.8211774130659053 -0.097738438112 -0.04603076253564211 0.02443460952800014
12 5 1.7374257708893526 2.044937949794332 2.348613895002718 -0.0831225176606252 -0.04781450689266521 0.03556859812163479 0.2793226641144836 0.18860027897112 1.2313123339952252 0.3936590127885997 0.6480591231553817 0.7817329719707999 0.047560222117000034 0.0992633047216421 0.13089969390000006
12 6 -1.6314708559530162 -1.113104577449884 -0.5185834750308661 -0.48346347500979847 -0.4645528325643784 -0.43792783482511843 0.32178147586649003 0.14920819775347993 1.4988189484468217 0.38877209088300135 0.7888520781299062 1.0124654990851998 -0.1742711258122001 -0.07853063039656838 0.03246312408719976
12 7 0.5510255097235195 0.6865773787447255 0.8201552803819194 -0.5329820050275531 -0.21362165849694215 0.6820071371365969 0.3349183356594851 1.5460475580066402 0.35362115974772 -0.4227187448344 0.007679448708799967 0.4107632394582006 -1.180540706049309 -0.8081517452800211 -0.2206096174528005
12 8 0.21191167216194606 0.2528256804874697 0.3191185214660461 -0.16202710781411866 -0.11628202811937322 -0.03561291009193321 0.21667823871855754 0.15639895427172 0.28000317189766183 -0.4329289209586 -0.05996583872134736 0.34548792543340007 -0.24766222085879996 -0.04521321357023156 0.31668999277539994
12 9 -2.404027662421405 -1.8679689812906783 -1.3576984125225293 -0.09808023175712516 -0.09181013641931515 -0.08394742813905516 0.3195420290100781 0.023945917337440004 1.8075676931280649 -1.1732103231944002 -0.9406314214511711 -0.4447971598722017 -0.049131018443799926 0.003545774164589475 0.07016223593040001
12 10 3.059591606944504 3.0653651561101203 3.0718089117085046 -0.035747542851197155 0.04001283665499285 0.04321551583241284 0.1762474952104275 0.20767672769548 0.03696607355735981 -0.020769418098800507 0.005594239549831427 0.010035643198997857 -0.0021816615650000273 0.10582206833178949 0.14460052852819988
12 11 -1.3502605464716089 -1.240607618220831 -1.117280907945259 -0.31139417901076305 -0.303125681679413 -0.28213809742411305 0.19979287243272645 0.055815629478960016 0.41846014145951993 0.05174901232179896 0.22024217971553678 0.25272367568959897 -0.04764748857959994 0.011114991552210522 0.0523598775600001
12 12 2.375001043146146 2.6439056500680187 2.9525523092485964 0.07898022108786315 0.14713969170159316 0.20087837937014955 0.2719142977830389 0.4407305427145164 0.8397912682234798 -0.6490006823562 -0.24945811559709483 0.182735972684398 0.07679448708799996 0.23196344353395598 0.3719296635985818
12 13 0.8775861636018496 1.1278724869910317 1.4799909182527795 0.03764830336943895 0.058007569094018954 0.07502889262414894 0.2691314370892631 0.06499606134448 1.2263206923327599 0.37803831598320015 0.6443847457818317 0.9020734238961992 0.025220007691399947 0.034208453339199994 0.05384340742420002
12 14 -1.897632791181902 -1.0241452424395838 -0.10182425389093198 -0.42429118952694006 -0.19067450582361006 -0.11634965962788821 0.454211329653072 0.4321784293795419 2.56723970335184 -2.2513002021548023 -1.3511787912378108 -0.23387411976800004 -0.3892956896551092 0.011243594760252619 0.21380283336999983
12 15 0.2856668138028559 0.31804179876282995 0.352024231963896 -0.06935599077878979 -0.0656340761488998 -0.0641374563153098 0.1674171235638179 0.022514747350800016 0.12395328347703999 0.039269908170000145 0.06523857025107369 0.09512044423400035 -0.0009599310885999301 0.01159266061065264 0.022776546738600065
12 16 -0.180196567104496 0.3578229914402239 0.8737074117463142 -0.0446953126312489 -0.01563994390854399 0.021596655682841106 0.33349149460427086 0.14985396957672 1.8807668019552 -1.3329079497524 -0.9898772641869474 -0.187186562278744 0.017715091907800004 0.07887051030353684 0.1372701456698
12 17 -0.8723422733842049 -0.3818131237863004 0.05282185651665321 -0.21124602297933193 -0.17509589084693286 -0.1432479953207138 0.30145790855424137 0.15826645657205812 1.4636505640197202 -0.9719738604388 -0.7703424021156423 -0.48677232838280016 -0.14346606451440008 -0.027061789349431573 0.0852593339601998
12 18 -1.7587125336695932 -1.1177229125800732 -0.5972613663087979 -0.3737622593158 -0.27033841116540996 -0.09086184085912001 0.3197904426887065 0.33208379677804 1.5620522272544612 0.3676536069338007 0.8221327511865585 0.9936159431636005 -0.25411993909120023 -0.16974704867214738 -0.01867502299639997
12 19 -0.40924649985645606 -0.39073641047437 -0.38021294774943604 -1.3764989537815508 -1.287426075405731 -1.1573248696385212 0.20506462765852237 0.43652429921772007 0.10316641208571992 -0.0870919296747999 -0.0034263568999789206 0.030194196059599998 -0.38632862993020045 0.014467860904736793 0.38929568965859973
12 20 -1.20905230774996 -1.117344854868246 -0.99968261068004 -0.12373327502847423 -0.0785248840785442 -0.05891174660919421 0.21734157993717745 0.20907299109638186 0.49029789347183994 -0.3619812868648009 -0.25805152287991573 -0.09861110273799989 -0.06832964021580004 0.08723890476933781 0.20280725908240005
12 21 -0.121372377845645 0.009506372103331 0.10733120401330501 0.039856096391812056 0.04914124801245205 0.06116220323560206 0.19882629364784135 0.04202752838816 0.4500331476282 0.12915436464799995 0.23685955138326314 0.3446152608074 -0.0839503370212 0.0016259119873894782 0.08717919613739997
12 22 2.1516424351684065 2.2541299141744 2.5265435218211363 -0.01636648569107843 0.007753964571579021 0.043197238356499204 0.26143613085660394 0.08471828189208 0.6499431601592613 -0.9169959890007995 -0.34207534745224283 0.46835910477420084 -0.14041173832339998 -0.02979001454857378 0.08150687606874907
12 23 -2.381320928852885 -2.2591356639081206 -2.1195346310222747 -0.03684685787309721 -0.01949828510821721 -0.01179265646070702 0.20201269176942044 0.03305653603281018 0.48857001751235996 -0.45954519205159805 -0.04884166122570535 0.36704274169560014 -0.03377212102585089 0.006788412195932798 0.06998770300485092
12 24 -1.2944023018694975 -0.7470365051803876 -0.3153947645451375 -0.20073254741584096 -0.18486314119185643 -0.16403263656906192 0.25220130495965304 0.04106759729990905 0.9850638298287998 -0.3892084231960008 -0.5073855854432633 0.09066985464140004 -0.023300145514199982 0.021614524894688975 0.04441862946339997
12 25 -0.6254036369438815 -0.3790015438049722 -0.16253795599017695 -0.049137030133368204 -0.01241530267135802 -0.01057834363362802 0.2524042244252418 0.05640904142457019 1.0418917502740945 0.27209683038758536 0.5483640790916287 0.7744898555750872 -0.05393067388679999 -0.02878874671453168 0.020333085785800016
12 26 -0.887243361241956 -0.701439972397166 -0.321045461923766 0.0883835702840938 0.09882936585731379 0.11611685209837379 0.27740393065975133 0.04019493267355999 1.3175665056273198 -1.009236639969 -0.6934560555933263 -0.1652826801643994 -0.06981317008000004 0.005474822285221059 0.06920230484179994
12 27 0.1212981528710281 0.22210575247246064 0.33317239741721905 -0.813077000638667 -0.37768716543474695 -0.0957859479741388 0.2563220432926236 0.7078182781492982 0.3561693404552909 -0.2658136450796003 -0.18745754760804784 -0.09939650090139945 0.0035779249666000046 0.3725359358680517 0.6761405522248004
12 28 0.13701460037842816 0.14848577688719816 0.15761821219828817 -0.3883834642356395 -0.37914194584629957 -0.37366597531814955 0.15983296889555768 0.03234095103956003 0.023055799418919998 -0.020594885173600003 -0.011996842121642107 0.0013089969389999678 0.0074176493210001415 0.017021553178715804 0.023125612589000033
12 29 -0.0519614576768241 0.17826317862552316 0.45067155028387496 -0.864958657983619 -0.6327905975594489 -0.3928383686713589 0.2939417122642602 0.6854257038454401 0.9142034621976 0.2576978640578001 0.4806544900573684 0.6756169534492003 0.22994712895100022 0.3607503704449685 0.5599016240415999
12 30 0.30235856099140307 0.30894281559457304 0.3107841379554331 -0.009051859277283516 -0.008218464559453516 -0.006974917467403516 0.15767840685468668 0.0044156830075600005 0.02036799237083997 -0.007330382858400375 0.007422242292715802 0.019634954084999656 -0.008901179185199998 -0.00022046264235789443 0.006544984695000008
12 31 0.2539517572253729 1.179252022807922 2.080779158649302 0.16884591527601145 0.7478676212731405 0.7760110554616406 0.5324485089202279 1.4317808518782 2.5143387737254654 -2.1054779431502006 -1.3233361966976132 -0.20498892064739954 -0.009599310885999301 0.6825615266834738 1.1161380566566181
12 32 0.994313638532087 1.710494661791645 2.416023940626247 0.06584894557234884 0.07555733953659885 0.10657184034463883 0.3676510162062783 0.12529718700108 2.27273284536936 -1.6641714417819997 -1.1961751817733475 -0.7064220147470007 -0.006108652382000035 0.03407066418772632 0.09459684545840001
12 33 -1.053764449474162 -1.0114716310396978 -0.9583865691754919 -0.0370717144585129 -0.0324945884951429 -0.022301865663462893 0.1724274373351426 0.022357667718119995 0.17469000483267993 -0.005497787143800004 -0.01960280328298945 0.08211774130659932 -0.014311699866400036 0.0018831184034736822 0.022602013813399994
12 34 -0.06888063096430522 -0.03894910695714517 -0.023711509922545206 -0.30615940328993546 -0.26102082551008543 -0.07394770963394184 0.22845757479168002 0.739862523215896 0.08731882247749019 0.012042771838800016 0.04595727498815273 0.07976154681640002 -0.3245439744093997 -0.3894013280083664 -0.10236356062980012
12 35 1.6141624742426879 1.7165129449015275 1.8402436988970174 -0.205444887914485 -0.174469657014615 -0.16784613250327501 0.2448445494827664 0.14653784399792005 0.8700989919960693 -1.0217157441208014 -0.4579468378926681 -0.048345620280398904 0.01684242728179991 0.07712518105153687 0.1355248164178001
12 36 1.9436479120933223 2.2547380159636803 2.536126106623503 -0.0036856020851735657 0.1479486033286628 0.19789119987534093 0.24810140356032598 0.14210470769853814 0.74251542367836 -0.5804092427525998 -0.3819515278850525 -0.15638150097920023 -0.18692476289269067 -0.06944573234273685 -0.03351032163840001
12 37 -1.7884656462337796 -1.4386685028808566 -1.1314189960310954 -0.032432435381243845 -0.008150542162741484 0.16728559092498527 0.2739863745040502 0.2584658089281564 1.101564557394564 0.3214023817558004 0.5797708196813496 0.6308492581353997 -0.21493729738406187 -0.11995004932925478 0.012740903539599988
12 38 -1.4370516492557281 -1.1662367632041728 -0.8874038345696281 -0.044951003366666895 -0.03256352900059689 -0.021471961604136898 0.29007674950159107 0.0884183799063549 1.4463543511254187 -1.2164072221464928 -0.7612391321712731 -0.19137535248180015 -0.087702794913 -0.04653598942439731 -0.0060213859194000255
12 39 -2.2277021386413143 -2.0001112041791176 -1.7858240419430844 -0.13662243459185497 -0.12128971711303495 -0.11800413479614494 0.23116131080817612 0.05899212871777457 0.7923445738299411 -0.5815437067663976 -0.41702345991049533 -0.2845759345386023 -0.053843407424200296 0.0005695284927578905 0.022427480888200027
12 40 0.42096968251686157 0.776691346019381 1.1472666341210114 -0.01254634780937399 0.005522173271956011 0.04768060135398111 0.27808220661391747 0.09670869385332001 1.2946328792558655 0.40421825476320006 0.6813857259241397 0.8948303074995276 -0.07784168463920005 -0.04454263969970795 -0.0005235987756000565
12 41 0.24655830010691 0.9914691881836403 1.48359531404695 0.0037383498136854846 0.04476667720512784 0.11115027530494785 0.34433894588752023 0.18018779197653237 1.90300229662568 0.5229879103618018 1.001580156118779 1.403681050921 -0.14337879805180004 0.008147931823810527 0.12278391287820002
12 42 -0.19531543326819 -0.07354817467928 0.056806103829469996 -0.6074130254212999 -0.57971028686893 -0.47341100877586995 0.2256238434019992 0.3270747018247999 0.48591711704932006 0.041451569735000034 0.2557458510785895 0.3707951995874002 -0.27724555168020026 -0.15763078928589472 0.014573499254199596
12 43 0.6332329415613189 1.1854865328206552 1.721934422373879 -0.11245141826231383 -0.07563806101450385 -0.02064273628397075 0.306539429124343 0.20648990380469598 1.49127912607888 -1.1374310735283983 -0.7848837505678317 -0.29914943379280134 -0.1745329252 -0.10867889673931368 -0.05733406592819998
12 44 1.4455082542957371 1.9713820665736246 2.471290615570206 -0.12792056231088217 -0.11919391605088217 -0.10622175638539216 0.307504078820664 0.07836528341480001 1.6313592518409097 -1.1500847106054024 -0.8586101325478471 -0.5497787143799993 -0.08909905831460001 0.022542305181094745 0.07033676885559996
12 45 -1.7644958760709375 -1.3303975845134974 -0.9564826088868386 -0.5069806716088381 -0.46557273510513797 -0.23787708088921794 0.3482766978181076 0.3123441229382691 1.819802451188076 0.5675810727503988 0.9577907637831977 1.2602149864066026 -0.07853981633999987 0.1590362386309263 0.33623768039779983
12 46 2.4972251416667675 2.9769572197190275 -2.926424778831403 -0.007972033765352495 0.002643931409938378 0.06029215660348006 0.3514234744056316 0.15966271997296 1.9810271595212408 -1.3849187614620018 -0.9786474911392634 -0.49069931919980103 -0.13631021458120002 0.039922110153652185 0.023038346126399996
12 47 -1.970467707967713 -1.2021807444266335 -0.12350793362951329 -0.7424951099849276 -0.37132902793147754 -0.11731817191870206 0.5630543278216326 1.0111215955609854 3.1289041099431962 0.3153809958364 -1.3663998995069684 2.4390103632074 -0.7549421679526003 -0.5321692608215712 -0.2157226955472004
12 48 0.13668342415286117 0.21777578452359697 0.27212097410753755 -0.6511751686789135 -0.4847013013000235 -0.1895573981405635 0.22487990235687544 0.4874355534987346 0.2553591228595964 -0.18579029887539983 -0.13439953834715598 -0.054192473274600333 -0.07749261878879976 0.24238948932907367 0.4331034538838008
12 49 2.13876137198584 2.4593582842918424 2.8061883679200297 0.022184977084968333 0.0917974343010058 0.1156953550840158 0.27861789773004736 0.20388936321863999 1.1932816095924004 -0.9037314866855972 -0.6280429524170529 -0.27366762671359623 0.009773843811199945 0.10106374963423158 0.1189441885237999
