13 0 -0.19822809690098758 -0.18541563486229115 -0.16250993375933118 -0.07852599915003015 0.014412783518941045 0.09667451448885983 0.18266878794566122 0.18542377973248 0.1017003355135164 -0.08159414252838212 -0.008304092862147382 0.0870919296747999 -0.16929693744399987 -0.09447742819378946 -0.0027925268031999545
13 1 -0.2403050278040285 -0.2268153780153205 -0.21002356528182847 -0.01617954153559157 -0.011951481422639021 -0.009193861204479022 0.1620881496204966 0.019425514574690186 0.06325073209248003 -0.048869219056 0.007036432668589496 0.04424409653820016 -0.015969762655800007 0.008937922958885897 0.0275762021816349
13 2 -0.059959525936927896 -0.035448121921855605 0.0290479025919421 -0.03397845772884211 -0.024357330227192102 -0.006786227982717011 0.19103547903181406 0.06541494036496 0.22581069862410905 -0.10210176124200002 -0.11884773611795214 0.01692969374439999 -0.046687557490999954 -0.015689591381155218 -0.00017453292520001884
13 3 -0.2814320632599231 -0.14063897049545324 -0.04669836883601121 -0.07639757012721615 -0.05052306396631616 0.04955411534336384 0.20049680831417088 0.15362388076104 0.3184353220267019 -0.23492131731920024 -0.16759753790879048 0.035953782591200065 -0.06719517620200008 -0.07876946492578947 -0.014660765716799987
13 4 -0.27182325002654906 -0.26759955323670903 -0.198632867843929 -0.13553300976893318 -0.13005267591765318 -0.1156100763573532 0.18782167799520985 0.03349286834588 0.27754225765303997 -0.24661502330760005 -0.1460748724489684 0.05192354524700016 -0.027052603406000006 -0.015496686569073688 0.0033161255787999416
13 5 0.0900695098601189 0.5545792909692947 1.246664298575828 -0.22700610371785743 -0.054750833191193844 -0.007919286036851485 0.32369836149367903 0.23368213355086118 1.6805600834582801 -1.2369148408924013 -0.8845053070833051 -0.36713000815820074 -0.007330382858399998 0.119426450554261 0.22200588085704423
13 6 -0.05503600059844279 -0.03971462775974334 -0.02133805606543534 -0.007800652129070022 0.0699144961394298 0.12293323549205981 0.1827161620446763 0.25349162056124797 0.06627015169850982 0.0029670597284000297 0.026354471705200007 0.05471607205020001 -0.19888026826540006 -0.13018319031274103 -0.04965461721939994
13 7 0.017553794396049247 0.07217125534345918 0.13107000894611615 -0.07536700168531704 -0.047786436180587054 0.005603185638075495 0.18510146843263717 0.13353514107052 0.1474105086233964 -0.10367255756879998 0.048777359621684196 0.1310742268249382 -0.08395033702120006 -0.05935038051143157 -0.010559241974599995
13 8 0.03407411146819417 0.23927858027846746 0.35519724054403196 -0.05840899482197895 -0.029632878779628946 0.022482652685091052 0.27672934437891034 0.1685988057432 1.2200724136106 0.33981560536457467 0.6421433755845263 0.9349728802964002 -0.12077678423848723 -0.08873621354905263 -0.008639379797400013
13 9 -0.1504954750396438 -0.13611396200326853 -0.11765710516326379 -0.010581446441191009 -0.0006897929054810103 0.059384439948393895 0.17076803850696076 0.10018189906483492 0.07761479183713813 -0.052796209873000044 -0.0009002224562947332 0.07356562797179986 -0.08901179185199998 -0.0503022262313447 0.0009599310885999909
13 10 3.0714967401811766 -3.0263066345308416 -2.9505654943039743 0.16979013840173615 0.17611259361658255 0.19271940144936256 0.2671303711298163 0.39388590559083647 0.5619436592664404 0.031677725923799915 -2.8693534838874313 0.9012007592701998 -0.09747663872420015 -0.19368561725456654 0.031154127148199998
13 11 -0.35452999147394304 -0.24040814767366864 -0.057540402630842105 -0.09424710086882705 -0.07424126431777706 -0.05530007861044705 0.2332391994908023 0.0739146938222 0.758973878524371 -0.7411540668618007 -0.3992211015362374 0.008813912722599997 -0.03909537524479999 -0.03858096241263159 -0.0021816615650000273
13 12 0.07219568995302615 0.07424296116562215 0.11907523366174615 -0.0786528748904739 -0.0535855835086239 -0.03988911220355389 0.18865323653377503 0.1021366678270749 0.28557077221224 -0.2632829176642 -0.1503004064274947 -0.013613568165599943 -0.07208209810760008 -0.05375614096161836 -0.024870941840999996
13 13 -0.14525051823052385 -0.06761565510773558 0.021982567372986157 0.05863865106266311 0.1235212660057631 0.21849772057612404 0.2056507715002331 0.17472491141737098 0.17907078125519998 -0.13063789451220004 -0.07030002508214928 0.17200219778460002 -0.2336123203802 -0.007927469181452634 0.0794124809660002
13 14 -1.0888732018186036 -1.0227592570882176 -0.9276265955494535 -0.195753510910442 -0.14095889904390202 -0.084981826609132 0.1873827802444872 0.14758504154911997 0.1337794871657999 -0.11754792512220003 0.035448555702463136 0.03639011490419897 0.028448866807600087 0.06782900629877893 0.11458086539379991
13 15 0.08225499205974195 0.0937130785991394 0.10711284393135195 -0.0989593444051809 -0.0876059776209209 -0.0674125181752809 0.1842854041374075 0.04246386070115999 0.16577137235496 -0.08351400470820003 -0.08724809071313684 0.1192932543742 -0.031241393610799903 0.017388990915978942 0.0575085988534
13 16 -1.0529033234135783 -0.5673675608057158 -0.17890788385892845 0.01093356661775583 0.0779454832482871 0.0972226448366271 0.28568841364851705 0.18790214727032 1.2324118914227635 -0.233525053920218 0.14066435176776843 0.6255260039194187 -0.1690351380563746 -0.012915436464799996 -0.028623399732799898
13 17 -0.775830704772849 -0.6670783664161031 -0.5507225011730191 -0.1331183952301981 -0.1257312891711081 -0.10516258393628809 0.23378974212519338 0.26345745058939996 0.3273888610901601 -0.48354346926660047 -0.044487524039136826 0.5606870222049998 -0.11213740444099993 -0.11080084967170527 0.04014257279600003
13 18 0.3262600209146731 0.36671675297603307 0.40046269406345303 -0.14570154039794514 -0.14170473641086515 -0.13347550898768518 0.17122901525896914 0.015184364492399988 0.10241592050736004 -0.1422443340380003 -0.04179604261368422 0.13430308594140017 -0.013526301702999899 0.0023056718013263274 0.011082840750199913
13 19 -0.2191181366434541 -0.023508615396476612 0.29351124460772593 -0.03089669108353 0.0018107790989500003 0.08244499054135 0.26780530768201705 0.18364354389544002 1.0952115589225202 -0.4997750313102 -0.5576602538442947 -0.08787732784169083 -0.15036011505980001 -0.0872756485434316 -0.04450589592599999
13 20 0.34171709310269804 0.5234084862297761 0.7083322291315581 0.063441845645574 0.11452326952848399 0.131348243517764 0.2089479343195505 0.11198032480831999 0.3291516436346801 -0.38458330067819957 -0.08553031929143158 -0.007243116395800192 -0.07862708280260006 -0.05893701305701052 -0.032375857624599956
13 21 -0.9535368809600194 -0.49274465115783056 -0.08974289088313496 -0.28657419108861737 -0.17763510250190745 -0.12301066023691384 0.3057567699809127 0.29543188248661595 1.3345660125418 -0.24068090385079996 0.34693471152387373 0.9005898940311269 -0.13343042131566163 0.08060665361238081 0.07504915783600047
13 22 0.05310697544266979 0.12086240233480264 0.22322421763580794 -0.4597602069183971 -0.012462862893405209 0.09548575134279479 0.26789002783576243 0.6785491065918619 0.45736353048729816 -0.43537238191139993 -0.03792876042898946 0.3969751383674 -0.5462880558759997 -0.3098786157205168 -0.032463124087199965
13 23 0.0709132608038868 0.0723418127966453 0.09149069268496679 0.04252863180893705 0.19649721509707252 0.2603631757508825 0.19086609524843934 0.27878144142176803 0.13315116863508 -0.051225413546199874 -0.0700795624395158 0.0017453292520000496 -0.21598449493491267 -0.14672707443250946 -0.04022983925860006
13 24 -0.034037314109690214 -0.044597428748846396 -0.02158875321980021 -0.13338101880121722 -0.08712979362321721 -0.0567217947302472 0.17935288801969118 0.09627236154032001 0.17137387925318187 -0.0818559419188 -0.09019677855430625 0.016755160819200005 -0.08909905831459994 -0.03698260825553685 0.02827433388240007
13 25 -0.8310117616251844 -0.6074019231881965 -0.34080113461594447 -0.11532384236002521 -0.08479367041941521 -0.0631690409871352 0.22023429903991787 0.07344345492415999 0.4480958321584799 -0.47534042178219993 0.007284453141242106 0.48083820892599993 -0.07496189137339994 -0.021614524894505268 0.02513274122880004
13 26 0.03565300418349684 0.027125325458222226 0.04674020825682684 0.0692285332619869 0.07503175302488689 0.08021974422645689 0.16902031517372346 0.01884955592160001 0.12978268317872 -0.028274333882400034 -0.06830667535722106 0.01300270292740005 -0.01570796326799996 -0.002746597086042113 0.004974188368199947
13 27 -0.31103085963930194 -0.10900201740301116 0.16118105945921168 -0.19425572752343556 -0.16613847327423914 -0.14349282622953913 0.2613255542947966 0.09335766168895639 1.096066770256 -1.3223487077778002 -0.2816685834421378 0.8948303075000511 -0.0057595865315998584 0.0491356114152402 0.09747663872158197
13 28 0.0832765914485211 0.10782901070103283 0.1430672082989111 -0.13966148915189996 -0.13234419626288996 -0.11982145887978995 0.17047387294714192 0.031049407393080014 0.1284736862396851 -0.10794861423620017 -0.06761772959983425 -0.023300145514200052 -0.037699111843199906 -0.014908786189452627 0.00776671517140004
13 29 -0.284299687702715 -0.08437571254479706 0.15316708931073592 -0.07142270301984321 0.029876206766201882 0.1975848945916149 0.2673146621776975 0.2962870938202181 0.836920282918691 -0.8026769229948 -0.4404843594308899 0.06972590361740016 -0.24198990079329052 -0.1512098148275885 -0.020856684561399996
13 30 0.024103966597559794 0.02707015366133379 0.029523213925019793 -0.13273888308070192 -0.1298241832298619 -0.12800467748465189 0.1572938488653727 0.008412486994640006 0.010681415022239994 -0.0171914931322 0.0027282251991789454 0.02609267231739999 -0.021205750411799965 0.0002480204726526255 0.02172934918740002
13 31 -0.05122672254313901 -0.073271103660525 0.013965688342191 -0.021202405197342157 -0.012741921648298335 0.04310425109259784 0.20940155435420413 0.13069025438976 0.492182849064 -0.05061454830799999 0.22048101424475788 0.19408061282240013 -0.1011418301534 -0.06590914412157894 -0.007504915783600012
13 32 -1.009916833563211 -0.6396653040378614 -0.19382705526679106 -0.03523499782764285 -0.0022744549035678668 0.004776675274509515 0.2560077807504775 0.09998991284713236 0.6840992536135709 -0.2833542040604545 0.32317067586637893 0.7917686151697995 -0.06920230484182617 -0.04696772876569071 0.017016960207
13 33 -0.33479327499824746 -0.28500164943230366 -0.06913234622767385 -0.04011479297201416 -0.012739303654446517 0.024143866763495846 0.2440872934141335 0.19785052400672 0.7959748586676436 -0.4132939668736001 -0.41258664922964394 -0.057072266540399985 -0.22383847656900002 -0.07579321925398548 0.12034045192540002
13 34 -0.419722450841029 -0.20451113676466498 -0.052282646740599 -0.0025537075838865573 0.013760757599153337 0.037108899667757156 0.20858774530975535 0.07040658202568001 0.5387831400924 -0.41521382905079995 -0.2331668021237684 0.18587756533799998 -0.06204645490886178 -0.028329449542959163 -0.011431906600599975
13 35 -0.5427727203554376 -0.3676324205758026 -0.09748686829285204 -0.2292614084802425 -0.21097908456554254 -0.17809271813473254 0.2677657193469706 0.24047146434036804 1.0375982403138255 -0.7400196028479998 -0.5461043370072766 -0.05829399701680043 -0.07557275661160004 -0.11654206431634104 -0.001919862177199999
13 36 -0.06559892715699985 -0.010607965749596231 0.010104729148539425 -0.1803900077626775 -0.09960308001090205 -0.04332057495703205 0.19242154923634383 0.20289452554480802 0.12964305683856 -0.2322160569788618 -0.009617682772863165 0.1912008195566 -0.18238690683400005 -0.09016003478084633 -0.009773843811200058
13 37 -0.019471377949031896 -0.02405286723552142 -0.01675302763900699 0.12038195197654192 0.1226770599429219 0.1387951755851419 0.16808760048309737 0.06834709350832 0.08599237224607491 -0.034906585040174534 -0.04525914328740785 0.00584685299437452 -0.05794493116640001 -0.03597215447806316 -0.007766715171399971
13 38 0.06437002143813879 0.10034212998669038 0.18100601202686692 0.069953232752473 0.080425208264473 0.09748580170277299 0.18748826957221346 0.048572513083160004 0.32400292234197814 -0.23073252711439993 -0.170527853864199 -0.05436700619980004 -0.043022366061799995 -0.025564480570084213 -0.010035643199000008
13 39 -0.20290863362253858 -0.06146366038225563 0.015279339492535484 -0.14929750043359882 -0.09663219025449885 0.030209613134601156 0.26802453357488815 0.2084795791514 1.05763462012696 -0.7438593272024002 -0.5460859651205053 -0.11327186845480001 -0.1469567230184 -0.09683821565570525 0.03289945640020012
13 40 0.008110738959514505 0.03656745974873367 0.07615676317184705 0.036474763372922006 0.252175642304472 0.37854620679553197 0.20199342608245296 0.37077774629488003 0.16533504004195998 -0.11728612573448725 -0.08701844212734737 -0.03045599544739999 -0.37210419652640003 -0.19514618226046312 -0.03673918075459992
13 41 -0.092444418158371 -0.06655507669882901 -0.015065245770950999 -0.247832826793183 -0.058303159995373 -0.007758424857453 0.20283565187259076 0.29537952260848005 0.23607323462552 -0.17095500023340005 -0.12424907085553683 0.066758843889 -0.18727382873959986 -0.15278979709745263 -0.048171087355199996
13 42 -0.09222421578435215 -0.09418422053429579 -0.06292886428953216 -0.035939044255371796 -0.01386499254063198 0.0007172333598332568 0.18204332840469933 0.13182471840356 0.1765575071317964 -0.12575097260659995 -0.09292500375357705 0.028536133270199993 -0.17139133254671415 -0.05161581614204211 0.03473205211514906
13 43 -0.0773333090131481 -0.04347741218285734 -0.00339679857533301 -0.11081468727484396 -0.0034202150761364946 0.10212420811541605 0.19167605997142242 0.27839746898651996 0.10868165252204001 -0.06658431096379996 -0.013907518355410521 0.12234758056519998 -0.22314034486820006 -0.14068272365463155 -0.0566359342273999
13 44 1.496262428943897 1.4897802761009218 1.7582625296043866 0.0017637036905170298 0.019888947972555443 0.027742929606572896 0.28421511899097857 0.039671333897994904 1.3723872974291493 -0.634427183084546 -0.7223091039100784 -0.18203784098359987 -0.1084722130118192 -0.020245819323181626 0.05523967082579999
13 45 -0.33971888503443654 -0.2976520867381065 -0.24309309432058657 -0.0042094432676095155 0.023602378363062844 0.042425754345882846 0.18078853080129761 0.12866567245749236 0.16446237541596004 -0.08325220532040017 0.008643972769115806 0.16519541370180024 -0.11519173063226179 -0.06771877497762756 -0.0090757121104
13 46 -0.17191381625051405 -0.14830911078184003 -0.15950888859192405 -0.07313773141679317 -0.06656656678301315 -0.06564154227945315 0.17285788821922218 0.08681267699448 0.12220795422504 -0.0002617993877998548 0.0621796510883579 0.03272492347500003 -0.04843288674300006 -0.04569088262867369 -0.004101523742199992
13 47 -0.054391974104454795 -0.02947216304446163 -0.026427436164284793 0.040241232380144897 0.0647892883095249 0.11037292504863491 0.2085495489089736 0.06450736915392 0.47790605578264 -0.22060961745279997 -0.2515295030434947 -0.024696408915799994 -0.08630653151139984 -0.033951246923115776 -0.01858775653380001
13 48 -0.2862899933075866 -0.11938852026213982 0.10118619060527984 -0.1170596207825461 -0.04498624932120611 -0.0015842741471310104 0.26869569605018107 0.21305234179164 0.9458462815358364 -1.2313297872859994 -0.4978138323872823 0.2518510110636002 -0.16249015336120004 -0.11213281146928418 -0.07618362184979999
13 49 0.09098590468005816 0.09553336004614414 0.09895333271543816 0.16812882736069212 0.1716456658034721 0.17491379482749303 0.1583501875200503 0.01378810109045095 0.021345376751959994 -0.030979594223000048 -0.008680716542842096 0.01064650843719997 -0.022776546738600134 -0.004620529546084209 0.01047197551200002
