14 0 0.8373873524192286 0.9505571191127864 1.0627617187299885 -0.13613054263105778 -0.1304320426232778 -0.1242972103024978 0.18164193033145087 0.020036379812959998 0.25288075532227994 -0.16624261125300022 -0.1319652633380631 0.05977752688099913 -0.02321287905159994 -0.010132095605031574 -0.0063704517698000285
14 1 -1.7310291876638373 -1.1984332397697777 -0.7592124068564085 -0.30936053106338196 -0.24335217875274195 -0.20281690687504197 0.32420914608547663 0.20422097577686907 1.722727238191836 -1.1695451317652004 -0.9066985464167558 -0.5412266010452005 0.050701814770600095 0.10628136550355212 0.15961036009539992
14 2 2.9277563680801855 -3.0772679215893906 -2.7669519118998442 0.021689303577400343 0.09512839517844779 0.12313656634991779 0.2364305353281966 0.22115066952092 0.6092158207417606 -0.0009599310885999301 -2.984623252241179 0.28501226685159864 -0.06344271831019987 -0.053728583131305255 0.15297810893779998
14 3 1.309249042113402 1.5877739201318275 1.9092888756208906 -0.18758784256143746 -0.15054322918721386 -0.11210235241191385 0.28052178044348214 0.20950932341060363 1.1399967075218589 -0.7723954604726002 -0.5999982671167677 -0.18605209826319968 -0.08962265709281811 0.04448752403913685 0.2402445715378
14 4 0.456491738525226 0.6147643037489681 0.7080329536465959 -0.2891298379258691 -0.2838982134929991 -0.2722001441814691 0.21439792577143715 0.04014257279600003 0.6368182841772401 -0.4379903757894005 -0.05675075852029474 0.3935717463260002 -0.05646140130220023 -0.0008359208522736978 0.050963614158399395
14 5 -3.0649702268816084 -2.7375525515957704 -2.404031492441728 -0.13205534427168394 -0.09625864131316395 -0.08313376533812394 0.29351450071215 0.1839577031608 1.2958283484785609 -0.8855800624648014 -0.599460932227116 -0.45518186892159695 -0.08927359123979996 0.09502858479968423 0.02268928027600002
14 6 -2.1912777958757137 -1.6664668891129923 -1.1247419965705352 -0.4668412501007955 -0.40531839396779556 -0.29719088348326556 0.35341616226369477 0.1944820385498364 1.8802781097576586 0.15463617172720046 0.9896200577671886 1.6196655458560016 -0.09704030641120048 0.10235896765780862 0.31546826229900016
14 7 1.935090611256013 2.232198882488599 2.588720779453143 -0.27352717619056993 -0.1543342782480109 9.550829514010529e-06 0.3121425161336186 0.20582667868836002 1.3633988517848397 -0.8803440747088009 -0.7175783430446524 -0.4106759729956011 -0.1732239282610001 0.07385498518989475 0.33894294073840003
14 8 -1.7252914177465783 -1.1973511356332758 -0.7182233493731884 -0.2844487679102385 -0.23454980459555846 -0.15092671680893394 0.3105371653758456 0.3170739652110145 1.463894910120236 -1.0474593505878 -0.7618545903876189 -0.4235041429977987 0.04267330021139992 0.16345467742160763 0.23273965575419997
14 9 -1.8213827983352793 -1.7298743129907368 -1.5345597523882202 -0.11049572835404095 -0.08887982556802095 -0.06291368962139095 0.23997308397235786 0.09691813336355998 0.7393912843137891 -0.6710790973940006 -0.3891533075335732 0.07574728953679943 -0.052447144022600006 0.027245508218063146 0.11152653920279997
14 10 -3.090333448542166 -2.635450887324264 -2.246431848615126 -0.27275511040359446 -0.24458985959944446 -0.21943093843186445 0.3066903054326881 0.18348646426275994 1.4013684083470004 -0.816115958235204 -0.6429012587150523 -0.4047418535387959 -0.30281462522199987 -0.09657182329618945 0.0719948316449999
14 11 0.7702310582748415 1.097879973423541 1.4979984497738015 -0.2613044899935461 -0.24890392565808608 -0.2017494925921761 0.2923419582652304 0.07126179335916002 1.4873695885545746 0.3644247478175999 0.7828260992392498 0.9722356598274723 -0.054716072050199904 -0.03697342231210527 -0.00026179938780013234
14 12 0.865452828567224 1.170711787405254 1.367378978180514 -0.278526187018855 -0.240006770427215 -0.18675677494869503 0.28019581801288423 0.13180726511104002 1.2904615423367785 -0.5366014785273998 -0.6726498937171254 0.0053232542186004705 -0.09398598022020005 -0.06937224479528421 -0.007155849933199732
14 13 1.490433901906843 1.485959750369341 1.506600014103493 -0.24007188090536394 -0.23283312783269391 -0.21318508377830395 0.19190228062801404 0.17425367251968005 0.2547308043293999 -0.10192722831679935 -0.13406884438389466 -0.004625122517801783 -0.075485490149 -0.09171245922088425 -0.01509709802979986
14 14 2.7208019158184604 2.773031766349187 2.849502494860941 -0.7271029543497729 -0.632283579411743 -0.606544336267873 0.20754270082780754 0.10943214410040003 0.23516566341447964 -0.27532568950300096 0.03256416946494729 0.2483603525596001 -0.16676621002860048 0.015386455247894743 0.19835666948980035
14 15 -1.565811714938044 -0.7150335177580541 0.1410504803482251 -0.16304109562847285 -0.14854177286748285 -0.11655861432458287 0.33953109373041596 0.19245745661856362 1.79398903154576 -0.10480702158259914 0.8953998359933417 1.386402291326201 0.03255039054979994 0.10129339822029663 0.12531464029360007
14 16 1.8419394801901776 2.109877190969462 2.4637130262138687 -0.14256823805829216 0.06715052486202785 0.08648877297418785 0.3220460343394253 0.3465176696915564 1.536343527360284 0.01963495408499938 0.8024289025193916 1.4224433403538206 0.011606439525800108 0.18237772089029286 0.3794345793819201
14 17 -3.1121012231295815 -2.913680849122083 -2.726132587686381 -0.29087080385473907 -0.2325462635760291 -0.1665379112660872 0.2866824879974485 0.2859198380619419 1.1886127725281996 -0.7628834160491982 -0.566713043893537 -0.3166899927754008 0.03595378259119986 0.1504841252957589 0.33999013828960006
14 18 -2.738759026704236 -2.5188091437086917 -2.3702196651750453 -0.065125652041441 -0.050067823919811 -0.044460953697761 0.21017804556768727 0.06986552995756 0.5293060022540397 -0.3022910264463996 -0.27858210644949455 -0.15193091138659742 -0.013788101090800031 -0.002948687841536835 0.0836885376334
14 19 -2.347362251520254 -2.328928956625256 -2.298039246858734 -0.5146027183776005 -0.49719742241203047 -0.4610080203718105 0.1730536084225066 0.09103637378432 0.08721410272243979 -0.08237954069439946 -0.04590215932759989 0.0011344640138011286 0.003403392041400055 0.04791388093911579 0.08211774130660043
14 20 2.2618017028257973 2.570291266110675 2.807950132361637 -0.19161659576913304 -0.17154530937130757 -0.019697301124360835 0.2600349888893065 0.52592006350516 0.6775368156264001 -0.5639158813211997 -0.3565983240138948 -0.020158552860600754 0.06527531402479997 0.2768000334237685 0.2678207737195746
14 21 -0.663615245329578 -0.21517121998528904 0.47519027498477207 -0.23515073115232607 -0.22043760555796607 -0.1828475767930161 0.31675646201082386 0.13163273218514185 1.67914636676416 -0.8983209660044003 -0.8837612456653472 -0.3138974659722005 -0.008639379797400065 0.013898332411978926 0.13011429573310931
14 22 2.351173614274309 -2.833422008578375 -1.798756834729911 -0.163919141686275 -0.073476179847635 -0.033804845949675 0.5105455216683563 0.39746383055796003 3.0852795239691204 -2.136632070298401 -1.5000783840894105 -0.7470009198560001 0.059166661642799975 0.17283352566515794 0.46923176940019995
14 23 0.5455358674501439 0.554019912944116 0.570520255692524 -0.19183161063767545 -0.18780426338868544 -0.18260318221772542 0.17234090050223583 0.03958406743588358 0.15906930802728003 -0.060562925044400084 -0.08372068843541054 -0.01265363707700029 -0.001483529864200056 0.02083371970309662 0.025132741228800076
14 24 2.1322078060828664 2.2241185898224387 2.2260890665479467 0.027729015453963793 0.046399675127233794 0.06833846382487378 0.20325222854663702 0.05251695719268 0.38287287801124004 -0.03289945640019942 0.2015120410585474 0.2401573050752015 -0.06195918844600001 0.004859364075305265 0.0390081087822
14 25 0.20474995598339857 0.5127237744744153 0.7921666956827785 -0.19801196696252998 -0.19597429506081998 -0.18922423417871 0.24733966045498498 0.031834805556479995 1.0130065511527964 -0.7147995951566003 -0.5331613427119981 -0.33859387488799975 -0.023911010752400014 -0.0076518908785052605 0.015009831567199816
14 26 -2.7448498864318958 -2.1442943081229364 -1.7119596717734205 -0.23335653268127007 -0.19621156287558006 -0.18827467810211007 0.2861493492994134 0.06948155752212004 1.387763648144505 -0.9979792662936005 -0.7145010519959923 -0.15734143206780016 -0.12514010736840012 -0.036569240801115815 0.058032197628999915
14 27 0.26924908330512753 0.4519806926663974 0.5850315048694875 -0.45289912370350655 -0.30222048605521656 -0.20564705521892657 0.22737959194230653 0.29026570790011996 0.5228657373141601 -0.11405726661820076 0.10195478614709473 0.3469714552975997 -0.049131018443799995 0.13038528106783157 0.24626595745720015
14 28 0.30655287807274956 0.3151364073340855 0.3250839114058595 -0.3635527134491915 -0.36222626321767154 -0.3606292869520915 0.1579616185050836 0.005602506898920001 0.025499260371719956 -0.01919862177199999 0.002608807934568425 0.023474678439399932 -0.0131772358526 -0.000661387927073668 0.005497787143799726
14 29 -2.7366613348668647 -2.4719524832037814 -2.2188963222916747 -0.035075009312818005 -0.029258699580528 -0.021138555235597996 0.23668152562460912 0.024958208303600002 0.8819846842056802 -0.5808455750656005 -0.4642024653714106 -0.29609510760180147 -0.04782202150480003 0.008643972769115786 0.06719517620200002
14 30 0.6058566765425849 0.7428048089653909 0.829642793234025 -0.27873824452297297 -0.253985112406483 -0.24017955802316296 0.23975013022221045 0.11817624365292004 0.8437270670018402 -0.716893990259001 -0.44302886576162115 -0.04808382089259988 -0.03333578871319978 0.035567972967073695 0.06335545184759997
14 31 0.44187484844676045 0.6719755663719365 0.8297437314418504 -0.49433110696617755 -0.41744935341557754 -0.41349181933666757 0.2555859171793296 0.13257520998191996 0.9914866414761601 -0.01169370598840036 0.5218350744611367 0.7975282017013987 -0.0717330322571999 -0.057843885788652655 -0.0024434609528004025
14 32 2.4090219220760027 2.570324378881217 2.701382025078523 -0.0682956547767929 -0.06444720377613289 -0.051601580481412904 0.19425576758896956 0.022863813201200005 0.41755257024848014 0.03534291735299844 0.21976451065709482 0.3975860036055989 -0.022165681500400033 0.002452646896231578 0.008552113334800021
14 33 -0.23878420273033546 -0.17552910731477955 -0.13775581897848996 -0.43422152412465576 -0.2804798336391057 -0.2756147283491557 0.21101480471727585 0.33814008928248 0.2967408794248655 0.014486232791599968 0.1561794102236134 0.18849555921582545 -0.2147627644586006 -0.17796846804341052 0.012130038301400026
14 34 0.7614678570623161 1.3323563287428126 1.7579985000697749 -0.07574088999615117 0.031871748359038846 0.05125799302562885 0.2811019222042473 0.1625774198238 1.2839863708118588 -0.035604716740800235 0.5790083863792843 0.9217956444437997 -0.0042760566674000106 0.07066746281913684 0.12732176893340008
14 35 1.7002781830897842 2.081506960946862 2.52029058888182 -0.24062107784216305 -0.1667412906053521 -0.1319306986742121 0.3095383430863403 0.20924752402193092 1.5288909714612253 0.5532693728839988 0.8046794586638027 1.0899581178740025 0.014398966328999924 0.07434184019176844 0.19277161588340003
14 36 -2.5387459428012478 -2.274255257294315 -2.1123663698607773 0.02673374144799334 0.12103824425670079 0.1273606994720708 0.2656736436052463 0.14844025288266982 1.0916336339594108 -0.7931648785713996 -0.5745440178733741 -0.31285026842099883 -0.05122541354619995 0.04924584273673148 0.015184364492400043
14 37 -2.510914825578362 -2.1975444490406155 -1.8417163204533926 -0.08792197917817217 -0.07851465450989216 -0.058290651802342164 0.256094247751833 0.07105235384892 1.0774266538411497 -0.8902924514452004 -0.5670666599163945 -0.35185837718574975 0.002356194490200046 0.0366978440091579 0.07059856824339995
14 38 2.2522213966380367 2.446975706551708 2.638851095864206 -0.20884091078831996 -0.18721628135603996 -0.1591775669223109 0.23029203778122934 0.049532444171760004 0.7633197483621998 0.2937389131115986 0.4017472359801052 0.5409648016573998 -0.07897614865299996 -0.026069707458821055 0.01797689129559993
14 39 0.5925965860305256 0.6762772696822915 0.7931305537621955 -0.24179505417116753 -0.2137607030609175 -0.1944180916256275 0.20360739159558136 0.06969099703236001 0.4816934202594799 -0.38641589639279994 -0.25352285276814734 -0.08124507668059999 -0.06222098783379995 -0.03667947212229474 -0.017366026057400036
14 40 -2.1715891729162147 -2.156489456892537 -2.145575040415155 -0.10313615971207685 -0.09258564438373684 -0.08316086642293684 0.1626023240150549 0.03385938748879999 0.05703735995535997 -0.05201081170959965 -0.018032006956189416 0.0006108652381997537 -0.030106929596999954 0.016461210629389475 0.04686209041620003
14 41 0.42647745682210453 0.5594296579225089 0.7080819683091745 -0.3591427512434565 -0.31240719719802645 -0.2924188139394964 0.22984178403096286 0.12746139527356 0.7266154741921165 -0.6065891815326001 -0.3824291969432192 -0.0971275728738008 -0.10218902770460003 -0.06275836552454737 -0.022165681500399825
14 42 0.182947157523892 0.255186335264172 0.480342535418432 -0.2212470019985811 -0.21273852189508108 -0.2032657473798511 0.24370016029915487 0.03426081321675997 0.95328138414988 0.13377948716579963 0.49706058502616846 0.5454153912500004 -0.02574360646699997 -0.005208429925705252 0.038484510006600026
14 43 1.4944803508158384 1.7672805488932888 2.0319283140356945 -0.350059427558457 -0.18619919073426244 -0.0938101867794679 0.3055428025322297 0.7224266839881891 0.687956431266076 -0.05593780252659997 0.3620823322453031 0.7977900010891981 0.10175269539160002 0.3802245705200995 0.5200208506334002
14 44 -0.8912089432277784 -0.7164403985787585 -0.5943851606632685 -0.9486459351000905 -0.9053835862661406 -0.7872858824295604 0.26854070477509123 0.34197981363688 0.9391965770862402 -0.7117452689656003 -0.4943139879401263 -0.18343410438520003 -0.2836160034500007 -0.12972389314075788 0.06946410422960014
14 45 -2.7232875555498817 -2.496249890461965 -2.2559451050649715 -0.43673480531786446 -0.3866220391698145 -0.38163039750909455 0.24032518478488432 0.15154693895116006 0.7896742200674001 -0.5705481324788031 -0.4156180105617895 -0.2233148777933991 -0.18919369091680044 -0.07976154681640002 0.008464846872199838
14 46 -0.9249671016199625 -0.9272081043795305 -0.9001136130714825 -0.3974377475826919 -0.39469321733392193 -0.38733665453674193 0.17788573702582056 0.05989969992864003 0.19908970777564006 -0.09555677654700001 -0.10478405672402108 -0.01457349925420015 -0.0007853981634001195 0.03152615785717896 0.05384340742420002
14 47 0.4060418329427496 0.42368274835733966 0.4562418655533996 -0.40318962557618054 -0.39043563206719045 -0.3768744237791505 0.17291985078092428 0.07866198938764007 0.12925908440311995 -0.012740903539600057 0.06693796978591575 0.14442599560300057 -0.06754424205240028 0.023378226033368435 0.08185594191879975
14 48 -0.6836744598663366 -0.233216324565292 0.2372659732439835 -0.26948635112163294 -0.19866961672173292 -0.18782675874368293 0.3198789140089363 0.6318091892240001 1.2624839144342 -1.1111638682866727 -0.5180137219936 -0.12505284090579966 -0.030543261910000036 0.3263857560674316 0.5298819609072004
14 49 -2.6788249534933617 -2.367767138214166 -2.068797473334322 -0.010307720636845858 0.07504324310907105 0.12501201959383107 0.277159669240076 0.22626448422928003 1.1683234012888002 -0.7997971297290007 -0.6149070533098948 -0.3765547861189966 0.025481807079200045 0.11042422599101052 0.18037977819411272
