22 0 2.3975 2.475 2.5225 -0.07 -0.045 0.042499999999999996 0.19801873503996112 0.16999999999999998 0.3200000000000003 0.049999999999998934 0.1684210526315791 0.20000000000000018 -0.10000000000000006 -0.06315789473684211 0.0
22 1 0.004999999999999999 0.12050000000000002 0.2125 -0.01 0.005 0.0625 0.18842544525132868 0.12 0.2 -0.19999999999999998 -0.09473684210526316 0.0 -0.1 -0.047368421052631574 0.0
22 2 -0.9025000000000001 -0.5469999999999999 -0.235 -0.23 -0.215 -0.1475 0.24449404844009895 0.15000000000000002 0.8700000000000001 0.20000000000000012 0.4578947368421053 0.65 0.0 0.07894736842105263 0.10000000000000009
22 3 0.0 0.019000000000000006 0.03 0.26 0.26 0.26 0.16064987626272872 0.020000000000000018 0.04 0.0 0.010526315789473684 0.0 0.0 0.010526315789473694 0.0
22 4 0.4575 1.2235 1.8925 0.02 0.04 0.1125 0.3503593979471785 0.10999999999999999 1.75 -2.0500000000000003 -0.9210526315789472 0.15000000000000013 -0.1 2.921639538487254e-18 0.1499999999999999
22 5 0.4 0.609 0.805 -0.39499999999999996 -0.32 -0.18 0.22918227108604805 0.24 0.2899999999999999 -0.5000000000000002 0.057894736842105256 0.20000000000000018 -0.19999999999999976 -0.05789473684210524 0.049999999999999906
22 6 -0.16 -0.16000000000000003 -0.16 -0.14 -0.14 -0.14 0.1544546959308694 0 0 0.0 0.0 0.0 0.0 0.0 0.0
22 7 -0.09 -0.0785 -0.07 0.0 0.01 0.02 0.1624300701854031 0.04 0.05 0.0 0.02631578947368421 0.049999999999999975 0.0 0.010526315789473686 0.0
22 8 -0.07 -0.048 -0.03 -0.14 -0.14 -0.14 0.16684505659458804 0.01999999999999999 0.12 0.0 0.06315789473684212 0.09999999999999998 0.0 -0.0052631578947368324 0.0
22 9 -0.37 0.08099999999999999 0.4825 0.1 0.5549999999999999 0.9225 0.4973495395350725 0.54 2.29 -2.7 -0.7736842105263159 0.7 -0.8500000000000001 -0.27894736842105256 0.2500000000000002
22 10 -0.14 -0.0865 -0.085 0.0 0.025 0.07 0.19918774798166258 0.09 0.34 0.0 0.17894736842105266 0.19999999999999996 -0.1 0.005263157894736838 0.05
22 11 -2.9425000000000003 -2.705 -2.5 -0.24 -0.24 -0.1875 0.23947802344922708 0.07 0.8799999999999999 -0.6000000000000005 -0.46315789473684205 -0.3499999999999992 -0.09999999999999981 -0.03157894736842105 0.0
22 12 -0.345 -0.18 -0.02 -0.23 -0.215 -0.1975 0.209316150756623 0.07 0.55 0.14999999999999986 0.2894736842105263 0.4 0.0 0.036842105263157905 0.10000000000000009
22 13 -0.07 -0.06350000000000001 -0.05 -0.2625 -0.26 -0.24 0.16862525051726238 0.07999999999999999 0.05 0.0 0.01578947368421053 0.09999999999999996 -0.049999999999999906 0.01578947368421051 0.0
22 14 0.09000000000000001 0.2859999999999999 0.5325 -0.695 -0.155 0.042499999999999996 0.29026162521806165 0.89 0.32 -0.35000000000000003 -0.14736842105263157 0.30000000000000016 0.15000000000000013 0.46842105263157896 0.45
22 15 -0.12 -0.1165 -0.12 -0.23 -0.23 -0.21 0.1579947989776462 0.020000000000000018 0.01999999999999999 0.0 0.010526315789473679 0.0 0.0 -0.010526315789473694 0.0
22 16 -1.2325 -0.5465 -0.11 -0.2125 -0.025 0.0225 0.29321123777840885 0.26 1.31 -0.049999999999999975 0.6894736842105262 0.8500000000000004 -0.04999999999999999 0.09473684210526316 0.15000000000000002
22 17 0.15250000000000002 0.5805 1.0325 -0.12 -0.055 0.0025 0.27681909205241595 0.17 1.22 0.35 0.6421052631578946 0.8999999999999999 -0.10000000000000009 -0.08947368421052633 0.0
22 18 -0.12 -0.015499999999999996 0.0625 0.015 0.05 0.07500000000000001 0.21346479776055824 0.12 0.52 0.049999999999999906 0.2736842105263158 0.3999999999999999 -0.1499999999999999 0.026315789473684216 0.19999999999999998
22 19 -1.5675000000000001 -0.9530000000000001 -0.195 0.0325 0.355 0.7225 0.3875998539494505 0.7999999999999999 1.82 -1.4999999999999996 -0.9578947368421052 -0.4499999999999993 -0.7499999999999998 -0.42105263157894735 -0.10000000000000002
22 20 0.27749999999999997 0.6965000000000001 1.0025 -0.185 -0.07500000000000001 0.14 0.3492938374781938 0.57 1.53 0.5499999999999999 0.805263157894737 1.0499999999999996 -0.3 0.05263157894736841 0.6000000000000001
22 21 -0.13 -0.0965 -0.08750000000000001 -0.07 -0.05 -0.05 0.17486607164590856 0.06 0.11 0.0 0.05789473684210527 0.10000000000000009 0.0 0.031578947368421054 0.049999999999999975
22 22 -0.14 -0.13300000000000003 -0.12 0.14 0.14 0.14 0.15887982473934034 0.020000000000000018 0.030000000000000013 0.0 0.015789473684210534 0.0 0.0 0.0 0.0
22 23 0.52 0.5885000000000001 0.66 -0.3 -0.27 -0.17 0.18585150716053392 0.12 0.22000000000000003 -0.050000000000000044 0.042105263157894736 0.1999999999999999 -0.09999999999999981 -0.06315789473684211 0.0
22 24 -0.1325 -0.065 -0.03 -0.07 -0.055 -0.05 0.17309094892287719 0.020000000000000004 0.19 0.0 0.1 0.19999999999999993 0.0 0.010526315789473686 0.0
22 25 -0.12 -0.0605 -0.03 -0.052500000000000005 -0.05 -0.05 0.17135132459734675 0.020000000000000004 0.16999999999999998 0.0 0.08947368421052632 0.1999999999999999 0.0 -0.010526315789473686 0.0
22 26 -0.05 -0.0225 -0.045000000000000005 -0.16 -0.15 -0.14 0.1740114730820722 0.01999999999999999 0.2 0.0 0.10526315789473684 0.10000000000000002 0.0 0.005263157894736847 0.0
22 27 -0.3 -0.279 -0.2775 -0.1 -0.1 -0.08750000000000001 0.16692619578887583 0.03 0.09999999999999998 0.0 0.05263157894736841 0.10000000000000009 0.0 -0.005263157894736839 0.0
22 28 0.1575 0.506 0.8300000000000001 -0.245 -0.125 -0.09 0.2756247231124997 0.19999999999999998 1.16 0.1999999999999999 0.6105263157894738 0.8999999999999991 -0.20000000000000018 -0.10526315789473684 0.0
22 29 -0.4225 -0.2045 -0.0225 -0.4825 -0.385 -0.25749999999999995 0.2823850379325733 0.71 0.39 -0.3 0.16842105263157897 0.44999999999999996 -0.44999999999999984 -0.28421052631578947 0.10000000000000009
22 30 -0.0925 -0.07500000000000001 -0.05 -0.16 -0.14500000000000002 -0.14 0.1686556777151203 0.04000000000000001 0.09000000000000001 -0.10000000000000009 0.010526315789473686 0.15 -0.09999999999999981 -0.02105263157894737 0.0
22 31 -0.042499999999999996 -0.025500000000000005 -0.017499999999999998 -0.18 -0.125 -0.1 0.17508413323055702 0.12 0.11000000000000001 -0.1 -0.03157894736842106 0.09999999999999996 -0.09999999999999995 -0.005263157894736847 0.10000000000000002
22 32 -0.09 -0.088 0.0025 -0.14 -0.12 -0.1 0.22823395675280939 0.17 0.67 0.049999999999999975 0.3421052631578947 0.35 -0.09999999999999995 -0.06315789473684211 0.10000000000000009
22 33 -0.12 -0.122 -0.12 -0.14 -0.14 -0.12 0.15887982473934034 0.020000000000000018 0.020000000000000018 0.0 0.005263157894736839 0.0 0.0 0.010526315789473694 0.0
22 34 -0.175 -0.10350000000000004 -0.0825 -0.12 -0.1 -0.08750000000000001 0.1862294129579294 0.06 0.26 0.0 0.1368421052631579 0.3 0.0 0.031578947368421054 0.09999999999999995
22 35 -0.10250000000000001 -0.0325 0.042499999999999996 -0.26 -0.245 -0.21 0.18800696985678936 0.07999999999999999 0.22 0.09999999999999995 0.11578947368421051 0.35000000000000003 -0.10000000000000009 0.010526315789473682 0.10000000000000009
22 36 -1.1175000000000002 -0.5125 -0.037500000000000006 -0.0175 0.15 0.3225 0.3147966976347925 0.4 1.3699999999999999 0.3999999999999999 0.7210526315789473 1.15 -0.3500000000000002 -0.21052631578947367 -0.04999999999999977
22 37 -0.07750000000000001 -0.06050000000000001 -0.02 -0.42 -0.415 -0.4 0.18196656253803398 0.04999999999999999 0.21 -0.19999999999999996 -0.1105263157894737 0.0 0.0 0.005263157894736847 0.04999999999999977
22 38 -0.37749999999999995 0.7275000000000001 1.71 -0.09 -0.005 0.06 0.4105865876911842 0.28 2.12 -1.8999999999999997 -1.1 0.3500000000000003 -0.20000000000000004 0.03157894736842106 0.3
22 39 -0.04 0.213 0.39249999999999996 -0.1725 -0.16 -0.155 0.23647303338877854 0.07 0.84 0.09999999999999999 0.4263157894736842 0.8 -0.049999999999999906 -0.0368421052631579 0.0
22 40 -0.88 -0.6134999999999999 -0.2725 -0.4475 -0.345 -0.225 0.2708265568582902 0.35000000000000003 0.8600000000000001 -0.7500000000000001 0.04210526315789475 0.5000000000000002 -0.34999999999999987 0.0052631578947368645 0.20000000000000004
22 41 -0.1125 -0.0665 -0.02 -0.19 -0.17 -0.17 0.16948492028074164 0.01999999999999999 0.15000000000000002 0.0 0.07894736842105267 0.10000000000000009 0.0 -0.010526315789473679 0.0
22 42 -0.042499999999999996 0.036000000000000004 0.1525 -0.02 -0.02 0.02 0.2250944784778287 0.08 0.72 -0.15 0.3789473684210526 0.75 0.0 0.042105263157894736 0.09999999999999999
22 43 -0.21 -0.20600000000000002 -0.20750000000000002 -0.02 -0.02 -0.02 0.1579947989776462 0.02 0.01999999999999999 0.0 0.010526315789473679 0.0 0.0 0.0 0.0
22 44 -0.15 -0.124 -0.10750000000000001 -0.14 -0.14 -0.12 0.16958127307395837 0.06 0.06999999999999999 -0.10000000000000002 0.03684210526315789 0.15 0.0 0.031578947368421054 0.049999999999999906
22 45 -1.32 -1.0619999999999998 -0.7324999999999999 -0.5975 -0.39 0.0375 0.36592290965150714 1.02 1.4 -1.1499999999999995 -0.7368421052631579 -0.3999999999999998 -0.8499999999999999 -0.5315789473684212 -0.24999999999999967
22 46 -0.475 -0.39349999999999996 -0.37 -0.1625 -0.05 0.0 0.20998047790985444 0.26 0.2 -0.050000000000000044 0.10526315789473684 0.34999999999999976 0.0 0.13684210526315793 0.19999999999999998
22 47 -0.015 0.08800000000000001 0.2025 0.02 0.025 0.03 0.1934009006450566 0.009999999999999998 0.43 -0.2500000000000001 0.0894736842105263 0.3 0.0 0.0 0.0
22 48 -0.7225 -0.662 -0.65 -0.2775 -0.11 -0.085 0.2396808714349467 0.49 0.36 -0.10000000000000009 0.1894736842105263 0.20000000000000018 -0.30000000000000016 -0.2473684210526316 0.0
22 49 -0.07 -0.06200000000000001 -0.05 0.02 0.02 0.03 0.17852281228447409 0.19999999999999998 0.06 -0.09999999999999995 -0.015789473684210523 0.049999999999999975 0.0 0.10526315789473684 0.14999999999999997
22 50 -1.3075 -1.2135000000000002 -1.1175000000000002 -0.245 -0.19 -0.16 0.20637181224390447 0.24000000000000002 0.32999999999999985 0.0 -0.02105263157894739 0.29999999999999916 -0.19999999999999996 -0.06842105263157897 0.050000000000000044
22 51 -0.265 0.3555 0.8275000000000001 -0.115 -0.09 -0.09 0.4839380421112418 0.12000000000000001 3.03 -2.6500000000000004 -1.905263157894737 -0.8999999999999999 -0.10000000000000009 -0.06315789473684212 0.0
