25 0 -0.33 -0.16999999999999998 -0.115 -0.945 -0.935 -0.91 0.2267428212097854 0.06999999999999995 0.6799999999999999 0.0 0.3578947368421053 0.65 0.0 0.03684210526315787 0.09999999999999953
25 1 -0.36 0.13899999999999998 0.6275 0.265 0.415 0.5375000000000001 0.3659391374903646 0.65 1.62 0.40000000000000036 0.8526315789473685 1.2 -0.20000000000000018 0.20000000000000004 0.55
25 2 -0.5650000000000001 -0.3995 -0.235 0.09250000000000001 0.245 0.39499999999999996 0.23517216925635928 0.45 0.47000000000000003 0.10000000000000009 0.24736842105263163 0.35000000000000003 0.14999999999999986 0.23684210526315788 0.30000000000000016
25 3 -0.025 0.161 0.37 0.7 0.7 0.73 0.24425813623270726 0.15000000000000002 0.86 0.1999999999999999 0.4526315789473684 0.6000000000000001 0.0 0.05263157894736841 0.10000000000000009
25 4 -0.935 -0.6734999999999999 -0.4775 0.32 0.35 0.36 0.2150573572964421 0.07 0.61 -0.4000000000000001 -0.30000000000000004 0.0 -0.10000000000000009 -0.0368421052631579 0.0
25 5 -1.4425000000000001 -1.3964999999999996 -1.3475000000000001 0.03 0.07 0.07 0.1739556898859994 0.08 0.08000000000000007 0.0 0.03157894736842096 0.10000000000000009 -0.09999999999999996 -0.042105263157894736 0.0
25 6 0.02 0.020000000000000004 0.02 -0.19 -0.19 -0.19 0.1544546959308694 0 0 0.0 0.0 0.0 0.0 0.0 0.0
25 7 -0.405 0.031000000000000007 0.485 -0.1 -0.02 0.0 0.32492185484198133 0.13 1.68 0.3999999999999995 0.8842105263157896 1.6 -0.1 0.005263157894736847 0.10000000000000005
25 8 2.48 2.524 2.5774999999999997 -0.1525 -0.14 -0.1275 0.2124225648099314 0.07999999999999999 0.26000000000000023 0.0 -0.13157894736842105 0.30000000000000027 0.0 0.0 0.10000000000000009
25 9 -1.1825 -0.9889999999999999 -0.6849999999999999 -0.26 -0.16 -0.05 0.29219131810621135 0.32 0.6299999999999999 -1.3999999999999995 -0.2947368421052632 0.49999999999999933 -0.3000000000000001 0.010526315789473691 0.3
25 10 -1.4375 -1.3435 -1.2675 0.0975 0.14 0.14 0.20538292831352195 0.11 0.45999999999999996 -0.30000000000000027 -0.24210526315789477 -0.15000000000000013 -0.09999999999999995 -0.010526315789473682 0.15
25 11 0.965 1.1885 1.3875 -0.42 -0.41 -0.315 0.24909666923607446 0.24000000000000002 0.8300000000000001 0.34999999999999976 0.4368421052631579 0.6 -0.24999999999999994 -0.12631578947368421 0.0
25 12 0.4475 0.7859999999999999 1.1424999999999998 -0.16499999999999998 -0.07 -0.04750000000000001 0.2822686031887703 0.12 1.27 -0.8000000000000002 -0.6684210526315788 -0.5999999999999989 -0.15 -0.06315789473684211 0.0
25 13 -0.2425 -0.20650000000000004 -0.20750000000000002 -0.3 -0.28 -0.2675 0.1802624366100045 0.04999999999999999 0.24000000000000002 -0.10000000000000009 -0.05263157894736842 0.0 0.0 0.021052631578947358 0.09999999999999981
25 14 -0.1875 -0.004000000000000002 0.19 0.1 0.11 0.14500000000000002 0.21421533530772044 0.17 0.3 -0.3 0.1105263157894737 0.2500000000000001 -0.1999999999999999 -0.08421052631578947 0.0
25 15 0.8474999999999999 1.1015000000000001 1.335 -0.51 -0.455 -0.25 0.2854222808227516 0.44 0.88 -0.15000000000000013 -0.02105263157894739 0.8499999999999996 -0.30000000000000027 -0.23157894736842108 0.0
25 16 -1.08 -0.42300000000000004 0.20500000000000002 0.015 0.07500000000000001 0.19 0.2963073065844457 0.24 1.34 0.0 0.7000000000000001 1.0000000000000004 -0.15000000000000008 -0.06315789473684211 0.0
25 17 -0.2125 -0.122 -0.065 -0.025 0.025 0.11 0.2247392916548339 0.38 0.4 0.10000000000000009 0.21052631578947367 0.25 -0.30000000000000016 -0.11578947368421054 0.1
25 18 0.165 0.22549999999999998 0.345 0.125 0.315 0.5075000000000001 0.2752518885147472 0.74 0.63 0.0 0.28421052631578947 0.5499999999999999 -0.5000000000000002 -0.38947368421052636 -0.30000000000000016
25 19 -1.7675 -1.4105000000000003 -1.1025 0.0375 0.065 0.1125 0.2559509026735364 0.09 0.95 0.2499999999999991 0.5 0.7000000000000006 -0.10000000000000002 0.036842105263157905 0.10000000000000003
25 20 2.14 2.475 2.7875 -0.14250000000000002 -0.13 -0.09 0.29925407927299286 0.09 1.5499999999999998 0.6999999999999984 -2.4894736842105263 0.8000000000000007 0.0 0.04736842105263159 0.09999999999999995
25 21 -1.2325 -1.1205 -1.0125 0.6375000000000001 0.81 0.84 0.24407821006937389 0.5800000000000001 0.39 0.10000000000000009 0.20526315789473684 0.30000000000000027 -0.4999999999999999 -0.3052631578947369 0.0
25 22 -1.15 -1.116 -1.09 0.07 0.095 0.14 0.19518616576737394 0.23000000000000004 0.1299999999999999 -0.09999999999999898 0.0 0.0 0.0 0.052631578947368404 0.15
25 23 -0.5325 -0.4265 -0.295 -0.66 -0.41000000000000003 -0.26 0.2645350237332143 0.77 0.46 -0.04999999999999977 0.24210526315789477 0.5000000000000002 0.20000000000000004 0.4052631578947368 0.4500000000000001
25 24 -1.0 -0.635 -0.27749999999999997 0.07 0.09 0.1 0.26521720150918887 0.030000000000000006 1.18 0.49999999999999906 0.6210526315789473 0.7999999999999996 0.0 -0.01578947368421053 0.0
25 25 1.2825 1.449 1.685 -0.5 -0.315 -0.2175 0.27818344760436536 0.42000000000000004 0.9900000000000001 0.30000000000000027 0.5210526315789474 0.5000000000000004 -0.3500000000000002 -0.22105263157894742 0.0
25 26 1.1949999999999998 1.3845 1.5075 -1.06 -0.94 -0.72 0.2655873990831272 0.6600000000000001 0.44999999999999996 -0.10000000000000009 0.23684210526315788 0.3500000000000003 -0.6000000000000005 -0.34210526315789486 0.0
25 27 1.56 1.8744999999999998 2.26 -0.0225 -0.02 0.025 0.32469121668221845 0.09000000000000001 1.42 -1.7000000000000004 -0.7473684210526317 -0.15000000000000124 -0.1 0.005263157894736838 0.09999999999999999
25 28 0.05 0.1295 0.245 0.75 0.755 0.77 0.19150406913059356 0.020000000000000018 0.22 -0.10000000000000009 -0.08421052631578947 0.25 0.0 -0.010526315789473694 0.0
25 29 0.004999999999999999 0.10400000000000001 0.2175 0.09 0.8049999999999999 0.8625 0.3198713943770539 2.26 0.33999999999999997 0.0 -0.03157894736842106 0.3 0.44999999999999984 1.1894736842105262 2.0500000000000007
25 30 -0.05 0.096 0.11249999999999999 0.1375 0.165 0.3125 0.26431229664489436 0.53 0.73 0.0 0.3842105263157895 0.6999999999999997 0.049999999999999906 0.27894736842105267 0.6499999999999996
25 31 -1.0575 -0.6645000000000001 -0.2225 -0.5425 -0.51 -0.40249999999999997 0.3560933019595116 0.39999999999999997 1.8299999999999998 -1.75 -0.9631578947368421 -0.24999999999999994 -0.44999999999999984 -0.1263157894736842 0.10000000000000009
25 32 2.1275 2.1665 2.215 -0.9075000000000001 -0.41 -0.11 0.3036493650858048 1.03 0.27 -0.2499999999999991 -0.14210526315789473 0.0 0.2500000000000001 0.5421052631578946 0.8499999999999999
25 33 -1.06 -0.8160000000000001 -0.5800000000000001 0.17 0.38 0.6375000000000001 0.2804379001176518 0.62 0.8 -0.5499999999999999 -0.42105263157894735 -0.04999999999999977 -0.4999999999999999 -0.3263157894736842 -0.20000000000000007
25 34 -2.8449999999999998 -2.325 -1.86 0.0675 0.115 0.2475 0.3192573248407643 0.41 1.4700000000000002 -1.299999999999999 -0.7578947368421054 -0.2499999999999991 -0.35000000000000003 -0.21052631578947367 -0.0999999999999999
25 35 0.11 0.11350000000000002 0.1325 0.19 0.21 0.2125 0.17675783196072864 0.07 0.14 0.0 0.06315789473684211 0.10000000000000002 -0.15 -2.921639538487254e-18 0.0
25 36 0.21000000000000002 0.8325000000000001 1.385 -0.0375 0.15500000000000003 0.56 0.3813488904215179 0.89 1.72 -1.3499999999999996 -0.9052631578947368 -0.5000000000000004 0.25 0.4105263157894738 0.6000000000000003
25 37 -0.02 0.1255 0.28 -0.16499999999999998 -0.08 0.3524999999999999 0.272743876019311 0.6699999999999999 0.62 0.09999999999999996 0.2842105263157895 0.3500000000000002 -0.5999999999999999 -0.3526315789473684 -0.10000000000000009
25 38 -0.6475 -0.327 0.0 0.5575000000000001 0.61 0.6425 0.2698958902998093 0.08999999999999997 1.15 -0.8500000000000001 -0.6052631578947368 -0.30000000000000027 -0.10000000000000009 -0.04736842105263156 0.0
25 39 -0.2475 -0.0915 0.0925 0.1975 0.235 0.37749999999999995 0.22028900969613371 0.27999999999999997 0.47000000000000003 0.050000000000000044 0.24736842105263163 0.30000000000000016 0.0 0.14736842105263157 0.2999999999999998
25 40 -1.8325 -1.7040000000000002 -1.61 0.22000000000000003 0.33999999999999997 0.4 0.22503098705829858 0.33 0.41000000000000014 0.0 0.21578947368421061 0.40000000000000036 0.0 0.15789473684210523 0.30000000000000027
25 41 0.49 0.5840000000000001 0.7124999999999999 -0.125 -0.05 -0.03 0.2277012779423101 0.21 0.61 -0.10000000000000009 0.26315789473684215 0.5999999999999996 -0.20000000000000012 -0.1105263157894737 0.0
25 42 -0.09 0.058499999999999996 0.29 0.5475 0.665 0.7875 0.29758768307030703 0.73 0.8600000000000001 -0.050000000000000044 0.3578947368421053 0.8999999999999999 -0.40000000000000036 -0.38421052631578945 -0.20000000000000018
25 43 -0.12 -0.0895 -0.0625 -0.0625 0.41000000000000003 0.52 0.2353825226175504 0.76 0.11 0.0 0.05789473684210527 0.1 -0.6000000000000001 -0.39999999999999997 -0.10000000000000009
25 44 -1.6350000000000002 -1.5755000000000001 -1.3924999999999998 0.16 0.22 0.605 0.32192457300498994 0.8699999999999999 0.8199999999999998 -0.8999999999999986 -0.431578947368421 0.10000000000000009 -0.6999999999999997 -0.45789473684210524 -0.10000000000000009
25 45 -1.2625 -1.189 -1.05 0.115 0.445 0.86 0.29251830905919113 0.9199999999999999 0.40000000000000013 -0.6500000000000006 -0.21052631578947378 0.15000000000000013 -0.7499999999999998 -0.48421052631578954 -0.15000000000000002
25 46 0.35 0.719 1.095 -0.1625 -0.16 -0.125 0.27339785792527077 0.11000000000000001 1.1099999999999999 0.04999999999999977 0.5842105263157894 0.9499999999999997 -0.25 -0.05263157894736842 0.0
25 47 -1.855 -1.5805 -1.2675 -0.31 -0.225 -0.1575 0.24584826159276246 0.24 0.78 -0.6499999999999995 -0.41052631578947374 -0.20000000000000018 0.09999999999999974 0.12631578947368424 0.1999999999999999
25 48 -0.39749999999999996 -0.191 0.0175 -0.3425 -0.265 -0.1375 0.235314162846363 0.26 0.66 0.2999999999999997 0.34736842105263166 0.4999999999999999 -0.20000000000000012 -0.1368421052631579 -0.04999999999999977
25 49 -1.14 -0.701 -0.20500000000000002 -0.175 -0.13 -0.075 0.2947849324516208 0.18 1.32 -0.9999999999999998 -0.6947368421052632 -0.40000000000000024 -0.20000000000000004 1.460819769243627e-18 0.19999999999999996
25 50 0.16 0.9730000000000001 1.7525 -0.17 -0.17 -0.1475 0.36280594750294143 0.05000000000000002 2.28 0.10000000000000009 1.2 2.1 0.0 0.0 0.0
25 51 0.42 0.4415 0.4525 -0.16 -0.135 -0.1175 0.17662090957036797 0.19 0.030000000000000027 -0.04999999999999977 -0.01578947368421054 0.0 0.0 0.09999999999999998 0.1999999999999999
25 52 -2.31 -1.4155000000000002 -0.535 -0.02 0.0 0.052500000000000005 0.3948465982392794 0.16 2.52 0.050000000000000044 1.0421052631578949 2.400000000000002 0.0 0.08421052631578947 0.20000000000000004
25 53 2.02 2.0625 2.1425 -0.52 -0.46499999999999997 -0.17 0.2589356079354131 0.39999999999999997 0.6699999999999999 -0.049999999999998934 0.3526315789473684 0.6499999999999984 -0.050000000000000044 0.21052631578947367 0.45
25 54 -0.42750000000000005 -0.096 0.1225 0.18000000000000002 0.47 0.585 0.3832475475678529 0.72 1.8399999999999999 -1.4000000000000001 -0.9684210526315791 -0.5499999999999999 -0.050000000000000044 0.2578947368421053 0.6499999999999999
25 55 -0.58 -0.09599999999999999 0.42 -0.7225 -0.6 -0.4975 0.27529002393606233 0.19000000000000006 1.1 0.050000000000000044 0.5789473684210525 0.8000000000000002 -0.10000000000000009 0.10000000000000003 0.2500000000000002
25 56 -1.3025 -1.0239999999999998 -0.7625 0.275 0.395 0.42 0.2417476895614427 0.15999999999999998 0.83 0.30000000000000027 0.4368421052631579 0.5499999999999999 0.0 0.07368421052631578 0.14999999999999986
25 57 -0.84 -0.6925000000000001 -0.6575 -0.03 -0.01 0.005 0.2192137125238346 0.05 0.6799999999999999 0.0 0.3578947368421052 0.6000000000000003 0.0 -0.021052631578947368 0.0
25 58 -1.8450000000000002 -1.59 -1.4200000000000002 0.31 0.45999999999999996 0.6275 0.30968147997890394 0.76 0.9699999999999999 -0.7499999999999996 -0.4578947368421053 0.0 0.0 0.4000000000000001 0.6999999999999997
25 59 -1.275 -0.9684999999999999 -0.7150000000000001 -0.17 -0.1 0.09 0.24687284676863158 0.3 0.7599999999999999 0.0 0.39999999999999997 0.5499999999999988 -0.20000000000000004 -0.15789473684210523 0.0
25 60 2.5324999999999998 2.6079999999999997 2.7475 -0.02 0.0 0.0125 0.21258991439815003 0.04 0.6099999999999999 -0.30000000000000027 0.1631578947368419 0.5000000000000004 0.0 0.021052631578947368 0.05
25 61 2.1674999999999995 2.7255000000000003 -3.085 -0.09 -0.035 -0.02 0.36883377824658203 0.12000000000000001 2.3000000000000003 -1.399999999999999 -1.0210526315789477 -0.8500000000000008 -0.15000000000000005 -0.06315789473684211 0.0
25 62 3.0275 -3.0385 -2.79 -0.02 -0.005 0.03 0.24525716256237576 0.05 0.96 -0.6499999999999995 -0.4526315789473689 -0.3000000000000025 -0.1 -0.02631578947368421 0.0
