28 0 -1.435 -1.209 -0.9474999999999999 0.5 0.54 0.69 0.277500864132419 0.37 0.8399999999999999 -0.9499999999999997 -0.44210526315789467 -0.09999999999999953 -0.10000000000000009 0.12631578947368421 0.3500000000000003
28 1 -0.08499999999999999 0.317 0.69 -0.26 -0.045 0.2525 0.31428714349466513 0.75 1.08 0.25000000000000017 0.5684210526315789 0.8499999999999996 0.20000000000000004 0.3947368421052631 0.6
28 2 0.46749999999999997 0.47400000000000003 0.49 0.65 0.76 0.8125 0.1960154083329953 0.37999999999999995 0.09000000000000002 0.0 0.047368421052631594 0.10000000000000009 -0.10000000000000009 0.1421052631578947 0.3500000000000003
28 3 -0.1325 0.023999999999999987 0.19 0.0975 0.215 0.31 0.2097599821493773 0.28 0.35 -0.24999999999999994 -0.1736842105263158 0.0 -0.20000000000000012 -0.1473684210526316 0.0
28 4 0.51 0.5485 0.54 0.1975 0.23 0.2325 0.19576935372631746 0.1 0.35999999999999993 0.0 0.1894736842105263 0.2500000000000002 -0.10000000000000009 -0.010526315789473696 0.0
28 5 -1.3575000000000002 -0.7025 -0.13 -0.185 -0.065 0.0925 0.38327351211002486 0.5900000000000001 2.0300000000000002 -1.2999999999999998 -1.0684210526315792 -0.8999999999999992 0.24999999999999994 0.3105263157894737 0.4
28 6 0.26 0.8734999999999999 1.44 -0.0025000000000000005 0.05 0.14250000000000002 0.35539631628057944 0.6000000000000001 1.69 0.5499999999999992 0.8894736842105264 1.0999999999999992 0.10000000000000002 0.31578947368421056 0.4000000000000001
28 7 0.725 0.8550000000000001 1.12 0.225 0.355 0.4375 0.2826110105886649 0.37 1.0499999999999998 0.049999999999998934 0.5526315789473685 0.8500000000000002 -0.30000000000000027 -0.19473684210526318 -0.09999999999999981
28 8 -0.14250000000000002 -0.14650000000000002 -0.14 -0.4 -0.4 -0.3625 0.1721095703679662 0.17 0.03 0.0 0.015789473684210527 0.0 -0.15000000000000013 -0.08947368421052633 0.0
28 9 -0.49750000000000005 0.1 0.6 0.36749999999999994 0.385 0.455 0.33603934439531014 0.24999999999999997 1.77 -1.15 -0.9315789473684211 -0.34999999999999976 -0.10000000000000009 0.07368421052631578 0.2999999999999997
28 10 -2.0925 -0.9584999999999999 0.0875 0.0275 0.095 0.2175 0.45143449227149146 0.19 2.93 1.0000000000000013 1.5421052631578949 2.2 -0.20000000000000004 0.03684210526315788 0.24999999999999986
28 11 -0.6125 -0.009500000000000008 0.6625000000000001 -1.1425 -0.96 -0.5925 0.3865399732240659 0.7499999999999999 1.9100000000000001 -1.3 -1.0052631578947369 -0.5499999999999994 0.14999999999999902 0.39473684210526305 0.7000000000000006
28 12 0.31 0.38650000000000007 0.49 0.07250000000000001 0.09 0.1 0.2072874680514422 0.21 0.37999999999999995 -0.30000000000000027 -0.1894736842105263 -0.04999999999999949 -0.10000000000000002 -0.1105263157894737 0.0
28 13 -0.10250000000000001 0.3435 0.8225000000000001 -0.37249999999999994 -0.33499999999999996 0.1325 0.3184865024950302 0.5700000000000001 1.25 -0.8999999999999999 -0.6578947368421053 -0.35000000000000003 -0.7 -0.28421052631578947 0.10000000000000009
28 14 0.35500000000000004 0.4985000000000001 0.6375000000000001 -0.4125 -0.28 -0.0625 0.24510015822142878 0.56 0.44000000000000006 -0.30000000000000027 -0.23157894736842108 -0.14999999999999986 -0.40000000000000024 -0.29473684210526313 -0.14999999999999986
28 15 -1.8450000000000002 -1.7505 -1.65 -0.8075000000000001 -0.625 -0.2825 0.25651644285772246 0.71 0.25 -0.10000000000000009 0.08947368421052627 0.39999999999999925 0.15000000000000013 0.3736842105263158 0.6499999999999997
28 16 -1.08 -0.9755 -0.96 -0.5824999999999999 -0.44499999999999995 -0.145 0.2595417177167431 0.63 0.5299999999999999 -0.20000000000000018 -0.18947368421052632 0.20000000000000018 -0.5500000000000003 -0.16842105263157894 0.0
28 17 1.1375 1.5404999999999998 2.0149999999999997 0.2775 0.305 0.40249999999999997 0.4410354902835816 0.19 2.85 0.4499999999999993 1.5 2.3 -0.10000000000000009 -0.09999999999999999 0.10000000000000009
28 18 -0.89 -0.726 -0.605 -1.1549999999999998 -1.01 -0.9775 0.25136126414864696 0.32999999999999996 0.77 -0.5999999999999995 -0.4052631578947369 -0.20000000000000018 -0.2999999999999986 -0.17368421052631575 -0.050000000000000044
28 19 1.5474999999999999 2.221 2.9625 -0.1525 -0.105 0.05750000000000001 0.3482982595642826 0.6 1.56 -1.050000000000001 -0.8105263157894738 -0.049999999999998934 0.20000000000000004 0.3157894736842105 0.44999999999999996
28 20 1.3825 1.61 1.8025 0.39250000000000007 0.46499999999999997 0.6125 0.2947900036512636 0.48 1.02 0.3499999999999992 0.5368421052631579 0.6500000000000006 -0.30000000000000027 0.05789473684210528 0.4000000000000001
28 21 -0.19 -0.009000000000000003 0.22250000000000003 -0.14 -0.135 -0.0325 0.21668298105399822 0.17 0.53 -0.4500000000000003 -0.27368421052631586 0.0 -0.20000000000000004 -0.08947368421052633 0.0
28 22 0.11499999999999999 0.5285000000000001 1.0525000000000002 -0.355 -0.060000000000000005 0.21 0.2976365694348655 0.53 0.8800000000000001 -0.15 0.4578947368421053 0.7000000000000001 0.0 0.2789473684210526 0.3500000000000002
28 23 -0.11750000000000001 -0.053000000000000005 0.0075 -0.41000000000000003 -0.21 -0.1 0.22944090226784053 0.36 0.33 -0.3 -0.16842105263157894 0.0 -0.49999999999999994 -0.18947368421052635 -0.050000000000000044
28 24 0.6774999999999999 1.2395 1.7399999999999998 0.2925 0.54 0.63 0.36427659539940765 0.86 1.34 -1.0499999999999998 -0.7052631578947368 -0.3 -1.0499999999999998 -0.4526315789473685 0.0
28 25 -2.5975 -1.9419999999999997 -1.31 0.17 0.2 0.2325 0.3758198628747616 0.19 2.28 0.9999999999999987 1.2 1.4999999999999996 -0.049999999999999906 0.06315789473684211 0.10000000000000009
28 26 -0.355 -0.10700000000000001 0.2275 -0.2525 -0.15000000000000002 0.0325 0.24832077569069755 0.31 0.7 -0.5 -0.3684210526315789 -0.09999999999999981 -0.30000000000000004 -0.1631578947368421 0.0
28 27 -1.2825 -1.1364999999999998 -1.1 0.045000000000000005 0.060000000000000005 0.29000000000000004 0.24914961256034734 0.29000000000000004 0.66 -0.6000000000000005 -0.23157894736842108 0.14999999999999902 -0.14999999999999997 0.14210526315789473 0.25000000000000006
28 28 0.2625 0.627 0.85 0.05 0.115 0.36999999999999994 0.3501295711793583 0.83 1.4300000000000002 -1.0499999999999998 -0.7526315789473685 -0.30000000000000016 -0.7500000000000001 -0.4000000000000001 0.049999999999999975
28 29 1.4474999999999998 1.4700000000000002 1.5 -0.3125 -0.08499999999999999 0.35 0.28912283662623245 1.29 0.19999999999999996 -0.10000000000000009 0.08421052631578943 0.30000000000000027 -1.0 -0.6789473684210526 -0.4500000000000001
28 30 -0.255 0.34600000000000003 1.0375 0.255 0.37 0.525 0.40111297821412656 0.41 2.36 0.9500000000000003 1.2421052631578946 1.5 -0.3 -0.14210526315789473 0.049999999999999906
28 31 0.075 0.43549999999999994 0.7375 -0.0175 0.01 0.08249999999999999 0.2722239766319121 0.2 1.01 0.40000000000000024 0.531578947368421 0.7000000000000001 0.0 0.10526315789473684 0.3
28 32 -2.5575 -2.1029999999999998 -1.735 0.19 0.19 0.21 0.32719172380218253 0.09 1.8399999999999999 -1.3 -0.9684210526315788 -0.6999999999999984 0.0 0.02105263157894737 0.0
28 33 0.015000000000000006 0.25799999999999995 0.505 -1.0625 -0.525 0.08499999999999999 0.41479938334212335 1.42 1.5699999999999998 0.30000000000000027 0.8263157894736842 1.2999999999999998 -1.15 -0.7421052631578947 -0.2500000000000001
28 34 -0.12 -0.10900000000000001 -0.1 -0.38 -0.38 -0.38 0.15799479897764618 0.020000000000000018 0.01999999999999999 0.0 0.010526315789473679 0.0 0.0 -0.010526315789473694 0.0
28 35 1.4575 1.4565000000000001 1.5125000000000002 0.2575 0.365 0.5325 0.2620168688384926 0.44999999999999996 0.3700000000000001 -0.10000000000000009 0.1473684210526316 0.4500000000000004 -0.4999999999999999 -0.23684210526315788 0.35000000000000003
28 36 1.1574999999999998 1.1355 1.1925 0.62 0.77 0.82 0.21605394945028195 0.31999999999999995 0.37 0.0 0.16842105263157894 0.30000000000000027 0.0 0.06315789473684211 0.10000000000000009
28 37 -0.8125 -0.7260000000000001 -0.6625000000000001 0.07 0.10500000000000001 0.215 0.20594076027425048 0.18 0.37999999999999995 -0.30000000000000027 -0.10526315789473684 0.0 -0.19999999999999996 -0.09473684210526316 0.0
28 38 1.01 1.0470000000000002 1.1 0.0525 0.09 0.115 0.20626795407521611 0.35 0.2300000000000001 -0.10000000000000009 0.05789473684210527 0.15000000000000013 0.049999999999999975 0.18421052631578946 0.3
28 39 0.12250000000000001 0.39100000000000007 0.65 -0.18 -0.16 -0.0975 0.24233310884822926 0.15999999999999998 0.7799999999999999 0.0 0.38947368421052636 0.7000000000000001 -0.15 0.010526315789473682 0.0
28 40 -0.9975 -0.521 0.02 0.27 0.3 0.325 0.3161050671426832 0.25 1.58 -1.0499999999999998 -0.8315789473684211 -0.7000000000000003 0.0 0.1105263157894737 0.20000000000000004
28 41 -0.07250000000000001 0.7699999999999999 1.555 -0.3325 -0.1 0.09 0.420381305529636 0.54 2.44 0.15 1.2842105263157897 2.05 -0.050000000000000044 0.28421052631578947 0.5499999999999999
28 42 -0.0625 0.27399999999999997 0.62 -0.08499999999999999 0.24 0.28 0.2899271288896102 0.56 0.96 0.15 0.5052631578947369 0.9500000000000004 0.0 0.2947368421052632 0.6499999999999999
28 43 2.835 2.9775 -3.11 0.21 0.24 0.28500000000000003 0.21971332711266178 0.15999999999999998 0.580000000000001 0.049999999999998934 -3.0052631578947366 0.40000000000000036 -0.19999999999999962 -0.07368421052631578 0.0
28 44 0.19 0.2015 0.21 0.16 0.16 0.16 0.15887982473934037 0 0.04000000000000001 0.0 0.02105263157894737 0.0 0.0 0.0 0.0
28 45 -0.1725 -0.146 -0.1375 -0.325 -0.28 -0.22250000000000003 0.18808060367560556 0.26 0.12 -0.10000000000000009 -0.06315789473684211 0.0 -0.24999999999999994 -0.1368421052631579 0.0
28 46 0.0475 0.1995 0.3325 -0.37 -0.08499999999999999 0.06 0.27390010953791244 0.64 0.5800000000000001 -0.04999999999999999 0.30526315789473685 0.5 0.0 0.3105263157894737 0.55
28 47 -0.21000000000000002 -0.02150000000000001 0.2025 -1.105 -0.86 -0.5625 0.314439076635969 0.6399999999999999 0.67 -0.7000000000000001 -0.3526315789473684 -1.3877787807814457e-16 -0.20000000000000018 0.3368421052631579 0.7500000000000004
28 48 0.57 0.6305000000000001 0.73 -0.9325000000000001 -0.7 -0.3375 0.2668276116678162 0.93 0.34 -0.04999999999999949 0.14210526315789473 0.35000000000000003 -0.8499999999999999 -0.48947368421052634 -0.2500000000000001
28 49 1.99 2.4200000000000004 2.8125 0.3075 0.33999999999999997 0.5 0.28281548135827006 0.3400000000000001 1.02 0.20000000000000018 0.42105263157894746 0.8000000000000007 -0.1999999999999999 0.04736842105263158 0.2500000000000001
28 50 1.51 1.5365 1.64 0.45 0.46 0.52 0.22439708710292514 0.26999999999999996 0.52 0.0 0.24736842105263174 0.4500000000000004 -0.10000000000000009 0.07894736842105264 0.24999999999999994
28 51 -0.0925 0.071 0.2025 -0.665 -0.595 -0.475 0.208910454785184 0.30999999999999994 0.31 0.0 0.1631578947368421 0.15000000000000008 -0.20000000000000018 -0.1263157894736842 -0.09999999999999953
28 52 -0.2725 -0.23149999999999996 -0.20750000000000002 -0.2775 -0.235 -0.20750000000000002 0.18060727818572755 0.10999999999999999 0.15 -0.10000000000000009 -0.07894736842105263 0.0 -0.10000000000000009 0.02631578947368421 0.15
28 53 -0.8250000000000001 -0.31 0.10250000000000001 -0.78 -0.655 -0.5875 0.29255076473690605 0.2899999999999999 1.18 -0.8999999999999999 -0.6210526315789472 -0.20000000000000018 -0.30000000000000027 -0.010526315789473694 0.20000000000000018
28 54 1.2575 1.35 1.445 -0.36250000000000004 -0.245 -0.0525 0.2357780761897036 0.59 0.32000000000000006 -0.30000000000000027 -0.12105263157894736 0.050000000000000044 0.10000000000000009 0.3105263157894737 0.49999999999999994
28 55 0.86 1.0765 1.3399999999999999 0.09 0.19 0.4275 0.27709557385695177 0.49 0.91 0.2500000000000002 0.46842105263157907 0.6999999999999995 0.15 0.2526315789473685 0.30000000000000027
28 56 1.5675 1.9080000000000001 2.2150000000000003 -0.7225 -0.595 -0.5625 0.2887400624771796 0.17000000000000004 1.2499999999999998 -0.9500000000000008 -0.6578947368421053 -0.20000000000000018 -0.2999999999999997 -0.08421052631578949 0.050000000000000044
28 57 0.0425 0.3305 0.7475 -0.07250000000000001 0.13 0.185 0.33841104304434244 0.88 1.23 0.35000000000000003 0.6473684210526317 0.95 0.20000000000000004 0.46315789473684216 0.8500000000000001
28 58 -0.17 -0.1325 -0.14 -0.35 -0.35 -0.33 0.19803151446306136 0.19999999999999998 0.3 0.0 0.15789473684210523 0.10000000000000009 0.0 0.10526315789473684 0.10000000000000009
28 59 0.1275 0.40149999999999997 0.6375 0.105 0.165 0.19 0.31171523388372757 0.6799999999999999 1.0799999999999998 0.15 0.5684210526315789 0.9999999999999998 0.0 0.3368421052631579 0.5
28 60 1.5025 1.5879999999999999 1.66 0.54 0.55 0.5725 0.19608133392835408 0.12 0.34999999999999987 0.0 0.1842105263157894 0.30000000000000027 0.0 0.06315789473684211 0.14999999999999958
28 61 -3.04 -2.9015 -2.7475 -0.1325 0.04 0.07750000000000001 0.24904291451985874 0.5 0.43999999999999995 -0.40000000000000036 0.021052631578947666 0.4499999999999993 -0.3999999999999998 -0.26315789473684204 -0.15
28 62 -0.03 -0.015000000000000008 -0.02 -0.1 -0.09 -0.057499999999999996 0.20741931924215998 0.25 0.35 0.0 0.18421052631578946 0.15000000000000002 -0.09999999999999998 0.08947368421052633 0.19999999999999996
28 63 1.1 1.363 1.6825 0.057499999999999996 0.19 0.305 0.30299459612966034 0.28 0.72 -0.5500000000000005 -0.21578947368421056 0.7499999999999984 -0.5 -0.14736842105263157 0.2500000000000001
28 64 -0.6325000000000001 -0.14499999999999996 0.345 -0.1125 0.060000000000000005 0.115 0.45876420138748014 0.44999999999999996 2.63 -2.6999999999999997 -0.8368421052631579 0.35000000000000003 -0.24999999999999994 -0.23684210526315785 0.09999999999999998
28 65 -0.19 0.40549999999999997 1.1375 -0.4625 -0.375 -0.0625 0.3195187958943568 0.43999999999999995 1.47 0.0 0.7052631578947368 1.5999999999999994 0.0 0.23157894736842102 0.35000000000000003
28 66 0.14750000000000002 0.477 0.755 -1.115 -1.065 -1.025 0.3241410929449471 0.35 1.55 -1.1500000000000004 -0.8157894736842105 -0.4500000000000001 -0.30000000000000027 -0.12105263157894741 0.050000000000000044
28 67 1.3175000000000001 1.6909999999999996 2.1275000000000004 -0.0725 0.135 0.3725 0.37210023936062314 0.64 1.59 -1.0000000000000009 -0.8368421052631578 -0.6999999999999984 -0.7000000000000001 0.02105263157894734 0.6999999999999997
28 68 0.017499999999999998 0.127 0.23 -0.045 0.035 0.1125 0.23496364152703958 0.58 0.2 0.0 0.04210526315789476 0.25 -0.15 0.21052631578947367 0.6000000000000001
28 69 0.27999999999999997 0.7180000000000001 0.785 -0.07 -0.03 0.0225 0.397388080652359 0.26 2.44 -1.6999999999999997 -1.2842105263157897 -0.3999999999999998 -0.10000000000000006 0.07368421052631577 0.0
28 70 -0.77 -0.022999999999999982 0.55 0.04750000000000001 0.1 0.1225 0.3289104547851839 0.37 1.16 -0.19999999999999962 0.5105263157894737 0.8499999999999996 -0.04999999999999999 0.12105263157894738 0.10000000000000009
28 71 0.135 0.20850000000000005 0.2925 0.0 0.015 0.05 0.2236084141344478 0.11 0.5900000000000001 -0.40000000000000024 -0.3105263157894737 -0.10000000000000009 -0.25 -0.05789473684210527 0.09999999999999999
28 72 -0.015 0.5315000000000001 1.21 0.26 0.315 0.35 0.39460581768023045 0.16000000000000003 2.39 0.9499999999999993 1.2578947368421054 1.6 -0.049999999999999906 0.08421052631578949 0.20000000000000018
28 73 0.5975 0.6735000000000001 0.77 0.13249999999999998 0.4 0.42 0.22004538926528466 0.35 0.38 -0.10000000000000009 0.15789473684210523 0.44999999999999984 -0.15000000000000013 -0.17894736842105263 0.0
