30 0 2.71 2.8625 3.0425000000000004 -0.2475 0.16499999999999998 0.2225 0.2960628747616536 0.78 0.5099999999999998 -0.7999999999999985 -0.26842105263157884 0.5000000000000004 0.09999999999999995 0.39473684210526316 0.65
30 1 -0.2975 -0.21400000000000002 -0.11249999999999999 -0.052500000000000005 -0.02 0.0 0.19593426913870746 0.14 0.33 -0.20000000000000018 -0.16842105263157894 -0.10000000000000002 0.0 0.0736842105263158 0.1
30 2 0.1 0.09950000000000002 0.1 -0.3425 -0.33 -0.33 0.15887982473934034 0.03999999999999998 0.010000000000000009 0.0 0.0 0.0 0.0 -0.010526315789473694 0.0
30 3 0.0075 0.0625 0.0975 0.145 0.21000000000000002 0.24 0.18674160412187107 0.15000000000000002 0.16 0.0 0.07894736842105263 0.19999999999999996 -0.049999999999999906 0.042105263157894736 0.15
30 4 -0.275 -0.29100000000000004 -0.2175 -0.14 -0.10500000000000001 -0.0975 0.19949972818369913 0.1 0.30999999999999994 -0.2500000000000002 -0.16315789473684209 0.10000000000000009 0.0 0.05263157894736842 0.10000000000000009
30 5 -0.3225 -0.057499999999999996 0.1325 -0.11 -0.08499999999999999 -0.017499999999999998 0.2219040853584324 0.18 0.52 -0.35000000000000003 -0.23157894736842108 0.09999999999999995 -0.10000000000000002 0.036842105263157884 0.15000000000000008
30 6 -0.07500000000000001 -0.047 0.0 -0.3 -0.275 -0.2275 0.19055818897318347 0.18 0.22999999999999998 -0.20000000000000004 -0.12105263157894736 0.0 0.0 0.09473684210526316 0.10000000000000009
30 7 -0.38250000000000006 -0.221 -0.09 -0.19 -0.185 -0.055 0.20872789159803642 0.24 0.38 -0.2500000000000001 -0.19999999999999998 0.0 0.0 0.12631578947368421 0.25
30 8 -0.2725 -0.08 0.1125 -0.35 -0.255 -0.21 0.21171766805955614 0.18 0.47 -0.30000000000000016 -0.23157894736842108 -0.049999999999999906 0.0 0.09473684210526316 0.14999999999999986
30 9 -0.3225 -0.21799999999999997 -0.07 -0.24 -0.215 -0.18500000000000003 0.1874187106982027 0.09 0.27999999999999997 -0.09999999999999995 -0.0894736842105263 0.10000000000000009 0.0 0.04736842105263158 0.10000000000000009
30 10 0.33 0.30650000000000005 0.36250000000000004 -0.24 -0.24 -0.2375 0.19972286096799063 0.03 0.48000000000000004 -0.14999999999999986 -0.2526315789473685 0.0 0.0 0.015789473684210527 0.0
30 11 -0.5824999999999999 -0.3545 -0.09000000000000001 -0.02 0.0 0.0225 0.2258423790011765 0.1 0.6900000000000001 -0.7 -0.3631578947368422 -0.19999999999999954 0.0 0.03684210526315789 0.1
30 12 0.0 0.019999999999999997 0.0325 -0.39249999999999996 -0.37 -0.29 0.1783909610937564 0.22000000000000003 0.05 0.0 0.02631578947368421 0.1 0.0 0.11578947368421054 0.20000000000000004
30 13 -0.15749999999999997 -0.065 0.02 -0.42 -0.395 -0.33 0.19506445697594219 0.15000000000000002 0.31000000000000005 -0.30000000000000004 -0.1631578947368421 0.0 0.0 0.07894736842105264 0.19999999999999962
30 14 -0.1875 -0.1335 -0.015 0.21 0.235 0.265 0.20211423587163777 0.16 0.35 -0.35 -0.18421052631578946 -0.04999999999999977 0.0 0.08421052631578947 0.10000000000000009
30 15 -0.0125 0.0045000000000000005 0.02 -0.3375 -0.31 -0.31 0.17327351211002473 0.13 0.06 -0.09999999999999999 -0.02105263157894737 0.0 -0.10000000000000009 -0.04736842105263156 0.0
30 16 -0.475 -0.25600000000000006 -0.045 -0.1575 0.08499999999999999 0.1 0.2865340906324801 0.86 0.64 -0.5 -0.16842105263157894 0.20000000000000018 0.0 0.4315789473684211 0.95
30 17 -0.34750000000000003 -0.20099999999999998 -0.04750000000000001 -0.14 -0.095 -0.0275 0.2047794555560064 0.2 0.36000000000000004 -0.30000000000000016 -0.15789473684210528 0.0 0.0 0.08947368421052633 0.15
30 18 -0.3524999999999999 -0.34349999999999997 -0.33 -0.03 -0.03 -0.02 0.16332523834638324 0.05 0.04999999999999999 0.0 0.026315789473684206 0.0 -0.04999999999999999 -0.02631578947368421 0.0
30 19 -0.28 -0.2185 -0.1475 -0.2925 -0.215 -0.18 0.18535960079516411 0.16999999999999998 0.18 -0.10000000000000009 -0.07368421052631581 0.0 0.0 0.08947368421052632 0.15
30 20 -0.5175000000000001 -0.2845 -0.037500000000000006 -0.4525 -0.355 -0.245 0.24165640796786883 0.30000000000000004 0.69 -0.6 -0.31578947368421045 -0.050000000000000044 0.10000000000000009 0.15789473684210525 0.20000000000000004
30 21 -0.1775 -0.11450000000000002 -0.055 -0.24 -0.195 -0.135 0.18802989167917564 0.15 0.23 -0.19999999999999998 -0.09473684210526319 0.0 0.0 0.07894736842105261 0.10000000000000009
30 22 -0.39 -0.20249999999999999 -0.05 -0.12 -0.075 0.03 0.20628073349831622 0.2 0.39 -0.20000000000000004 -0.1789473684210526 0.0 0.0 0.10526315789473684 0.2
30 23 -0.21 -0.1975 -0.19 -0.405 -0.38 -0.3375 0.16870638971155014 0.12 0.03999999999999998 0.0 -0.010526315789473679 0.0 0.0 0.06315789473684211 0.10000000000000009
30 24 -0.5175000000000001 -0.3795 -0.27749999999999997 -0.07750000000000001 -0.07 -0.02 0.2167766968234005 0.18 0.52 -0.3999999999999999 -0.12105263157894734 0.3999999999999995 0.0 0.09473684210526315 0.19999999999999996
30 25 -0.03 -0.0325 -0.02 -0.14 -0.13 -0.12 0.1641696945109335 0.04000000000000001 0.06999999999999999 -0.04999999999999999 -0.03684210526315789 0.0 0.0 0.021052631578947375 0.0
30 26 -0.29 -0.24900000000000003 -0.1975 -0.3325 -0.31 -0.31 0.17834532029696948 0.09999999999999998 0.17 -0.19999999999999962 -0.08947368421052633 0.0 0.0 0.04210526315789474 0.10000000000000009
30 27 -0.11 -0.07 -0.02 -0.17 -0.125 -0.0975 0.17388469309099758 0.1 0.12 -0.09999999999999999 -0.05789473684210527 0.0 0.0 0.05263157894736842 0.10000000000000009
30 28 -0.3425 -0.263 -0.1975 -0.45 -0.345 -0.1675 0.22152617956103693 0.44 0.15 -0.40000000000000036 -0.06315789473684212 0.25000000000000017 -0.35000000000000003 -0.005263157894736841 0.10000000000000009
30 29 -0.455 -0.31700000000000006 -0.21000000000000002 -0.1125 -0.08 -0.05 0.21385771430889694 0.13 0.52 -0.4999999999999999 -0.04210526315789473 0.5000000000000002 0.0 0.06842105263157895 0.19999999999999996
30 30 0.1 0.11049999999999997 0.12 -0.1 -0.1 -0.1 0.15799479897764618 0.010000000000000009 0.03 0.0 -0.015789473684210527 0.0 0.0 -0.005263157894736847 0.0
30 31 -0.315 -0.14550000000000002 0.042499999999999996 -0.2425 -0.16499999999999998 -0.12 0.2053703517384072 0.16 0.42 -0.2999999999999998 -0.2157894736842105 0.0 0.0 0.08421052631578947 0.10000000000000009
30 32 -0.11000000000000001 0.052500000000000005 0.21000000000000002 -0.4625 -0.365 -0.27999999999999997 0.24023322650006088 0.33 0.36 -0.40000000000000024 -0.18947368421052632 -0.050000000000000114 -0.20000000000000004 -0.015789473684210513 0.3
30 33 -0.3425 -0.28 -0.19 -0.4425 -0.33 -0.305 0.20202802547770696 0.26 0.28 -0.20000000000000018 -0.14210526315789473 0.0 0.04999999999999977 0.13684210526315788 0.20000000000000004
30 34 -0.54 -0.4095000000000001 -0.3775 -0.07250000000000001 -0.04 -0.03 0.22864715809972005 0.14 0.5 -0.19999999999999962 0.2631578947368421 0.5499999999999999 0.0 0.06842105263157895 0.10000000000000009
30 35 -0.17 -0.14850000000000002 -0.125 -0.47 -0.47 -0.46 0.166855198993874 0.019999999999999962 0.12 -0.10000000000000009 -0.05263157894736842 0.0 0.0 0.0 0.0
30 36 -0.4925 -0.283 -0.045000000000000005 -0.4625 -0.265 -0.06999999999999999 0.266307712280417 0.51 0.75 -0.7 -0.39473684210526305 -0.050000000000000044 0.10000000000000005 0.26842105263157895 0.39999999999999997
30 37 -0.39 -0.30599999999999994 -0.1675 -0.26 -0.20500000000000002 -0.14 0.20458411294575843 0.10999999999999999 0.36 -0.10000000000000009 -0.047368421052631574 0.2999999999999998 0.0 0.05263157894736841 0.10000000000000009
30 38 -0.23 -0.199 -0.17 -0.17 -0.14 -0.12 0.1721653535640391 0.10999999999999999 0.09 -0.10000000000000009 -0.03684210526315788 0.0 0.0 0.057894736842105256 0.10000000000000002
30 39 -0.5625 -0.18 0.08 -0.2975 -0.195 -0.09 0.2972432471905553 0.38 1.25 -1.0999999999999999 -0.6578947368421053 -0.3999999999999998 0.10000000000000009 0.2 0.3
30 40 -0.1275 -0.039 0.125 -0.20500000000000002 -0.08 0.10250000000000001 0.2516452513286544 0.4 0.5800000000000001 -0.5 -0.30526315789473685 -0.09999999999999995 0.0 0.18947368421052632 0.30000000000000016
30 41 -0.2725 -0.195 -0.08 -0.13 -0.11499999999999999 -0.0775 0.21346986896020118 0.13999999999999999 0.47000000000000003 -0.40000000000000024 -0.24736842105263154 -0.10000000000000003 -0.20000000000000012 -0.07368421052631577 0.10000000000000002
30 42 -1.08 -1.0085000000000002 -0.9675 -0.0925 -0.07 -0.05 0.19902039839344396 0.07999999999999999 0.42000000000000004 -0.30000000000000027 -0.19473684210526318 0.0 -0.049999999999999975 0.010526315789473679 0.0
30 43 -0.23 -0.22300000000000003 -0.21 -0.07 -0.035 -0.02 0.16512571706762952 0.06999999999999999 0.03 0.0 0.010526315789473679 0.049999999999999906 0.0 0.03684210526315789 0.09999999999999995
30 44 0.15 0.27 0.39249999999999996 0.18000000000000002 0.255 0.41000000000000003 0.23896319526147095 0.46 0.46 0.10000000000000009 0.17368421052631577 0.35000000000000003 -0.4 -0.24210526315789477 -0.15
30 45 -0.1175 -0.028000000000000014 0.1875 -0.2125 -0.195 -0.12499999999999999 0.24203938496490732 0.24 0.6499999999999999 -0.7000000000000001 -0.3421052631578948 0.10000000000000009 -0.049999999999999906 0.12631578947368424 0.1999999999999999
30 46 -0.1325 -0.056999999999999995 0.0225 -0.125 -0.055 -0.017499999999999998 0.1962892531137165 0.22 0.19 -0.10000000000000002 0.06315789473684211 0.24999999999999994 0.09999999999999995 0.11578947368421054 0.15000000000000005
30 47 -0.36 -0.20349999999999996 -0.02 -0.3524999999999999 -0.33 -0.31 0.19862484482129095 0.07 0.41000000000000003 -0.3999999999999999 -0.19999999999999996 0.0 0.0 0.0368421052631579 0.050000000000000044
30 48 -0.4 -0.339 -0.3025 -0.1525 -0.135 -0.08750000000000001 0.18804510527810456 0.12 0.26 -0.24999999999999994 -0.11578947368421051 0.0 0.0 0.06315789473684211 0.10000000000000009
30 49 0.195 0.8295 1.4025000000000003 -0.8825000000000001 -0.845 -0.75 0.4229164996551585 0.32000000000000006 2.3200000000000003 -1.7500000000000016 -1.2210526315789476 -0.6000000000000001 -0.30000000000000027 0.09473684210526315 0.050000000000000044
30 50 -2.395 -1.5475 -0.7525000000000001 -0.1925 -0.12 -0.0975 0.393936419327356 0.14 1.79 -1.15 0.3421052631578946 2.15 -0.24999999999999994 0.005263157894736844 0.20000000000000004
30 51 -0.12 -0.06299999999999999 -0.0275 -0.265 -0.2 -0.10750000000000001 0.2031741165970223 0.26 0.14 -0.15 0.0736842105263158 0.24999999999999994 0.09999999999999953 0.1368421052631579 0.20000000000000012
30 52 -0.195 -0.1595 -0.1275 -0.0025 0.035 0.05 0.18568415757231535 0.08 0.13 -0.050000000000000044 0.06842105263157894 0.19999999999999996 0.0 0.04210526315789474 0.10000000000000002
30 53 -0.1 1.138 2.3 0.08750000000000001 0.165 0.27 0.46564135664732853 0.62 2.73 0.050000000000000044 1.394736842105263 2.6500000000000004 -0.15000000000000013 0.21052631578947367 0.6
30 54 -0.1825 -0.06849999999999999 0.065 -0.4625 -0.345 -0.24 0.20645315428617778 0.27 0.32 -0.3 -0.14210526315789473 0.049999999999999906 0.04999999999999977 0.14210526315789473 0.24999999999999994
30 55 -0.1225 -0.079 -0.03 -0.33 -0.315 -0.26 0.1757358838086738 0.10000000000000003 0.11 -0.14999999999999994 -0.021052631578947364 0.10000000000000003 0.0 0.052631578947368446 0.10000000000000009
30 56 -0.51 -0.36849999999999994 -0.23249999999999998 -0.20500000000000002 -0.115 0.04 0.24259214572599297 0.42000000000000004 0.5800000000000001 -0.5499999999999999 -0.3 0.0 0.10000000000000009 0.2210526315789474 0.3
30 57 -0.54 -0.3965 -0.245 -0.23 -0.185 -0.16 0.20146755649316408 0.09999999999999998 0.43000000000000005 -0.5499999999999999 -0.16315789473684217 0.0 0.0 0.05263157894736841 0.10000000000000009
30 58 -0.1975 -0.08499999999999999 0.005 -0.4 -0.375 -0.35 0.19155985232666634 0.15000000000000002 0.27 -0.25 -0.13157894736842105 0.0 0.0 0.07894736842105264 0.10000000000000009
30 59 -0.07250000000000001 -0.0415 -0.01 -0.12 -0.1 -0.04750000000000001 0.18670103452472717 0.26 0.05 0.0 0.026315789473684216 0.10000000000000002 -0.1499999999999999 0.07894736842105261 0.09999999999999998
30 60 -0.2225 -0.131 -0.034999999999999996 -0.2225 -0.175 -0.10750000000000001 0.18621419935900035 0.14 0.22 -0.2 -0.09999999999999999 0.0 0.0 0.0736842105263158 0.10000000000000009
30 61 0.14 0.14000000000000004 0.14 -0.12 -0.12 -0.12 0.1544546959308694 0 0 0.0 0.0 0.0 0.0 0.0 0.0
30 62 -0.555 -0.303 -0.10750000000000001 -0.14 -0.12 -0.0375 0.2142763925514219 0.16 0.51 -0.30000000000000016 -0.2631578947368421 -0.049999999999999975 0.0 0.08421052631578947 0.10000000000000009
30 63 -0.4025 -0.289 -0.19 -0.065 -0.025 0.0 0.2061892490567568 0.18 0.39 -0.7000000000000001 -0.17894736842105263 0.3500000000000002 0.0 0.09473684210526316 0.10000000000000006
30 64 -0.31999999999999995 -0.13199999999999998 0.10750000000000001 -0.1825 -0.16 -0.1275 0.22889828390604086 0.11000000000000001 0.7200000000000001 -0.5000000000000003 -0.3789473684210527 -0.3 0.0 0.05789473684210528 0.10000000000000009
30 65 -0.305 -0.20800000000000002 -0.16 -0.1325 -0.095 -0.0675 0.21654342163982312 0.22 0.48 -0.4000000000000001 -0.14736842105263157 0.050000000000000044 0.0 0.08421052631578947 0.1999999999999999
30 66 -0.1325 -0.0645 -0.0075 -0.31 -0.28 -0.26 0.17928105805509353 0.12000000000000002 0.16 -0.19999999999999996 -0.06842105263157895 0.049999999999999906 0.0 0.06315789473684212 0.10000000000000009
