39 0 -2.953214285714286 -2.49364935064935 -2.2528571428571427 -0.3 -0.2571428571428571 -0.22 0.3081789128717088 0.13 0.9799999999999995 -0.765476190476202 -2.9162907268170444 0.7428571428571287 -0.04999999999999977 0.05263157894736842 0.14999999999999555
39 1 1.2860551948051953 1.615757575757576 1.8975 -0.3746428571428567 -0.27785714285714286 -0.2375 0.2788987249153753 0.15999999999999998 1.2114285714285713 0.43333333333333224 0.637593984962406 0.88874458874459 -0.09999999999999995 -0.026315789473684206 0.10000000000000009
39 2 0.057499999999999996 0.1338809523809524 0.245 -0.380595238095238 -0.35444805194805207 -0.3 0.1927099544426331 0.18619047619047618 0.19 -0.07142857142857323 0.09473684210526316 0.18409090909090595 -0.050000000000000044 0.055889724310776934 0.21590909090909022
39 3 2.35 2.422537878787878 2.4996590909090908 -0.18 -0.16904761904761878 -0.1575 0.20275067895365959 0.05428571428571427 0.29000000000000004 -0.46904761904762227 -0.09097744360902266 0.14999999999999902 -0.10000000000000009 -0.028571428571428564 0.0
39 4 -1.27 -1.046341991341991 -0.959642857142856 -0.0901136363636359 0.029361471861471894 0.16678571428571387 0.28617718554513877 0.31 0.6566666666666667 -0.40000000000000036 0.3456140350877194 0.8363636363636351 -0.23333333333333234 0.036842105263157905 0.3016233766233786
39 5 -2.5067045454545456 -2.4820313852813856 -2.44 -0.10715909090909091 -0.045 -0.03 0.18138729124711403 0.11619047619047618 0.11428571428571388 -0.20000000000000018 -0.06015037593984941 0.10000000000000009 0.0 0.06115288220551378 0.11872294372294537
39 6 3.0240909090909094 -2.7283170995671 -2.311428571428572 -0.29 -0.2734090909090906 -0.2071428571428573 0.2792614753298565 0.14619047619047618 1.1900000000000004 -0.7889610389610491 -0.3904306220095724 0.02142857142857446 -0.15000000000000374 -0.0506265664160401 0.08809523809524086
39 7 -0.98 -0.9739999999999999 -0.97 -0.12 -0.12 -0.12 0.15622474745425774 0.009999999999999995 0.010000000000000009 0.0 0.005263157894736847 0.0 0.0 0.005263157894736839 0.0
39 8 -1.1724999999999999 -1.1695 -1.16 -0.01 -0.005 0.01 0.16297287207633263 0.07619047619047617 0.020000000000000018 0.0 0.005263157894736847 0.0 0.0 0.02431077694235588 0.1
39 9 -1.7510876623376623 -1.5551742424242423 -1.387418831168831 -0.3423809523809527 -0.33 -0.21107142857142863 0.22844416904871923 0.23 0.606190476190476 -0.16190476190475978 0.23483709273182948 0.5952380952380942 -0.15000000000000013 -0.08947368421052633 0.0
39 10 2.379090909090909 2.4694891774891774 2.645 -0.27 -0.27 -0.2675 0.2254917779393035 0.030000000000000027 0.7642857142857145 -0.752272727272727 -0.4022556390977444 -0.10714285714285676 0.0 0.01578947368421054 0.006818181818182001
39 11 2.383571428571429 2.457340909090909 2.5425 0.06 0.08 0.0807954545454547 0.19402588157281836 0.08619047619047616 0.36238095238095225 -0.049999999999998934 0.15914786967418537 0.34015151515151665 0.0 0.04010025062656641 0.09999999999999995
39 12 2.5997619047619045 2.646167748917749 2.697738095238095 -0.28250000000000003 -0.26249999999999984 -0.19738095238095227 0.1888977972025945 0.1838095238095235 0.20000000000000018 -0.17218614718614633 0.01578947368421066 0.21785714285713853 -0.10000000000000009 0.0020050125313283386 0.09999999999999981
39 13 -1.325405844155844 -1.2708268398268396 -1.0767045454545456 -0.29 -0.2797619047619049 -0.2575 0.2916591929983717 0.04999999999999999 1.4604761904761905 0.050000000000000044 0.768671679197995 1.6047619047618922 -0.10000000000000009 0.002255639097744359 0.08809523809523989
39 14 0.22530844155844199 1.3732835497835503 2.433409090909091 -0.16625000000000031 -0.12404761904761877 -0.057499999999999996 0.4201444563453841 0.14 2.6961904761904756 0.504761904761907 1.417794486215539 2.085064935064941 -0.19999999999999993 0.0 0.19318181818181795
39 15 -1.63 -1.4460238095238096 -1.231055194805195 -0.1742045454545455 -0.1515909090909094 -0.1275 0.23360736591450676 0.09619047619047617 0.7985714285714285 -0.6166666666666742 -0.42030075187969923 -0.14999999999999902 -0.10000000000000002 -0.050626566416040096 0.0
39 16 0.29 0.31061904761904763 0.33 -0.2 -0.2 -0.19 0.1606520496340043 0.010000000000000009 0.050000000000000044 -0.050000000000000044 -0.018796992481203027 0.0 0.0 0.005263157894736847 0.0
39 17 2.65 2.901312770562771 -3.02 -0.45 -0.36428571428571427 -0.33 0.2294030859858877 0.09428571428571425 0.71 -0.2499999999999991 -0.17017543859648698 0.049999999999998934 0.0 0.049624060150375925 0.09999999999999981
39 18 2.76 2.770904761904762 2.78 -0.011547619047618897 -0.01 0.0 0.1580049413769321 0.02 0.020000000000000018 0.0 0.0 0.0 0.0 0.0 0.0
39 19 2.52375 2.614022727272727 2.598977272727273 -0.008847402597402427 0.032738095238095316 0.04428571428571386 0.2188371936279322 0.07619047619047618 0.5947619047619046 -0.3931818181818181 -0.31077694235588976 0.07142857142856895 -0.050000000000000044 0.04010025062656641 0.15
39 20 0.07 0.07390476190476192 0.08 0.0275 0.03 0.04 0.16246259391817833 0.020000000000000004 0.06 -0.019047619047616246 0.010526315789473684 0.09318181818181795 -0.00952380952381416 1.460819769243627e-18 0.011904761904763528
39 21 0.35 0.40845238095238096 0.4671428571428567 -0.3225 -0.32 -0.3142857142857143 0.16958635577292028 0.02619047619047621 0.1038095238095238 -0.061904761904758854 0.04411027568922307 0.09999999999999953 -0.050000000000000044 -0.008521303258145369 0.0
39 22 0.47465909090909053 1.7791818181818175 2.7750000000000004 -0.2 -0.19 -0.1575 0.4117372256098378 0.08699134199134183 2.707619047619048 -2.8544372294372544 -1.4240601503759398 -0.040476190476190776 -0.10000000000000009 0.017794486215538852 0.06904761904761914
39 23 1.6364123376623376 1.8654523809523809 2.1017045454545453 -0.42 -0.41 -0.4 0.22598727147159267 0.03999999999999998 0.7623809523809524 0.3690476190476222 0.3884711779448623 0.4949134199134164 0.0 0.010526315789473694 0.050000000000000044
39 24 -1.3425000000000002 -1.3004523809523811 -1.25 -0.3267857142857145 -0.20690476190476248 -0.1575 0.19785381753678588 0.26 0.15380952380952384 -0.12142857142857122 -0.08095238095238097 -0.050000000000000044 -0.1880952380952368 -0.04210526315789473 0.011904761904760058
39 25 -1.665909090909091 -1.293580086580087 -0.9439123376623377 0.09 0.1 0.11107142857142857 0.29267178573601665 0.039999999999999994 1.5204761904761905 -1.0158008658008821 -0.8002506265664161 -0.633333333333338 0.0 0.01804511278195488 0.049999999999999975
39 26 0.260714285714286 1.216991341991342 2.077857142857143 -0.22 -0.195 -0.18 0.337825379378022 0.06 1.9938095238095246 0.0 0.9902255639097743 1.7821428571428228 0.0 0.015789473684210527 0.09999999999999995
39 27 1.3007954545454545 1.9801103896103893 2.53 -0.27 -0.265 -0.21 0.3152639605206553 0.1 1.6985714285714284 -1.3150432900432985 -0.8939849624060148 0.0 -0.049999999999999906 0.015789473684210544 0.0
39 28 -1.4017045454545454 -1.2658852813852817 -1.0610227272727273 -0.24 -0.22 -0.21 0.24396179374538915 0.07 0.8866666666666667 -0.8721861471861436 -0.4666666666666667 -0.006818181818182278 -0.09761904761904888 0.0 0.09761904761904472
39 29 -2.4153571428571436 -2.3706158008658007 -2.34 -0.025 0.0 0.0225 0.19151155629532568 0.1080952380952381 0.17238095238095186 -0.19761904761904425 -0.004010025062656767 0.18095238095238386 -0.11904761904762212 -0.05689223057644111 -0.09999999999999996
39 30 -1.46 -1.4423095238095236 -1.4175 -0.3125 -0.31 -0.3084523809523811 0.1624249989857601 0.020000000000000018 0.07000000000000006 -0.050000000000000044 -0.026315789473684233 0.0 0.0 0.010526315789473694 0.0
39 31 -2.38 -2.3782142857142863 -2.38 0.24 0.25 0.25 0.15622930118454945 0.010000000000000009 0.009999999999999787 0.0 -0.00526315789473673 0.0 0.0 0.0 0.0
39 32 2.947857142857143 -2.8416601731601734 -2.430595238095238 -0.44991883116883163 -0.4143181818181818 -0.27952380952380984 0.27806524555589734 0.21 1.0900000000000007 -1.218181818181825 -3.078195488721807 0.5499999999999927 -0.23333333333333872 -0.039097744360902284 0.19047619047618772
39 33 2.5575 2.5584047619047614 2.56 -0.04 0.01 0.02 0.1639894012893404 0.06 0.020000000000000018 0.0 -0.010526315789473694 0.0 0.0 0.02631578947368421 0.0595238095238049
39 34 -2.7886038961038957 -1.9402088744588726 -1.125 -0.25 -0.23380952380952366 -0.14 0.41233316534694897 0.19428571428571428 2.740476190476191 0.7619047619047681 -1.8629072681704262 2.2718614718615013 0.0 0.10225563909774438 0.16190476190476338
39 35 -2.1815909090909082 -1.8095151515151522 -1.754155844155845 -0.28 -0.26 -0.17654761904761906 0.3572250681092494 0.13380952380952382 2.0909523809523805 -2.2809523809523577 -0.9794486215538846 0.11904761904762085 -0.13538961038960878 -0.07042606516290728 0.0
39 36 -1.2039285714285715 -0.9484004329004329 -0.6857954545454544 -0.2 -0.19 -0.1875 0.254421230654769 0.03 1.097142857142857 0.46948051948052627 0.5774436090225562 0.6559523809523699 0.0 0.015789473684210527 0.050000000000000044
39 37 -0.0125 0.01965043290043301 0.0342045454545455 -0.41202380952380957 -0.4 -0.3082954545454545 0.20065233092065005 0.2042857142857143 0.29 0.0 0.15263157894736845 0.2690476190476179 -0.0023809523809512068 0.10751879699248122 0.19924242424242705
39 38 0.5353084415584419 1.5492435064935066 2.4525 -0.2725 -0.24071428571428571 -0.155 0.3669292317554252 0.22000000000000003 2.19 0.11190476190475973 1.1526315789473682 2.2309523809523455 -0.145238095238098 -0.11578947368421054 0.0
39 39 2.632061688311688 2.809340909090909 2.981087662337662 -0.225 -0.1390476190476192 -0.11 0.23117363861728238 0.24999999999999997 0.5961904761904764 -0.42067099567099087 -0.11604010025062657 -0.23333333333333428 -0.1999999999999999 -0.13157894736842105 -0.04285714285714698
39 40 0.18 0.19601298701298703 0.21 -0.3217045454545455 -0.30249999999999977 -0.296071428571429 0.16430548630916597 0.03999999999999998 0.04999999999999999 -0.09999999999999981 -0.023308270676691733 0.08409090909090575 -0.08495670995671195 -0.021052631578947358 0.019047619047616315
39 41 -0.7989448051948048 0.12899675324675383 0.8501136363636366 0.10250000000000001 0.1534090909090906 0.18431818181818183 0.4211334263315377 0.25 2.6833333333333336 0.7181818181818117 1.4122807017543861 2.0232683982683883 -0.30476190476190534 -0.13157894736842107 0.10952380952380755
39 42 0.25642857142857145 0.2905952380952381 0.32 -0.0342045454545455 -0.01 -0.0075 0.17156888805240753 0.07 0.10000000000000003 -0.0023809523809550925 0.003007518796992488 0.10000000000000009 -0.1 -0.0368421052631579 0.04761904761904883
39 43 -2.283928571428571 -2.259285714285714 -2.23 -0.09 -0.08 -0.07845238095238082 0.17138156688615647 0.01999999999999999 0.156190476190476 -0.09761904761904194 0.0506265664160402 0.14999999999999458 -0.021428571428571408 0.005263157894736837 0.052380952380950974
39 44 -0.8324999999999999 -0.5610725108225105 -0.335 -0.06 -0.06 -0.05904761904761919 0.22426496626363274 0.016190476190476172 0.7642857142857142 0.10000000000000009 0.4022556390977443 0.6601731601731551 -0.01590909090909004 0.0032581453634085147 0.002380952380951172
39 45 0.2 0.2616179653679654 0.3401136363636359 -0.1725 -0.08499999999999999 -0.07 0.18486750519282066 0.13 0.21 -0.11590909090909374 0.02105263157894736 0.11309523809523866 0.0 0.06315789473684211 0.10000000000000009
39 46 -1.9667045454545455 -1.3469805194805198 -0.9367532467532469 -0.2425 -0.22285714285714286 -0.14141233766233777 0.3516841620587603 0.23000000000000004 2.0128571428571425 -1.5445887445887378 -1.0593984962406011 -0.38452380952380627 -0.18127705627705903 -0.12105263157894738 -0.049999999999999906
39 47 -0.9782142857142861 -0.8628138528138528 -0.7583333333333344 -0.16 -0.12119047619047632 -0.08892857142857144 0.19471524250194436 0.07 0.2699999999999999 -0.23809523809523558 0.029323308270676633 0.21222943722943366 -0.10000000000000009 -0.015789473684210527 0.09047619047618763
