46 0 1.6833539999999996 1.8197242 1.9679479000000004 0.021320599999999912 0.02783610000000003 0.04057665000000005 0.20443073073660192 0.026407399999999637 0.5223704000000007 0.1406720000000039 0.2749317894736846 0.4034899999999997 -0.027789000000001396 -0.0008263157894738386 0.04113399999999823
46 1 1.9331881000000002 2.0119204600000002 2.0567314 0.12962704999999997 0.1337953999999999 0.14028734999999992 0.1936068694773662 0.020409999999999817 0.23129240000000006 0.02355000000000107 0.1217328421052632 0.2891939999999993 -0.021665999999997965 0.0013716842105263173 0.019154000000000115
46 2 0.03238909999999984 0.0443964599999999 0.07842149999999981 0.010416949999999925 0.023911100000000074 0.06816154999999996 0.19252667107227073 0.20764819999999995 0.22199800000000014 -0.014129999999998866 0.1122467368421054 0.2238820000000019 0.027631999999999657 0.10928852631578945 0.18965600000000027
46 3 1.9654044999999996 2.0394551200000004 2.1103783000000003 -0.24776169999999997 -0.23071149999999996 -0.20588979999999985 0.1922155765206783 0.0893330000000001 0.24096359999999972 -0.15354599999999774 0.04878568421052633 0.3435160000000037 -0.1218319999999995 -0.01279136842105268 0.04458799999999874
46 4 0.2857714 0.3200821800000001 0.3487754999999999 0.11695715000000007 0.14172390000000012 0.15930005000000003 0.1712207977869204 0.04763380000000006 0.07931640000000018 -0.09765400000000257 -0.031201684210526482 0.06908000000000358 -0.08446600000000082 -0.020542210526315913 0.06452699999999756
46 5 -0.011351100000000058 0.0010864399999999553 0.004851300000000003 -0.028809499999999988 -0.019185399999999908 -0.016367250000000055 0.16301376722577385 0.02050419999999975 0.0390615999999997 -0.05557800000000057 -0.0057511578947367385 0.03579600000000127 -0.012559999999999238 0.010791684210526184 0.04364599999999941
46 6 -0.048983999999999916 -0.04670436 -0.043379100000000115 -0.07833515000000013 -0.07678869999999993 -0.07538355000000002 0.15587972834742994 0.00571480000000002 0.008666400000000074 -0.015385999999999456 -0.0014543157894736662 0.0025120000000034004 -0.0136589999999992 0.0015038947368421689 0.01365900000000031
46 7 -1.6271951 -1.10180402 -0.41788689999999995 -0.07238485000000006 -0.05411790000000005 -0.028864449999999875 0.316656180913035 0.1987934 1.5967528000000002 -0.851253999999998 -0.8368926315789477 -0.05212400000000006 0.0050240000000001395 0.08491221052631583 0.11272600000000077
46 8 1.9546971000000006 2.0640601600000004 2.1714356 -0.06853050000000005 0.0072534000000000765 0.07670234999999997 0.20481122528819426 0.14641820000000005 0.37372280000000035 -0.1284260000000037 0.15366168421052614 0.30866200000000177 -0.16563500000000064 -0.06228768421052642 0.031243000000000798
46 9 -1.0634552 -0.6119263399999999 -0.15332619999999997 0.12331565 0.14530350000000003 0.15258044999999992 0.28478004748246183 0.03551340000000014 1.4207872000000004 0.18117800000000073 0.7389246315789475 1.1159560000000002 -0.024334999999998663 0.009519157894736755 0.03563899999999953
46 10 -0.20957930000000013 -0.1993837200000001 -0.1967680999999999 0.15331049999999985 0.16302879999999997 0.16665550000000018 0.16011611922641084 0.016328000000000342 0.0455928000000001 -0.03359799999999913 -0.023930105263157916 0.0003140000000012577 -0.005808999999999953 0.007668210526316002 0.022922000000000775
46 11 0.10790610000000023 0.60994814 1.0361843 -0.03520725000000002 -0.026030600000000015 -0.017576150000000013 0.33516420072258896 0.03585879999999997 1.9118832000000001 0.014443999999997903 1.0062543157894737 1.8095820000000007 -0.0516530000000015 -0.012774842105263256 0.018369000000000302
46 12 2.0813018999999997 2.0807681000000002 2.1630675000000004 -0.006413449999999987 0.002449199999999929 0.034885400000000066 0.20659109891239785 0.06656799999999996 0.5197955999999992 -0.0838379999999983 0.2216509473684207 0.4044319999999946 -0.06217200000000034 -0.028954105263157823 0.012245999999999091
46 13 -2.1813266000000002 -2.13406332 -2.0839395 0.0625017 0.06859329999999997 0.06955884999999995 0.17458740011048723 0.03378640000000033 0.19367519999999994 0.03359799999999913 0.10193431578947365 0.13564800000000155 -0.031713999999998244 -0.015666947368421048 0.003296999999997663
46 14 0.07947340000000025 0.08036830000000006 0.14324680000000034 0.13724155000000005 0.1673306 0.24637225000000001 0.21256559059265284 0.35202540000000004 0.2628180000000002 -0.125286 0.10576842105263147 0.1475800000000005 -0.09906699999999935 0.10565273684210529 0.07033599999999862
46 15 -0.1859822000000001 -0.11551118000000002 -0.014710900000000082 0.04918024999999998 0.10919349999999994 0.13287694999999994 0.24740280133978665 0.48393679999999994 0.3576459999999999 -0.5187279999999972 0.07615326315789475 0.7200020000000018 0.006751000000000396 0.23816073684210512 0.34053300000000064
46 16 0.020802499999999835 0.03594985999999998 0.04943929999999974 -0.01337640000000001 0.02347149999999998 0.06685844999999979 0.18196428420539165 0.15618359999999987 0.08050959999999963 -0.13062399999999696 0.01973242105263185 0.17740999999999785 -0.12607099999999982 -0.07992126315789465 -0.025591000000000363
46 17 2.26865 2.2838224800000004 2.2850250999999995 -0.0018290500000000542 0.00734760000000001 0.07366439999999996 0.17369056430857652 0.08547079999999996 0.12321360000000059 -0.04019200000000556 -0.0511985263157898 0.04207599999999978 -0.0938860000000008 -0.044984631578947346 0.0050240000000001395
46 18 -2.0045446 -1.9911619200000004 -1.978828 -0.18065205 -0.16024990000000006 -0.12512115000000001 0.16934520176590126 0.08710360000000006 0.059722800000000076 -0.021665999999997965 0.02396315789473688 0.0722199999999995 -0.07457500000000006 0.010477684210526328 0.1212039999999992
46 19 -0.031054600000000043 0.01899700000000002 0.07294220000000018 -0.17094160000000003 -0.1618984 -0.12223234999999993 0.18449601788946818 0.13812859999999993 0.17665640000000016 -0.16924599999999623 -0.09297705263157903 -0.04961199999999888 0.009734000000000131 0.0599409473684211 0.09090299999999996
46 20 1.492442 1.51927016 1.4967124000000003 0.05552304999999991 0.05608040000000014 0.05796440000000014 0.18436170578182481 0.018683000000000005 0.31161360000000027 0.0 0.164007157894737 0.028888000000000247 -0.00047099999999966613 -0.005354526315789534 0.0004710000000018866
46 21 -2.0668108000000003 -2.01651114 -1.9651219000000002 -0.13894499999999987 -0.1355381 -0.13342645000000009 0.1740461370569841 0.014475400000000027 0.1838784 0.00125600000000059 0.09677810526315789 0.18054999999999932 -0.018211999999999673 -0.0014543157894736662 0.014129999999999976
46 22 -0.04673890000000003 -0.04670122000000001 -0.045906800000000025 0.1123177999999998 0.11589740000000004 0.11655680000000002 0.15535249985889485 0.005683400000000116 0.0030144000000000837 0.0 0.0 0.0 -0.0007849999999998136 0.0 0.006750999999999285
46 23 -2.189679 -2.0876321400000006 -1.9993322 -0.008046249999999977 -0.0021980000000000333 0.0033362500000000406 0.1794858824544363 0.01789799999999997 0.14092319999999958 -0.08823399999999926 0.0365562105263159 0.21038 -0.02496300000000007 0.0005949473684210984 0.02998700000000243
46 24 0.15172479999999977 0.15284263999999986 0.1547548999999998 -0.06130065000000001 -0.052783399999999925 -0.04983965000000001 0.15654179809965912 0.012151800000000046 0.00791279999999972 -0.001884000000000885 0.0027764210526314806 0.014130000000003307 -0.015385999999999456 -0.00639568421052634 0.002197999999998812
46 25 1.7081757 1.8493563800000004 1.9610242000000007 -0.03212219999999999 -0.001993900000000104 0.005620600000000031 0.21258866371749358 0.07956759999999985 0.5753107999999996 -0.590320000000002 -0.13875494736842056 0.33221200000000284 -0.07065000000000099 -0.006544421052631498 0.06389899999999948
46 26 -2.3574962999999998 -2.3103240799999996 -2.2585863 0.14484819999999998 0.15384430000000004 0.16010075000000012 0.19885710326781203 0.01843180000000011 0.4706231999999999 -0.503342 -0.11713852631578933 0.17175800000000185 -0.04050600000000126 -0.0003305263157893952 0.02873100000000184
46 27 0.22441580000000017 0.26388559999999994 0.2892410999999999 0.02307114999999993 0.04460369999999991 0.04875635000000006 0.17423320510348095 0.05193559999999997 0.17175800000000008 -0.17207199999999867 -0.08226799999999997 0.012246000000000201 -0.0014129999999989984 0.020129052631578936 0.0496120000000011
46 28 -0.06430719999999979 -0.04411386000000002 -0.009985200000000027 0.010424800000000012 0.012983900000000048 0.013439199999999929 0.1695565352964745 0.016076800000000002 0.14230480000000023 -0.18149199999999865 -0.07489726315789486 0.00125600000000059 0.0 0.008461473684210527 0.01365900000000031
46 29 0.06757279999999966 0.06877856000000004 0.07342890000000024 0.08069014999999996 0.08278610000000008 0.083681 0.15662412002641085 0.007222000000000062 0.015385999999999456 -0.026690000000004765 -0.007998736842105046 0.0025119999999989595 -0.008007000000000986 -0.001206421052631503 0.01240299999999972
46 30 0.022796400000000272 0.024046120000000126 0.024931600000000387 -0.29752285 -0.29487740000000007 -0.29195720000000014 0.1556951840085765 0.008603600000000045 0.0036424000000003787 0.0 0.0009254736842107273 0.0 -0.014600999999999642 -0.0037349473684210543 0.0
46 31 0.07757369999999997 0.10565471999999995 0.12343339999999992 0.04030190000000006 0.07196880000000005 0.08216594999999999 0.17317978162004136 0.0798816 0.11969680000000071 -0.10801600000000411 -0.04105136842105298 0.06719600000000048 -0.07033599999999862 -0.004660421052631431 0.08682100000000026
46 32 1.9663622000000007 1.97019614 2.135043 -0.014389049999999903 0.01599829999999991 0.056920350000000175 0.2748378005901051 0.08521960000000006 1.209842 -0.2989279999999983 0.5168109473684211 0.6320820000000005 -0.11775000000000202 -0.017716210526315695 0.0788140000000015
46 33 0.1819943999999999 0.26325446 0.3562487000000002 -0.01569215000000007 0.030740599999999896 0.050287099999999973 0.19178819655634716 0.05978559999999988 0.3131208000000001 -0.14067199999999724 0.04214210526315794 0.19939000000000373 -0.09435700000000047 -0.014807578947368482 0.06641100000000066
46 34 -3.1264509 -2.8800010919999997 -2.54379878 0.16012430000000016 0.18987580000000015 0.21516065000000012 0.2764132955079394 0.12045039999999974 1.2517296 -0.35827400000000065 -2.813714336842106 0.9268652 -0.13706100000000054 -0.018625157894736767 0.05840400000000079
46 35 1.9252753000000005 2.03707186 2.1111161999999997 0.03870050000000019 0.04215449999999987 0.04970620000000009 0.17955216358564643 0.014067199999999724 0.26124800000000015 -0.020723999999998632 0.12550084210526333 0.12748399999999993 -0.0124029999999975 0.006974105263157899 0.03092900000000065
46 36 1.6496775000000001 1.7461508600000002 1.8588956999999997 -0.09337574999999992 -0.07828020000000013 -0.05925180000000002 0.20308672772195216 0.07793479999999997 0.3205939999999998 -0.5695960000000033 -0.07549221052631619 0.26501600000000014 0.008320999999998913 0.04101831578947367 0.0687660000000001
46 37 1.6313555999999996 1.6607397199999998 1.6567110999999999 0.15677235000000012 0.30321410000000004 0.3123279499999999 0.19429899872959547 0.19719200000000026 0.20667480000000005 -0.04584400000000155 0.10877621052631581 0.10142199999999768 -0.14444000000000012 -0.10378526315789487 0.00047099999999966613
46 38 2.0784287999999997 2.1009991199999996 2.1336456999999998 -0.32623815000000006 -0.26649179999999995 -0.16262844999999992 0.18602998569838533 0.18563680000000016 0.1688692000000005 0.015071999999998198 0.08887852631578974 0.1843180000000011 -0.10974300000000103 -0.0917706315789473 0.000628000000000295
46 39 2.0447209 2.12210934 2.2182373 -0.04526310000000011 -0.014145699999999928 0.003328400000000009 0.1868124150041178 0.06276859999999984 0.22105599999999992 -0.19593599999999878 -0.028160842105263297 0.2213699999999985 -0.024021000000000736 0.026409052631578965 0.08430899999999908
46 40 -1.2852962000000003 -1.2214568600000002 -1.1768249000000002 0.22906300000000007 0.3211592 0.43499204999999985 0.20870911113214344 0.27120180000000027 0.13558519999999996 -0.12874000000000052 -0.07136063157894734 -0.0018839999999997747 -0.38417900000000005 -0.14273778947368435 -0.08650700000000011
46 41 0.2766810999999999 0.9991794 1.5465599 -0.0006593999999999212 0.018871399999999983 0.03053649999999991 0.2863685043276847 0.054761599999999966 1.4212896000000006 -1.1153279999999977 -0.7217042105263162 -0.009734000000003462 -0.021509000000000666 0.015369473684210617 0.06782400000000077
46 42 2.0572652000000002 2.07100898 2.0751161000000002 -0.09345425000000013 -0.08591039999999994 -0.08019559999999987 0.16671430815889499 0.023236000000000034 0.10010320000000039 -0.09294399999999925 -0.036027368421052496 0.02731800000000284 -0.01868299999999934 0.012229473684210545 0.042861000000000704
46 43 0.05067960000000005 0.05204550000000001 0.05620599999999998 -0.07043020000000011 -0.06820079999999995 -0.06372630000000007 0.15709893777800313 0.010361999999999982 0.01946799999999982 0.0 -6.610526315769205e-05 0.027003999999999362 -0.005965999999999472 0.005189263157894837 0.014601000000001862
46 44 -2.0060046999999996 -1.8412017999999999 -1.7023667 -0.061606799999999906 -0.03711479999999989 -0.02738864999999996 0.22628266938246186 0.07768359999999985 0.7361415999999996 -0.6992779999999987 -0.345994947368421 0.051495999999999764 -0.0025120000000000697 0.032027999999999966 0.07488900000000132
46 45 1.9125896999999998 1.9375903800000003 2.0608134000000002 -0.14324680000000006 -0.07714980000000005 -0.062172000000000116 0.2501786295321434 0.2876554000000002 0.8159604000000007 -0.3576460000000026 -0.4294528421052635 -0.05840400000000301 -0.16893199999999942 -0.15139757894736855 -0.02967299999999784
46 46 0.18180600000000036 0.20703904 0.22871760000000008 -0.024696099999999888 -0.023267399999999938 -0.020025349999999997 0.16002975771876757 0.008572199999999919 0.04408560000000028 -0.05055399999999821 -0.020360421052631326 0.012559999999999238 -0.0025119999999989595 0.004247263157894687 0.015228999999999937
46 47 0.014224199999999798 0.08056298000000002 0.14632400000000012 -0.15707064999999998 -0.14764280000000007 -0.13371690000000003 0.17848790010666568 0.09894139999999996 0.15580680000000013 -0.013188000000001754 0.07926021052631586 0.16139600000000254 -0.11162699999999859 -0.03810968421052622 0.032655999999998686
