52 0 0.5175661999999999 0.68182588 0.8008255999999998 0.09223750000000014 0.1106222 0.17325735000000003 0.21649431724106058 0.09561300000000017 0.4824295999999997 -0.4688019999999993 0.044720210526315876 0.5193559999999975 -0.08933299999999922 -0.0428857894736842 0.01617100000000038
52 1 0.9569150000000002 1.1213096999999999 1.3497604000000003 -0.12549794999999997 -0.049439300000000075 0.1880232000000001 0.31145196263023256 0.6062711999999999 1.1761812000000007 -0.7108960000000009 -0.6190427368421056 -0.3626700000000005 -0.5320729999999996 -0.2565214736842105 -0.016327999999998788
52 2 -0.009922400000000109 0.013505139999999981 0.04570270000000021 0.16460665000000008 0.20697310000000002 0.23773725000000012 0.19308352988692026 0.28709019999999996 0.09765399999999991 -0.1953080000000007 -0.05139684210526311 0.10048000000000057 0.05667699999999942 0.15110010526315787 0.2259230000000001
52 3 0.010676000000000019 0.27332757999999996 0.49302710000000005 -0.2588616 -0.24743199999999987 -0.2386243 0.2338067845047547 0.0340062000000001 0.6940028000000003 0.25622400000000267 0.3652646315789475 0.6009960000000003 -0.020723999999998632 0.01300621052631588 0.0491409999999981
52 4 0.4181695000000002 0.68845128 1.0592005000000002 0.08324139999999997 0.11007270000000002 0.15344395 0.2708550449295956 0.10547259999999992 1.0238912 -1.0487599999999997 -0.538890105263158 0.10990000000000055 -0.15071999999999863 -0.02953252631578938 0.12465800000000082
52 5 -1.167295 -0.6135905399999999 0.04962769999999994 0.1127417 0.12381019999999987 0.18870615000000002 0.39475136019074203 0.39344200000000007 2.3510436 0.6088460000000029 1.2217574736842107 1.8369000000000024 -0.46173699999999873 -0.19025094736842113 0.04600099999999885
52 6 1.0222270000000004 1.4755645 1.9080367000000003 -0.1678016000000001 -0.14663800000000016 -0.06681919999999997 0.2830369554232261 0.10456200000000004 1.318486 0.2681560000000016 0.47285094736842087 1.1043379999999958 -0.029044999999998655 0.048322947368421076 0.08870500000000003
52 7 -0.13501999999999992 -0.056633039999999954 0.04108690000000026 -0.11283590000000004 -0.04865430000000004 -0.03475979999999995 0.1883720902251369 0.14274440000000022 0.23958199999999996 -0.2659579999999995 -0.11981578947368428 0.00031399999999903727 -0.008321000000000023 0.06412210526315798 0.14255599999999924
52 8 -0.5607098000000001 -0.32034594 -0.19380079999999988 0.07658460000000017 0.09592699999999987 0.11359734999999987 0.24898719562704774 0.1231507999999999 0.9485939999999999 -0.9837619999999991 -0.4128273684210526 0.11837799999999898 -0.01726999999999923 0.03886989473684213 0.14475400000000027
52 9 0.6875029999999999 1.19712814 1.4878418999999998 -0.03990939999999993 0.003595299999999968 0.10638320000000001 0.3233994036760924 0.49502100000000016 1.4354196 -1.489616000000007 -0.755484 -0.12214600000000075 -0.2772619999999981 -0.24939863157894726 0.03579600000000016
52 10 0.21658149999999987 0.48629494000000006 0.658929 0.0729186500000002 0.07518729999999996 0.14192800000000005 0.2907058956614427 0.2285919999999999 1.3232588000000005 -0.8148299999999997 -0.6964520000000003 -0.39375599999999844 -0.23644200000000004 -0.11024705263157879 0.007535999999997989
52 11 0.0674629000000001 0.18776571999999997 0.2603688000000002 -0.04555355 -0.013564799999999932 0.1536088 0.25835712940475464 0.662069 0.5173463999999997 0.11052799999999419 0.2722875789473682 0.32216400000000034 -0.5504419999999988 -0.32776642105263154 -0.013973000000000457
52 12 0.9793503000000001 1.0312450800000001 1.2028869000000002 0.10902864999999984 0.13555379999999995 0.24596405000000016 0.24810991017927694 0.23951919999999993 0.8199795999999999 0.016956000000001303 0.42013199999999995 0.6173239999999991 0.021979999999998112 0.12606273684210523 0.22246899999999958
52 13 0.05154309999999973 0.3183331999999999 0.4757571000000004 0.03588234999999995 0.0559862000000001 0.07315415000000003 0.24924787598946813 0.18139780000000028 0.8035259999999997 -0.48512999999999806 -0.08811831578947371 0.09576999999999947 -0.04552999999999918 0.021484210526315713 0.10958599999999818
52 14 0.23360029999999998 0.24782449999999995 0.3148477999999999 -0.0776757500000001 -0.06886020000000004 -0.05799580000000004 0.1778348332608057 0.02716099999999999 0.2283407999999998 -0.003139999999997034 0.12017936842105252 0.2213699999999985 -0.047727999999999104 -0.01237821052631582 0.00989100000000076
52 15 -0.04385009999999989 0.31600017999999996 0.6695579 0.03322905000000004 0.0387789999999999 0.04184834999999992 0.2730947796404235 0.022137000000000073 1.3162879999999997 0.594402000000005 0.6927831578947368 0.7721260000000019 -0.03438300000000116 -0.009453052631579063 0.012874000000000496
52 16 2.7879903000000006 -2.9969843039999997 -2.468668 0.2521577000000002 0.2566164999999999 0.29851194999999997 0.3460786711049459 0.16120759999999978 2.0038224 0.893361399999999 -2.2506197894736846 1.1775000000000002 -0.002197999999998812 0.08484610526315778 0.15276099999999904
52 17 0.30950980000000017 0.5847590600000001 0.8662632000000001 -0.028095150000000013 -0.0015700000000000713 0.01832190000000017 0.26268494162577394 0.08842240000000001 1.1316560000000004 -0.671646000000008 -0.5956084210526317 -0.5140180000000005 0.01240299999999972 0.04607536842105254 0.06546900000000022
52 18 -0.0647154000000002 0.10067467999999997 0.2510743999999998 -0.1732024000000001 -0.12337059999999989 -0.07813890000000001 0.1998220490939267 0.1039654000000001 0.38935999999999993 -0.09168800000000088 0.09327452631578935 0.3915579999999985 -0.07645899999999983 -0.05471863157894742 -0.010676000000000574
52 19 0.37199579999999965 0.4081748799999999 0.4351411999999998 -0.09122485000000008 -0.08639710000000012 -0.08147515000000005 0.16895776702959558 0.021352000000000038 0.14199079999999986 -0.11712200000000061 -0.061841473684210474 0.011931999999996723 -0.013501999999999681 0.010560315789473678 0.026376000000000177
52 20 0.7814047000000001 0.7486168200000001 0.8576125 -0.0018055000000001264 0.017521199999999904 0.027624149999999903 0.21306286198883115 0.03632980000000008 0.6193963999999994 -0.01726999999999812 0.28795452631578966 0.41950399999999943 -0.008478000000000652 0.0010411578947368053 0.03579599999999905
52 21 -0.10991570000000017 -0.08619299999999999 -0.02654869999999998 -0.003948549999999995 -0.00014130000000001086 0.002802449999999901 0.17769135248564658 0.02034720000000001 0.1225856000000003 -0.13219400000000103 -0.06451873684210542 0.11241200000000173 -0.011932000000000054 0.010709052631578952 0.027632000000001877
52 22 -2.55461765 -2.478691508 -2.4012208000000004 0.9342049500000003 0.9377610000000001 0.9398962 0.1800885107491497 0.03560760000000007 0.17028847999999996 -0.2198000000000011 -0.06962206315789453 0.10393400000000108 -0.032813000000000425 -0.018740842105263195 0.01836899999999808
52 23 -2.98311932 -2.7982395740000006 -2.59887595 0.7280561000000001 0.7396426999999999 0.8637119499999999 0.23455638944813048 0.20915539999999977 0.5262451599999998 -0.15464500000000214 0.2769711368421051 0.6135874000000019 -0.0136589999999992 0.10956947368421045 0.17929399999999873
52 24 0.9569463999999996 1.1461565200000003 1.2839930999999996 -0.09171154999999998 -0.0581214000000001 0.005055399999999877 0.30173459848246154 0.43875220000000037 1.2476475999999996 -1.0365139999999995 -0.656656631578947 -0.1695599999999997 -0.19719200000000048 -0.2252867368421054 -0.05290900000000098
52 25 -1.7297318000000002 -1.0343788 -0.3634078999999998 2.355000000014984e-05 0.027553499999999898 0.17691544999999997 0.36645297075125166 0.2331135999999998 1.7351639999999997 0.34068999999999905 0.9132442105263155 1.5656040000000004 -0.19075500000000023 -0.12254263157894738 -0.02621900000000066
52 26 0.15915089999999998 0.15028039999999998 0.18968740000000028 0.2898141500000001 0.29640029999999995 0.30168334999999996 0.18101810027035986 0.025276999999999994 0.2595524 -0.12528600000000223 -0.13660652631578948 0.0050240000000001395 -0.008478000000000652 -0.002181473684210499 0.03140000000000032
52 27 -1.8605756000000002 -1.6125407200000001 -1.4456246 0.3119197500000001 0.33706330000000007 0.7289980999999999 0.24839155066844898 0.48553820000000014 0.5583547999999998 -0.15731400000000062 0.21295810526315778 0.6141839999999998 -0.3411609999999976 -0.22819536842105279 0.06892300000000073
52 28 0.2522675999999999 0.26923302000000005 0.28486080000000036 -0.10628900000000008 -0.0997577999999999 -0.09660210000000002 0.17562839883023248 0.11275740000000001 0.1266676000000002 -0.15354600000000218 -0.06666715789473696 0.0370519999999952 -0.0808550000000019 -0.059346 -0.0072219999999989515
52 29 0.04275109999999993 0.049838079999999986 0.05538960000000015 0.20312659999999988 0.20943800000000012 0.21172235000000017 0.1588054374073025 0.014192799999999783 0.028950800000000054 -0.00031399999999903727 0.015237263157894766 0.02857399999999899 -0.02590500000000162 -0.006742736842105158 0.007692999999999728
52 30 -0.4673733 -0.19597995999999993 0.013643300000000025 -0.05489505000000017 0.01932670000000003 0.0817577499999999 0.24495780439647447 0.1377832000000001 0.4642176 -0.44682200000000005 0.1734271578947371 0.6198360000000003 -0.187929 -0.05100021052631579 0.16375100000000087
52 31 -1.1533377000000002 -0.4891397800000001 0.22422739999999997 0.042335049999999874 0.20441399999999998 0.5677119999999999 0.3859521577257739 0.7803528000000002 1.0421031999999992 -0.2869960000000016 0.5484753684210523 1.3844260000000008 -0.7276950000000004 -0.410712 -0.09655499999999928
52 32 -1.4804158 -1.2234413400000002 -0.9691453000000003 0.14223415 0.16731489999999993 0.18098959999999992 0.23850473252195223 0.12839460000000003 0.8128831999999999 -0.7228279999999998 -0.1393168421052633 0.23958199999999819 -0.10675999999999908 -0.02586368421052625 0.09796799999999939
52 33 -0.02047280000000018 0.33052581999999997 0.7632554999999999 -0.017026650000000088 0.04642490000000021 0.13503569999999998 0.2750605267168567 0.32040559999999996 0.9825060000000003 -1.0983720000000008 -0.3677105263157896 0.40066399999999724 -0.22765000000000035 -0.1642385263157895 -0.08791999999999911
52 34 -0.10633610000000004 0.046581900000000044 0.18321900000000024 0.16487354999999998 0.16773879999999997 0.17105150000000008 0.1925192699881943 0.01237160000000026 0.40436920000000054 0.07598800000000017 0.21282589473684238 0.26313199999999926 -0.030457999999999874 -0.0017022105263157126 0.0332840000000012
52 35 -1.2882949 -0.9874358000000001 -0.7146169000000002 0.06582224999999992 0.11294579999999999 0.11950054999999998 0.245453590146156 0.10195580000000004 0.9303192 -0.7303639999999978 -0.4896416842105264 -0.15605800000000114 0.01993899999999993 0.05366094736842107 0.08336699999999864
52 36 0.2433029000000001 0.24939450000000002 0.2687211999999999 0.10255239999999999 0.10369850000000003 0.10836140000000016 0.16130608964806684 0.004710000000000214 0.06443280000000051 -0.027003999999999362 -0.031168631578947635 0.0 -0.010676000000001684 -0.0010411578947369222 0.004396000000000955
52 37 0.3482103000000002 0.77216996 1.1259569 0.01810994999999993 0.024586200000000002 0.05909479999999978 0.26247607418118785 0.12547440000000032 1.0981835999999996 0.29233399999999854 0.5779913684210524 0.7306779999999979 -0.1183780000000012 -0.058817157894736946 0.015857000000000232
52 38 -0.22849779999999997 0.04948326000000005 0.2622371 0.03755440000000004 0.06050779999999989 0.07500675000000018 0.24115288532704782 0.10584939999999965 0.7583100000000003 0.12905399999999734 0.39911052631578964 0.7605079999999975 -0.10204999999999909 -0.028094736842105138 0.07755799999999868
52 39 0.16594900000000012 0.43430282 0.6555535 0.02022159999999995 0.09655500000000006 0.1069640999999999 0.24030139407354478 0.16280899999999998 0.7589380000000001 -0.7328760000000067 -0.3863852631578946 -0.013815999999999828 -0.027631999999998547 0.07788852631578942 0.15213300000000207
52 40 -0.3499373000000001 0.2601898199999999 0.9617192000000001 -0.060947399999999985 -0.018604500000000024 0.029131349999999945 0.28954588053660196 0.13194280000000003 1.3949764 0.07504600000000305 0.7240509473684211 1.4833360000000018 -0.10974299999999881 -0.04716610526315796 0.015543000000000085
52 41 0.5812924999999999 0.7913019800000002 1.0258536999999999 -0.01759970000000005 0.022827799999999954 0.06645024999999993 0.24570769940093307 0.17197780000000007 0.6443279999999998 -0.7407259999999982 -0.33911999999999987 -0.10142200000000656 -0.0591890000000006 0.025781052631578903 0.1463239999999999
52 42 0.9449672999999998 1.09086112 1.4314003999999998 0.0559862000000001 0.16879070000000007 0.22719470000000008 0.32217336213086956 0.22535780000000027 1.1722875999999998 -1.3370120000000063 -0.6169934736842105 0.14255600000000257 -0.36392599999999997 -0.11860936842105278 0.054008000000000944
52 43 -0.4280762 -0.17270313999999998 0.08970980000000028 -0.07463779999999992 -0.060821799999999926 -0.0487720499999999 0.2310459908952007 0.05953440000000021 0.7888935999999998 -0.64527 -0.4152071578947367 -0.017898000000000636 -0.025120000000000697 0.015072000000000068 0.07598800000000017
52 44 -0.01020500000000002 0.06404971999999995 0.13134619999999975 -0.14626119999999998 -0.14268159999999996 -0.13699820000000001 0.1760413331117611 0.04125960000000006 0.17954520000000018 -0.12277400000000105 -0.043034526315789356 0.052752000000000354 -0.03359799999999913 0.01087431578947365 0.014130000000001086
52 45 -0.5603016000000002 -0.4311942200000001 -0.3128852999999999 -0.029963450000000058 7.850000000009238e-05 0.30499605 0.250856195136602 0.43755900000000003 0.6612840000000002 -0.526578000000002 -0.3480442105263159 -0.1673619999999998 0.008477999999999541 0.2183952631578948 0.3843360000000007
52 46 0.4051699000000002 0.6956984 0.9636817 -0.03846500000000008 -0.030363800000000052 0.004498049999999976 0.23086506024488232 0.08974120000000019 0.7755800000000006 0.22984799999999472 0.40820000000000034 0.4367739999999998 -0.0822680000000009 -0.04723221052631589 -0.022451
52 47 0.7280090000000001 0.85374716 1.0366396 0.07222785000000015 0.07628630000000003 0.08609880000000009 0.21929435033532813 0.03953260000000003 0.6902347999999998 -0.008791999999999689 0.2830627368421055 0.5052260000000075 -0.02245100000000111 0.011717157894736912 0.03375499999999976
