56 0 0.23641059999999992 0.24270943999999997 0.24605040000000022 0.19183830000000007 0.1993743 0.20603895 0.1654907650754554 0.07532860000000019 0.04948640000000015 -0.06468400000000152 -0.021021473684210583 0.029516000000000542 -0.0025119999999989595 0.03784526315789475 0.03925000000000067
56 1 2.5018107 -2.8827099700000005 -2.1842154000000003 0.13853680000000013 0.24130899999999988 0.27661830000000015 0.39370218828653814 0.1838470000000001 2.2483656000000005 -1.2381020000000031 -0.725016084210526 -0.0050240000000001395 -0.15260400000000063 0.031119052631579016 0.21414799999999956
56 2 2.1367543000000007 2.2867929200000003 2.4695629000000006 0.11416254999999992 0.19882480000000002 0.26915295 0.2510449273213153 0.23000500000000001 0.8668912000000004 0.30960399999999666 0.45625852631578967 0.5067960000000005 0.06562600000000085 0.11824578947368418 0.19216800000000034
56 3 -0.0487799000000001 0.004053739999999939 0.056535699999999856 -0.48981645 -0.1927488999999999 -0.09589559999999997 0.234105126535965 0.5776030000000001 0.25785680000000033 -0.36518199999999723 -0.13571410526315808 0.08258200000000215 -0.2893509999999999 -0.007569052631578997 0.3017540000000002
56 4 -1.8188921000000002 -1.7571565600000003 -1.7108447 0.33855480000000016 0.3736286000000002 0.3926255999999998 0.18632801856144265 0.10748220000000042 0.24617599999999995 0.08352399999999927 0.12956631578947367 0.14726599999999923 -0.02480600000000055 0.0397788421052632 0.13015299999999952
56 5 2.5591 -3.047964088 -2.3337265000000005 0.05143319999999996 0.10958599999999996 0.1213767 0.30864639654341725 0.1949939999999999 1.4340380000000001 -0.7184319999999977 -0.3045403368421057 0.2483740000000001 -0.19829099999999933 -0.01087431578947365 0.1387880000000008
56 6 2.3638548 2.52434648 2.8037059999999996 0.03616494999999986 0.09988339999999996 0.15774574999999996 0.2768328911143089 0.15411119999999978 1.2002964 0.17992200000000125 0.616662947368421 1.039340000000002 -0.12575699999999967 0.008163999999999979 0.08289599999999897
56 7 2.6151176 -2.9567791159999994 -2.1811853 0.15410335000000008 0.18003190000000002 0.2664760999999999 0.33442747756908603 0.13951019999999992 1.5515368 -0.4144800000000015 -0.22359444210526386 0.31556999999999835 -0.1069169999999986 0.0640229473684211 0.15134800000000004
56 8 2.8055743000000004 2.0048272000000003 -1.6542933 0.14840425000000013 0.15524159999999998 0.1679428999999999 0.5170376227786403 0.06961379999999995 3.1376764 -0.13344999999999718 -1.3272284210526317 2.8043339999999994 -0.04458799999999874 0.023797894736842063 0.09498500000000076
56 9 1.7637850999999998 2.03728224 2.2985899 0.16588619999999982 0.20356619999999992 0.2398489000000002 0.2665785601174936 0.11002559999999995 0.6896696000000002 -0.719059999999998 0.20135663157894754 0.4264120000000027 -0.21948600000000096 -0.02454157894736844 0.15024899999999897
56 10 0.5409435000000001 1.1540567600000002 1.6109142000000003 0.19088059999999996 0.21793169999999995 0.26242550000000003 0.315867890535328 0.21395960000000014 1.1014492000000007 -1.4268159999999996 -0.5797101052631582 0.5871800000000027 -0.1761540000000006 -0.05124810526315795 0.032970000000001054
56 11 -2.0175756 -1.87534302 -1.7566259 0.01681470000000007 0.025402600000000164 0.04001930000000009 0.18873066399265293 0.025904999999999845 0.3359800000000004 -0.09011800000000125 0.13455726315789496 0.32655999999999796 -0.04804199999999925 -0.004924842105263134 0.04600100000000107
56 12 -2.68821052 -2.315265498 -2.0148909 0.13593844999999982 0.1521173 0.25642025000000007 0.2527454463584491 0.15483340000000045 0.5809628 -0.32279200000000063 0.2429368421052632 0.004396000000002065 -0.07551699999999939 -0.05014084210526322 0.04709999999999881
56 13 0.0896627000000001 0.11764638000000008 0.1425246 0.20433550000000017 0.2318576 0.23508394999999999 0.16816889370029625 0.04238999999999993 0.0648724000000005 -0.1164939999999981 -0.003470526315789585 0.11775000000000091 0.0031399999999981443 0.022310526315789437 0.02590499999999829
56 14 2.8788462 -2.85536214 -2.1812167000000002 0.3432805000000001 0.42556419999999984 0.58814555 0.32859210249774845 0.18987579999999982 0.8285706399999997 -0.8530437999999974 -2.723999578947369 1.0188043999999978 -0.4042749999999995 -0.09993463157894727 0.0518099999999988
56 15 -0.5340983000000001 0.02160319999999998 0.42788779999999993 0.017481949999999913 0.033174100000000206 0.05338784999999996 0.3813220906952005 0.06785539999999979 2.4374564000000003 0.6323959999999995 1.2828717894736845 1.7624820000000008 -0.11084199999999989 -0.004511684210526157 0.10032299999999994
56 16 -2.0019384000000002 -1.5855053200000002 -1.2100304 0.24554015000000007 0.25410450000000007 0.28801649999999984 0.3147178067971115 0.08726060000000002 1.6793976000000002 -1.4048360000000015 -0.8838934736842106 -0.3724040000000006 -0.13580499999999884 -0.04592663157894738 0.016327999999998788
56 17 0.1602028000000002 0.5523103 0.8380346000000002 0.20630585000000007 0.20981479999999997 0.21536475000000005 0.27663867997736624 0.02932760000000001 1.3172927999999993 -1.0164179999999967 -0.6881227368421051 -0.3607860000000018 -0.043803000000000036 -0.015435578947368425 0.03987799999999986
56 18 0.2719239999999997 0.2905975799999999 0.30690359999999994 -0.16376670000000004 -0.14384340000000007 -0.13412510000000005 0.16629509250284388 0.048983999999999916 0.0731619999999995 -0.0618580000000013 0.013948210526315797 0.09514199999999917 -0.07724400000000076 0.0023963157894736995 0.08823400000000037
56 19 2.0291778999999996 2.2260716 2.69883 0.01686965000000007 0.0650293999999999 0.16314655000000006 0.37315339223278016 0.18450639999999985 2.2142652000000003 0.19813400000000314 1.1654027368421056 2.0579560000000052 -0.2020590000000011 0.02523568421052631 0.18227699999999958
56 20 0.22911009999999976 0.23182306000000014 0.23480920000000038 0.09723795000000018 0.10004039999999992 0.10014244999999994 0.1561530786557102 0.006060200000000071 0.012874000000000052 -0.0012560000000050309 0.006511368421052301 0.013815999999999828 0.0 0.0031895789473684586 0.0012560000000028104
56 21 0.016092499999999732 0.024561080000000058 0.054149299999999845 0.13195065 0.16169429999999996 0.18061280000000002 0.1742842068270478 0.058215600000000034 0.1656035999999994 -0.001255999999996149 0.07959073684210526 0.10770199999999619 0.0004709999999985559 0.02857400000000004 0.05918900000000171
56 22 -2.98438003 -2.689013732 -2.3997293 0.14955820000000003 0.23983319999999997 0.29896725000000013 0.269892424897621 0.21380259999999995 1.0331856000000004 0.2675280000000013 -2.7614812631578953 0.7355136000000018 -0.21932899999999922 0.0006279999999999444 0.19420899999999963
56 23 2.2303577 2.7862516819999996 -2.8991306000000003 0.0949378999999998 0.10060559999999985 0.10895014999999997 0.33937959434755743 0.015542999999999862 2.0556324000000004 0.7756741999999983 -2.2233513684210524 1.1875480000000005 -0.04081999999999808 -0.003387894736842002 0.026689999999998104
56 24 -1.8406523 -1.09684282 -0.3269054 -0.04489415000000008 -0.021964299999999937 0.09240235000000002 0.3310917788920158 0.15461360000000002 1.8053115999999998 -1.5225860000000002 -0.9501639999999998 -0.1532319999999987 -0.08132600000000045 -0.04728178947368428 0.06688199999999922
56 25 2.4003573000000005 3.048580156 -2.52046544 0.16477935000000016 0.17131839999999998 0.18511084999999988 0.3346504818938631 0.03943839999999965 1.9584180000000009 -1.053156000000004 -0.7608054736842116 -0.5347420000000014 -0.04741400000000007 0.003090421052631453 0.04788499999999973
56 26 2.7929672000000005 -2.9638290440000006 -2.4403923000000005 0.39585195000000006 0.4054525 0.40925975 0.26178542135704774 0.05491859999999993 1.0902079999999996 -0.08948999999999874 -2.7433023157894736 0.8347061999999972 -0.02355000000000107 0.020195157894736863 0.04348899999999878
56 27 2.9146422 2.91829088 2.9195877 0.30578105 0.3171243 0.31921239999999984 0.15747007269838537 0.016139600000000254 0.01463239999999999 0.0 0.007701263157894732 0.013187999999999533 0.0 0.007486421052631648 0.016327999999998788
56 28 0.12591400000000008 0.11385640000000004 0.23013060000000007 -0.009192350000000071 -0.0026533000000000806 0.0048277499999999085 0.22985718282131531 0.03278160000000008 0.8171535999999997 -0.1312520000000017 0.38648442105263164 0.2873099999999984 -0.05228099999999958 -0.015749578947368514 0.015385999999999456
56 29 1.9512587999999997 2.3164690600000006 2.7561821 0.32876584999999997 0.3570808000000001 0.3952710500000001 0.2981618797487038 0.08396359999999992 1.5434984000000007 0.5441620000000036 0.8123675789473688 1.0792180000000018 0.006436999999999138 0.041795052631579004 0.06170100000000178
56 30 0.22168400000000021 0.23452974000000007 0.24548519999999963 -0.27124105 -0.26507880000000006 -0.26222140000000005 0.15817749404488216 0.01293679999999986 0.027192399999999672 0.0 0.014311789473684038 0.027632000000004098 -0.006436999999999138 0.003387894736842002 0.01365900000000031
56 31 0.042986599999999875 0.15851348 0.27809410000000034 -0.015833449999999916 0.0025433999999999735 0.03553695000000007 0.1973247227996592 0.09781100000000009 0.3173911999999999 0.10267799999999827 0.1593467368421052 0.2420940000000038 -0.17317100000000196 -0.032573368421052684 0.1020500000000013
56 32 2.3454857999999996 2.4852158 2.6864741000000008 0.1250504999999999 0.16893200000000008 0.2204908000000001 0.25171932398628344 0.27701080000000045 0.7961155999999994 -0.5714799999999975 0.09373726315789437 0.5874939999999951 -0.15888400000000025 0.018674736842105272 0.1606110000000005
56 33 0.045294500000000126 0.10714622000000004 0.18604500000000002 -0.16435545000000001 -0.1396672 -0.10283500000000012 0.20327510391303502 0.25634959999999984 0.2951600000000001 -0.006908000000001024 0.15243873684210535 0.33598000000000017 -0.2543400000000007 -0.08074757894736836 0.1061319999999999
56 34 2.5013868 2.73193816 2.923183 0.24261994999999997 0.2482641 0.2514983 0.21801016063023249 0.02075540000000009 0.6918048000000008 -0.4801060000000046 -0.35700147368421054 -0.2565380000000017 -0.015857000000001342 -6.61052631579258e-05 0.029045000000000876
56 35 -1.7803957 -0.9693902199999999 -0.1458529999999999 0.2346679000000001 0.2669471 0.30868555000000003 0.3329650651544362 0.1930472000000003 1.7494196 -1.4042080000000001 -0.9207471578947368 -0.089804 -0.06170100000000067 0.07169115789473697 0.20033200000000084
56 36 2.7452706 2.9061538380000007 3.1083487999999995 0.18315619999999994 0.21923479999999995 0.2579666999999999 0.22486979297615609 0.09561299999999995 0.6963515200000003 -0.22312840000000556 -3.052655115789474 0.5890640000000014 -0.08132600000000045 -0.03872115789473674 0.01632800000000101
56 37 0.20143099999999992 0.20765761999999993 0.21224829999999983 -0.01073094999999985 0.011382499999999962 0.018463200000000013 0.16826790178182485 0.12154940000000014 0.03441440000000018 -0.032970000000001054 -0.01811284210526325 0.0021980000000021427 -0.10377699999999823 -0.04098526315789482 0.037837000000000565
56 38 -3.08237001 -2.772775744 -2.53473831 -0.6009724500000001 -0.47702880000000003 -0.3164021 0.2860239697616337 0.36216760000000003 1.0177807600000004 -1.1195670000000013 -0.11469263157894749 0.6638901999999991 -0.3298570000000012 -0.11974968421052623 -0.007064999999999988
56 39 -1.2118045 -1.2615578 -1.1574197 -0.1242262500000001 -0.09448259999999997 -0.00814044999999991 0.24115900805634713 0.21760200000000007 0.6918048000000001 -0.43520399999999904 -0.3641077894736842 0.06279999999999952 0.0375229999999982 0.11452736842105267 0.15181900000000192
56 40 0.21080390000000027 0.2262841 0.2245414000000001 -0.2481542 -0.2291415 -0.2147681500000001 0.17392187222449998 0.14497379999999982 0.06185799999999997 -0.03799399999999897 -0.026640421052631705 0.025434000000004175 -0.13392099999999907 -0.060849894736842054 0.013972999999999347
56 41 -2.1750623 -2.08777972 -1.9905245 0.11669810000000008 0.15221149999999994 0.16686744999999986 0.20424316729647451 0.07338180000000016 0.4058135999999999 -0.375544000000001 -0.21358610526315785 -0.06028800000000056 -0.013972999999999347 0.03862200000000009 0.12685600000000186
56 42 2.4536274000000002 2.51222294 2.5825401 0.017034499999999897 0.024586200000000114 0.08910535000000003 0.19571274956144266 0.09953799999999968 0.30024680000000004 -0.15323200000000092 0.07083178947368418 0.3381780000000001 -0.022921999999999665 0.05238842105263141 0.1348629999999995
56 43 2.5604658999999996 2.7604964599999997 2.9616794 0.08966269999999998 0.09267710000000007 0.10291350000000016 0.2386638547200413 0.05042839999999971 0.8748667999999995 0.29170600000000046 0.4604562105263155 0.6782399999999988 -0.046471999999999625 -0.000363578947368475 0.03689500000000012
56 44 2.9369676000000005 2.9983875700000002 3.0088108 0.048630749999999834 0.11471989999999999 0.2367089000000001 0.20757135408628336 0.19257619999999998 0.3285695999999998 -0.1620240000000006 -3.1323317894736844 0.3902705999999978 -0.05055399999999932 0.0846312631578947 0.15197600000000033
56 45 -2.2233555000000003 -2.04616844 -1.8831522 0.03674584999999986 0.04899969999999998 0.05950300000000003 0.19615960058437257 0.036989200000000055 0.25496799999999986 -0.28699599999999936 -0.13293768421052635 0.09357200000000176 -0.03469700000000131 0.012427789473684088 0.062485999999998265
56 46 0.28955509999999973 1.0201546000000001 1.7333742 0.19511960000000012 0.20714579999999982 0.23195965000000002 0.3751711656760925 0.07655319999999977 2.3538068000000005 -1.5853859999999997 -1.2318054736842108 -1.047503999999999 -0.06672500000000081 0.006180842105263023 0.12418699999999894
56 47 -0.5337371999999998 -0.3130108999999999 -0.018949899999999964 0.10387904999999997 0.1510339999999999 0.15678019999999998 0.28268423531494596 0.15508460000000013 1.2522948000000005 0.2530840000000012 0.6591025263157896 0.9715159999999989 -0.20535599999999765 -0.08162347368421059 0.03579599999999794
