57 0 -0.05367829999999996 -0.01711928000000009 0.008886200000000066 0.1612311500000001 0.27865930000000005 0.29811160000000003 0.17609432494233443 0.16576060000000004 0.06593999999999989 -0.004395999999997624 0.033614526315789484 0.06782400000000077 0.013972999999999347 0.08580463157894724 0.09985199999999805
57 1 -0.1897344999999998 -0.10011890000000001 -0.01102140000000007 -0.28845610000000005 -0.27652410000000005 -0.20986975000000002 0.19806637227545545 0.11096759999999994 0.3762348000000002 -0.3463419999999995 -0.1980183157894738 -0.014444000000000123 -0.0009420000000004425 0.05380968421052635 0.08807700000000085
57 2 -1.8346706000000002 -1.7530274599999998 -1.6856619 0.21527055 0.2831338000000001 0.3094783999999999 0.20173917842832162 0.20953219999999995 0.20711440000000003 -0.13501999999999903 0.05384273684210531 0.26501600000000014 -0.04301799999999911 0.08699452631578955 0.2165030000000001
57 3 2.1608223999999994 2.33783362 2.5816766000000007 -0.22201370000000004 -0.1668282000000001 -0.1495896 0.25910156265825796 0.17474100000000004 0.9708252000000002 0.31054600000000043 0.5109606315789474 0.6785539999999957 -0.2081820000000012 -0.09196894736842107 0.04301800000000022
57 4 -0.09949090000000016 -0.03907416000000001 0.019185399999999908 0.24458245 0.3458082 0.3635335000000001 0.18615758358883114 0.12600820000000001 0.13118920000000012 -0.170188 -0.03976231578947378 0.12245999999999979 -0.1334499999999994 -0.05397494736842081 0.052752000000000354
57 5 -0.06658370000000025 -0.049335680000000014 -0.027255199999999924 0.1478155000000001 0.25980360000000013 0.2966200999999999 0.192253783079914 0.3210650000000004 0.1046248000000003 -0.07284800000000091 0.02736757894736842 0.11523800000000195 -0.06154400000000004 0.1456133684210527 0.27113899999999913
57 6 -0.3884179999999998 -0.31173606000000004 -0.25983500000000004 -0.08481925000000007 0.005071099999999995 0.041416600000000026 0.19467656329774838 0.14007540000000018 0.19530800000000026 -0.027946000000000915 0.10279368421052645 0.26972600000000124 -0.0017269999999991459 0.046389368421052624 0.12010499999999924
57 7 0.02339300000000022 0.010343160000000018 0.04606379999999999 0.08918384999999995 0.22947119999999988 0.3080654 0.20301734474297134 0.2933074 0.23537440000000043 -0.000628000000000295 0.11611389473684207 0.22513800000000028 0.02213700000000207 0.1543723157894737 0.2056699999999989
57 8 -0.08584760000000013 -0.05474275999999996 -0.03714620000000002 0.39800285000000024 0.4152336 0.42950490000000013 0.18128552879711152 0.1746468000000001 0.08076080000000019 -0.042076000000002 0.04174547368421039 0.16516399999999987 -0.027632000000000767 0.08532536842105257 0.14773700000000112
57 9 0.06572020000000034 0.10966450000000003 0.16306019999999988 0.13995764999999982 0.14484819999999998 0.15564194999999992 0.19105942934679299 0.06377340000000009 0.2699143999999998 -0.3868479999999974 -0.02878884210526324 0.2825999999999995 -0.06468400000000041 -0.027152736842105337 0.037680000000001046
57 10 -0.13511419999999996 -0.13027859999999997 -0.12676180000000004 0.2625039999999999 0.2718455000000001 0.27531519999999987 0.15770928815507324 0.019373799999999664 0.01237160000000026 -0.0018839999999986645 0.0037680000000001337 0.025747999999998772 -0.013188000000000644 0.006792315789473661 0.028730999999998508
57 11 0.5408022000000001 1.23642524 1.8179029999999998 0.09744204999999978 0.12087429999999999 0.15986525000000007 0.38088074886080586 0.20877860000000026 2.331826800000001 0.9586419999999962 1.2272772631578952 1.5564979999999995 -0.21948599999999985 -0.10988347368421066 -0.02967300000000117
57 12 0.011052800000000085 0.015461360000000002 0.05567220000000006 0.04244494999999998 0.04731979999999991 0.05193560000000014 0.17340900808437257 0.024868800000000135 0.18450639999999963 -0.04804200000000147 0.08758947368421054 0.1450679999999993 -0.017584000000000488 0.00879200000000004 0.03987799999999986
57 13 -0.10156330000000002 -0.06880368000000003 -0.03771140000000017 -0.025904999999999956 -0.022482399999999902 -0.006962950000000079 0.16860349610348083 0.03384919999999991 0.11517520000000037 -0.12246000000000201 -0.06048631578947381 0.015072000000000418 -0.04443099999999922 -0.017418736842105265 0.025590999999999253
57 14 -0.1230408999999999 0.03305164000000003 0.17816359999999998 0.039281399999999855 0.13528689999999988 0.3188199 0.23794481794934066 0.4552058000000001 0.42999160000000014 -0.4169920000000005 0.01206421052631573 0.4499620000000015 -0.36031499999999883 -0.23958200000000004 -0.11241199999999951
57 15 -0.8940679000000002 -0.6651242199999999 -0.4945657000000001 -0.17837555000000005 -0.14790970000000003 -0.07780134999999994 0.2501178705792772 0.14120580000000005 0.9035035999999996 -0.7627059999999997 -0.47215684210526304 -0.22764999999999702 -0.15699999999999936 -0.005552842105263195 0.08320999999999912
57 16 -0.29318179999999994 -0.18075096 -0.05926750000000003 0.5177703 0.6255979 0.6441631500000001 0.20827620047163364 0.2301620000000002 0.20340919999999985 -0.3262459999999989 -0.10705747368421044 -0.021979999999997002 -0.2389540000000001 -0.12113789473684221 -0.024021000000000736
57 17 -0.16293459999999982 -0.11415155999999993 -0.06427579999999988 -0.12450100000000008 -0.11960260000000011 -0.0938232 0.18208170393469106 0.1247836 0.18318760000000012 -0.15354600000000218 0.0003305263157893952 0.1918540000000002 -0.11649399999999921 -0.06567557894736842 -0.01852600000000093
57 18 -0.1992643999999999 -0.17037954 -0.08669540000000009 -0.61850935 -0.2459405 -0.14219489999999996 0.24763325057800314 0.6716774 0.20447679999999968 -0.34665600000000074 -0.07132757894736827 0.19562199999999974 -0.5286190000000002 -0.35351442105263164 -0.026375999999999067
57 19 0.039375600000000066 0.044336800000000086 0.046801699999999946 -0.08109050000000001 -0.07997579999999993 -0.07335040000000004 0.15881550303086941 0.027506400000000042 0.018839999999999968 -0.027004000000001582 -0.009915789473684194 0.000628000000000295 -0.020567000000001334 -0.011766736842105297 0.005966000000001692
57 20 -0.10616340000000002 -0.10092588 -0.09609970000000001 0.2825921500000001 0.2869959999999999 0.28974350000000026 0.1582002623920159 0.011774999999999869 0.029830000000000023 0.0 0.015700000000000013 0.029516000000000542 -0.002825999999999107 0.00305736842105249 0.01240299999999972
57 21 -0.16144309999999984 -0.14420764000000003 -0.12235010000000002 -0.21893650000000003 -0.18475759999999997 -0.16439470000000006 0.16947208245316242 0.08493700000000004 0.05721079999999956 -0.07222000000000284 -0.01067599999999999 0.023235999999997592 0.02088100000000037 0.04339810526315783 0.07677299999999998
57 22 -2.56840225 -2.192843178 -1.7802387 0.4027049999999999 0.5073297999999999 0.6908706499999999 0.3325105063719522 0.7058092 1.3310648400000002 0.44431 0.7005604421052632 0.9755980000000009 0.19483700000000104 0.3714785263157895 0.43473299999999937
57 23 -0.06983360000000016 -0.024093220000000047 0.020441400000000165 0.3480062 0.35745759999999993 0.37735735000000004 0.1709997407659013 0.05545240000000007 0.12547440000000032 -0.11743600000000187 -0.06603915789473701 -0.013502000000000791 -0.05353699999999906 -0.020839684210526347 0.0149150000000009
57 24 0.4164739000000002 0.9130240800000001 1.4108333999999996 -0.24988119999999997 -0.2293927 -0.21445415000000007 0.291233070767812 0.05997399999999997 1.3277804 -1.1975959999999986 -0.698831789473684 -0.09953799999999902 -0.07708700000000013 0.03156526315789472 0.10770200000000063
57 25 -0.04394430000000005 -0.014478539999999974 0.030112600000000267 0.04094559999999997 0.04791640000000008 0.05642579999999986 0.17777541755061457 0.08295880000000011 0.1804243999999997 0.054949999999998056 0.09353894736842105 0.1394160000000011 -0.028259999999999952 0.03103642105263155 0.0571480000000002
57 26 -0.05512269999999986 0.021317460000000076 0.10498589999999985 0.3454784999999998 0.36133550000000014 0.3706456 0.18827701897609245 0.04923519999999981 0.3163864000000003 0.00251200000000118 0.1632799999999998 0.33786400000000105 -0.04176199999999963 0.006709684210526429 0.054950000000000276
57 27 -0.02687840000000019 -0.025371200000000083 -0.024303600000000092 0.2783217500000001 0.27982110000000004 0.28019005 0.15533324799265283 0.003077199999999891 0.005589199999999739 0.0 -0.0025450526315788573 0.0 -0.0009419999999993323 -0.0006610526315791411 0.0004709999999985559
57 28 -0.03143139999999989 -0.024762039999999975 -0.02298480000000014 -0.016508550000000122 -0.015558700000000036 -0.0148679000000001 0.1587761423366019 0.005181000000000102 0.040066399999999724 -0.05683399999999894 -0.017848421052631548 0.014130000000001086 -0.014129999999999976 -0.0027268421052632115 0.011461000000001498
57 29 2.2749614 2.6404275700000004 3.0177598 0.4096208499999999 0.45790620000000004 0.5593203499999998 0.3006208196699777 0.22429019999999977 1.3532143999999997 0.3833939999999991 -2.5930450526315796 1.0628899999999986 -0.2128920000000012 -0.014361368421052423 0.10581799999999975
57 30 -0.11738890000000024 -0.027151579999999953 0.08468580000000037 -0.23783145 -0.23297230000000002 -0.2241646000000001 0.18205781732959558 0.02389540000000001 0.17709600000000014 -0.1375320000000002 0.07935936842105262 0.269412 -0.012246000000001311 0.008610210526315802 0.03092900000000065
57 31 1.9548697999999995 2.0550609200000003 2.1141777 0.15152069999999984 0.2526444000000001 0.31860795 0.22023281123023242 0.3258378000000002 0.4037411999999998 -0.4954919999999996 -0.09829852631578913 0.2515140000000038 0.03234200000000187 0.16742810526315796 0.2763200000000021
57 32 -0.41449570000000013 -0.3167004 -0.24736919999999996 -0.2624412 -0.17588709999999996 -0.07009265000000009 0.23240919295889495 0.4934196000000002 0.3892972000000001 -0.3811960000000014 -0.05443768421052629 0.20724000000000187 -0.5330150000000011 -0.13249147368421052 0.2218410000000004
57 33 -0.1442359000000002 -0.07078815999999995 -0.023973900000000103 0.12932090000000007 0.15649760000000001 0.16896339999999993 0.18569744848182496 0.062234800000000146 0.15323200000000003 -0.14349799999999746 0.06990631578947391 0.32404800000000344 -0.09357200000000065 -0.030986842105263163 0.020409999999998485
57 34 -0.0809649 -0.07292649999999998 -0.05562509999999998 0.2667901000000002 0.277262 0.2810143 0.17982375628182484 0.10955460000000006 0.16692240000000025 -0.1083299999999987 -0.037085052631579074 0.06217199999999812 -0.04066300000000078 -0.0012725263157895455 0.027632000000000767
57 35 -1.6381851000000003 -1.0439149800000003 -0.5653256 0.39037265000000004 0.45818880000000006 0.5920156000000002 0.32488432089010505 0.23173199999999983 1.6324859999999999 0.7322479999999987 0.8592031578947367 1.1633700000000013 -0.22921999999999887 -0.1219642105263157 -0.015072000000000418
57 36 -0.20377029999999996 -0.13380167999999998 -0.04210740000000002 0.023110399999999975 0.09933390000000009 0.21184795000000006 0.2019562881652643 0.30878760000000005 0.22953400000000057 -0.17270000000000119 -0.11750210526315805 -0.04364600000000163 -0.21147899999999997 -0.16251978947368423 -0.12968199999999874
57 37 -0.04571840000000016 0.03800655999999998 0.1284103000000001 0.10431080000000009 0.1093976000000001 0.11603084999999996 0.17838894423596505 0.033126999999999907 0.22030240000000045 0.0 0.11594863157894761 0.1742700000000008 -0.03249900000000028 -0.001536947368421015 0.02731800000000173
57 38 0.043504700000000285 0.05061994000000003 0.06250169999999988 0.19232500000000002 0.20185489999999995 0.20863730000000003 0.172671123568449 0.13125199999999992 0.07360159999999993 -0.02480600000000388 0.02009600000000009 0.08352400000000149 -0.13109499999999663 -0.06907999999999996 -0.003611000000001141
57 39 -0.09310099999999999 -0.08377833999999999 -0.07320910000000014 0.15080635000000014 0.1710201 0.17334370000000016 0.16653427883341715 0.0722514000000003 0.05614319999999973 -0.04490199999999556 -0.029549052631578802 0.0018839999999986645 -0.07724400000000076 -0.03802705263157911 -0.0020410000000004036
57 40 -0.21990989999999977 -0.20288481999999997 -0.1881488 0.04837955000000005 0.05138609999999999 0.05357625000000016 0.1613594363996592 0.008038400000000001 0.05407079999999986 -0.06782399999999855 -0.028458315789473613 -0.004710000000001102 -0.02480600000000055 0.002974736842105375 0.024334999999998663
57 41 0.09002380000000021 0.10940074000000004 0.12002649999999992 0.014098600000000128 0.015448800000000151 0.017372050000000083 0.17141067995125148 0.03136860000000019 0.16020279999999998 0.014130000000003307 0.08431726315789473 0.17018799999999779 -0.011304000000000869 0.011832842105263341 0.027004000000000472
57 42 -0.027333699999999905 -0.003130579999999994 0.01199479999999975 0.010283500000000112 0.15676450000000008 0.26149920000000015 0.20090669496590124 0.38794700000000004 0.12880279999999988 -0.14569599999999738 -0.03430863157894759 0.09985200000000027 -0.28071599999999974 -0.18026905263157902 -0.13439200000000318
57 43 -0.12880279999999977 -0.09086217999999999 -0.04595389999999988 -0.05097004999999999 -0.03632979999999997 0.019059800000000127 0.1786552324595318 0.12993319999999997 0.13734360000000034 -0.13564799999999932 -0.07228610526315808 -0.001884000000000885 -0.07787199999999883 -0.06838589473684209 -0.013501999999999681
57 44 -0.014710900000000193 0.010289780000000004 0.043944299999999936 -0.0047728000000000215 0.009890999999999983 0.012803350000000102 0.17035399917672933 0.03432020000000002 0.12459520000000035 -0.08415199999999956 -0.005784210526315819 0.11523799999999973 -0.046472000000001845 0.013667263157894788 0.05840400000000079
57 45 -0.015260400000000063 0.08942092000000004 0.21441489999999996 -0.14849845 -0.1340937000000001 -0.11392705000000009 0.2005158001531624 0.06280000000000019 0.4313731999999999 -0.259992 0.06478315789473689 0.4019200000000023 -0.0728479999999998 -0.005784210526315702 0.0687660000000001
57 46 -0.3304221999999998 -0.29833454000000004 -0.2662877 -0.2086058999999999 -0.1780537000000001 -0.14256385 0.17556101045571013 0.12318220000000002 0.08741759999999976 0.009105999999998726 0.04600926315789461 0.11618000000000128 -0.08383799999999941 0.04126621052631583 0.11162699999999859
57 47 0.039501200000000125 0.04126588000000009 0.042076000000000224 0.19467215000000015 0.19741180000000003 0.19748245000000003 0.15524953946590128 0.005651999999999768 0.0031400000000001427 -0.00031399999999903727 0.0014873684210527458 0.0009420000000015527 -0.0009420000000004425 0.0014708421052630892 0.00015699999999951864
