72 0 -0.2525 -0.18678297565455382 -0.10870535714285726 0.21180220635032893 0.4889823580034426 0.5725 0.21703172340980048 0.52 0.17000000000000004 -0.15186552274540965 -0.08947368421052633 0.0 0.09999999999999995 0.2736842105263158 0.3416997102333386
72 1 -3.0921861792054104 -2.727537373298534 -2.2883689309279527 0.0075 0.07267857142857154 0.3531804733727811 0.4110020544451504 0.59 2.2953614457831337 0.7598644401153387 -2.09717818642993 1.3774518455989715 -0.5507284569702517 -0.26315789473684204 0.05
72 2 2.9349999999999996 3.0792679618795162 -3.1177861445783126 -0.4952861445783129 -0.3356734234234235 -0.14225486526946085 0.2841260249114826 0.6000000000000001 0.47772455089820465 -0.24923902195609138 -3.017079414578044 0.27456140350877556 -0.5490823803520773 -0.1565395524739992 0.15000000000000013
72 3 0.09497492028929184 0.40641552326867014 0.71 -0.61 -0.565 -0.52 0.27012769479874976 0.12 1.0494217379195099 -0.995671307986442 -0.5523272304839526 0.0 -0.050000000000000044 0.04736842105263156 0.22023809523809557
72 4 -1.535 -1.001388210700725 -0.5732294592696634 -0.8616014161985016 -0.5759117647058823 -0.012096748151257719 0.4127259735901118 1.21 1.7629166666666665 -1.4948191181848092 -0.9278508771929824 -0.2733532934131777 0.20112944756554396 0.6368421052631579 1.0740003586157512
72 5 -1.9451318597560976 -1.7170627919339547 -1.5424528301886793 -0.6164531249999999 -0.3764999999999999 -0.28 0.2901817059728697 0.6010975609756095 0.851417776447704 0.3476390457368739 0.4481146191830021 0.5636791467079916 0.20000000000000018 0.3163671373555839 0.41649970963994754
72 6 -1.1470955882352933 -0.5521748366013066 0.03485294117647067 -0.4110937499999999 -0.3431249999999999 -0.3175 0.37756713935431124 0.1423529411764704 2.3576470588235297 0.9595588235294223 1.2408668730650154 1.4366013071895478 -0.1812499999999992 -0.06439628482972125 0.02187499999999898
72 7 -1.2464705882352942 -1.0780406454248364 -0.992794117647059 0.0975 0.17764705882352932 0.23 0.2668245333706696 0.32375000000000015 0.9131250000000006 0.12222222222222134 0.48059210526315826 0.7499999999999979 -0.15 0.08618421052631586 0.21764705882352325
72 8 -0.7688802336903614 -0.42548111756698354 0.019548768321694457 0.18637987012987026 0.20500000000000002 0.29 0.31675706814687604 0.12425149700598873 1.6431481481481485 0.3255952380952368 0.8648148148148149 1.2926054401555152 -0.020192307692307176 0.06539552473999406 0.17759740259740475
72 9 -2.956764705882353 -2.8450723039215684 -2.758235294117647 -0.13666666666666716 -0.1 -0.0675 0.22542046715655728 0.13 0.5929411764705876 -0.5124183006535921 -0.15386996904024705 0.2027777777777806 -0.10000000000000009 0.03684210526315789 0.20588235294117857
72 10 -3.0120412745936687 -2.6891307360699566 -2.448448397322999 -0.1 -0.08943113772455064 -0.0675 0.274134129554323 0.06994285714285728 1.031957383933432 -1.0840470946602898 -3.0900472902452107 1.2975470745256668 -0.08928571428571272 0.03681203007518804 0.14971428571428638
72 11 -1.582537674589561 -0.7052258650016033 0.017574850299401288 0.08 0.11152597402597379 0.14759433962264212 0.3410285964814654 0.16999999999999998 1.81 0.18603896103896456 0.938898971566848 1.3603373004892427 -0.14859497939303606 -0.0368421052631579 0.13432408925166178
72 12 -1.4625 -1.3876620273109244 -1.294558823529412 -0.08 0.07909926470588231 0.17220588235294132 0.22725105660652084 0.33 0.44000000000000017 -0.3928571428571459 0.06842105263157901 0.49411764705882155 -0.3470588235294185 0.010526315789473694 0.2529411764705866
72 13 -0.02187499999999979 0.13037091503267995 0.3077941176470597 0.8451470588235294 0.9123529411764708 1.1455422794117647 0.28578554419617835 0.3500000000000001 0.7582352941176473 -0.7775735294117682 -0.04891640866873037 0.6720588235294135 -0.29526143790849557 0.18421052631578952 0.5970588235294139
72 14 2.54539156626506 2.62820926961131 2.772122905027933 0.17 0.19 0.21 0.2241899338571334 0.04000000000000001 0.717926829268293 0.1988407903387679 0.3778562259306805 0.49186746987951446 0.0 0.010526315789473679 0.09999999999999995
72 15 -0.53 0.25730453431372513 0.6716544117647059 -0.395746527777778 -0.36323529411764693 -0.16787683823529406 0.4657320112689219 0.23 3.111875000000002 -3.230147058823535 -1.6273026315789487 -0.47334558823529227 -0.08952205882352404 0.12105263157894738 0.2970588235294159
72 16 -0.020972222222222187 0.035706290849673215 0.07250000000000001 0.021911764705882398 0.18 0.2225 0.225997247469719 0.5 0.2280065359477122 -0.22352941176470925 -0.031389748882009134 0.0 0.0 0.25077399380804943 0.35882352941176004
72 17 -0.6825 -0.6038368915548677 -0.42567810457516303 -0.655 -0.56 -0.006053921568627425 0.30346918604019435 0.78 0.7597794117647068 -1.0198937908496697 -0.39988390092879306 0.12647058823529567 0.10000000000000009 0.41052631578947374 0.6011437908496724
72 18 -0.5125 -0.3802738970588234 -0.2902941176470589 0.03296874999999974 0.09 0.15985294117647064 0.23536863421773446 0.37823529411764695 0.4664705882352939 -0.39136029411764084 0.006501547987616561 0.050000000000000044 0.09687500000000168 0.1990712074303405 0.3060661764705849
72 19 -1.6999550898203595 -1.6755378816467879 -1.6572305389221555 -0.013214285714285637 -0.0005389221556884255 0.0 0.1687503423508831 0.030059880239520817 0.089940119760479 -0.10000000000000009 0.005231641979199553 0.13830409356725193 0.0 0.00523164197919957 0.09461077844311575
72 20 -1.5029735488870108 -1.4791854785342338 -1.42 -0.0925 -0.07 -0.05 0.18487625276307174 0.11 0.20969325153374263 -0.0036170756646214386 0.11036486922828559 0.15551587301587455 -0.19999999999999996 -0.026315789473684206 0.09999999999999995
72 21 1.8278125000000003 2.0752442810457516 2.223970588235294 -1.1825 -1.1588888888888889 -1.0151286764705865 0.3480360044157753 0.3011764705882356 0.9505882352941173 0.20000000000000018 0.5003095975232196 0.7479779411764653 -0.2111111111111097 0.15510835913312682 0.18235294117646905
72 22 -1.96 -1.7647583741830062 -1.6128104575163398 -0.33 -0.32 -0.3075 0.22819917468297374 0.034999999999999976 0.7050000000000001 0.0 0.37105263157894736 0.7702205882352864 0.0 0.018421052631578935 0.01874999999999516
72 23 -0.17 -0.10191910844629819 -0.034999999999999996 -0.2125 -0.15814328743545608 0.24303009490509483 0.24570436320407527 0.76 0.23 0.0 0.12105263157894738 0.21083941605838785 0.0 0.39999999999999997 0.798090914382166
72 24 -2.2839930555555545 -1.98224464869281 -1.6255882352941176 -0.2325 -0.18291666666666664 -0.11499999999999999 0.2712165542410367 0.19733333333333375 1.12 0.2593750000000006 0.5894736842105263 0.9048611111111116 -0.1649509803921602 -0.09999999999999999 -0.036666666666668735
72 25 2.2471568627450984 2.395981004901961 2.5825 0.46749999999999997 0.49 0.52 0.23915100831007602 0.08000000000000002 0.8550000000000006 0.20000000000000462 0.45000000000000034 0.7470588235294162 -0.05882352941176977 0.021052631578947358 0.15000000000000013
72 26 -1.44 -1.2985522875816993 -1.1930555555555555 0.017499999999999998 0.02 0.03 0.20209787147498595 0.030000000000000002 0.48764705882352954 0.14705882352941346 0.25665634674922605 0.30816993464052866 0.0 0.01578947368421053 0.09999999999999998
72 27 -2.5968181818181817 -2.3368014129296055 -2.133235294117647 -0.2625 -0.19 -0.15779411764705878 0.2505437871024061 0.1288235294117649 0.9488235294117646 -0.5915032679738608 -0.4993808049535603 -0.3076704545454567 -0.14705882352940833 -0.06780185758513943 0.0
72 28 1.137570187165775 1.618142050759697 2.1441294642857143 -0.115 0.19687500000000008 0.2425 0.36903287428318815 0.38 1.488235294117648 -1.562499999999993 -0.7832817337461305 0.4799719887955223 -0.011764705882352094 0.18421052631578946 0.21944444444444489
72 29 -1.5358823529411765 -1.294448284313726 -1.1360294117647056 0.31 0.315 0.37249999999999994 0.2551569508669892 0.07999999999999996 1.0039999999999998 -0.6735294117647039 -0.5284210526315788 -0.23431372549019613 -0.053921568627452454 -0.010526315789473694 0.09999999999999981
