9 0 0.7430851282356155 0.7716666400663674 0.8761053971767955 0.23881349851467193 0.2604773978551219 0.2913260923842219 0.2209370315154079 0.17097245352592 0.37742745074500006 -0.07661995416279932 -0.19864602670789475 0.10698868314760024 -0.14189526818759984 -0.08998550185574737 -0.012566370614400246
9 1 0.645242067330262 0.667573555109602 0.6647504850444921 0.5567606616455916 0.6620476487724916 0.6864517150385816 0.19231993403181907 0.32651619646416 0.08491026810979985 -0.029496064358799923 0.037616438352315755 0.015184364492399904 -0.13884094199660024 -0.17185062971797893 -0.03708824660500043
9 2 0.19486664124343517 0.2835284945804101 0.3839119791737715 0.17307232702306685 0.46060659464385045 0.5254543030019105 0.2946131767675149 0.9841562586177599 0.6153158277924254 0.11266100321660005 0.3238504356802239 0.5108578720595274 -0.022863813201199346 0.44988157956157887 0.8331329184430726
9 3 -0.672732845342026 -0.5697811087543021 -0.497218172437776 -0.6612464941640677 -0.5136701792612075 -0.4872677110015775 0.22479915757409571 0.40268236502143995 0.38329175703172 -0.3102322745430003 -0.07699657784349474 0.1613556893473994 -0.3467096559098004 -0.21193808685338947 -0.06134832320779965
9 4 -0.016881260857657003 -0.005542729372038998 0.013216942093083 -0.6855763839369475 -0.6843939233687175 -0.6835125320964576 0.1638022134848407 0.017156586547160013 0.08812167393348 -0.030892327760399994 0.0254358773620421 0.0932005820568 -0.01806415775820025 -0.009029782393242113 0.0022689280276000368
9 5 0.8795091770687525 0.9468082003612464 0.9744158184693825 0.8001254940354103 0.9342016871740504 1.0024746041891603 0.23376543917316683 0.57793087521476 0.28270843223896003 0.046425758103200154 0.14879391170471581 0.2060361181985998 -0.2725331626998001 0.13090887984343155 0.5404412028818009
9 6 0.05679025042215584 0.060407445296925835 0.06354467462739584 0.23368775738859304 0.24068652768911303 0.24562580947227303 0.1569213145662752 0.017226399717239993 0.00932005820568 -0.0037524578917999887 0.004730760867263158 0.009250245035599992 0.003926990816999765 0.008193861540968414 0.01300270292740005
9 7 -0.03628859491931716 0.6533424797591572 1.2241096510592664 -0.9124728712807301 -0.8685778405929301 -0.85654815872352 0.3240379255909822 0.07546803685648018 1.7093754694093237 0.5310164249210005 0.8996712996891179 1.3319480186637989 -0.09189158511780093 0.005741214644736823 0.12723450247079993
9 8 -1.6585219564367986 -1.5171075264581249 -1.4138529752451783 -0.5092628350493505 -0.47363193836977047 -0.44817631122935053 0.22196288008452927 0.1450368608412 0.6202551095757598 -0.5515240436319979 -0.3078485222225053 -0.11754792512219892 0.013264502315199767 0.07633518991642105 0.16301375213680025
9 9 0.449524432632998 0.46427508280627594 0.47593562753888796 0.3780943604445425 0.3856603627519626 0.38785947760948253 0.1757016138243309 0.16594590528016 0.06099925735740003 -0.040666171571600296 0.03210487229336843 0.08656833089919991 -0.026878070480799987 0.06465066987145264 0.02757620218160034
9 10 0.4159191359938865 0.5079084595497985 0.5936503770481766 -0.16172031771715276 0.11850538366096816 0.3136550106496946 0.22578789430205426 0.6032206960762401 0.19303341527119994 -0.031154127148200206 0.09308116479218939 0.16807520696760003 0.1016654289289999 0.31748457688223164 0.36782813985900004
9 11 -0.21699208320922891 -0.09282237890451858 0.044021906428069205 -0.9676785566678721 -0.535783743291082 -0.08458122506439111 0.31317084462646894 1.41300110912668 0.41647046611293814 0.09939650090140001 0.21919498216470426 0.286233997328349 0.49706977096959976 0.7436847942772 0.9820967701004
9 12 -1.193558583647643 -0.886439103825585 -0.605744781543433 -0.960221249588145 -0.916801821121515 -0.808683037283245 0.23637728350873954 0.18758798800496002 0.74153803929724 0.15577063574099936 0.3902831785774947 0.5652248782601998 -0.1365720139690002 -0.0785214444531368 0.013613568165599665
9 13 -1.916700076927689 -1.8180025803917146 -1.7466133779971589 -0.32425997055539296 -0.24265273805500298 -0.05024327799103517 0.229565199917243 0.5319589027174291 0.29510026992815996 -0.22540927289580015 -0.05755912154227368 0.12409290981720056 -0.3948807432667453 -0.2799783698512785 -0.08464846872200005
9 14 -0.3213681539101075 -0.15337497741723713 0.09163347031395705 -1.2158170584871895 -1.0756103963508994 -0.8519988125846595 0.3574562410305944 0.6805038753546254 1.0409841790630545 -0.12304571226600006 0.4565046447758392 1.0608983858281995 -0.3628539514908008 0.3581599343971713 1.0368128421505995
9 15 -3.0197632418991107 -2.8108804672949836 -0.8646045015889854 0.22114291250279794 0.4197482914110079 0.5399796602581579 0.5204356039560625 0.86973247285664 3.10387608846236 1.0464121530366024 -1.5221659422722105 2.6563911215439995 0.07391469382220017 0.457753933082442 0.3223623128444003
9 16 -0.034586947380024054 0.002698521430448456 0.04688938542646595 -1.955362804441526 -1.8809594184287661 -1.7900801242771263 0.20581057391842628 0.3449817799485744 0.22795745360372 -0.037524578918 0.11024969306581052 0.22881266493728725 -0.37926004645959854 -0.04616855168619719 0.1805543111194008
9 17 0.7915634420191779 0.8538786776325862 0.9091768169883281 0.3962343915434485 0.5171115322138385 0.5839489159191785 0.20872171461488886 0.18139206916036 0.3037396497255599 -0.24757495439620025 -0.0211644136663579 0.18840829275340032 -0.2338741197679997 -0.06234499807012631 -0.006806784082800665
9 18 0.979395970046442 1.0674338681758258 1.178140975294812 0.255490895218646 0.278337255127326 0.30549457828844595 0.2119106795899844 0.065886179263 0.35917130676907993 -0.5383468077794001 -0.18903752987846312 0.15158184553619947 -0.05131268000879985 0.03467693645421053 0.07330382858399986
9 19 0.8883332223963181 1.012909588416322 1.200114476650468 0.27030248647222144 0.4230667925766515 0.4985130128174815 0.21689624912346367 0.33409092541784 0.3023259330314402 0.015795229730599658 0.15911891212181062 0.2184279558878005 -0.24268803249060028 -0.17521268501393686 -0.0193731546971998
9 20 -0.9364544709060696 -0.40435419651956 0.11683427938354143 0.05195074329445216 0.34349926819426857 0.49597123164898854 0.3513180227988893 0.6304827389918988 1.63134179855188 -1.2614367168821277 -0.8212509006134526 -0.08569566627320002 -0.49698250450700043 -0.30364136013056653 -0.12156218240180011
9 21 0.8904879283214241 0.9103314492520379 0.9577005578159441 0.425039160074934 0.427329904718184 0.435284242784174 0.17925268669325248 0.02919935838595994 0.24701644903556008 -0.1583013631564001 -0.13000865738713688 -0.041887902048000636 -0.021903882112599693 0.0007624333048210582 0.021554816262199794
9 22 0.5321128310600571 0.8564412573068351 1.224375862250207 -0.9827606739555075 -0.9707397187323574 -0.9215956103191674 0.26927213692044444 0.31812116276204006 0.9790249906168799 -0.7339109504659991 -0.513080870370842 -0.1416334687998 -0.2205223509901999 -0.1422627059248632 0.03892084231959969
9 23 -0.06144228009914116 0.057365772743259144 0.18646865017859246 -0.1378503706832762 -0.11217221406322621 0.03491104532594379 0.2524295397850402 0.50426052748784 0.61439080328904 0.17863444894217376 0.3211130245377053 0.3796963787728879 0.06222098783380002 0.2654002776251789 0.3025528258307093
9 24 0.8720534213929989 1.076648770294073 1.280787715595749 -0.5691536144064521 -0.284433690204562 0.488009766822468 0.36522659232230953 1.64788751986084 0.88369510687264 0.00925024503560079 0.46510268782770525 0.8301658587137994 -1.2037535851044008 -0.8673092209793897 -0.28073621018419925
9 25 0.6170808889621969 0.7910509454784269 0.9293595620531669 0.4715325012048931 0.5430124607205531 0.559383649104313 0.268254939663318 0.3820525732628 0.91895075776304 -0.6538876042617997 -0.4836582935594948 -0.20053833105480035 -0.014398966328999507 0.1808712261677895 0.30918507699179987
9 26 2.793140044023298 -2.9806211547022894 -2.5922915291792017 -0.36129042736979844 -0.07578510500398485 0.07029895338841516 0.3418572996236737 0.63313563945552 0.9752986313487613 -0.30944687637959767 -2.3563736588943374 0.41303216748580285 -0.4094542425192001 -0.02559203840037893 -0.06318091892240009
9 27 0.9676346810295375 0.9710258557661735 0.9825048862565775 0.669887813215998 0.6728810528831781 0.6823494640752781 0.16453641149024623 0.06513568768463995 0.03228859116199989 -0.037088246605000985 -0.015900868080063132 0.010122909661600676 -0.04354596483739981 -0.03428194088665261 -0.011257373675400695
9 28 0.2427938188356245 0.26666381435062003 0.3082916623400545 0.25434217768203954 0.3802196866594096 0.4008494784180495 0.21301642321223832 0.3990695334692241 0.27228881660434545 0.02129301687439994 0.14330990347597133 0.12601277199440014 -0.019722220547599978 0.195081880656139 0.32402037563380004
9 29 -3.0602862964720465 -2.9141804214639966 -2.7464106471154968 -0.33564131108944095 -0.18563462520282187 0.023399095986489565 0.26270968545224566 0.6249500452643382 0.4887270971450395 -0.41940261925559996 0.002296485857894846 0.4318817234074013 -0.4994259654598 -0.3289210764549148 -0.21764255772440053
9 30 0.4297246903772065 0.45501712923256454 0.4839869768218865 -0.03149766612257716 -0.014903948259239515 0.09753888880091285 0.18482770415929417 0.23623031425872362 0.05195845183204001 0.023300145514199844 0.01985082375564212 0.06370451769800001 0.012915436464799972 0.12433174434669665 0.16598081186520003
9 31 0.609988695064939 0.636077004059209 0.7064704961154991 0.534726994910752 0.583622393905532 0.7563881732378821 0.2533460121378082 0.6559470927791601 0.47720792408184 0.02522000769139998 0.25116206530623153 0.38091810924899994 -0.5223770451235998 -0.34523531198903157 -0.06370451769800001
9 32 0.10058356719961994 0.13645968263914082 0.14997202170808996 -0.48829095875731854 -0.06560712050813305 0.27687883861200147 0.25195743562229994 0.94650950665212 0.11096803384233453 -0.035168384427799945 0.05840422833807081 0.10253809355499993 0.15289084247519985 0.49816289823795795 0.7931648785705274
9 33 0.780824915945691 0.8744085977733052 0.973474358781451 0.618237896811005 0.6355602896371051 0.7091259176089051 0.2072268513856877 0.30319859765744006 0.2795668395853599 -0.1918989512573993 0.0062372555900421026 0.17357299411140004 0.04607669225280053 0.1595782092933895 0.22296581194300003
9 34 0.13827453417291907 0.2664602410857798 0.46691566900104 0.5140489641906475 0.5428992567262075 0.5520796885917276 0.24274237743595747 0.15823154998631994 0.8385434391233999 0.19975293289139995 0.4413386521702106 0.5804965092134549 -0.03630284844159948 0.05561170153477896 0.15472343818979994
9 35 0.7614334352913451 0.8331970108104552 0.9187923206516649 0.48782107733797353 0.5007714203878135 0.5085992220830335 0.18001728212146834 0.021293016874400106 0.26017623159563996 -0.21127210595460022 -0.13693485873454736 -0.09110618695439998 -0.01692969374440023 0.00026639235951574883 0.018587756533800515
9 36 -2.497490819560138 -2.4549353290732476 -2.4232619664725776 -0.5486827445732558 -0.534650297387176 -0.5274988107771059 0.2013503261131822 0.26471408765084 0.17982127283355975 -0.06030112565660106 -0.00902978239324217 0.08569566627320002 -0.042498767286199834 0.13932320402675788 0.0568977336151999
9 37 0.017431330460290755 0.14372510046450884 0.28470232546584745 -0.04937812797700416 0.12624562800549582 0.37420019151452943 0.25790766857631686 0.6913947298878036 0.48949504201644356 0.17366026057426184 0.25762896948233877 0.32986722862799994 0.19312068173380006 0.36389196309884403 0.41224676932528004
9 38 -0.605140170402883 -0.29694644042604446 0.027388967137916106 -0.7296427962619899 -0.69535143978332 -0.63636803771198 0.2623068754674988 0.22464132802491987 0.9286722416970291 -0.7518005752990007 -0.488774864051068 -0.0879645943008 -0.15917402778239997 -0.05828481107336838 0.05017821599499983
9 39 0.10365927367395696 0.29534093143960166 0.4765488683639315 -0.10811223885357499 0.139515075420185 0.423493234689975 0.27997401827146157 0.8572359154123201 0.579623844589392 0.14494959437859972 0.3050651813628379 0.38196530680020013 0.2756747553534001 0.45117679758543167 0.6524913408602001
9 40 0.273742191057367 0.463866142465483 0.620063511208597 -0.06153560673289079 0.08915175756165922 0.4563821221511511 0.26629223400966245 0.7594800240071019 0.52026519672868 -0.42350414299779926 -0.16779044272122104 -0.05907939518020017 -0.621162680787149 -0.3465121581256168 -0.013002702927399981
9 41 -0.24286765596003343 0.043216243052480445 0.22927008664474655 -1.0732456691397179 -0.8192479030961581 -0.421251747116338 0.41555028441915726 1.92307358302368 1.41998242613468 -1.1047934165160003 -0.7473591716498316 -0.3221005134566003 -1.0684905680744001 -1.0121439910650945 -0.2833542040622
9 42 -2.2572713613729585 -2.1163368969385847 -1.9652952308058782 0.0594349575338881 0.1626799094357736 0.3210510857620791 0.21438576933937029 0.32756339401501094 0.29782298356128 -0.10332349171839783 0.12122689546654736 0.1540253064889996 -0.2241875424194001 -0.16772614111701625 -0.01649336143140001
9 43 -0.8163901203712867 -0.7773811389244605 -0.6422498942529865 -0.854452163737136 -0.787998752467236 -0.760291650591736 0.2587273469150126 0.50426052748784 0.33304372786663994 -0.5333726194111998 -0.17528617256138945 0.24268803249060056 -0.10454522219479956 0.265400277625179 0.5142612641018002
9 44 0.42304773939840196 0.427430261150174 0.429967969882582 0.364710981814928 0.37592035893589804 0.40473138156328803 0.16924423572695133 0.12859585928735995 0.038257617203839966 -0.006544984694999978 0.020135588002021036 0.03900810878220029 0.003577924966599866 0.06693796978591575 0.1185951226734
9 45 -0.5528611112825546 0.023941408570761272 0.3832200530888654 0.6606332048572681 0.6722614609987181 0.681424439571718 0.2650433018804687 0.12894492513776 1.11847679785168 0.1366592804315997 0.5886719988693053 0.48694686130800025 -0.007243116395799776 0.059056430321621105 0.10506882097039982
9 46 2.547716644262501 2.567163975452911 2.584316198676941 -0.711023187469341 -0.707144193206771 -0.7000407031511309 0.16312692853023297 0.020193459445639994 0.058712876037279926 -0.015097098029801526 0.023470085467684098 0.024085543677601073 -0.020245819323199687 -0.007238523424084188 0.003403392041400055
9 47 -0.8626019547805565 -0.8626455880118564 -0.8090683432985866 -0.9717557001850036 -0.9357975542706735 -0.9199368746931236 0.19376057595193497 0.07878416243528008 0.22619467105919988 -0.06291911953460072 -0.11904982687326311 0.059079395180199334 -0.09695303994860016 -0.039453627038631596 0.053668874498999375
9 48 0.570312561511536 0.843241041286879 1.0891858581617457 -1.104118798278346 -1.0891787798812262 -0.49333209989468607 0.3670086498081543 1.39476241844328 1.050618396534269 -1.0064441131657997 -0.55295705080751 0.04459316238859978 -0.038571776469199515 0.7340854833912 1.312662130429009
9 49 0.5800211978828205 0.6353952590610245 0.6759139503108305 0.7519401531574039 0.761805626754334 0.7794247255532739 0.23330546725969972 0.21052161437624006 0.68628091517892 -0.4531747402817998 -0.3612004816731157 -0.0617846555208007 -0.027750735106799596 0.09816099150985258 0.08770279491299993
