0 0 -1.7725 -1.6461268787344605 -1.5374999999999996 -0.3616405938223321 -0.345 -0.3125 0.21531657876754462 0.17 0.5199999999999996 -0.38149308834893536 -0.2736842105263156 -0.13114939528408476 -0.1814930883489252 -0.08947368421052633 0.0
0 1 1.1274548593101663 1.1583085548505707 1.1886307160141465 -0.10204357200471557 -0.09 -0.07 0.170386303277546 0.08 0.10000000000000053 0.0 0.0526315789473687 0.09999999999999787 -0.09415018280678822 -0.042105263157894736 0.0
0 2 -2.7888529879760617 -2.676520926827158 -2.4312854144805893 -0.8025513797869022 -0.7601139693910777 -0.7249506557589923 0.2879210167144546 0.15001258189075417 1.13 -0.45058894538806404 -0.3623633498033794 -0.1499999999999968 -0.10006290945377083 -0.010532937837239034 0.050000000000000044
0 3 0.19250000000000012 0.5101571185853818 0.8125056356171011 0.05 0.09 0.11 0.29641944001523524 0.1090853877668369 1.4972561633005108 0.5399241229798907 0.7880295596318477 0.9740382829954831 -0.10000000000000002 -0.057413361982545735 0.0
0 4 -0.4124814479638015 -0.20685215699385912 -0.11500899968501056 -0.1 -0.08136461704423145 -0.05903611111110679 0.24495861734760077 0.15 0.79 -0.2059864944526671 0.3578947368421053 0.4520954301449012 -0.10000000000000002 0.05263157894736842 0.18501135660425
0 5 0.08776904619076197 0.23715704495462084 0.3713653494328578 0.12 0.14 0.185 0.20407496669395603 0.11350797715186127 0.4499999999999993 0.050000000000001155 0.2315789473684208 0.2583446104683479 -0.09999999999999995 -0.04921472481676909 -0.00028914389875657476
0 6 0.11335061866746662 0.5333216055184152 0.9345534173282711 -0.026904556437694467 0.0 0.01 0.3220215183457872 0.3731774283071238 1.5078364279335796 0.5940908144684082 0.7935981199650419 1.0696602305339231 -0.4038291181112059 -0.196409172793223 0.0
0 7 2.20860528142248 2.3165848973598258 2.4524999999999997 -0.13307887431007795 0.3873477470664525 0.525145638987409 0.2801612398195619 0.8680155850711424 0.44206234028456937 -0.38605712661977654 -0.23266438962345756 -0.10000000000000231 -0.8086085056776118 -0.45685030793218023 0.057942695483401696
0 8 2.994606092939648 3.0090085392882786 3.0220734309469504 -0.29 -0.28 -0.27849201289935505 0.16683762685946538 0.08000000000000002 0.03959660056657244 -0.0016426327542484742 0.01052631578947346 0.04756214077208165 -0.030159742012899615 0.026315789473684206 0.09999999999999981
0 9 0.019846590424170002 0.1333288031173818 0.2372983876648399 -0.2025 -0.1947400025827558 -0.17 0.19555887230035754 0.04000000000000001 0.40981127657581756 0.049999999999998934 0.21569014556621977 0.35306819151660174 -0.0030681915166004547 0.015789473684210527 0.09999999999999981
0 10 0.3497802087147567 0.37028468635529616 0.39250000000000007 -0.06853787625418059 -0.03 -0.02978020871475659 0.17061012344259258 0.1027266571873523 0.08000000000000007 0.0 0.03684210526315781 0.09560417429512968 -0.09974923178901249 -0.05406666167755384 0.0
0 11 3.1199999999999997 -2.5586191198728967 -2.091450772316812 -0.90236241318408 -0.15090644503812223 0.11296210621295175 0.4425015852752038 1.6895149464185004 1.7193211443321141 -1.5402606757851878 -4.087202558642153 0.09660572166057424 0.2059990987774848 0.8892183928518425 1.3214092560422774
0 12 2.8001138772380822 2.7314615474594652 2.8400000000000003 -0.09 -0.07487136852801285 -0.057499999999999996 0.2285323608297227 0.060000000000000005 0.7290333748788265 -0.2977224552383495 -0.3837017762520139 0.049999999999998934 -0.09999999999999995 0.005093574540144884 0.09999999999999995
0 13 -0.08505502622667853 0.16128058219388527 0.40249999999999997 -0.2125 -0.185 -0.13 0.2567717504798831 0.20019190613503038 0.9610050931191555 0.2815611480104743 0.5057921542732399 0.6029644466699952 -0.18849146843984121 -0.10536416112370021 0.0
0 14 -1.317928741599402 -1.1920556017743482 -0.9975000000000005 0.016653071103731248 0.12 0.20397519279209975 0.24989666921191606 0.2859089121887289 0.7102958150897352 0.09299713485442507 0.23674370185102392 0.6445257157918904 -0.32318660474851124 -0.011624366816188886 0.2254051191526897
0 15 -1.4129902436488415 -0.580628426639315 0.2350000000000001 -0.42 -0.35 -0.33627078876544053 0.3890318857139123 0.17000000000000004 2.2799999999999994 0.4499999999999993 1.1999999999999997 2.1691158074115617 -0.19692644259348357 -0.08947368421052634 0.0
0 16 0.24806323427781632 0.31659019913659703 0.41000000000000014 0.05 0.05 0.07 0.19417270938427336 0.09 0.3599999999999999 0.0 0.18421052631578952 0.20494671608698417 -0.09999999999999995 -0.04210526315789474 0.0
0 17 1.9855350729175067 2.1241640046600496 2.2474942958839104 0.0562640904369517 0.07 0.17749144382586446 0.22838692741245795 0.26 0.5786807832019143 0.24437045003309343 0.3045688332641654 0.39834778110847235 0.017440359603420677 0.1368421052631579 0.2462820910743603
0 18 0.08076059535822626 0.09081247082787279 0.11500000000000032 -0.41 -0.4048925210721135 -0.33249999999999996 0.2014255862417608 0.32999999999999996 0.19999999999999973 -0.0934768329144945 0.06315789473684193 0.09279141148376517 -0.20000000000000018 -0.16842105263157894 0.0
0 19 -0.03999999999999959 0.012313950088864913 0.06000000000000005 -0.2425 -0.10899971069000455 -0.06 0.18969827008967496 0.25 0.1499999999999999 0.0 0.07894736842105259 0.10500144654997742 -0.15637008890163367 -0.13157894736842105 -0.045234759952859985
0 20 3.0275 -2.994376083047647 -2.8325 -0.45 -0.44 -0.4204567082160561 0.248605487202911 0.17946165895271743 0.8805034968455603 -0.5011309603482172 -0.3801330874017836 -0.10324246269636461 0.0 0.09445350471195653 0.1469552785596262
0 21 -0.029001367304742173 0.0006083704695239334 0.1309264722964342 -0.3376675782031614 -0.25 -0.19 0.23989277898464897 0.32 0.6500000000000004 0.056822403200458005 0.3421052631578949 0.3500000000000014 0.0 0.1631578947368421 0.20000000000000004
0 22 -1.1553536695408066 -1.0250998517544128 -0.9072753034340203 -0.0625 -0.05512994775343326 -0.05 0.19985287088073095 0.030000000000000006 0.47967247753961695 0.20065410595953237 0.2524591987050615 0.30076562262564943 0.0 0.01578947368421053 0.049999999999999975
0 23 -0.4699999999999993 -0.1705286883442534 0.1499999999999999 0.16 0.22 0.25 0.2682059235441958 0.29 1.0054390733955811 0.0 0.5239153017871481 1.0499999999999954 -0.2289689453725624 -0.15263157894736842 0.0
0 24 -2.3175 -1.9494316680072785 -1.6522377626623732 -0.6619709770927602 -0.609931404393538 -0.4691196042008928 0.3197333678998348 0.47 1.289237226277372 -0.895858849588731 -0.6785459085670379 -0.33100185180252706 -0.2897811554109919 -0.09493757203227036 0.34999999999999976
0 25 1.3376297283292624 1.3757416682972976 1.4300000000000002 -0.33 -0.2945824567659118 -0.2074186176142698 0.19310937428488223 0.24999999999999997 0.1102065731194406 -0.1987158195651162 0.0053718805891789815 0.1499999999999968 -0.19736020814754507 -0.13157894736842102 -0.09999999999999981
0 26 0.20000000000000018 0.3658748845686227 0.5025000000000001 -0.23755408091674465 -0.045 0.07 0.22984969106711126 0.49455827181411116 0.20455827181411124 0.0 0.06602196220309939 0.17437050336452292 0.10035073734555547 0.2602938272705848 0.4240509490509551
0 27 -0.15963033512488062 0.057329580239559544 0.22677520292459286 -0.13468290623758414 -0.12 0.03176067024976273 0.22926381847711336 0.3 0.5399999999999996 0.12847657659103479 0.28421052631578925 0.4461695664391624 -0.292635184777143 -0.15263157894736842 0.0
0 28 0.22750000000000004 0.46758368274398804 0.6649999999999999 0.245 0.35 0.38 0.2519131895883757 0.19 0.9100000000000006 0.13833793287516813 0.4789473684210529 0.6876716215272849 -0.1999999999999999 -0.1 0.0
0 29 0.16500000000000015 0.28160903872480825 0.4909034845475984 -0.14411312643208624 -0.14 -0.052500000000000005 0.26599852854542516 0.5 0.7799999999999998 0.18025985993365384 0.4105263157894735 0.5951207616558939 -0.39815331473362736 -0.25789473684210523 0.0009431858722749875
0 30 0.12250000000000028 0.25025193233471255 0.38212250019179433 0.005377499808205953 0.02 0.05474864160246415 0.1986216930813727 0.12 0.3090815040208648 0.09834145506547848 0.16267447580045516 0.3277576709696183 -0.09823665488193595 -0.06315789473684211 0.0
0 31 0.2400000000000002 0.2460367496228902 0.25 -0.37 -0.37 -0.36749999999999994 0.15622474745425774 0.010000000000000009 0.009999999999999787 0.0 -0.00526315789473673 0.0 0.0 0.005263157894736847 0.0
0 32 -1.3454371338809463 -0.6279422978528048 -0.02323132940811746 -0.13837189139047656 -0.09460761854894144 -0.05 0.3012061577253061 0.15000000000000002 1.4498959753893006 -1.0967014262838963 -0.04698107400245062 0.1499999999999968 -0.11096504520409375 -0.015789473684210516 0.08573053129548469
0 33 -0.2174999999999998 -0.1153837913818758 -0.00024358838226407487 -0.11 -0.09987118564191194 -0.06 0.20843221269782813 0.07984578601314868 0.5200000000000005 0.04861754620524548 0.15966644926861082 0.5007908451669887 -0.10000000000000002 -0.010526315789473675 0.09878956987137352
0 34 1.7743548828869093 1.9041071937631322 2.174631619234109 -1.2384257820592501 -1.2110610816466425 -1.1565549011814862 0.2773458340106793 0.11999999999999988 1.0534967598592848 -1.2696388054882197 -0.5544719788733077 -0.031391619244696134 0.0 0.06315789473684204 0.15045918056790009
0 35 -3.0700000000000007 -2.829349147601913 -2.7254557754981046 -0.0625 -0.015 0.11250000000000002 0.2867263894543309 0.2595137805512226 1.08 -0.049999999999998934 0.5684210526315789 1.484018234822999 -0.20000000000000012 -0.09473684210526316 0.09752823765580815
0 36 -0.1469884121428835 0.10424675483539114 0.3525647816991708 -0.36 -0.315 -0.1927290396214132 0.2364564786074677 0.25 0.6700000000000004 0.09956812200552889 0.35263157894736863 0.6000000000000028 -0.19992950338024826 -0.12105263157894736 0.0
0 37 2.8798474078488123 2.9090641179087258 2.9250513083632637 -0.31 -0.30000452359411456 -0.3 0.17568151353840478 0.07043705207340784 0.16992094108682165 -0.19677127728271016 -0.08943207425622192 0.0 -0.10000000000000009 -0.026545816880740956 0.0
0 38 -2.914347041631875 -2.9058694083263745 -2.8400000000000003 -0.16184704163187424 -0.115 -0.0675 0.19553764449708338 0.15999999999999998 0.2699999999999996 -0.3000000000000025 -0.13157894736842105 0.1499999999999968 -0.22773864246910733 -0.07368421052631578 0.10000000000000006
0 39 1.112706233558951 1.1334167180453967 1.1725000000000003 -0.95 -0.900978860995028 -0.8727062335589513 0.19099953229641256 0.2687333096246499 0.12574666192493078 -0.1253519866364461 -0.0661824536447004 0.0 0.009788609950279192 0.14143858401297366 0.20000000000000018
0 40 2.7218399972496305 2.8433050425266804 2.962949785351892 -0.14 0.1963134130694577 0.43477519604782966 0.24555984036689252 0.6900000000000001 0.29000000000000004 -0.24112095448435955 -0.1473684210526317 -0.012266648330867547 0.0808961890581944 0.3631578947368421 0.6419502448645185
0 41 -0.06996421926434951 -0.048113709072771994 -0.03735648568096374 -0.20492764317180615 -0.12938033235495672 -0.019810967086033623 0.18781614389761925 0.28 0.08000000000000096 -0.10023853823767706 -0.005294767705226977 0.09789005760081564 -0.2041305058071606 -0.14736842105263157 -0.09296127886338464
0 42 -2.86 -2.6419009553082344 -2.4479200018400955 -0.1533492183214484 -0.14 -0.13147750762199634 0.21598621298826784 0.06000000000000001 0.6299999999999999 0.08979868266201896 0.28421052631578947 0.5576655842329536 0.0 0.010526315789473694 0.0862792718106116
0 43 -0.2525000000000004 -0.1630281191746856 -0.08494365303325238 -0.4425 -0.26999386837443806 -0.17 0.23295455763205258 0.513067092651758 0.33999999999999986 -0.20000000000000462 0.047368421052631504 0.19999999999999574 -0.3994238424782709 -0.2700353119219779 -0.16533546325878995
0 44 -1.1238890423736065 -0.8829691636027055 -0.6324999999999994 -1.15 -1.1349999999999998 -1.1159898190045254 0.25531652861737947 0.040000000000000036 1.0493774102983378 -0.7988708665651068 -0.5523039001570198 -0.2981456141041805 -0.09745341614907144 -0.019189019350585618 0.10000000000000009
0 45 -1.4965329565050782 -0.9565921482024333 -0.5740116747380939 -0.016704035395281605 0.013524119448698357 0.23346860283821336 0.35809262739997316 0.3593655337574361 1.8807405061211688 -1.3219808367381458 -0.9898634242742994 -0.6042759143368492 -0.08876595223588228 0.10474088314465535 0.201409733172613
0 46 0.015000000000000013 0.06731218404754885 0.14000000000000012 -0.25 -0.19518986507273767 -0.18 0.18794496481225925 0.1 0.27339920948617125 -0.20000000000000018 0.05965528855779258 0.10000000000000009 -0.09999999999999995 -0.05263157894736842 0.0
0 47 -0.7400000000000007 -0.4914352110459855 -0.21249999999999947 0.17 0.3 0.32 0.24579838449601157 0.28129577908028813 0.6687042209197118 0.0 0.35194958995774306 0.699999999999994 -0.34999999999999987 -0.1480504100422569 0.10000000000000009
0 48 0.4075 0.663958353024694 1.0150000000000001 -0.13238614615050026 0.13 0.14966077924354693 0.27313756401542544 0.43 0.9299999999999997 0.24762886597938683 0.48947368421052617 0.5505025016314968 -0.3005025016314976 -0.22631578947368425 -0.09657825289618699
0 49 -0.27 -0.1607081386012688 -0.06287493358129698 -0.19 -0.19 -0.18 0.1910877769326474 0.02159535633242357 0.3572739212608519 0.0902056328255596 0.18803890592676417 0.3000000000000025 -0.007976781662117766 0.008251876278120048 0.050000000000000044
0 50 0.17525225939432373 0.20678811713744727 0.2200000000000002 -0.1325 -0.06843516632722332 -0.010504518788647364 0.19335154278509942 0.21000000000000002 0.22999999999999998 0.0 0.12105263157894736 0.21353401094604915 -0.1796526796913051 -0.1105263157894737 0.0
0 51 -3.085035527299926 -3.0101586607569617 -2.9250000000000003 0.0775 0.10779356768885574 0.135 0.19328154584892127 0.11 0.3199999999999994 -0.19999999999999574 -0.1368421052631576 -0.08226857707553048 -0.05144628313816686 0.0 0.10000000000000002
0 52 2.4574999999999996 2.483889631617087 2.52 0.3375 0.4 0.4225 0.18129855527816247 0.15000000000000002 0.09765592045797034 -0.20000000000000018 -0.02631578947368365 0.09999999999999787 -0.09999999999999981 0.021052631578947392 0.10000000000000009
0 53 0.16000000000000014 0.18031681119412374 0.37250000000000016 -0.01 0.0 0.0 0.23828420811946488 0.060000000000000005 0.6800000000000002 -0.650792538514728 -0.3578947368421054 0.10000000000000009 -0.004167770419424236 -0.03157894736842106 0.0
0 54 2.947020751553032 3.0033201962322416 3.056449663636524 -0.1525 -0.08 0.18582664494880602 0.3915643954445186 0.5867060236828558 1.579505170688308 -0.11209527122504337 -1.0542087544931595 0.5528736573371895 0.10000000000000009 0.3087926440436084 0.4687005863971021
0 55 0.019189507667473817 0.02990774616767025 0.040000000000000036 -0.2507807842238018 -0.22672191299480732 -0.1 0.17335494353457548 0.18 0.029999999999999805 -0.02710913141796339 -0.012232615436897274 0.012207044328377131 -0.10000000000000009 -0.09473684210526317 0.0
0 56 0.5934662278446395 0.6811090402024272 0.7917247322417829 0.997579542407722 1.1305168451721448 1.185 0.2659328590144566 0.7590481127185327 0.4005272599982492 -0.23564481464472042 -0.04749366937914058 0.3507683045919563 -0.4017085460973985 -0.39949900669396454 -0.10000000000000009
0 57 -0.5349999999999997 -0.3950210306785442 -0.21227077095062571 -0.21419614680328875 -0.06746032266526757 0.0025 0.26338291394287255 0.4 0.8284662410774731 -0.5771366779566449 -0.43603486372498584 -0.27460322665268766 -0.049999999999999975 0.1315789473684211 0.3
