1 0 2.596293433460324 2.5998998373767455 2.6169413839525344 -0.07071754224527377 -0.06 -0.034999999999999996 0.17487280484699888 0.07312442855955482 0.12638131588513213 -0.09999999999999787 0.03493753467638554 0.13208700111100757 -0.10000000000000002 -0.03157894736842106 0.040788274397472526
1 1 2.6700000000000004 2.6723056784660773 2.6770851769911506 -0.07 -0.065 -0.06 0.1571097732159519 0.010000000000000009 0.019999999999999574 0.0 -0.01052631578947346 0.0 0.0 -0.005263157894736847 0.0
1 2 0.040000000000000036 0.052319006665581334 0.07000000000000028 -0.02817635752042285 -0.02 -0.02 0.15978074617436264 0.009999999999999998 0.04999999999999982 0.0 0.02105263157894739 0.013054795335555175 0.0 0.0 0.0
1 3 1.1268488940705748 1.4298968594503303 1.7430485678547338 -1.0784653856890296 -0.8569981330221703 -0.5743007705014092 0.3129065009079357 1.0055382083235365 0.7038158747800318 -0.842137046434337 -0.2924043008728786 0.18552806446128667 -0.771034058940828 -0.5292306359597558 -0.33077636444627134
1 4 -2.3300000000000005 -2.3285144339680404 -2.3300000000000005 -0.13 -0.13 -0.13 0.15622010677861234 0.00965888515261222 0.009999999999999787 0.0 0.0 0.0 0.0 0.0 0.0
1 5 1.4499999999999997 1.449718911386179 1.4499999999999997 -0.02 -0.01 -0.01 0.157523560224323 0.01 0.020000000000000462 0.0 0.00526315789473673 0.0 0.0 -0.005263157894736842 0.0
1 6 2.629920970184105 2.7388378058109124 2.8984193040946655 -0.06 -0.06 -0.05 0.23171762011377958 0.03 0.8357715785877753 0.2496047793081302 0.43987977820409224 0.5798162360398296 -0.01988913313581253 0.015789473684210527 0.0818328508376431
1 7 -0.06424865894073573 -0.05899619472786648 -0.05749999999999922 -0.328084559699714 -0.32 -0.31 0.15940959158741017 0.025920349458617986 0.030000000000001137 -0.012769602001908575 -0.01052631578947346 0.0 0.0 0.008379131294009462 0.0
1 8 2.18 2.256434756343127 2.375 -0.01 -0.01 -0.01 0.17925040894248573 0.019999999999999997 0.2599999999999998 -0.19772533812541182 -0.12105263157894759 0.0 0.0 -0.010526315789473684 0.0
1 9 -2.3400000000000003 -2.325793519317043 -2.319535169412206 -0.02 -0.01 0.01 0.16700164792486402 0.08 0.061699976036424964 -0.08750466946299218 -0.03157894736842132 0.0 0.0 0.02551302473171744 0.0678507408221614
1 10 1.27144408224341 1.557977589083592 1.899986590964001 -0.1525 -0.11972989579237123 -0.09 0.27648781389046617 0.08 1.3009565217391317 -0.7028156343471259 -0.6847139588100694 -0.549910606426669 0.0 0.03700991609458455 0.09999999999999995
1 11 -0.24749999999999917 -0.18935947346686427 -0.10000000000000009 -0.21 -0.2 -0.1325 0.201028420273421 0.13 0.379999999999999 -0.3966191757935625 -0.19999999999999948 0.0 0.0 0.06736585501910558 0.050000000000000044
1 12 -0.13999999999999924 -0.1252098913010796 -0.10929695226108045 -0.15 -0.14 -0.13932295384249352 0.1620800269555685 0.014223691906240121 0.06577630809376026 0.0 0.024092793733558257 0.03141871114732617 -0.05037602953310849 -0.003040162154610457 0.012458520114107391
1 13 0.9639685582822087 1.143958849144068 1.35 -0.01 -0.005742110893207727 0.01 0.23281548853702355 0.04 0.8200000000000003 0.14571144825833104 0.4296065728779342 0.6620651171096037 -0.08066216457832973 -0.021052631578947368 0.0
1 14 3.1385012528916936 -2.6469498926877306 -1.9812384302171369 -0.01 0.015 0.03286832604284283 0.46770075372991043 0.06999999999999999 3.0586958637469612 0.3327143094014251 -1.5195225388968374 2.380913550219125 -0.1 -0.005263157894736847 0.08576795472286478
1 15 1.8491044546839732 2.130954091853084 2.416822657530166 -0.04 -0.03 -0.03 0.23913509600825256 0.03773594909862104 0.9117651396442077 0.19402724289214968 0.4798763892864251 0.7068751338616397 0.0 0.015789473684210523 0.070923446164189
1 16 -0.2849999999999997 -0.27661490582270243 -0.24285966556148306 -0.07 -0.07 -0.0617111278195489 0.17031587086572206 0.012744257899032399 0.15902296840387015 0.0 0.06790682547572148 0.09999999999999787 -0.011407518796992672 0.0014443462626486264 0.012348196347716986
1 17 1.6377662856668853 1.9664676860222463 2.5399999999999996 0.05093609131665336 0.11527491572100096 0.1401240931653303 0.3489344066985493 0.14895372489193942 1.9005475419487787 0.0002185402029009076 1.0002881799730414 1.618554493397128 -0.09936382507519559 0.015789473684210527 0.09769879617262847
1 18 -0.487692088787706 -0.48418314576006766 -0.4200000000000004 0.06 0.09886809109136101 0.13 0.19623844860992073 0.15 0.3099999999999987 -0.23396679772825668 -0.16315789473684142 0.0 -0.09583674911538019 0.01578947368421052 0.1221591609641956
1 19 -2.36 -2.354356900219309 -2.35 0.0 0.0 0.0 0.1567874096285765 0.01 0.01632168162494052 -0.00028382013455896526 0.0 0.010853368915131334 0.0 0.0 0.0
1 20 -1.9800000000000009 -1.9772607712522163 -1.9739115687832305 -0.24 -0.2308422169920163 -0.23 0.1568312662344813 0.016853120061299992 0.010000000000001563 0.0 -0.005263157894737665 0.0 0.0 -0.00887006319015789 0.0
