10 0 -1.6668328749660215 -1.2861591118123887 -1.0271347975229814 -0.3397315386715135 -0.20458196804289358 -0.07400516005503716 0.30466886586317865 0.2508212668043964 1.2705124289934 0.1822996403801258 0.6686907521017895 1.0979866324332006 -0.01788962483299978 0.13201119305494546 0.3164281933875998
10 1 0.09282994199760997 0.1564916991290145 0.2042299448298145 -0.010993635032881859 0.05195602776361505 0.06930896385162505 0.18562852332939617 0.15444418550948 0.19458675830565453 -0.008813912722600015 0.09241977686520765 0.1971349390134 -0.01047197551200002 0.07831016775421051 0.14940018397120003
10 2 -0.8499520746678885 -0.49231491231113067 -0.09000081176152486 0.007384051732899 0.059975185418789004 0.06556023902518901 0.28551938204414806 0.16081463727928003 1.3199750599956037 0.41512656259107983 0.69472371578716 0.9649925434307998 0.0032288591162000016 0.0737080100949895 0.14346606451440003
10 3 -1.6255915689241314 -1.0050912405882124 -0.32961042282096514 -0.0454251996280841 -0.023438414376014106 0.003317483057108372 0.3624674252309665 0.127409035396 2.1770189891879346 -1.2604767857943995 -1.1457994679936498 -0.3584033618894733 -0.023300145514199948 -0.019556873565849946 0.08674286382422544
10 4 2.926971163840318 3.029698152695053 -3.022153761203751 -0.06645588381973185 -0.05125842935794185 0.17902467547354456 0.28688373108082027 0.3492578366171964 1.15866292256388 0.17357299411139726 -2.6954405670716417 0.7435102613520006 -0.13081242743740001 -0.16641255120620865 0.043196898987000014
10 5 1.5961030191781644 1.8410451443992932 1.8451440501512804 0.2480227283128499 0.3164832682225499 0.3240492705299699 0.2965659926916587 0.2361954076738581 1.394814778326076 -1.2249593355423805 -0.7069226486667767 0.01850049007120047 0.019373154697200357 0.12431337245992535 0.16964600329439986
10 6 0.016160148988366516 0.0183644998336111 0.02040129907067416 -0.6172203213753331 -0.6139347390584431 -0.610902229483093 0.15660277014281535 0.010367255756880023 0.009564404300907641 -0.018849555921600005 -0.0022689280276000003 0.01047197551200002 -0.006894050545399599 0.005015525113642128 0.010297442586800765
10 7 1.3603640151044025 1.3746355723980064 1.4745914513246725 0.08409452060994306 0.11398764737357306 0.14559992345042305 0.21368741598544164 0.2181137966222655 0.45284312772392 -0.295396975901 -0.23833848827574736 -0.023038346126400544 0.01841322360859994 0.11479673506435029 0.19312068173380006
10 8 -2.583975568578775 -2.324585607811161 -2.0540979709947047 0.1624686761150492 0.19110080249341105 0.2118658572690811 0.2428573565429746 0.08728391589182187 0.8763996305992798 -0.5580690283270018 -0.46126296347330514 -0.2619739207251981 -0.05567600313879997 0.008754204090294733 0.11335913491739999
10 9 1.3831396406966203 1.4283480316465504 1.4318430534736803 0.12733854348674706 0.14065976900263705 0.16144664039395704 0.18490573150454273 0.09047786842350546 0.18222982720132008 -0.03700098014240094 0.09591043536911584 0.24565509221899928 0.003054326190999948 0.014522976565326312 0.07496189137340001
10 10 0.8919418845518519 0.9329929012235179 0.968727644993592 0.1041779273500678 0.1048018825576578 0.1056832738299178 0.1703268437207571 0.005742133239079988 0.1702045086550399 -0.0014835298642001948 0.08958132034475784 0.15760323145559973 -0.005061454830799991 8.26734908842085e-05 0.0063704517698000285
10 11 1.445786731274943 1.488689542282981 1.5419980062914431 -0.2998588131702261 -0.2548729516999261 -0.10492298901504421 0.18970023942745023 0.13121385316536 0.13280210278467974 -0.1167625269588013 -0.06989584357088408 -0.014311699866399463 0.02556907354179988 0.06512833892952731 0.1310742268251999
10 12 0.9904378925209865 1.1493239409768066 1.3666217961739366 0.05122774065181116 0.09277966681880115 0.10911594861752115 0.3110606212965942 0.6734178385911564 1.11790083919852 -0.8735372906259997 -0.5883688627360631 -0.08822639368859853 -0.5684537373766618 -0.3544304413637665 0.03001966313439991
10 13 -1.9204575768837118 -1.6432146431966046 -1.4471853702633866 0.022193315880178244 0.057771852682185154 0.07921758586613516 0.2752565184624667 0.14851006605262762 1.1779401654690653 -0.9458811881214002 -0.5921626573742237 -0.09311331559419989 -0.016493361431400046 0.07345998962230928 0.16938420390633818
10 14 1.6683576139929222 1.7707674258478998 1.9519605274735319 0.1350990045617189 0.13834095364730892 0.18451800233244794 0.24708316414363984 0.05869542274476 0.9154600992590403 -0.27933994678259966 0.33147476872852644 0.837670774497401 0.005497787143800004 0.030001291247720552 0.09084438756659985
10 15 -1.36687288117919 -0.9003646980765965 -0.43541683932557007 0.10587603574945 0.15674802012212002 0.16416130611999 0.31104802353003386 0.102538093555 1.6724617557251602 0.5558001002994001 0.8802430293290316 1.2040153844922 0.01143190660059995 0.05396741766052631 0.09599310886000009
10 16 -0.04874113128143105 0.18789060870480662 0.35137559973974347 0.4720664265124825 0.7754831903264225 0.8764068543233224 0.3076552642878414 0.6445849993488144 0.9190903841033745 0.2865830631793598 0.4837317811070392 0.59777526881 -0.7046766854950004 -0.3392552628151655 0.07007496946780045
10 17 1.4030839543915372 1.4478481590468335 1.4637821424529676 0.13142178975320795 0.14806350417102795 0.16322605204777796 0.18477112173465843 0.06103416394244002 0.1785820890646399 -0.05567600313879928 0.09399057319191574 0.1606575576465996 -0.08351400470819996 -0.03212324418023158 0.014660765716800056
10 18 1.6063541135762747 1.6472393239689134 1.6827035417050145 0.07559641551931578 0.1007771533025458 0.1130904511754058 0.18289765619406798 0.10927506446778981 0.15884241522277454 -0.09590584239740019 0.08360127116988134 0.21432643214560065 -0.019809487010200022 0.03836968571374202 0.11929325437420006
10 19 1.6413795749306885 2.266213979932024 2.890184471348849 0.005493908634354989 0.1051696622161099 0.17173215656434715 0.3220896469347431 0.22284363889570907 1.6806036353709892 -1.4385003694809462 -0.7973628975152163 0.019809487010201687 0.021642082724800046 0.11728612573458375 0.15620696805400008
10 20 1.464026682473526 1.5009770480676181 1.5382206289760458 0.13217562654602577 0.16294578125878578 0.1821356763852239 0.18083573041037074 0.11588986233349811 0.18174113501076028 -0.09346238144460228 0.04791388093911582 0.13988813954780022 -0.03700098014589051 0.03782771505124212 0.09738937226160004
10 21 1.1135667988152471 1.2071818965693968 1.347135485964147 -0.016177699243630494 -0.0026121276324604947 0.005250580647799505 0.2162596537581919 0.05466371217265746 0.64196700547064 0.12540190675620178 0.3378773713003369 0.4954989746428007 -0.016755160819199987 0.027778292937103922 0.06396631708588726
10 22 0.17887753452220967 0.3758492852505807 0.672967155794107 0.4404479448197386 0.4935801305737486 0.5346913611046086 0.2905961301885758 0.25893704782672006 1.2959767827800799 -0.7897614865299998 -0.6820930435684631 -0.40945424251919993 -0.18020524526900034 -0.1362826567509053 -0.05244714402259987
10 23 1.6608346631409665 1.8987396208193403 2.0757561495472925 0.17069038892626892 0.19739392648204349 0.20267791079247346 0.24345278329779532 0.04927064478413454 0.947923223351476 0.2069087828246008 0.49890695965867166 0.6794566778036026 -0.06466444878660008 -0.02593191830743923 0.013264502315200044
10 24 1.482647163930801 1.4916268829323411 1.499768843892921 0.13256808322086586 0.13617655144937585 0.13824912993612584 0.15902998932747894 0.012653637077000027 0.02356194490199992 -0.028536133270199437 0.003940769732147315 0.017889624833000717 -0.018675022996399934 -0.006659808987894751 0.010297442586799932
10 25 0.7604793704480926 1.2044684428753363 1.7451243212551035 0.17808898506919404 0.20511540853641402 0.21021176995225402 0.42085397068257313 0.03783873818301092 2.917998523121044 0.6080727113967999 1.535788696379497 2.0928243060703204 -0.027052603406000075 0.002746597086042106 0.06972590361565473
10 26 -1.654597969727631 -1.6274197026154869 -1.583039470395631 -0.468532962461183 -0.302770316752483 0.04414441534529966 0.2443456350668462 0.5505117526667126 0.39133772488343976 0.07496189137339959 0.20596722362286304 0.34042647060260056 0.06850417314100007 0.2897430277193224 0.3845833006782
10 27 2.142820571493679 2.2881550109723454 2.509618967093999 0.18086144058599607 0.18361033415789602 0.18833144978455604 0.23954633715639265 0.023666664656770947 0.47399651825816 -0.7725699933978003 -0.24947185171482106 0.10218902770459781 -0.04747295565440013 -0.009433963904231572 0.024085543677599963
10 28 0.37039362841591744 0.4141586320744435 0.4726611959368574 0.15723079758575106 0.1744528339797738 0.18961974517956648 0.17191827828330866 0.045884706034905465 0.09899507517344003 -0.035255650890400614 0.05044920132623155 0.11379546723040007 -0.03490658504000002 -0.02294648669199234 -0.017889624832999884
10 29 1.344803726083475 1.3932584294421253 1.5067833706384648 -0.13666645567406105 0.11921190263852895 0.19866801683600346 0.23718001045078246 0.38620645688255995 0.54461253979408 -0.33065262679140006 -0.28663817883898945 -0.1027126264802003 -0.32349677685732714 -0.19584431396126314 0.002443460952800125
10 30 -0.021534890419848157 0.00776656972734599 0.03556791938246184 -0.1474928784682632 -0.1342283761530632 -0.12842515639016322 0.16526988600954332 0.024015730507519983 0.09566149630212 -0.0016580627894000055 0.04732598055949474 0.07670722062539997 -0.01762782544519989 -0.002654737651726314 -0.004188790204800036
10 31 -0.578759033944834 -0.19080026649326592 0.10938502021059601 -0.08943076783529379 -0.024530699599638887 0.1244811486129562 0.3000324219020289 0.37681658550610186 1.28356749179836 0.3709697325126 0.6755618377886105 0.874409955252 -0.29871310148014907 -0.198324518687422 -0.07845254987740004
10 32 0.04566813976377276 0.5567747212430645 1.1096644850148094 -0.1532792267151769 -0.0893434528912869 -0.0010167027706584988 0.3336886830861927 0.20155062202096 1.69647748623652 0.3629412179534011 0.8928828874929055 1.171115928092 -0.1168497934212254 -0.002351601518484197 0.17776178431602546
10 33 0.5812497642309605 1.215426492583728 1.7583783515908646 0.15452723409299615 0.19246196538469257 0.23648789576639254 0.3161571745373399 0.1542696525837564 1.684434714392484 -0.8112290363295995 -0.8865445865223601 -0.3337069529823991 -0.038833575856999925 0.06638681317974549 0.1650208807766003
10 34 1.3762508746207325 1.3862620832102042 1.4146786614266424 0.2597889624269745 0.2816361213388845 0.29463009762002457 0.17545448050114046 0.06347762489524 0.09552186996195977 -0.11004300933859956 -0.027355739539242144 0.09677850702339952 -0.09145525280480016 -0.013402291466673693 0.0741764932100003
10 35 2.5805096840635757 2.6251246630678255 2.675154526076406 0.21397741477695598 0.23498681564790597 0.24496137232308596 0.17396723404447625 0.07408922674739998 0.14086552392892004 -0.11554079648240068 -0.07018979376069498 -0.028797932657997904 -0.08028514559199978 -0.03899432986705262 -0.004014257279599948
10 36 1.8059511788771485 2.173546317280308 2.5289276415793682 0.008765479835857 0.10650828127098699 0.18901435833615698 0.25448736009035633 0.2265437369096 0.9145350747624612 0.02129301687439966 0.4559626741169587 0.6905395185887087 -0.16118115642220004 -0.1043247595524421 -0.023125612589
10 37 -2.5024399430629636 -2.4082323060277595 -2.3332346354046933 0.018501702105325205 0.036766572727505206 0.0635224701606652 0.19637509827735347 0.0511381470836 0.4194898857181997 -0.37795104952059955 -0.2006944920931366 0.029757863746600055 -0.007330382858400011 0.02379159348778947 0.05384340742420002
10 38 1.0741023833954155 1.0857873627375556 1.0998023566311155 0.26758108183604046 0.26864573267976044 0.2759673888919004 0.15992612650558427 0.009180431865519978 0.031084313978119837 -0.029757863746600055 0.01567121949427366 0.04790928796739924 -0.00907571211039987 0.0003215080201052504 0.00951204442340009
10 39 1.5075204813586447 1.5245330782425144 1.5395559997791044 0.07661336069669811 0.1062839579806981 0.1153596700910981 0.18061260371280016 0.24656266343004 0.03930481475504011 -0.05052728184540056 -0.020686744607915846 0.003228859116199967 -0.016231562043600017 0.11625730007006312 0.14791665410700006
10 40 0.4590501972833795 0.48734460245217753 0.5063704366282296 0.09605089865076905 0.12089129722985906 0.16048409131147906 0.1726683746910103 0.09690068007086547 0.10866419922951998 -0.07810348402699979 -0.05701715087981055 -0.02399827721499964 -0.07443829259779995 -0.05100035793203446 -0.018500490071199985
10 41 0.512894234965171 0.617011851493231 0.712381005145641 -0.3546327719745326 0.21567537773211748 0.2678345424281375 0.26068049591429593 0.68114964717804 0.22108085635083996 -0.37018433434920006 -0.03475042400166313 0.27340582732579943 -0.4329289209585997 -0.35723215411067377 -0.023125612589000033
10 42 0.7702607773538814 1.0739611571712713 1.4534830030186714 -0.05359750992512105 0.032722111555660224 0.21078932849114349 0.29388890077466945 0.48103019514372003 1.11173982693896 0.3007202301196005 0.5851262247047158 0.8787732783820004 -0.04145156973500014 0.23349749608730525 0.41224676932248727
10 43 1.6748932417840705 1.8235638781289816 1.9823635327875258 -0.12966458256594315 -0.018779451863279336 0.03858515732685684 0.21791953891403437 0.26555184569127643 0.3405835502370256 -0.29190631739699935 -0.15474640304929768 0.020856684561401106 -0.29653143991479997 0.023506829241410534 0.24774948732166174
10 44 -2.7367151976823507 -2.420109845244162 -1.9968090412357302 -0.38232329322213854 -0.33964562968760853 -0.33123314269296855 0.31431943929756356 0.38107518888150543 1.3651353730754803 -0.854687734704398 -0.6152883127597262 -0.2082177797636009 -0.04703662334139963 0.19549524811077132 0.047211156266600274
10 45 1.476106057744862 1.477733577272352 1.4784317089731522 0.015018800620302494 0.019495570151699948 0.024814461047169948 0.15777445762552586 0.013439035240417454 0.01626646862864023 -0.010821041362399919 -0.00648527606269486 0.0068940505454007095 -0.017802358370487305 -0.004087744827052631 0.0007853981634000241
10 46 -2.9351310629109784 -2.9181721227043425 -2.8117624647333583 0.20761568965341595 0.22811021839502596 0.31466982264796595 0.21777365065686108 0.13166763877088 0.3773662829060802 -0.32820916583859994 -0.14001678555326333 0.1541125729516013 -0.08822639368859991 0.060011768438505274 0.20743238160019967
10 47 1.437024208801765 1.4373767653106693 1.456358093590795 0.024925822749624207 0.03820777835734421 0.08074145222858421 0.17880736805926215 0.16165239531947204 0.0935496479072 -0.09381144729500135 -0.04923665679326315 0.03289945640020053 0.010733774899800014 0.08508020806288003 0.21205750411800006
10 48 -2.3149380579794046 -1.8317209652794375 -1.413152613402803 -0.003569440727182495 0.004589973525918378 0.02150221397778005 0.3044484676328359 0.06398377037832 1.5766257265086614 -1.0023425894235993 -0.8298030139519271 -0.5824163713923991 -0.14730578886880002 -0.02682295482021053 0.13194689145119126
10 49 1.5511552155808621 1.554328224160998 1.560915969422672 0.16351218908229215 0.17144907385576216 0.17973066115597858 0.16398561668362074 0.04639085151763642 0.03447025272699977 -0.033772121026199864 -0.0181422382773683 0.006370451769800445 -0.11475539831899986 -0.02441623764086127 0.01771509190518189
