19 0 1.3599999999999999 2.093 2.82 -0.0125 0.135 0.3725 0.4252068562619172 0.64 1.7099999999999997 -1.5499999999999992 -0.0421052631578947 1.7499999999999982 -0.15000000000000002 0.3157894736842105 0.8499999999999999
19 1 2.935 -3.0734999999999997 -2.7325 0.2975 0.43 0.6224999999999999 0.3095650452351009 0.4600000000000001 1.2999999999999998 -0.9000000000000008 -0.6105263157894745 -0.40000000000000036 0.050000000000000044 0.22105263157894733 0.40000000000000036
19 2 -1.8875000000000002 -1.3885 -0.8825000000000001 -0.16 -0.16 -0.14 0.3194118950058827 0.11000000000000001 1.7600000000000002 0.5000000000000004 0.9263157894736843 1.2499999999999996 0.0 0.05789473684210527 0.10000000000000009
19 3 0.034999999999999996 0.278 0.545 -0.015 0.0 0.05 0.21528799545620522 0.1 0.5700000000000001 -0.44999999999999996 2.337311630789803e-17 0.30000000000000027 0.0 0.05263157894736842 0.1
19 4 0.6475 1.109 1.825 0.17 0.2 0.2225 0.4700234816828268 0.49 3.0700000000000003 0.5499999999999994 1.568421052631579 2.0 -0.049999999999999906 0.2578947368421053 0.44999999999999996
19 5 -1.655 -0.6719999999999999 0.2775 -0.07 -0.035 -0.03 0.44599066087873757 0.06 3.1 -2.0500000000000007 -1.6736842105263159 -1.4500000000000002 0.0 0.005263157894736842 0.09999999999999996
19 6 0.6174999999999999 0.6779999999999999 0.79 0.145 0.29 0.33 0.23341469430808565 0.32999999999999996 0.5599999999999999 0.0 0.2842105263157894 0.6000000000000003 -0.1999999999999999 0.07368421052631575 0.2500000000000001
19 7 0.5449999999999999 0.721 0.8574999999999999 -0.10750000000000001 -0.05 -0.0275 0.29742053633007426 0.09 1.47 -1.2000000000000006 -0.7736842105263158 -0.2500000000000002 -0.15 -0.047368421052631574 0.0
19 8 0.6675000000000001 0.8864999999999998 1.08 -0.1125 0.05 0.095 0.29495816463142543 0.56 0.7199999999999999 -0.799999999999999 -0.05263157894736838 0.0 -0.7000000000000004 -0.29473684210526313 0.19999999999999996
19 9 0.7775 0.829 0.9125 0.0 0.030000000000000002 0.1525 0.20231444683354297 0.18 0.18000000000000005 -0.2500000000000002 -0.08947368421052633 0.050000000000000044 0.0 0.08421052631578947 0.10000000000000005
19 10 -2.795 -2.4335000000000004 -2.0900000000000003 -0.11 -0.1 -0.004999999999999999 0.260000965556412 0.26 0.9099999999999999 -0.7999999999999985 -0.4789473684210525 -0.20000000000000018 -0.049999999999999975 0.1368421052631579 0.3
19 11 0.4775 0.7435 0.9575 -0.03 -0.01 0.035 0.2690666477341879 0.1 1.18 0.3999999999999995 0.6210526315789473 0.7500000000000001 -0.05 0.005263157894736837 0.09999999999999998
19 12 0.65 0.6785 0.735 0.065 0.13 0.16 0.1884305164509717 0.13 0.10999999999999999 -0.20000000000000018 -0.057894736842105256 0.0 -0.2 -0.021052631578947364 0.10000000000000009
19 13 0.3075 0.6605 1.01 0.16 0.17 0.21 0.2947476084222484 0.13 1.44 0.5000000000000004 0.7578947368421054 1.0500000000000005 -0.049999999999999906 0.03157894736842105 0.15
19 14 0.73 0.7830000000000001 0.84 0.17750000000000002 0.275 0.385 0.23148986977159325 0.18999999999999997 0.49 0.0 0.25789473684210523 0.44999999999999984 -0.34999999999999987 -0.09473684210526316 0.15000000000000013
19 15 0.05 0.4000000000000001 0.7124999999999999 0.16 0.26 0.29 0.29487195423749435 0.24000000000000002 1.34 -1.1000000000000005 -0.7052631578947369 -0.2500000000000002 -0.10000000000000009 0.08947368421052633 0.24999999999999994
19 16 1.0474999999999999 1.3539999999999999 1.6324999999999998 0.05 0.07 0.1 0.25566427846971473 0.09 1.02 0.09999999999999898 0.5210526315789473 0.9000000000000002 -0.09999999999999995 0.042105263157894736 0.10000000000000006
19 17 -0.1925 -0.158 -0.125 -0.8324999999999999 -0.7050000000000001 -0.12250000000000001 0.27440479532638234 0.85 0.25 0.05000000000000001 0.13157894736842105 0.20000000000000012 -0.15000000000000013 0.4473684210526316 0.8499999999999999
19 18 -2.3325 -2.2015 -2.095 -0.0125 0.015 0.07250000000000001 0.21126105724370162 0.17 0.4600000000000002 -0.49999999999999933 -0.0789473684210527 0.2499999999999991 0.0 0.08421052631578947 0.15000000000000002
19 19 0.895 1.042 1.125 0.0825 0.325 0.37 0.25053465860684 0.37 0.52 -0.10000000000000009 0.27368421052631586 0.6000000000000005 -0.44999999999999996 -0.17894736842105266 0.10000000000000009
19 20 -0.47000000000000003 -0.11000000000000001 0.2875 0.0 0.02 0.03 0.30068395472432957 0.06 1.56 0.6999999999999997 0.8210526315789474 0.9000000000000002 0.0 0.015789473684210527 0.0
19 21 -0.9475 0.15150000000000002 1.3275 -0.052500000000000005 0.015 0.1225 0.4930215749117614 0.26 3.1300000000000003 -2.65 -1.8842105263157898 -1.2 -0.25 -0.10526315789473684 0.049999999999999975
19 22 0.615 0.5609999999999999 0.68 0.3 0.3 0.33 0.275985183983123 0.39 1.03 0.0 0.5368421052631579 0.4500000000000004 -0.09999999999999981 0.16315789473684209 0.0
19 23 0.555 0.688 0.79 0.07 0.08499999999999999 0.0925 0.21476322771714879 0.15000000000000002 0.53 -0.3999999999999995 -0.2789473684210526 -0.10000000000000009 -0.049999999999999906 0.0368421052631579 0.09999999999999995
19 24 0.52 0.7384999999999999 1.0550000000000002 0.09250000000000001 0.28500000000000003 0.4125 0.2604573735242807 0.22 0.79 0.15000000000000013 0.41578947368421054 0.6000000000000003 -0.3 -0.11578947368421054 0.0
19 25 -0.9974999999999999 -0.6860000000000002 -0.44999999999999996 -0.03 -0.02 0.0 0.2770673779869366 0.03 1.34 -1.2 -0.605263157894737 0.15000000000000013 0.0 0.0 0.0
19 26 2.6875 3.0282500000000003 -2.8525 0.22 0.485 0.6074999999999999 0.33785564525944267 0.7999999999999999 1.2999999999999998 -0.8999999999999986 -0.5947368421052633 -0.5499999999999994 0.3 0.42105263157894735 0.6
19 27 0.43000000000000005 0.8095000000000001 1.12 0.31 0.345 0.4525 0.3318651385451742 0.15999999999999998 1.72 -1.1999999999999997 -0.905263157894737 -0.5499999999999999 -0.20000000000000004 -0.04210526315789473 0.10000000000000009
19 28 -1.7975 -1.1005 -0.6875 -0.08 -0.07 -0.04 0.38277815732889786 0.060000000000000005 2.38 -1.9000000000000006 -0.6736842105263159 0.7499999999999996 -0.15 0.005263157894736844 0.15
19 29 -2.7475 -2.495 -2.25 0.07 0.115 0.1525 0.22527197046533332 0.12 0.5 -0.7000000000000006 -0.1052631578947367 0.25000000000000133 0.0 0.05263157894736843 0.10000000000000009
19 30 -1.7249999999999999 -1.158 -0.5275000000000001 0.02 0.025 0.03 0.32069247433972986 0.08 1.7999999999999998 -1.2999999999999994 -0.9473684210526315 -0.6499999999999995 0.0 0.042105263157894736 0.09999999999999998
19 31 -1.0125 -0.15749999999999995 0.805 0.015 0.095 0.2725 0.46433055296360903 0.27999999999999997 3.1399999999999997 0.19999999999999962 1.6421052631578945 2.0500000000000007 -0.09999999999999977 0.13157894736842105 0.3
19 32 -0.61 -0.422 -0.2525 0.04750000000000001 0.05 0.05 0.20408206418110275 0.07 0.49 -0.30000000000000016 -0.2473684210526316 -0.10000000000000009 0.0 0.02631578947368421 0.09999999999999998
19 33 -1.605 -1.1585 -0.665 -0.0225 0.005 0.0225 0.3312444237088724 0.2 1.81 -1.100000000000001 -0.9526315789473685 -0.65 0.0 0.10526315789473684 0.10000000000000002
19 34 1.695 1.7704999999999997 1.9325 -0.2225 -0.16 -0.14 0.2511608503387562 0.22999999999999998 0.8600000000000001 0.10000000000000009 0.4473684210526316 0.7000000000000006 -0.049999999999999906 0.07368421052631575 0.20000000000000004
19 35 1.0050000000000001 1.097 1.54 -0.1825 -0.155 -0.1275 0.4057661081585461 0.07 2.6799999999999997 0.2499999999999991 1.4105263157894734 1.9 -0.10000000000000009 -0.01578947368421052 0.049999999999999975
19 36 0.5025 0.6605 0.7925 -0.225 0.0 0.0125 0.22867778814556375 0.28 0.57 -0.04999999999999949 0.268421052631579 0.5000000000000004 0.0 0.13157894736842107 0.15
19 37 -1.9475 -0.01399999999999999 1.37 -0.025 0.305 0.37 0.5984063775406712 0.67 3.0100000000000007 0.3500000000000014 2.2052631578947364 3.4000000000000004 0.09999999999999995 0.35263157894736846 0.5999999999999999
19 38 0.705 0.752 0.7925 0.09 0.095 0.11750000000000001 0.1814669479492068 0.12 0.15999999999999992 -0.19999999999999962 0.0 0.10000000000000009 0.0 0.06315789473684211 0.1999999999999999
19 39 0.72 0.9644999999999998 1.18 -0.195 -0.16 -0.052500000000000005 0.24295970627611668 0.32 0.58 -0.40000000000000036 0.1263157894736842 0.5999999999999994 -0.2999999999999998 -0.16842105263157894 0.0
19 40 1.0274999999999999 1.286 1.4725 0.07 0.07500000000000001 0.09 0.24113894275629844 0.04000000000000001 0.8299999999999998 0.050000000000000044 0.43684210526315786 0.7999999999999996 -0.049999999999999975 -0.02105263157894737 0.0
19 41 0.51 0.55 0.555 0.03 0.04 0.05 0.17301995212787535 0.04000000000000001 0.16000000000000003 0.0 0.0736842105263158 0.050000000000000044 0.0 0.02105263157894737 0.0
19 42 -1.915 -0.7775 0.125 -0.12 -0.09 -0.065 0.4514123818410485 0.09 3.1300000000000003 -2.2 -1.6684210526315788 -0.8499999999999991 0.0 0.036842105263157884 0.19999999999999996
19 43 -0.34750000000000003 -0.1275 0.0024999999999999953 -0.03 0.02 0.07 0.24679637307801527 0.16 0.61 -0.49999999999999994 -0.17894736842105266 0.3500000000000002 -0.10000000000000002 0.08421052631578947 0.20000000000000004
19 44 1.01 1.6934999999999998 2.2175000000000002 -0.14 -0.10500000000000001 0.08499999999999999 0.3315168485536939 0.38 1.4200000000000002 0.09999999999999898 0.7315789473684209 1.3 -0.3500000000000001 -0.09473684210526315 0.1999999999999999
19 45 0.62 1.2309999999999999 1.9075000000000002 0.0325 0.1 0.1925 0.4457239157775164 0.36 2.7899999999999996 0.8999999999999998 1.4684210526315793 1.9999999999999987 -0.3 0.09473684210526316 0.35000000000000003
19 46 -3.0300000000000002 -2.7830000000000004 -2.5775 -0.07250000000000001 -0.07 -0.04750000000000001 0.22274367317132543 0.18 0.46999999999999975 -0.5500000000000016 -0.2421052631578947 0.09999999999999787 0.0 0.09473684210526317 0.15
