22 0 2.9275 -3.1359999999999997 -2.985 0.09500000000000001 0.16999999999999998 0.525 0.36584582741693383 0.68 1.2199999999999998 0.10000000000000009 -2.9368421052631586 0.4999999999999982 0.15 0.3578947368421053 0.4500000000000003
22 1 0.18000000000000002 0.3515 0.53 -0.2425 -0.16499999999999998 -0.055 0.2562929043774595 0.28 0.8 0.29999999999999943 0.42105263157894735 0.5000000000000002 -0.3 0.005263157894736829 0.15000000000000013
22 2 0.004999999999999999 0.17250000000000001 0.28 -0.125 -0.12 -0.1 0.2363665381962758 0.12 0.81 0.1 0.4263157894736842 0.9000000000000002 -0.10000000000000002 -0.06315789473684211 0.0
22 3 0.04 0.05550000000000001 0.07250000000000001 0.275 0.28 0.28 0.16157547162156682 0.020000000000000018 0.049999999999999996 -0.049999999999999975 0.02631578947368421 0.09999999999999998 0.0 -0.010526315789473694 0.0
22 4 -0.0025 0.0075 0.02 -0.0925 -0.09 -0.0375 0.1712093310073431 0.13 0.06 0.0 0.03157894736842106 0.04999999999999999 -0.1 -0.06842105263157894 0.0
22 5 0.14 0.261 0.36250000000000004 -0.2125 -0.175 -0.16 0.19683694267515925 0.1 0.37 -0.30000000000000016 -0.1894736842105263 0.0 -0.10000000000000009 -5.843279076974508e-18 0.0
22 6 -0.14 -0.14150000000000001 -0.14 -0.14 -0.14 -0.14 0.15887982473934034 0 0.05 0.0 0.02631578947368421 0.0 0.0 0.0 0.0
22 7 0.0275 0.05000000000000001 0.09 0.0075 0.02 0.03 0.17405711387885922 0.05 0.14 -0.05000000000000001 0.05263157894736842 0.19999999999999996 -0.1 -0.02631578947368421 0.0
22 8 0.3825 0.7295 0.935 -0.16499999999999998 -0.14 0.035 0.295556363341312 0.29000000000000004 1.2 0.34999999999999964 0.6315789473684211 0.9999999999999992 -0.15 0.0631578947368421 0.2500000000000001
22 9 0.0 0.009000000000000001 0.02 0.04750000000000001 0.05 0.07 0.16247063978254697 0.03 0.05 -0.04999999999999999 0.021052631578947368 0.09999999999999999 0.0 0.005263157894736847 0.0
22 10 0.5625 0.761 0.9824999999999999 -0.2575 -0.125 -0.04750000000000001 0.27303050022313285 0.54 0.81 0.24999999999999967 0.42631578947368426 0.6000000000000003 -0.3000000000000002 -0.28421052631578947 -0.1
22 11 -3.09 -2.976 -2.8875 -0.15000000000000002 -0.05 0.035 0.23265401436163735 0.39 0.5 0.0 0.2631578947368421 0.4999999999999982 0.15 0.20526315789473684 0.3
22 12 0.73 1.4324999999999999 2.0749999999999997 -0.1925 -0.16 -0.15 0.3822379731429266 0.07999999999999999 2.4 1.0499999999999998 1.2631578947368418 1.5499999999999994 -0.1999999999999999 -0.04210526315789473 0.049999999999999906
22 13 0.07 0.07550000000000001 0.09 -0.24 -0.24 -0.24 0.16682984299565903 0.05000000000000002 0.09000000000000001 0.0 0.04736842105263158 0.15 0.0 0.02105263157894739 0.0
22 14 -0.005 0.08 0.16 0.19 0.22 0.25 0.19158257130106704 0.09 0.19 -0.3 0.026315789473684216 0.3 -0.10000000000000009 0.0052631578947368324 0.10000000000000009
22 15 -0.1 0.34500000000000003 0.8775 -0.24 -0.23 -0.23 0.2923588705424154 0.18999999999999997 1.34 0.0 0.7052631578947369 0.9999999999999999 -0.1999999999999999 -0.09999999999999999 0.0
22 16 0.1975 0.25450000000000006 0.31499999999999995 -0.07 -0.04 0.02 0.19445834719461236 0.09000000000000001 0.32999999999999996 -0.15000000000000013 0.047368421052631574 0.049999999999999906 0.0 0.04736842105263159 0.1
22 17 0.27749999999999997 0.6965000000000001 1.1324999999999998 -0.14 -0.02 0.0225 0.2625621242241065 0.19 0.9999999999999999 -0.9499999999999998 -0.5263157894736841 -0.049999999999999906 -0.09999999999999999 0.06315789473684211 0.10000000000000009
22 18 0.37 0.4445000000000001 0.5525 -0.052500000000000005 -0.02 0.0125 0.19286578765872858 0.1 0.21000000000000002 -0.2999999999999997 -0.02105263157894735 0.10000000000000009 -0.1 -0.042105263157894736 0.0
22 19 -2.045 -1.9654999999999998 -1.87 -0.33499999999999996 -0.28500000000000003 -0.17750000000000002 0.21619350886445707 0.26 0.43999999999999995 -0.40000000000000036 -0.23157894736842102 -0.09999999999999898 -0.20000000000000012 -0.1368421052631579 -0.09999999999999967
22 20 -0.29 0.5559999999999999 1.7 -0.12 -0.05 0.02 0.4769207188932613 0.26 3.11 -2.6999999999999997 -1.6368421052631579 -0.8000000000000003 -0.10000000000000009 0.1368421052631579 0.35
22 21 0.03 0.05050000000000001 0.07 0.03 0.035 0.115 0.17839096109375635 0.2 0.06 -0.049999999999999975 0.010526315789473686 0.10000000000000002 -0.050000000000000044 0.03157894736842106 0.2500000000000001
22 22 0.27749999999999997 0.39049999999999996 0.545 0.09 0.1 0.10250000000000001 0.21712417542293816 0.05000000000000002 0.6599999999999999 -0.10000000000000009 0.2894736842105263 0.7500000000000001 0.0 -0.021052631578947375 0.0
22 23 -0.03 0.1315 0.32499999999999996 -0.3 -0.28 -0.27 0.20925529636090717 0.03999999999999998 0.5800000000000001 -0.55 -0.30526315789473685 0.0 0.0 0.021052631578947358 0.04999999999999977
22 24 0.195 0.26449999999999996 0.35 -0.09 -0.07 -0.05 0.18715500831676743 0.060000000000000005 0.31 0.09999999999999981 0.15263157894736842 0.24999999999999994 0.0 -0.031578947368421054 0.0
22 25 0.19 0.21400000000000002 0.26 -0.09 -0.07500000000000001 -0.07 0.17759721692563596 0.01999999999999999 0.24 -0.10000000000000009 0.06315789473684211 0.19999999999999996 0.0 -0.010526315789473679 0.0
22 26 0.21 0.24299999999999997 0.28 -0.26 -0.23 -0.20500000000000002 0.18226069211732734 0.12000000000000002 0.19 0.04999999999999977 0.09999999999999999 0.1999999999999999 -0.15 -0.015789473684210527 0.10000000000000009
22 27 0.055 0.11699999999999999 0.21 -0.20750000000000002 -0.12 -0.0775 0.21247063978254704 0.26 0.38 -0.24999999999999997 0.09999999999999999 0.1999999999999999 -0.3 -0.1368421052631579 0.0
22 28 1.4474999999999998 1.4914999999999998 1.5525000000000002 -0.44 -0.435 -0.4075 0.19271365166943893 0.15000000000000002 0.28 -0.20000000000000018 0.047368421052631504 0.20000000000000018 -0.1999999999999999 -0.07894736842105264 0.0
22 29 0.21000000000000002 0.5914999999999999 0.885 -0.1225 -0.02 0.03 0.26764630613818 0.33 0.5 -0.7000000000000004 -0.21052631578947367 0.34999999999999976 0.1 0.1736842105263158 0.20000000000000012
22 30 -0.005 0.034999999999999996 0.07250000000000001 -0.21 -0.19 -0.1875 0.1714375349912775 0.03 0.13 -0.09999999999999998 0.05789473684210527 0.19999999999999998 0.0 0.015789473684210527 0.09999999999999995
22 31 0.2075 0.9540000000000001 1.6250000000000002 -0.1825 -0.115 -0.1 0.33919687614101984 0.13 1.95 0.6000000000000005 1.0263157894736843 1.3000000000000007 -0.10000000000000009 -0.06315789473684212 0.0
22 32 0.11499999999999999 0.194 0.245 -0.14 -0.12 -0.08 0.19239660026775934 0.08 0.31 -0.3 0.005263157894736852 0.2500000000000001 0.0 0.04210526315789474 0.19999999999999996
22 33 -0.0125 0.010499999999999995 0.03 -0.17 -0.16 -0.16 0.16768444155949536 0.04000000000000001 0.11 0.0 0.026315789473684223 0.0 0.0 -0.015789473684210527 0.0
22 34 0.0775 0.12150000000000001 0.1625 -0.07 -0.07 -0.07 0.17396583228528542 0.020000000000000004 0.1 -0.20000000000000004 -0.015789473684210523 0.15 0.0 -0.010526315789473686 0.0
22 35 -0.042499999999999996 0.05650000000000001 0.18 -0.37 -0.30500000000000005 -0.2175 0.20644808308653498 0.16 0.31 -0.3 -0.1631578947368421 -0.09999999999999991 -0.10000000000000009 -0.07894736842105263 0.0
22 36 0.24 0.42800000000000005 0.61 -0.1625 -0.12 -0.10750000000000001 0.22404717432755877 0.10999999999999999 0.68 0.049999999999999906 0.35789473684210527 0.65 -0.10000000000000009 -0.057894736842105256 0.0
22 37 -1.1724999999999999 -0.7975000000000001 -0.38249999999999995 -0.37 -0.335 -0.3175 0.28523018378027504 0.07 1.3599999999999999 -1.1000000000000005 -0.7157894736842105 -0.35000000000000003 0.0 -0.005263157894736847 0.04999999999999977
22 38 -0.035 -0.05950000000000001 0.0 -0.18 -0.16 -0.14 0.2092857235587651 0.17 0.45 0.0 0.23684210526315788 0.4 -0.3 -0.08947368421052632 0.049999999999999906
22 39 0.0975 0.20349999999999996 0.2675 -0.19 -0.18 -0.17 0.20432548176396612 0.03 0.53 -0.3999999999999999 -0.27894736842105267 -0.049999999999999975 0.0 0.015789473684210527 0.0
22 40 -0.0025 0.036 0.0925 -0.04 0.1 0.2625 0.23811346504929215 0.66 0.26 0.04999999999999999 0.12105263157894738 0.30000000000000004 -0.45000000000000007 0.047368421052631594 0.7
22 41 0.0725 0.26899999999999996 0.5025 -0.2525 -0.23 -0.21 0.21495086210393935 0.09000000000000002 0.59 -0.2500000000000001 0.0631578947368421 0.30000000000000016 -0.10000000000000009 -0.021052631578947375 0.0
22 42 -0.1825 -0.055999999999999994 0.2275 -0.0125 0.015 0.03 0.23804267110227598 0.06 0.8699999999999999 -0.8000000000000003 -0.136842105263158 0.050000000000000044 -0.09999999999999998 -0.021052631578947368 0.0
22 43 -0.16499999999999998 -0.052000000000000005 0.0225 -0.042499999999999996 -0.03 -0.02 0.18107139437705386 0.05 0.25 0.0 0.1105263157894737 0.1999999999999999 0.0 -0.005263157894736837 0.0
22 44 0.16 0.161 0.2025 -0.1 -0.1 -0.1 0.17832503549839754 0.03 0.24 0.0 0.11578947368421051 0.24999999999999994 0.0 0.010526315789473679 0.0
22 45 -2.7675 -2.571 -2.395 -0.6325000000000001 -0.605 -0.505 0.2604904377459531 0.27 0.9100000000000001 -0.6000000000000005 -0.47894736842105273 -0.30000000000000027 0.0 0.14210526315789473 0.24999999999999967
22 46 0.060000000000000005 0.162 0.24 0.07 0.09 0.09 0.18455064302811472 0.01999999999999999 0.32 -0.049999999999999906 0.1368421052631579 0.24999999999999994 0.0 0.010526315789473679 0.0
22 47 0.03 0.04150000000000001 0.05 0.02 0.03 0.03 0.15888996713862633 0.009999999999999998 0.020000000000000004 0.0 -0.010526315789473684 0.0 0.0 -0.005263157894736841 0.0
22 48 0.34 0.6100000000000001 0.9325 -0.475 -0.44 -0.40249999999999997 0.2801585784413161 0.31999999999999995 1.06 -0.14999999999999958 0.35789473684210527 0.7499999999999998 0.0 0.16842105263157894 0.2999999999999998
22 49 0.06 0.1925 0.3425 0.02 0.035 0.0625 0.2085579049860035 0.14 0.47 -0.4000000000000001 0.042105263157894715 0.35 -0.1 -0.031578947368421054 0.0
22 50 0.065 -0.0025000000000000066 0.16499999999999998 -0.07750000000000001 -0.05 0.0025 0.2865288165848513 0.24 1.24 -0.20000000000000004 0.6368421052631579 0.4000000000000001 -0.2 0.010526315789473675 0.2
22 51 -1.92 -1.5139999999999998 -1.2 -0.16 -0.13 -0.0975 0.3183591139599985 0.12 0.8999999999999999 -0.8499999999999996 0.38947368421052625 1.7000000000000006 -0.10000000000000009 0.06315789473684211 0.20000000000000004
