27 0 -1.8299999999999998 -1.6789999999999998 -1.5075 -0.21000000000000002 0.18 0.2125 0.2854222808227513 0.7 0.6799999999999999 -0.3500000000000003 0.12105263157894736 0.4500000000000004 -0.4999999999999999 -0.3684210526315789 -0.10000000000000009
27 1 1.12 1.2395 1.3325 0.41500000000000004 0.525 0.61 0.23402587528905847 0.28 0.3999999999999999 0.0 0.21052631578947364 0.3500000000000003 -0.5000000000000002 -0.14736842105263157 0.20000000000000018
27 2 0.9774999999999999 1.047 1.1825 0.0975 0.125 0.225 0.2091386587691184 0.17 0.41999999999999993 -0.30000000000000027 -0.22105263157894733 -0.15000000000000013 0.0 0.08947368421052633 0.15
27 3 0.715 0.892 1.1225 0.38749999999999996 0.46499999999999997 0.51 0.224972769686397 0.13 0.6400000000000001 -0.5999999999999994 -0.336842105263158 -0.14999999999999847 0.0 0.06842105263157895 0.10000000000000009
27 4 0.3 0.43550000000000005 0.4525 0.16 0.16 0.1975 0.22988737068440912 0.12999999999999998 0.61 -0.04999999999999977 0.3210526315789474 0.7499999999999998 0.0 0.06842105263157894 0.10000000000000009
27 5 0.030000000000000006 0.7695000000000001 1.6525 0.6475 0.9199999999999999 1.0325 0.48732580632074324 0.41000000000000003 2.71 -2.000000000000001 -1.4 -0.9499999999999997 -0.7500000000000004 -0.18947368421052632 0.4500000000000004
27 6 1.0675000000000001 1.48 1.9425 -0.485 -0.24 -0.0425 0.3419663596900481 0.62 1.5299999999999998 -0.9999999999999998 -0.8052631578947368 -0.6999999999999995 0.14999999999999958 0.32631578947368417 0.5499999999999999
27 7 0.0775 0.14150000000000001 0.1925 -0.1975 0.10500000000000001 0.2525 0.23077199075013188 0.4 0.16999999999999998 -0.2500000000000001 -0.02631578947368421 0.049999999999999975 -0.19999999999999962 0.08421052631578947 0.35000000000000003
27 8 1.1724999999999999 1.3110000000000002 1.62 0.1275 0.2 0.24 0.3116237494421681 0.17 1.57 0.30000000000000027 0.8263157894736842 1.0499999999999998 -0.1999999999999999 -0.005263157894736847 0.10000000000000009
27 9 0.98 1.059 1.2025 0.26 0.28 0.37249999999999994 0.2388207959754959 0.22 0.6900000000000001 -0.30000000000000027 0.0736842105263158 0.4500000000000004 0.049999999999999906 0.11578947368421054 0.20000000000000018
27 10 0.1375 0.568 1.13 0.1 0.16 0.16 0.25838061584648464 0.09 1.0899999999999999 -0.7 -0.5736842105263157 0.0 0.0 0.047368421052631574 0.09999999999999988
27 11 2.9375 3.104 -3.0474999999999994 -0.2425 -0.11499999999999999 -0.0225 0.24981880806523593 0.36 0.45999999999999996 -0.4999999999999982 -3.2052631578947373 0.2499999999999991 -0.2500000000000001 -0.18947368421052632 -0.15
27 12 0.7375 1.1199999999999999 1.43 0.09 0.1 0.1325 0.25473645178303367 0.2 0.65 -0.8000000000000002 -0.3421052631578947 0.30000000000000027 0.0 0.10526315789473684 0.19999999999999996
27 13 0.33 0.6495 0.9549999999999998 -0.0025 0.0 0.02 0.2487542618361799 0.02 1.02 -0.6500000000000006 -0.5368421052631579 -0.3999999999999997 0.0 0.0 0.0
27 14 1.125 1.1445 1.25 0.18500000000000003 0.305 0.37249999999999994 0.22685175057811677 0.28 0.3899999999999999 -0.5499999999999994 -0.20526315789473681 0.10000000000000009 0.09999999999999981 0.1473684210526316 0.20000000000000018
27 15 0.08 0.29300000000000004 0.34249999999999997 -0.22 -0.14500000000000002 0.0175 0.2770497302121791 0.42 0.6399999999999999 -0.3 0.33684210526315783 0.7999999999999996 0.0 0.2210526315789474 0.34999999999999987
27 16 1.3175 1.8305 2.39 -0.96 -0.495 -0.17500000000000002 0.4646046005923163 1.3 1.22 -1.7000000000000015 -0.6421052631578948 0.8000000000000007 -0.8999999999999998 -0.6578947368421053 -0.5499999999999999
27 17 1.015 1.2315 1.475 0.1 0.12 0.1525 0.25275340987463996 0.06 0.9099999999999999 -0.9000000000000008 -0.4789473684210526 0.20000000000000018 0.0 0.026315789473684206 0.049999999999999975
27 18 1.0675000000000001 1.1875000000000002 1.4074999999999998 0.2775 0.33 0.44 0.25068131770051516 0.18999999999999995 0.4600000000000001 -0.8999999999999986 -0.24210526315789477 0.3499999999999992 -0.09999999999999981 0.08421052631578946 0.20000000000000018
27 19 0.4925 0.9054999999999997 1.2825 -0.03 -0.015 0.05 0.23975957645340587 0.07 0.89 -0.5499999999999996 -0.46842105263157896 0.0 0.0 0.03684210526315789 0.04999999999999999
27 20 0.1 0.417 0.7324999999999999 -0.2725 -0.095 0.04 0.2827783601768834 0.38 0.8800000000000001 0.049999999999999975 0.46315789473684216 0.8500000000000005 0.0 0.20000000000000004 0.3999999999999998
27 21 1.4849999999999999 1.6960000000000002 2.0225 -0.16499999999999998 -0.08499999999999999 -0.05 0.273261138382896 0.19999999999999998 1.1400000000000001 0.29999999999999916 0.6 0.8499999999999996 -0.2500000000000001 -0.10526315789473684 0.0
27 22 0.37750000000000006 0.6535 0.985 0.33 0.33 0.34 0.24088274575033483 0.09000000000000002 0.72 0.0 0.3789473684210526 0.5499999999999994 0.0 0.010526315789473694 0.050000000000000044
27 23 0.9950000000000001 1.058 1.1125 -0.155 -0.06 0.03 0.22591337579617835 0.25 0.54 -0.4500000000000004 -0.2842105263157895 -0.10000000000000009 0.0 -0.005263157894736842 0.20000000000000012
27 24 0.94 1.2245000000000001 1.5550000000000002 0.2275 0.24 0.26 0.23787775568988606 0.07000000000000003 0.86 0.09999999999999953 0.4526315789473684 0.7000000000000006 -0.049999999999999906 0.010526315789473694 0.049999999999999906
27 25 1.38 1.369 1.4325 0.07 0.08 0.09 0.20855790498600354 0.039999999999999994 0.57 -0.2500000000000002 -0.3 0.0 0.0 0.010526315789473684 0.09999999999999995
27 26 1.46 1.748 2.065 -0.005 0.015 0.065 0.27298425088238865 0.14 1.0899999999999999 0.4500000000000004 0.48947368421052617 0.8000000000000007 -0.15000000000000002 0.03157894736842105 0.2
27 27 1.3849999999999998 1.4460000000000002 1.5 -0.07250000000000001 -0.045 -0.0275 0.19880984218426712 0.13 0.3600000000000001 0.0 0.18947368421052638 0.3500000000000003 -0.10000000000000002 -0.03684210526315789 0.0
27 28 1.21 1.3924999999999998 1.55 0.1875 0.19 0.19 0.20316154002190762 0.01999999999999999 0.5299999999999998 0.10000000000000009 0.2789473684210525 0.4499999999999993 0.0 0.0 0.0
27 29 1.1 1.2979999999999998 1.4775 0.23249999999999998 0.31 0.36250000000000004 0.24311184226540625 0.19999999999999998 0.6499999999999999 0.050000000000000044 0.34210526315789475 0.5499999999999994 -0.34999999999999976 -0.10526315789473684 0.10000000000000009
27 30 -1.7574999999999998 -0.619 0.47 -0.27749999999999997 -0.045 0.0 0.5571750902673538 0.69 3.0700000000000003 -2.95 0.1842105263157895 3.45 0.15000000000000002 0.36315789473684207 0.5500000000000003
27 31 1.3425000000000002 1.3915 1.4925 0.3 0.3 0.33 0.20082087711469024 0.03999999999999998 0.45999999999999996 -0.30000000000000027 -0.2421052631578947 -0.10000000000000009 0.0 0.021052631578947358 0.10000000000000009
27 32 0.8875 0.931 1.0 0.27 0.32 0.355 0.18658946813258137 0.10999999999999999 0.18000000000000005 -0.050000000000000044 -0.03684210526315787 0.10000000000000009 0.0 0.057894736842105256 0.10000000000000009
27 33 0.71 1.3649999999999998 1.9000000000000001 -0.34 -0.125 0.0675 0.36299358188973196 0.33 0.99 -1.700000000000001 -0.5210526315789474 0.8999999999999997 -0.10000000000000009 0.09999999999999999 0.49999999999999994
27 34 0.96 1.0824999999999998 1.27 -0.5175000000000001 -0.32999999999999996 -0.1675 0.2746831027627897 0.53 0.7600000000000001 -0.5500000000000005 -0.4 -0.050000000000000044 -0.44999999999999984 -0.0421052631578947 0.0
27 35 0.6 0.741 1.0125 0.1175 0.12 0.16 0.22226698040488463 0.09 0.68 -0.6499999999999995 -0.3578947368421053 -0.050000000000000044 -0.09999999999999995 -0.04736842105263158 0.0
27 36 0.4875 0.5099999999999999 0.54 0.2975 0.31 0.33499999999999996 0.1822556209176843 0.13 0.17000000000000004 -0.10000000000000009 0.03157894736842106 0.10000000000000009 -0.10000000000000009 -0.06315789473684211 0.0
27 37 0.265 0.44849999999999995 0.595 0.21 0.23 0.2975 0.2323215465130432 0.19 0.5 -0.35000000000000003 0.0894736842105263 0.6500000000000004 0.0 0.09999999999999999 0.1999999999999999
27 38 0.0775 0.1505 0.255 0.21 0.23 0.28250000000000003 0.18530381759909134 0.09 0.26 -0.1999999999999999 -0.12631578947368424 0.0 -0.09999999999999981 -0.047368421052631574 0.0
27 39 1.33 1.3519999999999999 1.3625 0.505 0.5700000000000001 0.58 0.18883884944622512 0.23999999999999994 0.1299999999999999 -0.10000000000000009 -0.0684210526315789 0.0 0.0 0.1263157894736842 0.20000000000000018
27 40 1.4575 1.496 1.5025 0.265 0.37 0.4475 0.2042392713700353 0.31999999999999995 0.15999999999999992 -0.10000000000000009 0.08421052631578943 0.20000000000000018 -0.24999999999999994 -0.16842105263157894 -0.10000000000000009
27 41 1.51 1.6059999999999999 1.69 0.03 0.03 0.0325 0.19092838654712158 0.010000000000000002 0.3900000000000001 0.10000000000000009 0.2052631578947369 0.30000000000000027 0.0 -0.005263157894736843 0.0
27 42 -2.1100000000000003 -1.8969999999999998 -1.64 -0.07500000000000001 -0.025 0.07750000000000001 0.264200527404763 0.36 0.8900000000000001 -0.6000000000000005 -0.46842105263157907 -0.40000000000000036 -0.20000000000000018 -0.1894736842105263 -0.15
27 43 0.88 1.2174999999999998 1.5475 0.1475 0.215 0.28 0.2586138910300621 0.18 0.91 -0.8500000000000002 -0.4789473684210526 -0.2500000000000002 0.0 0.0842105263157895 0.15
27 44 1.455 1.5595000000000003 1.7025 0.1175 0.14 0.25 0.22248991034119034 0.22 0.49 -0.3499999999999992 0.07894736842105259 0.5000000000000004 -0.2999999999999998 -0.10526315789473684 0.0
27 45 0.315 0.7505 0.9650000000000001 0.19 0.21 0.24 0.29822665422532363 0.08999999999999997 1.25 -0.1999999999999999 0.6578947368421053 1.4500000000000006 -0.10000000000000009 0.005263157894736826 0.09999999999999995
27 46 1.24 1.2560000000000002 1.27 0.08750000000000001 0.1 0.12 0.16697690778530574 0.08000000000000002 0.06000000000000005 -0.050000000000000044 -0.005263157894736847 0.050000000000000044 0.0 0.04210526315789474 0.09999999999999995
27 47 0.765 1.0554999999999999 1.33 0.045000000000000005 0.08 0.16749999999999998 0.2493579374416811 0.18 0.8900000000000001 -0.8500000000000008 -0.46842105263157896 0.0 0.0 0.09473684210526315 0.1999999999999999
27 48 1.0975000000000001 1.4715 1.8575000000000002 0.07 0.09 0.09 0.2925694267515924 0.26 1.2999999999999998 0.40000000000000036 0.6789473684210525 0.9000000000000008 -0.10000000000000009 -0.1368421052631579 0.0
27 49 0.8624999999999999 1.06 1.26 0.0 0.12 0.16 0.2107362895046452 0.18 0.45999999999999996 -0.4499999999999993 -0.12105263157894736 0.0 0.0 0.07894736842105261 0.14999999999999997
27 50 0.07 0.13799999999999996 0.2225 -0.07250000000000001 -0.07 -0.057499999999999996 0.17392019148849858 0.039999999999999994 0.18 -0.10000000000000009 -0.09473684210526316 0.0 0.0 0.021052631578947364 0.0
27 51 1.4124999999999999 1.4455000000000005 1.5225000000000002 0.19 0.195 0.2325 0.20940236115055386 0.09000000000000002 0.3600000000000001 -0.10000000000000009 -0.18947368421052638 0.14999999999999902 -0.09999999999999981 -0.02105263157894739 0.0
27 52 0.545 1.0455 1.5225000000000002 0.08750000000000001 0.14500000000000002 0.17 0.2844216317091973 0.14 1.28 -1.1999999999999993 -0.6736842105263158 -0.050000000000000044 0.0 0.06315789473684212 0.10000000000000009
27 53 0.8775000000000001 1.197 1.5250000000000001 0.02 0.17 0.23 0.24663186336159687 0.27 0.76 -0.7000000000000006 -0.3578947368421053 -0.10000000000000009 0.0 0.13684210526315793 0.20000000000000004
27 54 1.1549999999999998 1.2710000000000001 1.36 -0.05 -0.045 0.0625 0.18960216641648756 0.14 0.24 -0.20000000000000018 -0.12631578947368421 0.0 0.0 0.07368421052631578 0.10000000000000006
27 55 1.2875 1.2925 1.3025000000000002 -0.1325 0.02 0.09 0.18490055580348086 0.26 0.050000000000000044 -0.10000000000000009 -0.01578947368421054 0.0 -0.20000000000000004 -0.1368421052631579 0.0
27 56 1.4825 1.5695000000000001 1.6925000000000001 0.10750000000000001 0.185 0.24 0.21096185646476528 0.15000000000000002 0.32000000000000006 -0.29999999999999916 -0.005263157894736847 0.15000000000000013 0.0 0.042105263157894736 0.15
27 57 -0.18 0.0060000000000000105 0.025 0.04750000000000001 0.09 0.12 0.34404007464805875 0.07999999999999999 1.98 -2.3999999999999995 -0.6368421052631578 0.2 0.0 0.04210526315789474 0.19999999999999996
27 58 0.25 0.5339999999999999 0.8025 -0.05 -0.01 0.02 0.23735542212665825 0.04 0.69 -0.5000000000000003 0.3578947368421053 1.75 -0.05 0.021052631578947368 0.09999999999999999
27 59 0.815 0.9624999999999998 1.1225 0.1525 0.19 0.21 0.2416411943689399 0.16 0.8299999999999998 -0.6000000000000005 -0.43684210526315775 -0.19999999999999962 0.0 0.07894736842105263 0.10000000000000009
27 60 1.24 1.3159999999999998 1.3225 0.1275 0.14 0.14 0.19768910706316686 0.07 0.3999999999999999 0.0 0.21052631578947364 0.40000000000000036 -0.049999999999999975 -0.0368421052631579 0.0
27 61 1.8525 1.8405 1.9 -0.38999999999999996 -0.03 0.0125 0.24617018134609908 0.47000000000000003 0.49 0.0 0.2578947368421053 0.30000000000000027 -0.05 0.23157894736842108 0.19999999999999998
27 62 1.155 1.2555 1.4849999999999999 0.17500000000000002 0.29000000000000004 0.3225 0.2697891922593209 0.24 0.8 -1.3000000000000007 -0.42105263157894735 0.20000000000000018 0.0 0.09473684210526315 0.20000000000000018
27 63 -0.62 0.26800000000000007 0.81 -1.22 -1.2 -1.0575 0.5695724248448213 0.55 3.08 -3.0 -2.1789473684210523 -1.1499999999999995 -0.39999999999999925 -0.2894736842105263 0.0
27 64 1.36 1.388 1.42 0.19 0.195 0.21 0.17223127915939795 0.06 0.1399999999999999 -0.050000000000000044 0.03684210526315781 0.14999999999999902 0.0 0.031578947368421054 0.09999999999999981
