51 0 -0.9516555 -0.6941158399999998 -0.4972504000000001 0.03479904999999989 0.04309650000000009 0.05826270000000011 0.24857135876653821 0.0744494 0.5886871999999999 -0.6776120000000008 0.2006955789473685 0.8782580000000006 -0.004082000000000807 0.039183894736842105 0.0748890000000002
51 1 -0.3367179000000001 0.13729022 0.5408179000000001 -0.12247570000000008 -0.004976899999999951 0.05973849999999992 0.2713494831359649 0.1881174000000001 1.0499532 0.12748400000000215 0.543352210526316 0.7689860000000004 -0.07300499999999932 0.08312736842105264 0.2193289999999981
51 2 -0.30549060000000006 -0.2852124800000001 -0.26435659999999983 -0.04589894999999988 -0.04430540000000005 -0.03972100000000012 0.1619841308620796 0.010236399999999923 0.06970799999999988 0.0031399999999992545 0.036688421052631516 0.06656799999999796 -0.014287000000000605 -0.00213189473684223 0.007536000000001319
51 3 -0.3481632000000001 -0.16381694000000005 0.10545689999999996 -0.2398096500000001 -0.18737950000000003 -0.14381200000000005 0.2646628508830988 0.29032440000000004 0.9594583999999999 -0.09985199999999805 0.3534648421052632 0.8766879999999988 -0.04333200000000037 0.11927042105263157 0.25967800000000096
51 4 -1.1962458000000002 -0.80238932 -0.2635088 0.018486749999999885 0.14084470000000004 0.21273500000000017 0.3087432763264108 0.3003410000000002 1.1451580000000003 -0.0763019999999981 0.6027147368421054 0.9087159999999983 -0.3144710000000006 0.029449894736841915 0.3614139999999988
51 5 -0.24696099999999999 -0.22641283999999998 -0.19601449999999987 0.10412240000000011 0.11564620000000003 0.12369245000000006 0.17254666648883119 0.025967800000000096 0.09533040000000037 -0.02354999999999663 0.0501738947368423 0.16013999999999973 -0.021665999999999075 0.007403789473684065 0.020723999999998632
51 6 -0.17582429999999993 -0.15784465999999991 -0.14381199999999994 -0.32469955 -0.3142669 -0.3048861499999999 0.16148795223086937 0.030395200000000067 0.04848159999999968 -0.032970000000001054 0.0012559999999998887 0.02229400000000048 -0.00989100000000076 -0.0021153684210525733 0.03611000000000031
51 7 -0.39424270000000006 -0.26554665999999993 -0.16767600000000005 -0.22807390000000005 -0.18996999999999997 -0.1478861500000001 0.20603279066207963 0.19741180000000003 0.3423227999999998 0.021351999999998927 0.180169894736842 0.30049800000000015 -0.20598399999999906 0.019220105263157865 0.1273270000000004
51 8 -0.36678339999999987 -0.36353978 -0.3595927999999997 -0.013172300000000026 -0.010927200000000026 -0.008964699999999992 0.15687070414488213 0.009985200000000027 0.017269999999999897 0.0 0.007139368421052713 0.02606200000000003 -0.016485000000000527 -0.005255368421052646 0.003611000000000031
51 9 -0.19924870000000028 -0.19493748000000005 -0.18846279999999993 -0.02405240000000003 -0.02177589999999996 -0.016029699999999925 0.16069601855188848 0.02009599999999989 0.05036559999999968 -0.03296999999999661 -0.01685684210526313 0.0 -0.000628000000000295 0.010576842105263102 0.01852600000000093
51 10 -0.3291191000000001 -0.30918638 -0.2944221 0.05289330000000009 0.061292799999999925 0.0680595 0.16703472399074198 0.03158839999999974 0.09344640000000037 -0.01601399999999975 0.04918231578947388 0.06562600000000085 -0.055106999999997575 -0.010692526315789413 0.025277000000002436
51 11 -0.3199816999999999 -0.3148949 -0.29990139999999976 -0.09016509999999994 -0.07989730000000006 -0.06948820000000006 0.16402188914679303 0.041479400000000055 0.055703600000000186 -0.06876600000000233 -0.027367578947368656 0.03234200000000076 -0.01962500000000089 0.011072631578947311 0.04254700000000056
51 12 -0.41380490000000014 -0.38299521999999997 -0.35158579999999984 -0.0036267000000000382 0.007222000000000062 0.012049750000000026 0.17035836595762105 0.02386400000000033 0.13432920000000026 0.0018840000000031054 0.058602315789473745 0.11398199999999914 -0.0530660000000005 -0.004495157894736967 0.05714800000000242
51 13 -0.2335531999999999 -0.216032 -0.19731759999999998 -0.06896224999999989 -0.027066800000000057 0.014216349999999878 0.1762454605888311 0.13659 0.0783115999999997 -0.11680800000000158 -0.012427789473684205 0.048984000000000805 -0.1034629999999992 -0.0677413684210526 -0.00125600000000059
51 14 -0.35657839999999996 -0.35527844000000003 -0.34488189999999996 -0.11879404999999993 -0.11713770000000001 -0.11341679999999998 0.16144473872641077 0.020786799999999994 0.04527879999999973 -0.006279999999998509 0.02383094736842091 0.04364599999999941 -0.014443999999999013 0.010940421052631577 0.02480600000000055
51 15 -0.2331293000000001 -0.21486077999999997 -0.2130961 -0.14483249999999998 -0.13855249999999997 -0.1255058 0.1761315742830987 0.05730499999999994 0.12874000000000008 -0.08132599999999934 0.06775789473684214 0.12465799999999971 -0.12936800000000082 -0.019286210526315673 0.08603600000000156
51 16 -0.5651685999999999 -0.49170201999999996 -0.3519312000000001 0.09755195 0.12132959999999993 0.12916390000000005 0.22436905939711144 0.028888000000000025 0.7424843999999999 -0.7576819999999973 -0.3907812631578947 -0.03265600000000202 -0.02464900000000103 -0.01416305263157888 0.021508999999999556
51 17 -1.1939536 -0.6689016399999999 -0.2159534999999999 -0.25224404999999994 -0.05132329999999996 -0.029068550000000082 0.32579495598309866 0.2838559999999999 1.6509491999999997 0.5802720000000006 0.8689206315789471 0.9803080000000008 -0.010361999999999316 0.14495231578947357 0.30442300000000033
51 18 -1.6831342 -1.27476464 -0.7882342 -0.30802615 -0.2673553000000001 -0.21790815000000002 0.3235922163939269 0.10666580000000003 1.7931912000000003 0.6279999999999974 0.9437848421052631 1.2377879999999986 -0.00015700000000062886 0.05179347368421055 0.11319700000000044
51 19 -0.24060249999999983 -0.21307098 -0.1693245 -0.25817865 -0.25501510000000005 -0.25193004999999996 0.1728270254340541 0.05438480000000001 0.1534831999999997 0.004395999999997624 0.07403789473684205 0.09796800000000161 -0.05055399999999932 -0.01887305263157893 0.01993899999999993
51 20 -0.6247972000000003 -0.44865262 -0.29870819999999987 -0.005675549999999918 0.0030457999999998764 0.010621049999999965 0.20085499441685664 0.03450859999999989 0.38797840000000017 -0.12779799999999675 0.1757408421052633 0.5196699999999987 -0.034068999999998795 0.005602421052631581 0.023078999999999184
51 21 -0.43850100000000014 -0.4223771 -0.3968646000000001 -0.016241649999999996 -0.01469520000000002 -0.012701300000000026 0.16386612438309872 0.012685600000000186 0.09256719999999996 -0.038936000000000526 0.025450526315789507 0.07410399999999928 -0.016799000000000675 0.006676631578947466 0.02747500000000236
51 22 -1.83847 -1.2890673400000001 -0.8066502999999997 -0.056362999999999996 -0.048151899999999914 -0.02174450000000011 0.3063255549308692 0.07846859999999989 1.5559956000000001 0.3573319999999991 0.8189450526315791 1.259454000000001 -0.11335399999999995 0.018046736842105327 0.14852200000000093
51 23 -0.2995403 -0.27432610000000013 -0.24477870000000013 -0.04302585000000009 -0.02926479999999998 -0.026022749999999983 0.16727831305889493 0.05752479999999993 0.06782399999999988 -0.08132600000000156 -0.011270947368421089 0.06813799999999981 -0.0026689999999995884 0.030276210526315753 0.04709999999999881
51 24 -0.19124169999999996 -0.07441485999999997 0.049439300000000186 -0.08091779999999998 -0.0774166999999999 -0.06521779999999999 0.19245448478373556 0.014067199999999946 0.4067555999999999 0.08195399999999964 0.18797031578947399 0.3268739999999992 -0.012089000000000683 0.006709684210526312 0.02119500000000052
51 25 -0.34745670000000006 -0.28972465999999997 -0.2355471 0.0923395500000001 0.09661780000000009 0.09978135000000016 0.17667389098946817 0.056865399999999955 0.1938008 -0.13219400000000103 -0.07089789473684234 0.051495999999999764 -0.009262999999999355 0.024822526315789562 0.04819899999999877
51 26 -0.17120849999999987 -0.16922402000000006 -0.15747100000000003 0.08984324999999999 0.10013460000000007 0.11614074999999996 0.1635492792716337 0.03833939999999969 0.03811959999999992 -0.043959999999998445 -0.02006294736842101 0.031714000000000464 -0.06060200000000071 -0.018112842105263018 0.02841699999999947
51 27 -0.36212049999999985 -0.26507879999999995 -0.17461539999999998 -0.17427785000000007 -0.16387660000000004 -0.1568273 0.18028471440985033 0.04531020000000008 0.23933079999999984 0.037679999999999936 0.12576526315789457 0.19091199999999864 -0.01601399999999864 0.013733368421052713 0.0585609999999992
51 28 -0.08795140000000001 -0.08439691999999999 -0.07736959999999993 -0.21283705000000003 -0.2098776 -0.20375460000000012 0.16182217693660184 0.0243663999999999 0.030081199999999697 -0.03862200000000149 -0.01583221052631563 0.01978200000000152 -0.021980000000000333 -0.012824421052631527 0.007064999999999433
51 29 -0.20257709999999984 -0.19672414 -0.19125740000000013 0.06514715000000004 0.07616069999999986 0.08435610000000016 0.15820878457290757 0.024805999999999884 0.008854799999999496 -0.02857399999999899 -0.0041976842105263005 0.017898000000000636 -0.021666000000000185 -0.00657747368421046 0.007536000000001319
51 30 -0.2525345 -0.22448801999999998 -0.21895219999999982 -0.16320934999999992 -0.15156780000000003 -0.1409703 0.16958247453023248 0.02540259999999983 0.12792359999999992 -0.015699999999998493 0.06732821052631574 0.12842599999999926 -0.013816000000000939 0.0089903157894737 0.042860999999999594
51 31 -0.2755978000000001 -0.26060430000000007 -0.2262527000000002 -0.1107007000000001 -0.09507920000000003 0.10704259999999999 0.19418022630284396 0.3284440000000002 0.08986680000000025 -0.09231600000000117 -0.0407538947368422 0.03611000000000031 0.01365900000000031 0.17286526315789483 0.27475000000000027
51 32 -1.0597813999999999 -0.6878484 -0.36535470000000003 -0.14374135 -0.0955973 -0.08827325000000003 0.2601302211557103 0.19135159999999996 0.9519224000000004 0.058717999999997605 0.5010117894736844 0.7959899999999998 -0.07724399999999854 -0.003007789473684221 0.08964699999999937
51 33 -0.2348248999999999 -0.11230837999999996 -0.039093000000000044 -0.32884435000000006 -0.3063698 -0.21191860000000007 0.2134351226085764 0.2800879999999999 0.37479039999999975 -0.07127800000000128 0.08015263157894727 0.20912400000000053 0.01365900000000142 0.010510736842105175 0.21791600000000022
51 34 -0.32492719999999997 -0.30447009999999997 -0.2865249999999999 0.11425674999999991 0.1265890999999999 0.1395101999999998 0.1736195048894682 0.032561800000000085 0.11153279999999999 -0.0031399999999992545 0.05870147368421052 0.1212039999999992 -0.01852599999999982 0.012708736842105214 0.03202800000000061
51 35 -0.23918950000000005 -0.16547800000000001 -0.10333739999999991 -0.20435905000000004 -0.1981025999999999 -0.1821199999999999 0.1753746773862834 0.02232539999999994 0.19888759999999994 -0.05934600000000234 0.07631852631578945 0.15888399999999914 -0.008006999999999875 0.010989999999999962 0.03752300000000042
51 36 -0.2713745000000002 -0.22477376 -0.19544930000000027 0.060853199999999996 0.06352220000000008 0.06867180000000017 0.17527329731112412 0.035701800000000006 0.1988247999999997 0.03673799999999838 0.10315726315789493 0.11680800000000158 -0.012560000000001459 0.016080105263157795 0.03218499999999902
51 37 -0.1394474 -0.04050599999999993 0.042970900000000256 -0.14112729999999996 -0.13410939999999993 -0.11676090000000006 0.1947326319843725 0.06750999999999996 0.33761280000000005 -0.19499399999999945 -0.026475157894736773 0.3102320000000014 -0.043960000000000665 0.001850947368421104 0.045058999999999516
51 38 -0.14034230000000003 -0.10641146000000004 -0.06966090000000014 -0.11847219999999992 -0.05758760000000007 0.034367300000000045 0.19644205531813055 0.1635626000000001 0.24686680000000027 0.023864000000002328 0.12992989473684224 0.25779399999999786 -0.1620239999999995 -0.058337894736842165 0.11319699999999822
51 39 -0.2846881 -0.2770893 -0.2612637000000001 -0.013768899999999973 -0.010660299999999956 -0.009019650000000046 0.16297461662131527 0.007504599999999861 0.08402639999999995 -0.017583999999999378 0.03364757894736856 0.10016599999999931 -0.011617999999999906 0.0003470526315789351 0.013345000000000162
51 40 0.10410669999999977 0.5028835599999999 0.8506731 -0.11730255 -0.045561399999999974 -0.013172300000000081 0.319590880391379 0.20799360000000022 1.6709823999999998 -1.2980759999999947 -0.8794644210526315 -0.41981799999999847 0.047728000000002435 0.10191778947368423 0.14255599999999924
51 41 -0.2545441000000003 -0.23642002 -0.2169112000000002 -0.12309585 -0.11462570000000005 -0.11137580000000002 0.1632599536295955 0.026595799999999947 0.05162159999999982 -0.07912799999999942 -0.025417473684210663 0.01601399999999753 -0.010519000000001055 0.013997789473684182 0.03108600000000017
51 42 -0.24864089999999994 -0.23673716000000006 -0.21987849999999987 -0.10854979999999997 -0.0728951000000001 -0.05604899999999996 0.1662616084085764 0.050962199999999847 0.03303279999999997 -0.016956000000001303 0.017385684210526303 0.03673799999999838 -0.02245099999999889 0.006114736842105331 0.062643
51 43 -0.3265756999999999 -0.27799676000000006 -0.24027279999999984 -0.16471655000000007 -0.16021850000000004 -0.15555559999999996 0.1666796692557102 0.022827799999999954 0.10462479999999985 -0.04835599999999829 0.040621684210526116 0.09985199999999805 -0.00863500000000017 0.00475957894736832 0.024334999999999773
51 44 -0.36752130000000005 -0.32704042000000005 -0.2973737000000001 -0.23572765000000007 -0.21826139999999994 -0.20856664999999985 0.16836329569838537 0.06411879999999992 0.09319520000000026 0.007222000000000062 0.04905010526315803 0.0741040000000015 0.021508999999998446 0.03374673684210522 0.04851300000000003
51 45 -0.3385391 -0.30291579999999996 -0.2538062000000002 -0.03424955000000007 -0.017788099999999973 -0.0012089000000000683 0.1769310588512516 0.07156059999999975 0.14915000000000012 -0.13219400000000103 -0.034044210526315656 0.1230880000000023 -0.09341500000000003 -0.013353263157894698 0.05542099999999994
51 46 -0.3008748 -0.26106588 -0.22424310000000025 -0.012073300000000065 -0.0012560000000000349 0.0017191500000000026 0.16653180014360827 0.021446200000000193 0.1149239999999998 -0.03359799999999913 0.03827494736842103 0.09828200000000065 -0.009734000000000131 0.008709368421052691 0.029516000000000542
51 47 -0.13505139999999993 -0.12124482 -0.10104519999999984 0.015079849999999895 0.017866600000000066 0.023086849999999992 0.16080308274488214 0.012560000000000127 0.05878079999999963 0.0015699999999996272 0.027896421052631595 0.05966000000000138 -0.013031000000000015 -0.0035696842105263564 0.013816000000002049
