54 0 2.8252464 3.0245013800000002 -3.09884716 0.65275105 0.7008009000000002 0.7167207 0.2505037165415063 0.2737765999999997 0.7494614799999999 -0.5724220000000013 -3.203114 0.6568879999999977 -0.09765399999999813 -0.03495315789473696 -0.0025119999999989595
54 1 -0.7104878 -0.6616168400000001 -0.6302451000000001 0.0750773999999998 0.08418340000000002 0.08642065000000004 0.17344729004488213 0.021414799999999623 0.1931727999999997 0.04678600000000088 0.10166989473684195 0.12497199999999653 -0.023235999999999812 -0.010923894736842035 0.00125600000000059
54 2 -1.3046229 -1.24241636 -1.1864176000000002 0.5759152500000001 0.6280785000000002 0.65706855 0.19593061715061466 0.25298980000000015 0.20673759999999985 0.06688200000000033 0.10880926315789466 0.14161400000000102 -0.08415200000000178 0.09653021052631573 0.26721399999999784
54 3 -0.9985357 -0.6925301399999999 -0.3971785999999998 0.16755039999999993 0.2957409 0.4847924499999998 0.2965509977467929 0.34496040000000017 0.9647336000000004 0.179608 0.5077545263157898 0.6747860000000006 -0.2485309999999996 -0.11198231578947358 0.3628269999999989
54 4 -1.1377947000000002 -1.065088 -1.0125558000000003 0.4315066499999999 0.4904680000000001 0.5748869000000002 0.2061167064576209 0.2200511999999999 0.1869556000000001 -0.194051999999999 0.08725894736842091 0.09890999999999983 0.04741400000000007 0.05266936842105254 0.1639080000000015
54 5 -0.22604860000000004 -0.18327238 -0.15564980000000006 0.1504766500000001 0.16679679999999975 0.18431015000000012 0.18819146284360827 0.05915760000000003 0.31513040000000014 0.018211999999999673 0.16585810526315797 0.16767600000000105 -0.05039700000000091 0.031135578947368438 0.07677299999999887
54 6 -0.45743520000000015 -0.2992482800000001 -0.17865030000000004 0.017913700000000088 0.03926569999999996 0.050506899999999966 0.22322399065825793 0.04895260000000001 0.7281032000000001 -0.446508000000001 -0.3832122105263158 -0.2191720000000008 -0.010833000000000093 0.022988105263158115 0.04129100000000108
54 7 -0.44253589999999987 -0.44041326000000003 -0.4379358000000001 0.30050584999999985 0.30249190000000004 0.30507455000000006 0.15621069147354458 0.009043200000000029 0.009231600000000117 -0.000628000000000295 0.004098526315789529 0.007535999999999099 -0.010833000000000093 0.0008097894736841818 0.013973000000000457
54 8 -0.5589514000000001 -0.53789456 -0.5292470000000001 0.2285370499999999 0.23013059999999996 0.23411054999999992 0.16515915095507322 0.01190060000000015 0.10223840000000006 -0.0015700000000018477 0.05380968421052635 0.1196340000000018 -0.02464899999999881 0.0001983157894736605 0.02339300000000044
54 9 -0.5748083999999999 -0.50229638 -0.40804300000000027 0.18953040000000015 0.19329839999999998 0.19486055000000008 0.19524790268246175 0.028134400000000115 0.22061639999999993 0.07441799999999832 0.11611389473684207 0.3183960000000008 -0.03799400000000008 0.009139052631578975 0.0544789999999995
54 10 -0.45724680000000006 -0.44091880000000006 -0.41942550000000023 0.17379899999999998 0.1775042000000001 0.18294424999999997 0.16033552378883117 0.02163460000000028 0.041196800000000255 -0.004396000000002065 0.021682526315789607 0.01601400000000197 -0.014443999999999013 0.0010742105263158851 0.01727000000000034
54 11 2.8317462 2.8989579 2.9768141999999997 1.0863772 1.1887726 1.2052026500000002 0.201065496592016 0.2998386000000002 0.15323200000000003 -0.1613959999999981 -0.05936252631578931 0.07284799999999425 0.008320999999997802 0.14321705263157902 0.2565379999999995
54 12 0.8778341000000005 1.0743855400000002 1.3395554 0.19818110000000005 0.20874720000000002 0.23294090000000006 0.21161495144042342 0.06220340000000002 0.5158391999999994 -0.3636119999999998 -0.27149431578947336 -0.0646839999999993 -0.12638499999999997 -0.019616736842105187 0.08101200000000142
54 13 0.21664430000000034 1.2827528000000001 2.3600554000000002 0.1378067499999998 0.40454190000000023 0.7827313500000002 0.44861381707672915 0.7733505999999999 2.6488412000000006 -2.192976000000002 -1.3941269473684215 -0.3165120000000021 -0.5896920000000017 -0.4070266315789473 -0.13910200000000206
54 14 -2.4561394 -2.1338089800000004 -1.806442 -0.00391714999999998 0.05239090000000002 0.10467974999999985 0.27023932457991395 0.17574579999999984 1.0682907999999998 -0.8901899999999996 -0.49896252631578936 0.05683399999999894 -0.18745799999999924 -0.005784210526315702 0.16029700000000036
54 15 -0.28963360000000027 0.10433591999999992 0.5175505000000002 -0.12674610000000003 -0.06779259999999998 0.044211200000000006 0.3141607562563471 0.2519536000000002 1.5293055999999998 -0.9624100000000002 -0.8048976842105261 -0.6188940000000054 -0.19499399999999945 -0.08198705263157907 -0.07300500000000043
54 16 -2.81274449 -2.25173953 -1.5924824000000002 0.00025904999999981637 0.005966000000000027 0.17052555000000003 0.3475335607820797 0.31384299999999987 1.8846280000000002 -1.2913563999999988 -0.8897437894736845 -0.695133200000001 -0.288565999999999 -0.16518052631578942 -0.014758000000001381
54 17 -0.3039677000000002 -0.25418928000000013 -0.2059369000000001 -0.03870835 -0.036659499999999956 -0.03322905000000004 0.1689724354958376 0.029578800000000127 0.0732248000000002 -0.13313600000000037 -0.033416210526315944 0.05055399999999821 -0.046315000000000106 -0.015567789473684278 0.01727000000000034
54 18 -2.9287423699999997 -2.6232216260000003 -2.6684379400000005 -0.4914414 -0.4785988 -0.45880895 0.3383138428388312 0.35324999999999984 1.5201493599999998 -0.2595524000000027 0.8000786105263157 1.5376265999999994 -0.029044999999998655 0.18592105263157888 0.20708300000000124
54 19 1.9628454 1.96978166 1.974589 -0.307249 -0.2618446 -0.25061124999999995 0.16323285874424517 0.07551699999999983 0.023047600000000834 -0.021665999999997965 -0.005949473684210516 0.020410000000001816 -0.06217200000000034 -0.03870463157894732 -0.016641999999998935
54 20 0.40433779999999997 0.6007730600000001 0.8491188000000001 -0.027106049999999937 0.06386760000000002 0.11074780000000001 0.27071953354997763 0.31349760000000004 0.9534296000000002 -0.6264299999999978 -0.501805052631579 -0.26909800000000095 -0.2565380000000028 -0.001503894736842052 0.20252999999999965
54 21 -0.5699256999999999 -0.551855 -0.533957 0.14036584999999996 0.14547620000000017 0.15046880000000007 0.16516430626399042 0.04672320000000019 0.07416679999999998 -0.0062800000000007294 0.03903515789473683 0.08132599999999934 -0.0461580000000017 -0.02459115789473694 0.00989100000000076
54 22 0.3531715000000003 0.84625512 1.4361261000000005 0.0800307500000001 0.10487599999999997 0.12491704999999997 0.34313786420602843 0.08616160000000006 1.9741179999999994 -1.354909999999998 -1.0390094736842104 -0.6060199999999982 -0.11335399999999995 -0.017732736842105235 0.13627600000000073
54 23 -0.5840400000000001 -0.5607066600000001 -0.5400643000000002 0.27336055 0.27752889999999997 0.2790125500000001 0.16408291442067832 0.013062399999999919 0.08861079999999966 -0.00125600000000059 0.04663726315789456 0.06845199999999885 -0.018369000000000302 -0.00687494736842101 0.0050240000000001395
54 24 1.4389207000000002 1.49358496 1.4979997999999997 -0.005659850000000077 -0.0016799000000000675 0.003281299999999876 0.18884383577099678 0.07620780000000016 0.20761679999999938 -0.08038399999999779 0.10927199999999967 0.030144000000000837 -0.04113400000000045 -0.04010936842105271 0.00989100000000187
54 25 -0.44085600000000014 -0.44833234 -0.4329275 0.1837213999999998 0.18689280000000008 0.18799180000000004 0.16375083132832163 0.008917599999999748 0.09526760000000012 -0.0015699999999996272 0.05014084210526322 0.07284800000000091 -0.009734000000001242 -0.0011898947368421968 0.01114700000000135
54 26 -0.26346170000000024 -0.24503618 -0.23991170000000017 0.29888090000000006 0.30085910000000016 0.30652680000000004 0.16396219328500955 0.02822860000000027 0.06908000000000003 0.0050240000000001395 0.036357894736842124 0.06751000000000174 -0.028888000000000247 -0.014857157894736983 0.0014129999999989984
54 27 0.4348428999999999 0.80781838 1.3187057999999998 0.2861560499999999 0.3029000999999999 0.3253275500000001 0.340081111945519 0.21499580000000007 1.8306828000000004 0.4766520000000041 0.9612696842105268 1.3844260000000008 -0.14208499999999957 -0.11315568421052635 0.06201500000000082
54 28 -0.1491813999999999 -0.14188718000000003 -0.1286929 0.13056119999999993 0.13357560000000013 0.13548315 0.15942708870348088 0.007473199999999958 0.04647200000000007 -0.029516000000000542 0.011766736842105415 0.03140000000000143 -0.007849999999999246 0.0004296842105262839 0.015229000000001047
54 29 -3.11468375 -3.0355654840000006 -2.9549299700000002 0.6398535000000003 0.8022229000000001 0.8374066 0.25279395190991405 0.43969420000000015 0.5896103599999991 0.08305300000000182 -2.994941915789474 0.46506539999999985 -0.5170009999999992 -0.23141800000000004 0.09231600000000117
54 30 0.39105559999999995 0.4952879 0.6087203999999999 -0.10763919999999999 -0.09452970000000005 -0.04813620000000002 0.22966789546144276 0.42886120000000005 0.3103576000000001 0.0043959999999998445 0.16334610526315796 0.2989279999999983 -0.36298400000000064 -0.20471147368421058 0.05809000000000064
54 31 0.9391269 1.6114197399999999 2.2393695 0.06244675000000005 0.3931437000000001 0.69033685 0.3899147045971114 0.8674877999999997 1.8737008000000008 -1.2547439999999987 -0.986158315789474 -0.5281479999999994 -0.5328579999999983 -0.4511518947368421 -0.16500699999999924
54 32 1.5075768000000003 1.5696389 1.7026964000000002 -0.10850270000000006 -0.022403900000000032 -0.01936595000000002 0.22404745013023256 0.1661374 0.6254252000000005 -0.040191999999996675 0.3291711578947371 0.47947800000000207 -0.09891000000000094 -0.07324463157894741 0.021038000000001
54 33 -0.5346478000000001 -0.5027454 -0.47819060000000024 0.126228 0.1465751999999999 0.16332710000000006 0.1700798358659013 0.06838920000000015 0.10820439999999998 0.011618000000002127 0.056949684210526305 0.07441800000000054 0.012560000000000349 0.03424252631578943 0.04866999999999955
54 34 -0.23595529999999976 -0.22399503999999998 -0.20884140000000018 0.3053571499999999 0.3092743 0.31386654999999997 0.16135181200411786 0.0106132000000001 0.06663079999999999 0.006907999999998804 0.035068842105263155 0.05181000000000324 -0.013188000000000644 -0.004181157894736878 0.001727000000000256
54 35 -1.0186631 -0.7907179400000002 -0.41948830000000026 0.2526758000000002 0.2653300000000002 0.2752053 0.3086952966060286 0.20884140000000007 1.5467012000000004 0.3325260000000019 0.814053263157895 1.340151999999999 -0.03595300000000079 0.09700947368421063 0.189341999999999
54 36 -1.5717427 -1.13366246 -0.7170661000000003 -0.00870565000000001 0.05703809999999998 0.18474190000000007 0.28977266783405414 0.2676221999999999 1.2762216 0.2873100000000006 0.6716955789473685 0.9777959999999997 0.04317499999999974 0.14085378947368418 0.2183869999999999
54 37 -0.29162750000000004 -0.25726648 -0.11410759999999986 0.17818715000000018 0.18020460000000027 0.18672794999999986 0.2166405688397866 0.02041000000000026 0.6799355999999999 -0.1720720000000031 0.27952610526315774 0.7649040000000018 -0.009734000000001242 0.010742105263158032 0.034069000000002125
54 38 0.19659539999999975 0.19033737999999994 0.2339927999999999 0.0782566500000002 0.09201769999999998 0.09637445 0.18872429774042357 0.06371060000000006 0.32210120000000053 -0.03862200000000149 0.16668442105263145 0.2279640000000005 -0.04914099999999921 -0.029929157894736817 0.009106000000000947
54 39 -0.1455704000000001 -0.1447225999999999 -0.14274439999999977 0.15240775000000006 0.15572830000000004 0.15850719999999985 0.15618335634551908 0.011303999999999759 0.007724399999999854 -0.00031399999999903727 0.00406547368421045 0.0 0.0 0.0059494736842103995 0.013030999999997794
54 40 1.381129 1.3748741199999999 1.3976925000000002 0.0411496999999999 0.04928230000000011 0.05993474999999987 0.17881751065125162 0.024272199999999966 0.2311040000000002 -0.05086799999999947 -0.12163368421052642 0.01978200000000374 -0.01993899999999771 -0.01277484210526314 0.01726999999999923
54 41 -0.02089669999999999 0.17971790000000004 0.3954987000000003 0.10913855000000017 0.13359130000000008 0.1471561 0.2339278931143089 0.057618999999999865 0.8302160000000001 -0.08886200000000288 0.41071199999999985 0.3708339999999999 0.0043959999999998445 0.03032578947368414 0.061229999999999896
54 42 -0.4293007999999999 -0.4411637199999999 -0.3814472 0.35204895 0.3962209 0.4134594999999998 0.20442114311176118 0.1578478000000001 0.3891715999999996 -0.25214200000000186 -0.20482715789473663 0.009419999999999984 -0.10534700000000008 0.004594315789473739 0.10377700000000045
54 43 0.7692843000000004 0.8077775599999999 0.8378305 0.03707555000000007 0.0770556 0.08345335000000009 0.18638026308692024 0.1742071999999999 0.18130359999999923 -0.14129999999999976 -0.03810968421052587 -0.04490199999999778 -0.13847400000000176 -0.09168799999999995 -0.024334999999999773
54 44 1.4672435 1.60448662 1.7757328000000001 -0.0364868000000001 -0.028903699999999977 -0.016547799999999946 0.21342555710029604 0.06173239999999991 0.6048267999999988 0.23864000000000107 0.3183298947368415 0.400349999999996 -0.05808999999999953 -0.03194536842105262 0.0015699999999996272
54 45 -1.015476 -0.30631014000000006 0.2855987 0.0469116 0.13045130000000005 0.16834325 0.3881381414493408 0.4387207999999998 2.1239588 0.590634000000001 1.1178730526315788 1.4334099999999994 -0.31619800000000087 -0.1978034736842105 0.016327999999998788
54 46 -0.2920984999999998 -0.14929444000000003 -0.20045760000000024 0.24058680000000005 0.25795099999999993 0.26251970000000013 0.23625749785316247 0.02832279999999998 0.873548 0.04929799999999984 0.45976210526315786 0.4063160000000021 -0.017112999999999712 -0.009519157894736873 0.02983000000000069
54 47 -1.0900824 -0.89484034 -0.7378842999999997 0.13788525000000001 0.1427444 0.16408854999999983 0.22130725622704772 0.03438300000000005 0.6996548000000002 -0.4452520000000004 -0.36823936842105276 -0.3168259999999967 -0.05447899999999839 -0.009089473684210472 0.01868299999999934
