6 0 -0.11924694666002095 0.03377051475053796 0.2250000000000002 -0.0325 -0.015 0.0002196507760532248 0.2322935573045636 0.049855986967160246 0.7554315638539946 -0.7467474888831815 -0.39759555992315504 -0.049999999999998934 -0.1 -0.004662047875525509 0.09356938965329356
6 1 2.7675 2.9050292063800085 3.029233902685695 0.19826609731430508 0.3654821130013893 0.4433408800340933 0.20966360571578688 0.27112117337879105 0.33999999999999986 0.07567005130781235 0.16842105263157864 0.28411926705475654 -0.27354776408114745 -0.14269535440989004 0.0
6 2 3.06 3.070968506369396 3.0730338872739256 0.07779540696152815 0.2595600046576711 0.4090810433425287 0.19285886463940463 0.32132087295632283 0.03000000000000025 -0.09545989794583543 0.01578947368421066 0.10000000000000675 -0.24796284153005715 -0.16911624892438043 0.004700396170354282
6 3 -3.0525 -3.040444226866799 -3.007907678864663 0.146380026005201 0.3251935550506095 0.3845283774436643 0.20925242564933833 0.3 0.3100000000000005 -0.10000000000000231 -3.2052631578947364 0.13551241950321424 0.03090423902058853 0.11599321584274684 0.22823448598680754
6 4 -1.8780990833524056 -1.7147046694241073 -1.6099999999999999 0.0894436651513966 0.31 0.39249999999999996 0.22743116644091332 0.2999173794852708 0.37916231434633674 -0.2553303886773828 -0.189032797024388 0.0 -0.5400506615948562 -0.15307246613350745 0.19092834681274598
6 5 0.2059933142442964 0.4374790688184166 0.6692004290742702 0.06 0.06872721292718184 0.08 0.22953551626458094 0.039999999999999994 0.8057384973443937 0.2844608603394605 0.4240728933391546 0.4981182857636389 -0.0715603228742551 -0.010526315789473679 0.012901604739930655
6 6 -0.4874999999999994 -0.3546588271637169 -0.21629262186543033 0.23 0.24417015313375862 0.27 0.2158586209869682 0.04834030626751726 0.6077572867120697 -0.3550963650366148 -0.31987225616424714 -0.19999999999999574 -0.10000000000000009 -0.02544226645658803 0.0
6 7 0.222937075765914 0.37858753077242424 0.5165684933611998 0.05784382070568103 0.0698213094443915 0.09468949778706658 0.22569012032274763 0.06999999999999999 0.7356531538210621 -0.4946305910605475 -0.38718587043213804 -0.25274765060199267 -0.09999999999999995 -0.03684210526315789 0.0
6 8 1.426069874395632 1.4426431399209654 1.4903767167039292 -0.365 -0.32466552387867753 -0.27626288158662354 0.19973469417282186 0.26333278142754635 0.15782396732327575 -0.1997294676275263 -0.04574055817608099 0.14203642938682703 -0.37491412275584307 -0.0015860255660347772 0.32902646030920163
6 9 2.44 2.4782927563969213 2.5330858681078356 0.09 0.12 0.1725 0.19916171854126352 0.13 0.36981188730901593 -0.35126085884338076 -0.19463783542579785 0.09757381311860325 -0.10000000000000009 -0.0631908969633304 0.0
6 10 -2.5425 -2.5258526048105665 -2.53 -0.1225 -0.12 -0.11 0.17565609770196966 0.04000000000000001 0.20000000000000018 -0.12090989140171926 -0.1000000000000002 0.0 0.0 0.015789473684210534 0.05014063242205116
6 11 2.4154171583233577 3.009880439080693 -2.719977191982105 -0.2805052657391491 -0.15444810402659678 -0.1497001636878429 0.33328375399054105 0.3289596107440966 1.7067211787564762 -0.5606435586796987 -2.6727620495933606 0.4976531595915812 -0.09963352384276342 0.09477541854286697 0.08942853148881713
6 12 3.0609610121722084 -3.0854821888253183 -2.8964922497083068 -0.02 0.02 0.08249999999999999 0.23106046069027875 0.16 0.7087227191413241 -0.5003633253587259 -0.2796367932878504 0.000899037649837453 -0.10000000000000006 -0.08421052631578947 -0.006849404970251643
6 13 0.27199782700869185 0.7159497332453053 1.1474778017249927 -0.10582593390833084 -0.08 -0.07 0.2906507882992846 0.07080597102376245 1.45125179715152 0.37089154568745175 0.7638167353429053 0.9937538173797913 -0.09674912620041755 -0.0330161230541141 0.0
6 14 -0.9503342416306895 -0.5679583194496901 -0.17487022097509675 0.445 0.5309319943065003 0.5683837866682052 0.2954949160230904 0.24 1.3406861965629013 -0.8413899956104337 -0.7056243139804743 -0.5032203893154303 -0.050000000000000044 0.08947368421052633 0.19787279367011829
6 15 -2.77 -2.6376109058628314 -2.4200000000000004 -0.33 -0.325 -0.19 0.2023878061723489 0.15000000000000002 0.3899999999999988 -0.09999999999999787 -0.19473684210526274 0.0 -0.0001763907734061987 -0.06842105263157897 0.0
6 16 0.16749999999999998 0.28332363281924056 0.3844086529378436 0.06735924035424534 0.12 0.14500000000000002 0.19489971884916654 0.13 0.25 -0.19621736020031255 -0.026315789473684115 0.23667398641994242 -0.10599665843382504 -0.06842105263157895 0.0
6 17 -0.7988130831070361 -0.36334353700669636 -0.015819130079083314 -0.008537747691489213 0.006158338232412158 0.019180869920916485 0.2650934728131874 0.07 1.1660999412110546 0.36638260158167407 0.613736811163713 0.8929702383472173 -0.050972229805746186 0.017008777086749638 0.1
6 18 1.955 2.0885163620423994 2.2324721102150535 -0.912365356004251 -0.6908603040823361 -0.42173780210794076 0.24787289735667326 0.47391739622167295 0.34195869811083646 0.0 0.16418878847938748 0.3383578601231729 -0.001182458838405176 0.2494302085377226 0.4000000000000001
6 19 -0.14249999999999918 -0.13052457396888104 -0.11749999999999972 0.2475 0.295 0.3649408401361668 0.18009059715684542 0.1896996101811513 0.09999999999999964 0.0 0.05263157894736823 0.09999999999999787 0.009065181668795885 0.0998419000953428 0.15869184261317837
6 20 -3.0495335357438593 -3.0314076483087353 -3.00753973453946 0.32792797231643567 0.355 0.4249325594613501 0.1813582940998853 0.16015893815783877 0.11851573323889486 -0.15000000000000124 -0.06237670170468151 0.0992170578418472 -0.1042019595492355 -0.0688534749786693 0.0
6 21 2.107270927179801 2.2775208630350017 2.495821382652558 -0.15 -0.09964702393728818 -0.02 0.24704457673840463 0.18 0.8646967957758043 -0.0360580147551981 0.41461618091814006 0.7383935131387354 -0.14629719077724326 -0.040077839967012786 0.011398269132869704
6 22 -0.4077310491256514 -0.27253656487002714 -0.1500985461996292 0.05641078804436203 0.12949207492795384 0.14 0.2174104020863469 0.14 0.5481490515682845 0.14458568029157987 0.2884995008254129 0.4326367879968046 -0.14398459641098985 -0.03684210526315789 0.049999999999999906
6 23 1.2400000000000007 1.3449286257687825 1.4216778001167394 -0.07 -0.06377730736663846 -0.06 0.1972407139993752 0.020000000000000004 0.4625319657158944 0.06015943364554799 0.24343787669257597 0.3748253762511855 -0.00779851924628705 -0.00979345229731613 0.0
6 24 -1.9554758533468841 -1.5652743877327866 -1.1555127094675819 -0.13249277693752826 -0.09526537943421642 -0.019744047107367074 0.2774660699304535 0.13 1.21638119825514 -0.9695992254235053 -0.6402006306606001 -0.1529527230203953 -0.1296246867278843 -0.06804012613212014 0.0
6 25 3.0212208207472906 3.0884569887079576 -3.082399455403918 0.057499999999999996 0.16486868737693783 0.17203557853645185 0.21120749572166947 0.15792054878673087 0.4848967971530245 0.08461758278702103 -3.050054317287882 0.30379631751763947 0.0 0.08311607830880574 0.10000000000000002
6 26 2.623043931591508 2.77544917001635 2.982285397612232 0.03771460238776792 0.04646425047980865 0.07 0.22020828028692727 0.06 0.683469852805322 0.050000000000003375 0.3597209751606958 0.5524976875219112 -0.07337883531371005 -0.031578947368421054 0.0
6 27 -0.20249999999999968 -0.12813254317952427 -0.04021392431280836 0.11 0.13514261620853918 0.19191749343449088 0.1931104479093033 0.09990232413148131 0.24990232413148128 0.09999999999999787 0.1315275390165691 0.17807080860459554 -0.13958252685634276 -0.05258017059551647 0.06165013131018235
6 28 -1.25798314092981 -1.1716258111449018 -1.1 0.06 0.2088996348564102 0.39 0.2517443731098045 0.5469030248057747 0.40118665457270397 -0.002273808714585712 0.21115087082773895 0.4902232432555814 0.05113690435729311 0.28784369726619713 0.43632777434740555
6 29 -1.3770903268084385 -1.1129734259654949 -0.8852007363640367 -0.1524269595672993 -0.14 -0.1206952870192281 0.2626934872629566 0.11907304116865891 1.0885302908335597 0.23726962678162766 0.572910679386084 0.7663638216797325 -0.1040967319156149 -0.010696373119759734 0.07720089840354487
6 30 -0.1721627579915622 -0.16538061374915064 -0.1600000000000006 0.0975 0.1 0.1 0.16419103285831402 0.06999999999999999 0.030000000000001137 0.0 0.015789473684211124 0.049999999999998934 -0.049999999999999975 -0.03684210526315789 0.0
6 31 -1.02 -1.0098395683084007 -1.008249594536855 0.1 0.11 0.11 0.1694907230807712 0.03 0.1399999999999988 -0.005875826464992739 -0.04210526315789478 0.055875826464991674 -0.04479631823567039 -0.015789473684210523 0.0
6 32 -3.102001756052624 -3.039113576955459 -2.9900000000000007 0.51 0.5307285616138905 0.6340542587443077 0.23289851626332284 0.6506370117792933 0.24333950388744885 -0.19478720410269101 -0.1280734230986573 -0.004340192314002955 -0.499856225275202 -0.34244053251541756 -0.05995385338898207
6 33 -0.021161850532558334 0.0017173187340034936 0.06838453354049828 -0.025517030477880183 0.029010049907704998 0.06287377991055389 0.20578353714614542 0.14594501718213068 0.21405498281786867 -0.2212281949379219 -0.10281642368658855 0.04019276463304373 -0.18364122146393835 -0.06002893832519438 0.18379975326277787
6 34 -0.5218081834203437 -0.26526960322297793 -0.043019255182871384 -0.07427518734388004 -0.0185295398218232 0.06942562233926747 0.2685939915396188 0.36966092518019705 0.9212845951216166 -0.7712723996542878 -0.45857083953769356 -0.07220606426780518 0.09999999999999996 0.19455838167378794 0.29692590043588085
6 35 -2.5700000000000007 -2.533979723853689 -2.4875000000000007 -0.2 0.12414534418189076 0.3727981700294329 0.22309933779127727 0.4009128739760831 0.11954356301195945 -0.10000000000000675 -0.016029703677916264 0.10000000000000231 -0.15596340058865843 -0.21100677577688584 0.0
6 36 -0.4041134023731165 -0.3300402062585673 -0.2729338761573315 -0.3044941946827538 -0.29 -0.29 0.19080464068950723 0.07467619868425024 0.3263597540660875 0.0 0.1717682916137303 0.3413224768533704 0.0 0.03930326246539486 0.0771366696202827
6 37 1.9275934033833737 2.187474787522433 2.43 0.03756961401704992 0.04 0.05 0.23787688035860502 0.021148982957669253 0.9188510170423305 -0.006118719450443066 0.45729000896964817 0.9638472889754757 0.0 0.011131043661931187 0.005744914788346246
6 38 0.14000000000000012 0.650735870697924 1.1800000000000004 -0.11250000000000002 -0.04 -0.04 0.3203132715543137 0.30000000000000004 1.5599999999999996 0.0 0.8210526315789471 1.6349964405687465 -0.18414164896388543 -0.15789473684210525 0.0
6 39 0.010000000000000231 0.04868924685332639 0.08000000000000007 0.23648713721393355 0.25 0.3025 0.17666141833036295 0.07 0.06999999999999984 -0.050000000000003375 -0.01578947368421066 0.0752483443708609 -0.1202572557213287 0.0 0.0
6 40 -2.8699999999999997 -2.8498627454194283 -2.8475 -0.4104273616445171 -0.39 -0.39 0.17370901723272084 0.11782308478038861 0.049862344542167314 -0.004798890835604475 0.02624333923271964 0.09568353067814561 0.0 -0.04095951830546771 0.050000000000000044
6 41 -1.2794176944971531 -0.7093372784556895 -0.2158318856063434 0.06 0.06121130972349313 0.09254843450763811 0.3045026715908533 0.07 1.5999354206564826 0.05796675680667107 0.8420712740297278 1.3042135292513848 -0.01183162083159453 0.01582346281237763 0.09578690245477771
6 42 1.85 1.85915325169421 1.8607662584710498 0.88 0.89 0.9 0.15798972777800313 0.020000000000000018 0.019999999999999574 0.0 -0.01052631578947346 0.0 0.0 -0.010526315789473694 0.0
6 43 -0.15092223650385522 -0.12476081584709117 -0.10000000000000009 -0.03 -0.010763685463200315 0.03 0.1686164206303823 0.08 0.07000000000000028 0.0 -0.02631578947368365 0.0 -0.09999999999999998 -0.042105263157894736 0.0
6 44 -0.10237483820266283 -0.0157798193459504 0.018095290692121083 0.21396823643595966 0.255 0.31 0.2167017726463053 0.23950627937950753 0.4695292153589312 -0.4982942593159589 -0.24185748176785865 0.0 0.002090691111608367 0.12429487131096258 0.19825605960538298
6 45 -2.3021219907222266 -2.1339122972237066 -1.9914559543230022 -0.1 -0.08 -0.06839633487962893 0.21838471413503047 0.0471527515426267 0.6657637577131337 0.3031402029593555 0.35040197774375453 0.33953667239560836 -0.06650992072453912 -0.02481723765401405 0.0
6 46 -2.980143856336435 -2.2955973646073637 -1.4800000000000009 -0.13 -0.1056459483929117 -0.09697691181181645 0.3413508160929452 0.05 2.0468085019083118 -1.4987005595438663 -0.9040228406686572 -0.10000000000000675 -0.006888299721262356 0.025909802610534098 0.0993303879729443
6 47 0.37500000000000033 0.49916591620313644 0.6300000000000003 0.0075 0.054668605008292875 0.1625 0.21444678707291023 0.23 0.4495581400110569 -0.01880092025834612 0.2052631578947369 0.4499999999999993 -0.1590842095662358 -0.12105263157894736 0.0
6 48 0.026902270949442725 0.7420520983331633 1.549559565158448 0.04750000000000001 0.10494371873262939 0.1421190174110768 0.42162360314685027 0.16965703222237544 2.7899196171359537 -1.4432979635216294 -1.4683787458610282 -0.6551962544901819 0.0 0.08421052631578947 0.20523247727216434
6 49 0.13000000000000034 0.13050000000000034 0.13000000000000034 -0.15 -0.15 -0.14 0.15622474745425777 0.009999999999999981 0.009999999999999787 0.0 0.0 0.0 0.0 -0.0052631578947368324 0.0
6 50 0.5084796524919986 0.5162195443597399 0.5500000000000003 -0.1925 -0.17164263197941954 -0.1533854511361129 0.17688980439611365 0.055904968512617004 0.10657052791767818 -0.160160647700322 -0.0560897515356201 0.019819565299279418 -0.049325483582726565 0.022781717873073173 0.13081214228373508
6 51 -2.3874999999999997 -2.355371162092131 -2.32446277129 0.17 0.18 0.2330171624713959 0.19502578964572856 0.13442554452419753 0.3247727893062753 -0.2499999999999991 -0.17093304700330278 -0.020248191400003 -0.10000000000000009 -0.0707502865916829 0.0
6 52 0.18788996500653898 0.1977226688658254 0.2200000000000002 -0.5035524094147841 -0.4362931144928478 -0.10525616206241681 0.22719619119690762 0.6126985636217763 0.06838131485638083 -0.11129103364080462 -0.03599016571388464 0.0723473641510998 -0.06374757264190789 0.3224729282219875 0.5906552333246748
6 53 -2.5465013881784024 -2.1670883999586543 -1.7021494242991695 -0.01 0.1196791563832176 0.25908761114763956 0.35482761513801214 0.37078687335690375 1.8800000000000008 0.5260822203603222 -2.3157894736842106 1.0835315787547595 -0.1466105933166597 0.11052631578947371 0.15344202106735605
6 54 -0.6125823839388433 -0.3257260068560607 -0.3708091676185576 0.07 0.0879135419862476 0.13397834924660587 0.3345960048485911 0.20985123319848628 1.8095041106616214 -1.562222933233698 -0.7839495319271691 0.24999999999999467 -0.11987796080317158 0.05255328063078226 0.0
6 55 1.3179343734444997 1.8254727333897278 2.3474697877687785 -0.05022160592546877 0.07390548331697758 0.08249999999999999 0.2915726460567609 0.19 1.3200000000000003 -1.216215255723062 -0.6736842105263159 -0.09141763512267254 -0.10374614066043672 -0.02224023595823881 0.049999999999999975
6 56 -2.9599999999999995 -2.9584477300710743 -2.9499999999999997 -0.5897350911779198 -0.58 -0.58 0.16325982431433347 0.05959593900350624 0.040000000000000036 -0.09177446929696798 -0.01578947368421066 0.0 0.0 0.031366283686055915 0.0
6 57 0.7422079029428961 0.7648832551630995 0.7800000000000002 0.11918322497580583 0.3639714300901706 0.5016497215444745 0.21924596024767826 0.57 0.05798582748629888 -0.06908624471593239 0.019255595607343457 0.12014234109180677 0.1725557305211911 0.3 0.4255007548230186
