64 0 0.4275 1.0126393382352952 1.6133823529411768 -0.06215992647058864 0.10176470588235306 0.18876838235293947 0.38464517922149877 0.28588235294117653 1.926250000000002 0.11562500000000253 1.0138157894736852 1.502941176470578 -0.5029411764705864 -0.14361455108359109 0.19797794117647177
64 1 0.5975 1.1916448980908159 1.7961532507739941 0.17 0.29000000000000004 0.6428308823529413 0.3794411571655715 0.63 1.9105263157894734 0.5977941176470536 0.8807723643474011 1.4609681372548833 0.0 0.29876160990712086 0.5531250000000042
64 2 0.854086134453782 1.5255900151727366 2.2375 -0.05073529411764642 -0.03 0.02120535714285711 0.37460186574014753 0.13062500000000077 2.266111111111111 0.5416666666666625 1.1926900584795321 1.8178308823529359 0.0 0.0687500000000004 0.2
64 3 0.6870833333333329 1.0264087762297898 1.4195833333333332 -0.20800551470588213 -0.18323529411764694 -0.11 0.2942754213436788 0.26 1.2823529411764703 -1.0909442724458134 -0.6749226006191948 -0.22058823529412241 0.0 0.13684210526315788 0.2205882352941206
64 4 -1.3864052287581696 -1.2384945927932578 -1.0975000000000001 -0.44625000000000126 -0.3592105263157894 -0.3146874999999999 0.24585094267904684 0.3222222222222229 0.5546710526315788 -0.04374999999999796 0.22902046783625712 0.5101307189542503 0.0 0.16959064327485415 0.390624999999994
64 5 -0.6997058823529408 0.18529967320261576 1.2557352941176478 0.02 0.0428125000000001 0.07 0.5082254521376364 0.07 3.113450980392158 1.6373774509803953 2.061491228070175 2.453533496732022 -0.09999999999999998 -0.02631578947368421 0.0
64 6 -2.833823529411765 -2.4592536764705883 -2.108143382352941 -0.12421875000000016 -0.11 -0.10750000000000001 0.28221603903921355 0.07 1.3329411764705883 -1.2477941176470608 -0.6783281733746132 0.020588235294116686 -0.09999999999999995 -0.010526315789473686 0.050000000000000044
64 7 -1.7613725490196082 -1.5058060930512558 -1.2330974264705883 -0.15338235294117653 -0.13 -0.12 0.25291295153320675 0.06 1.0075735294117651 -0.6968749999999901 -0.5303018575851395 -0.40330882352941577 -0.10000000000000009 -0.005921052631578588 0.09999999999999995
64 8 -2.631176470588235 -2.4338658088235294 -2.2275 0.11 0.13 0.13125000000000014 0.21589745372082864 0.05000000000000002 0.6329411764705886 -0.5323529411764749 -0.3092879256965945 -0.20000000000000018 -0.10000000000000002 -0.026315789473684223 0.024999999999997524
64 9 0.15 0.15987867647058818 0.17 0.04 0.04 0.05 0.1624436990344436 0.03 0.04000000000000001 -0.02058823529411516 0.0 0.07647058823529063 0.0 -0.010526315789473682 0.0
64 10 0.44703125000000027 0.6392702205882357 0.6557812499999998 -0.012031249999999983 0.005 0.01 0.25151658189622006 0.11 0.9676470588235295 0.0 0.5092879256965944 0.8106617647058795 -0.10000000000000525 -0.047368421052631594 0.0
64 11 0.4393627450980389 1.2163711601307183 2.0632352941176473 0.11 0.14 0.17 0.35811147984219877 0.1 2.19 -1.537254901960775 -1.1526315789473685 -0.4643137254901937 0.0 0.02631578947368421 0.09999999999999988
64 12 -1.6244117647058829 -0.8422334150326807 0.10108660130718898 0.029843750000000367 0.13323529411764692 0.17 0.41363105504788295 0.23 2.551764705882352 -2.1035294117646997 -1.3430340557275537 -0.5705882352941225 -0.2 -0.12105263157894736 -0.03437499999999757
64 13 0.4839705882352943 1.2029967449532548 1.986764705882353 -0.07 -0.055 -0.04 0.34241648318258744 0.049999999999999996 2.011589310829818 -1.6460784313725445 -1.0587312162262201 -0.678758169934639 -0.05000000000000001 -0.0020467836257308204 0.07467320261438382
64 14 1.2635485933503834 1.6189570606503476 2.0975 0.048478260869565276 0.08 0.09 0.28833983061736757 0.08 1.3694117647058817 0.39791666666667225 0.7089783281733744 1.0142455242966686 -0.11052631578947245 -0.0012383900928791664 0.1
64 15 0.15 0.2050735294117648 0.24470588235294158 0.20617647058823518 0.24187500000000006 0.27078947368421064 0.18141597712857377 0.09000000000000002 0.21000000000000002 0.0 0.1105263157894737 0.24705882352941327 -0.012500000000004174 0.009597523219814176 0.10000000000000009
64 16 -2.3225 -1.6653027777777774 -1.0116176470588225 -0.28 -0.265 -0.25 0.32957464092431177 0.060000000000000026 1.7823529411764703 -0.08823529411764008 0.9380804953560368 1.2999999999999896 -0.09999999999999981 0.0 0.09999999999999981
64 17 -2.331764705882353 -2.3214779411764708 -2.32 0.05 0.05 0.06 0.16329924844821292 0.030000000000000006 0.06999999999999984 -0.07279411764705701 -0.03684210526315781 0.0 0.0 0.01578947368421053 0.0
64 18 2.999999999999999 -2.894432965686275 -2.4216176470588238 0.0675 0.08 0.09 0.28378783168628724 0.04000000000000001 1.394117647058823 -1.0000000000000009 -0.6202958376332993 -0.25000000000000133 0.0 0.015789473684210527 0.09999999999999995
64 19 -0.7238235294117643 -0.34270261437908445 0.0275 -0.09 -0.07 -0.06 0.30190666726011123 0.06 1.5869852941176477 0.5996323529411757 0.8352554179566568 1.0913398692810508 -0.09999999999999995 -0.031578947368421054 0.0
64 20 -2.6233333333333335 -2.589231535947712 -2.556562499999999 0.004852941176470404 0.03277777777777789 0.04 0.19257189672412434 0.13 0.22375000000000034 0.07638888888888973 0.09861111111111133 0.2993055555555535 -0.11764705882353063 -0.06842105263157895 0.06764705882353064
64 21 -1.81 -1.629528649569583 -1.5734099264705879 0.04 0.06 0.07 0.321418434474465 0.13999999999999999 1.7132568149210918 0.15000000000000013 0.9017141131163643 1.6117647058823463 -0.10000000000000002 0.07368421052631578 0.20000000000000004
64 22 -2.1518749999999995 -1.8728985294117646 -1.6253125000000002 -0.04531249999999927 -0.02 -0.0075 0.23703974353513302 0.06 0.8300000000000001 0.34816176470588767 0.4368421052631579 0.5209558823529414 -0.08529411764706127 0.02631578947368421 0.09999999999999999
64 23 -0.85 -0.4947743055555557 -0.05808823529411761 -0.11296875000000002 -0.1 -0.09 0.27166546663950814 0.047647058823529584 1.2429411764705889 -0.7441176470588164 0.12260061919504679 1.1647058823529388 -0.09999999999999995 0.009287925696594512 0.09722222222222361
64 24 2.311029411764705 2.4001459604134894 2.4948755656108594 0.03867647058823534 0.07 0.115 0.21362196472430536 0.26203119922001933 0.20502762430939248 -0.3590247743806474 -0.10044985717462344 0.32812499999999467 0.05000000000000001 0.13791115748422073 0.20000000000000004
64 25 -1.6475 -1.1393091094771237 -0.5835386029411759 -0.09 -0.04 -0.03 0.29504366195188114 0.08823529411764712 1.3682352941176472 -0.14999999999999902 0.720123839009288 1.0944444444444466 -0.09196078431372573 -0.04643962848297217 0.0
64 26 -1.8418750000000004 -1.6587955646948047 -1.485735294117647 0.12 0.13 0.14779411764705921 0.2247487456276872 0.045812562313060856 0.7475772681954138 -0.4919934640522883 -0.3934617201028493 -0.297977941176476 0.0 0.024111874901610975 0.07058823529411729
64 27 0.9889889705882353 1.5409374999999994 2.115 -0.11 -0.095 -0.0275 0.32557286981648814 0.14 1.7076470588235297 -1.3999999999999893 -0.8987616099071208 0.10000000000000453 -0.1 -0.07368421052631578 0.0
64 28 2.1499999999999995 2.741007352941176 -2.93 0.06397058823529397 0.08 0.14250000000000002 0.2762149700848354 0.13 1.2400000000000002 -0.6823529411764695 -0.4792569659442717 0.049999999999998934 -0.12647058823529322 -0.047368421052631594 0.015625000000002442
64 29 -1.366764705882353 -0.15102316176470665 0.5677205882352948 0.0075 0.045 0.10250000000000001 0.43299822932932636 0.19 2.870551470588236 -3.6766544117647 -1.4628482972136225 0.2035416666666645 -0.20000000000000007 -0.06842105263157895 0.10588235294117856
