69 0 0.615 0.7223584558823531 0.7625000000000001 0.06 0.07 0.09 0.20581735971570259 0.03 0.5405882352941185 0.10000000000000009 0.28452012383900976 0.23529411764706298 0.0 0.015789473684210527 0.01874999999999516
69 1 0.2 0.20696875 0.22 -0.1122058823529411 -0.045 -0.01 0.17973467951476646 0.13058823529411834 0.10999999999999999 -0.10000000000000009 -0.010526315789473679 0.09999999999999995 -0.1 0.03157894736842106 0.10294117647059159
69 2 -0.1825 -0.12561764705882358 -0.07 -0.26014705882352934 -0.26 -0.2275 0.1809771648196738 0.11000000000000001 0.19 -0.19999999999999996 -0.06315789473684212 0.0 -0.10000000000000009 -0.05789473684210527 0.0
69 3 -1.3545772058823535 -0.9673529411764715 -0.5347058823529408 -0.37249999999999994 -0.355 0.049264705882353585 0.3822101885571761 0.49 2.032450980392157 -1.2506944444444346 -1.0697110423116616 -0.7993055555555595 -0.10000000000000009 0.23684210526315785 0.2943014705882385
69 4 -3.031911764705882 -2.625329044117648 -2.182916666666667 -0.8925 -0.7415624999999997 -0.7085294117647059 0.37487655628174194 0.4393582887700549 1.645294117647059 -1.4730392156862715 -0.8393188854489162 -0.2499999999999991 -0.10000000000000009 0.23124120461581837 0.23529411764706132
69 5 2.7698529411764703 -2.9737560399159677 -2.379669117647058 -0.11205882352941121 -0.1 -0.1 0.28131748612573587 0.08 1.152857142857143 -0.9406249999999883 -0.3330827067669173 0.24779411764706216 -0.04411764705882143 0.042105263157894736 0.050000000000000044
69 6 0.23485294117647118 0.26349613003095973 0.2732894736842106 -0.16408088235294094 -0.135 -0.08125 0.1821810507889087 0.13 0.15 -0.1842105263157888 -0.06315789473684211 0.049999999999999906 0.0 0.06842105263157894 0.12499999999999997
69 7 -0.2525 -0.025300245098039176 0.23453124999999972 -0.0907352941176472 -0.041764705882353065 0.115 0.22659741387964383 0.26 0.55 0.09999999999999981 0.2894736842105263 0.5019607843137243 -0.25098039215686235 -0.10526315789473684 0.011764705882352025
69 8 0.3175 1.039246043417366 1.6007352941176476 0.021323529411764016 0.03711805555555568 0.08602941176470616 0.4006760929945578 0.17 2.5900000000000003 -2.03584558823528 -1.3631578947368421 -0.11428571428571177 -0.11470588235293719 0.040058479532163925 0.18180147058823953
69 9 2.508382352941176 2.6306194444444446 2.8325 -0.2033823529411763 -0.175 -0.1361764705882352 0.2529124897185864 0.24000000000000002 0.8540000000000005 -0.5772467320261421 -0.44947368421052664 -0.10000000000000009 0.0 0.12631578947368424 0.24999999999999997
69 10 0.13 0.14075620915032666 0.15916666666666635 0.04 0.05 0.05291666666666716 0.1670760981964562 0.09 0.03 -0.08562091503267269 2.921639538487254e-18 0.010000000000005907 -0.10000000000000002 -0.047368421052631574 0.0
69 11 0.3323333333333334 0.49508227124183035 0.6400000000000002 0.02 0.05 0.1225 0.22475934445357726 0.12222222222222114 0.64 0.19666666666666888 0.33684210526315794 0.48750000000000154 -0.15000000000000002 -0.04210526315789473 0.061111111111105634
69 12 0.4075 0.44105882352941184 0.4725 -0.09 -0.08 -0.0675 0.16771993995699616 0.03 0.10999999999999999 -0.10000000000000009 -0.057894736842105256 0.0 0.0 0.015789473684210527 0.0
69 13 0.18684742647058833 0.4037352941176463 0.6552941176470586 -0.00987132352941187 0.03935661764705864 0.10250000000000001 0.2970293387720033 0.21 1.3650000000000007 -0.9441176470588164 -0.7184210526315793 -0.44724264705883615 -0.19044117647058778 -0.05131578947368435 0.10551470588235425
69 14 -1.654623161764706 -1.061438153594772 -0.4664950980392152 -0.0225 -0.01 0.006029411764706021 0.34155717813370073 0.05 2.02 -1.580555555555557 -1.063157894736842 -0.4501838235294131 0.0 0.02631578947368421 0.09999999999999999
69 15 0.2 0.20190624999999995 0.21 -0.08 -0.08 -0.0775 0.16241897693618404 0.020000000000000004 0.06 -0.09062499999999404 -0.031578947368421054 0.0 0.0 0.010526315789473686 0.0
69 16 0.01 0.012613970588235341 0.02 0.08838235294117654 0.10624999999999987 0.11 0.16185867425715872 0.04999999999999999 0.03352941176470613 0.0 0.010526315789473686 0.006249999999996527 -0.049999999999999975 -0.026315789473684206 0.0
69 17 0.26 0.27246666666666675 0.28 -0.04 -0.04 -0.0275 0.16680160655604695 0.06999999999999999 0.04933333333333373 -0.050000000000000044 0.02596491228070196 0.0 0.0 0.03684210526315789 0.09999999999999999
69 18 2.7875 2.880970588235294 2.965 -0.23 -0.21 -0.14703124999999997 0.19008199139447257 0.10187500000000005 0.28000000000000025 -0.20000000000000018 -0.13684210526315801 -0.09999999999999787 -0.09999999999999995 -0.03782894736842107 0.09999999999999981
69 19 -1.3 -1.199783088235294 -1.0664705882352938 0.05 0.05 0.11838235294117654 0.19306132109699067 0.13 0.31000000000000005 0.0 0.16315789473684214 0.18235294117646905 0.0 0.06842105263157895 0.08437499999999751
69 20 0.19 0.19053124999999999 0.19015624999999992 -0.13 -0.12 -0.12 0.15799479897764612 0.020000000000000004 0.020000000000000018 0.0 -0.005263157894736847 0.0 0.0 -0.005263157894736839 0.0
69 21 2.7244117647058825 2.8945178219856444 -3.1058333333333334 0.06583333333333344 0.08 0.1 0.2802690457163626 0.1155214723926379 1.3090508841573447 -0.7466666666666666 -0.6433601144687768 -0.3982638888888901 0.0 0.06080077494349362 0.10000000000000009
69 22 -0.11872242647058863 0.06432460901027091 0.23 -0.5835753676470591 -0.0567973856209149 0.05 0.2795524912000101 0.83 0.6085714285714281 0.0 0.29473684210526313 0.48437500000000305 0.007142857142859414 0.3817337461300308 0.81268382352941
69 23 2.5397058823529415 2.618002650216529 2.67 0.4224999999999997 0.44 0.45 0.19679316625582605 0.27439552508119813 0.19674846625766884 -0.20882352941176574 -0.0017113335485954401 0.07867647058823479 -0.1529411764705918 -0.07228247450094046 0.10000000000000009
69 24 1.1802941176470587 2.0008813316993472 2.7404411764705885 -0.026029411764706387 -0.013529411764705606 0.0 0.32499979535418533 0.04 1.8618750000000002 0.2557802287581734 0.9799342105263161 1.499080882352939 -0.030555555555552283 -1.460819769243627e-18 0.03529411764706654
69 25 -2.051312499999998 -1.1018963579291354 -0.1503125000000001 -0.59 -0.5700000000000001 -0.517058823529412 0.42997748539389763 0.29164774681802474 2.816941864465085 0.5687499999999965 1.4826009812974132 2.210294117647054 -0.2968749999999967 -0.14204370575561726 0.058823529411760056
69 26 1.3373161764705874 2.0730738795518198 2.8771691176470595 -0.2942647058823529 -0.21411764705882355 -0.14 0.41355155138450334 0.22 2.6674702380952384 -2.262254901960773 -1.4039317042606518 -0.7088235294117617 -0.1999999999999985 -0.11578947368421054 0.0
69 27 -1.1421874999999975 -0.5193360294117644 0.19006433823529434 -0.055248161764706545 -0.03 0.0119117647058824 0.31977539014337863 0.1429411764705885 1.0211764705882347 -0.21562499999999707 0.5374613003095973 1.4907720588235396 -0.14908088235294553 -0.075232198142415 0.09999999999999998
69 28 1.9716176470588218 2.4341668300653585 2.748658088235295 -0.02 0.21897058823529408 0.4373437500000001 0.4752546839491697 0.7227777777777782 2.5200000000000022 -1.845588235294121 -1.0823529411764734 -0.32095588235295347 -0.6516339869281067 -0.016666666666666687 0.5408088235293951
69 29 0.38852941176470585 1.390827205882354 2.39842830882353 -0.11941176470588272 0.03529411764705919 0.3524999999999999 0.4338562944168655 0.4156250000000002 2.5941176470588245 0.10000000000000009 1.3600619195046444 2.380147058823515 -0.22812500000000097 0.18421052631578946 0.5340073529411793
