70 0 -0.002205882352940839 0.3703467320261441 0.5704411764705877 -0.01 0.01 0.029117647058823987 0.3042198412158064 0.14 1.5308235294117645 0.1634926470588223 0.8056965944272444 1.3503676470588133 0.0 0.0736842105263158 0.19411764705882656
70 1 0.6596875000000003 0.7027524509803924 0.8329687500000006 -0.10250000000000001 0.004722222222222359 0.05 0.22233307396301585 0.18 0.5700000000000001 -0.09705882352941286 0.16929824561403517 0.4999999999999996 -0.19409722222221976 -0.09473684210526316 -0.003125000000003819
70 2 1.1127083333333347 1.725995049845782 2.4664062500000004 0.0 0.056764705882353404 0.1051470588235296 0.383548046773491 0.11 2.3747191011235946 0.6874999999999942 1.2386679479597864 1.9251838235294043 -0.15000000000000002 -0.026315789473684216 0.09999999999999998
70 3 -0.4163235294117646 -0.32728468137254896 -0.2346323529411763 -0.2625 -0.2111764705882352 -0.028235294117647122 0.2260413992947332 0.39 0.3806666666666663 -0.4449999999999984 -0.04957688338493269 0.2882352941176498 0.10000000000000002 0.2052631578947369 0.2950980392156835
70 4 -0.34705882352941175 -0.2557971813725491 -0.15 -0.1 -0.08 -0.07 0.1864431677517045 0.04000000000000001 0.31 -0.28284313725490146 -0.1631578947368421 -5.2735593669694936e-15 0.0 0.010526315789473686 0.050000000000000044
70 5 0.5885294117647059 0.6583437500000002 0.7232352941176472 -0.04 -0.03 -0.0075 0.18189299285497806 0.060000000000000005 0.25 0.02058823529411724 0.09999999999999998 0.21470588235294408 -0.08529411764705606 -0.03157894736842106 0.0
70 6 0.6722222222222223 0.8309754901960783 1.0 -0.19 -0.135 -0.045000000000000005 0.23444989771277244 0.18000000000000002 0.3455555555555557 -0.7205882352941173 -0.14608918128654988 0.2235294117647041 -0.049999999999999906 0.09473684210526317 0.21875000000000627
70 7 -0.03 -0.01479289940828403 0.000882352941176532 -0.008713017751479112 0.01 0.02 0.17052942706547275 0.03828402366863881 0.1058579881656806 -0.044239470936306285 0.02939894113983189 0.1 -0.1 0.009623170351915167 0.07058823529412042
70 8 -2.3425000000000002 -2.2115396060193584 -2.0569301470588237 -0.11 -0.09 -0.06541666666666668 0.22091764404730582 0.09000000000000001 0.6483908045977012 0.3000000000000014 0.3412583182093164 0.5000000000000004 0.0 0.04736842105263158 0.09999999999999995
70 9 -0.5076562499999997 -0.15166544117647032 0.19437499999999924 -0.008124999999999931 0.06 0.07250000000000001 0.28121853344156983 0.19 0.98 -0.06875000000000075 0.5157894736842105 1.4411764705882422 -0.15000000000000008 -0.09999999999999999 0.0
70 10 -0.4829595588235302 -0.4597792299612151 -0.3766176470588238 0.0375 0.06 0.07 0.20480322854080796 0.09 0.47098901098901064 -0.10000000000000009 0.22281155377130582 0.5108455882352936 -0.12222222222222386 -0.021052631578947364 0.09999999999999996
70 11 -0.62 -0.5262916666666666 -0.4270098039215686 0.07 0.07 0.08 0.18864639443671505 0.009999999999999995 0.37529411764705917 -0.24834558823530056 -0.18601006191950478 0.0 0.0 -0.005263157894736839 0.0
70 12 -0.6651102941176469 -0.7128500000000005 -0.5747518382352945 -0.016470588235293612 0.03312499999999882 0.0625 0.2821519682630902 0.11 1.2241176470588224 -0.4512867647058849 -0.6442724458204329 0.0 -0.012499999999998623 -0.030340557275541885 0.1
70 13 -0.7458333333333331 -0.7059660732714138 -0.6937499999999995 0.08 0.08 0.08558823529411727 0.1752446019187131 0.01999999999999999 0.214093567251462 -0.10000000000000009 -0.030115035395505984 0.022222222222221255 0.0 0.0 0.0
70 14 -0.49 -0.31540563725490217 -0.1575 0.19 0.2 0.22312499999999993 0.19446795732265554 0.08000000000000002 0.37 -0.27222222222221915 -0.1894736842105263 0.0 -0.11249999999999871 -0.0368421052631579 0.049999999999999906
70 15 0.45897058823529435 0.6223161764705883 0.6899632352941176 -0.07500000000000001 -0.05 -0.05 0.22131834091825694 0.11 0.64 0.12352941176470428 0.3368421052631579 0.39999999999999925 -0.10000000000000006 -0.05789473684210527 0.0
70 16 -0.31 -0.29773888888888883 -0.3 -0.07250000000000001 -0.07 -0.07 0.1630591130584518 0.009999999999999995 0.07722222222222258 0.0 0.040643274853801356 0.0 0.0 -0.005263157894736839 0.0
70 17 -2.1380882352941177 -1.835070343137256 -1.4630882352941177 0.0675 0.12968749999999962 0.1859375000000003 0.3118893859980474 0.21 1.498235294117648 -0.9908088235294132 -0.7885448916408674 -0.5801960784313676 -0.19687499999999608 0.02074303405572719 0.2
70 18 -0.45411764705882424 -0.36617663398692796 -0.0948437500000001 -0.02796874999999974 0.0 0.0 0.3010715469611723 0.16 1.446111111111113 -0.44979166666666687 0.5601242690058489 0.9494485294117638 0.0 -0.042105263157894736 0.09999999999999998
70 19 -0.3660294117647058 0.32023308823529467 1.0523988970588238 0.06 0.08176470588235255 0.1 0.36039415049228885 0.07 2.226470588235294 0.5705882352941172 1.137151702786378 1.9434926470588463 -0.10000000000000002 -0.02631578947368421 0.09999999999999995
70 20 1.275 1.3671856617647056 1.4662499999999998 -0.11 -0.11 -0.1 0.18718036431498233 0.01999999999999999 0.3500000000000001 -0.2500000000000002 -0.18421052631578952 -0.13621323529412477 0.0 -0.010526315789473679 0.0
70 21 -0.5 -0.3820552696078427 -0.271709558823529 -0.25 -0.1423529411764712 -0.07187500000000063 0.24947317918138126 0.4237500000000001 0.63 -0.13431372549019938 0.33157894736842103 0.8569362745097888 -0.046875000000001776 0.12467105263157927 0.20000000000000018
70 22 0.7681250000000005 1.0398848564425776 1.3440625000000002 -0.10541666666666641 -0.06705882352941121 -0.05 0.24425324891732017 0.11 0.8917857142857143 0.34761029411764177 0.45620300751879705 0.6500000000000056 -0.1133333333333314 -0.026315789473684216 0.0
70 23 0.08750000000000001 0.5542062792588303 0.7845714285714286 -0.01 0.0 0.02 0.3275787613842516 0.5728235294117632 1.3455555555555556 0.06599999999999377 0.708187134502924 1.0773529411764713 -0.1 -0.2572755417956648 0.1
70 24 -0.14 -0.10059375000000001 -0.0779687500000003 -0.05 -0.05 -0.04 0.17568382346975062 0.010000000000000002 0.13941176470588268 -0.09999999999999995 0.07337461300309615 0.10294117647058662 0.0 0.0 0.0
70 25 -0.04 0.16201843954248368 0.3425 0.16 0.17 0.19296874999999974 0.2258529531049762 0.08941176470588266 0.64 0.04999999999999977 0.27993421052631584 0.5141111111111092 -0.10312499999999836 -0.03090170278637751 0.0
70 26 -1.1624999999999999 -0.9033902310924373 -0.6762316176470592 -0.10250000000000001 -0.08794117647058795 -0.06 0.2426363359506016 0.07 0.8956250000000001 -0.7254201680672214 -0.4713815789473685 -0.24062499999999432 -0.10000000000000002 0.005921052631579163 0.09742647058823678
70 27 -0.0025 0.034777573529411916 0.08691176470588241 -0.09 -0.09 -0.07 0.19654586745999908 0.23411764705882349 0.22 0.0718750000000045 0.1105263157894737 0.17941176470588785 0.0 0.12321981424148605 0.049999999999999975
70 28 0.21 0.23103192559074914 0.27 0.0 0.0 0.0125 0.1738074815268104 0.07 0.13188034188034234 -0.12352941176470414 -0.06941070625281176 0.014705882352938626 -0.09999999999999999 -0.031578947368421054 0.0
70 29 -0.8163529411764705 -0.4212729983660134 0.07080065359477089 -0.6724172794117641 -0.5270220588235295 -0.46499999999999997 0.3661356441312918 0.5341176470588234 1.0041176470588238 -1.7161764705882216 -0.45986842105263104 0.6108660130719081 -0.3985294117647037 -0.10775928792569578 0.0
