73 0 -1.3773529411764704 -1.2397291666666663 -1.1405882352941177 -0.07 -0.04558823529411783 -0.03 0.26105959822271474 0.09 1.1147058823529403 0.10000000000000009 0.5866873065015474 0.9999999999999948 0.0 0.04736842105263158 0.10294117647058641
73 1 -0.7045588235294112 -0.011912059731299007 0.6404411764705882 -0.0194117647058824 0.0 0.0125 0.3756578814315822 0.05 2.3883514887436466 0.8750295025417756 1.2570270993387616 1.684558823529417 -0.1 0.007430340557275509 0.1
73 2 0.5 0.5213760504201682 0.542058823529412 0.2951470588235293 0.35 0.44 0.19434631619377352 0.33882352941176536 0.06000000000000005 -0.050000000000000044 0.025696594427244878 0.10000000000000009 -0.3029411764705922 -0.17832817337461335 -0.050694444444444875
73 3 0.7317941176470577 1.0451629084967313 1.18 -1.2575 -1.1005882352941174 -0.8497321428571419 0.3496087634678645 0.9400000000000001 1.3 -0.9029411764705819 -0.6842105263157895 -0.06867647058824755 0.2944444444444472 0.4947368421052632 0.6699999999999839
73 4 0.35750000000000004 0.4943216911764708 0.6272058823529412 0.08 0.09 0.10250000000000001 0.20046544568088903 0.07 0.3964705882352939 0.0 0.20866873065015465 0.473345588235303 0.0 0.0368421052631579 0.09999999999999995
73 5 0.6275000000000001 0.7399460784313724 0.81 -0.42299999999999965 -0.28 -0.1733823529411767 0.22817509856783252 0.438333333333333 0.398333333333333 -0.3416666666666651 -0.19912280701754367 -0.052941176470586715 -0.349632352941176 -0.18366228070175403 -0.10000000000000009
73 6 -0.8720833333333333 -0.6512357026143787 -0.4275 -0.08 0.025588235294117863 0.095 0.2569095971831287 0.23 0.93 0.3982638888888923 0.48947368421052634 0.6000000000000061 0.0 0.12105263157894738 0.24117647058823044
73 7 0.73 0.9039064542483665 0.9989705882352944 -0.037352941176471186 -0.022058823529411735 0.0275 0.24565668720670938 0.15470588235294136 0.8541176470588241 0.0 0.44953560371517054 1.0249999999999977 0.0 0.08142414860681126 0.15588235294118136
73 8 -0.07500000000000001 0.3698750000000004 0.6825000000000008 0.03779411764705867 0.09529411764705867 0.1349999999999992 0.3059006239663704 0.27 1.1494117647058828 0.1031249999999928 0.6049535603715172 0.7500000000000053 -0.5499999999999946 -0.14210526315789473 0.1470588235294136
73 9 0.7083823529411762 0.764527917635981 0.848235294117648 -0.26735294117647046 -0.24333333333333373 -0.2 0.19385626843852918 0.08000000000000002 0.35169491525423735 -0.18823529411764794 0.13339980059820553 0.5065359477124182 -0.07156862745099038 -0.005263157894736847 0.050000000000000044
73 10 -0.43 -0.3244697712418302 -0.24775326797385652 -0.14312499999999995 -0.055294117647058674 -0.00984374999999981 0.2283805505270533 0.2627777777777781 0.3027777777777781 -0.20937500000000026 0.159356725146199 0.30312500000000364 -0.009007352941182434 0.13830409356725168 0.34671160130718537
73 11 -2.83641544117647 -2.330685337225435 -1.8337728937728928 -0.4764285714285713 -0.3950000000000008 -0.2953571428571433 0.3627728562513284 0.3870370370370373 1.7885185185185195 0.08409090909090922 -2.479727095516569 1.3718750000000335 -0.19411764705882156 -0.05571608760463238 0.23442760942761015
73 12 0.5629166666666667 0.5847324346405229 0.66 -0.15 -0.135 -0.08750000000000001 0.19733567796359147 0.1523529411764704 0.33356617647058845 0.0 0.17556114551083604 0.20000000000000018 -0.10000000000000009 -0.0801857585139318 0.0
73 13 0.25050000000000006 0.6126846813725485 0.8310845588235296 -0.19 -0.14 -0.12 0.27945988380612363 0.15312500000000048 1.2650000000000001 -0.867647058823531 -0.6657894736842105 -0.2843749999999974 -0.15 -0.06315789473684212 0.0
73 14 2.683382352941177 2.828846996844715 2.882555147058823 -0.24029411764705866 -0.2 0.07705882352941207 0.27892122643486783 0.5 0.8557471264367837 -0.4088235294117659 -0.1407183018397934 0.3499999999999992 0.05588235294117325 0.2631578947368421 0.43611111111111434
73 15 -1.3550000000000002 -1.2184409502074287 -1.0614705882352944 -0.19666666666666643 -0.18 -0.16499999999999976 0.20385201818951343 0.03999999999999998 0.4841916167664668 -0.32647058823529584 -0.2548376930349826 -0.15000000000000013 -0.05753676470588068 0.021052631578947358 0.11666666666666825
73 16 -1.54 -1.3404698937908501 -1.2034375 0.07176470588235281 0.09117647058823469 0.11 0.24717287694834617 0.15 0.8861111111111115 -0.6005637254901863 -0.4663742690058481 -0.20000000000000018 -0.07490196078431065 0.07894736842105261 0.14999999999999997
73 17 1.1057352941176473 1.3497738970588236 1.6650735294117647 -0.09132352941176454 0.01187500000000007 0.07 0.23088960515104373 0.19 0.6049999999999998 -0.7681985294117666 -0.2382352941176471 0.22500000000000075 -0.023529411764709254 0.06315789473684211 0.10000000000000002
73 18 0.73 0.7474250000000001 0.76 0.09 0.09 0.09 0.15874707087508624 0.010000000000000009 0.03849999999999998 0.0 -0.02026315789473683 0.0 0.0 -0.005263157894736847 0.0
73 19 -2.954411764705882 -2.8165410539215685 -2.7093382352941178 0.33812499999999995 0.5347058823529414 0.6817279411764696 0.30190517658576643 0.8464705882352932 0.7263235294117649 0.14393382352940742 0.38227554179566575 0.775735294117661 -0.050000000000000044 0.22577399380804905 0.6029411764705866
73 20 -1.1737499999999998 -0.7755502450980394 -0.3475 -0.21 -0.185 -0.12375 0.26584067151085555 0.1543749999999998 0.9333333333333335 -0.6499999999999995 -0.4912280701754385 -0.21764705882352908 0.0 0.08124999999999988 0.18125000000000488
73 21 0.2829687499999997 0.386918586601307 0.5625 0.0 0.01 0.01 0.23180974488683875 0.03 0.8376470588235306 -1.0030718954248343 -0.44086687306501604 0.0 0.0 -1.460819769243627e-18 0.0
73 22 0.19519957983193292 0.6284725140056028 1.045 -0.0925 -0.08624999999999985 0.04 0.2757596433441084 0.13705882352941226 1.2170588235294122 0.3833333333333355 0.6405572755417959 0.9132352941176319 0.0 0.06842105263157895 0.08529411764706125
73 23 -1.0074999999999998 -0.8118241421568623 -0.5362500000000001 -0.06 -0.02 -0.01 0.2530590462515867 0.14941176470588266 0.8994117647058826 0.255882352941173 0.4681114551083592 0.6966911764705902 -0.09705882352941328 -0.07863777089783298 0.049999999999999975
73 24 1.9049999999999998 2.090826221776589 2.369852941176471 -0.135 -0.07794117647058849 0.04562500000000021 0.29639572466444414 0.3 1.2552049910873435 -0.8218750000000086 -0.660634205835444 -0.20000000000000018 -0.24999999999999703 -0.07368421052631581 0.0
73 25 0.8130882352941173 1.0566013609391116 1.14640625 -0.22338235294117628 -0.195 -0.12374999999999986 0.30622733079063313 0.27249999999999974 1.387499999999999 -0.9624999999999984 -0.7302631578947364 -0.12499999999999345 0.0 -0.043421052631578805 0.1573529411764718
73 26 -2.010542279411765 -0.9043026214433152 0.2777941176470592 -0.1201470588235296 0.023 0.12 0.4068656137674116 0.33 2.4923529411764704 -2.216544117647066 -1.2410410216718266 -0.1407563025210068 -0.023333333333331388 0.10526315789473684 0.2636029411764743
73 27 0.4641666666666664 0.4903755073959406 0.5325 -0.07 -0.07 -0.0675 0.1844569079629414 0.07 0.2700000000000001 -0.1915032679738507 -0.1421052631578948 -0.009215686274515189 0.0 0.0368421052631579 0.09999999999999995
73 28 0.537 0.641501593137255 0.75359375 0.085 0.2113888888888887 0.28250000000000003 0.2115861976024098 0.3 0.16000000000000003 -0.03611111111111287 0.07894736842105263 0.28852124183006145 -0.050000000000000044 0.05394736842105249 0.19999999999999998
73 29 -2.66546875 -2.537011029411765 -2.432058823529412 -0.10382352941176479 0.11874999999999958 0.2157352941176472 0.2505064331063891 0.22000000000000003 0.4164705882352937 -0.38327205882352944 0.11863390092879382 0.5731617647058873 -0.2349264705882327 -0.11578947368421054 0.20845588235294193
