77 0 -0.42140625000000004 -0.3894678252435942 -0.3175 -0.08609374999999994 -0.01 0.0 0.20427279139803092 0.19 0.3749079754601224 -0.050000000000000044 0.17626735550532754 0.27058823529412024 0.0 0.09999999999999999 0.15
77 1 -0.4458823529411768 0.3186610294117638 0.8526562500000006 -0.4407812500000001 -0.17500000000000054 0.2025 0.4015252410326715 0.48764705882353065 2.0464705882352936 -1.8088235294117687 -1.0770897832817337 -0.5933823529411691 -0.08749999999999578 0.25665634674922666 0.3814338235294067
77 2 1.9589705882352961 2.3166272467320264 2.7103819444444457 -0.07250000000000001 0.015937500000000035 0.20531249999999845 0.3071358692698214 0.32 1.0523529411764703 -0.838888888888889 0.09659442724458198 0.5079656862745063 -0.4 -0.16842105263157894 -0.033333333333337295
77 3 -0.28718749999999904 -0.2567316176470587 -0.2508823529411752 -0.5026562499999996 -0.435 0.286797385620916 0.29600443991161834 1.181544117647058 0.2949999999999983 -0.09999999999999981 0.15526315789473596 0.15772058823529195 -1.267361111111116 -0.5291021671826627 0.24209558823529875
77 4 -0.37249999999999994 -0.351 -0.33 0.13 0.13 0.14 0.16421343360785426 0.010000000000000009 0.08999999999999997 0.0 0.04736842105263156 0.10000000000000009 0.0 -0.005263157894736847 0.0
77 5 -0.5625 -0.15663786764705848 0.33592830882352975 -0.15 -0.12852941176470561 -0.10750000000000001 0.25275830617053746 0.06 1.04 0.09999999999999981 0.5473684210526316 1.023529411764701 -0.0647058823529438 -0.015789473684210527 0.0
77 6 -0.5329044117647073 0.1779816176470601 1.0531617647058833 0.02 0.03426470588235282 0.08249999999999999 0.4719984878454751 0.12000000000000001 3.1223529411764694 1.4522058823529287 1.8191950464396285 2.2915441176471076 -0.10000000000000005 -0.042105263157894736 0.0
77 7 -1.05 -1.0500000000000003 -1.05 -0.02 -0.02 -0.02 0.1544546959308694 0 0 0.0 0.0 0.0 0.0 0.0 0.0
77 8 -0.25 -0.1964274870684468 -0.21411764705882347 0.0675 0.08499999999999999 0.09 0.20249003215165978 0.06 0.46447130999639163 0.0 0.24445858420862718 0.4963235294117611 -0.09999999999999995 -0.031578947368421054 0.0
77 9 -0.03 -0.01479289940828403 0.000882352941176532 -0.008713017751479112 0.01 0.02 0.17052942706547275 0.03828402366863881 0.1058579881656806 -0.044239470936306285 0.02939894113983189 0.1 -0.1 0.009623170351915167 0.07058823529412042
77 10 1.6167647058823533 1.7818443627450982 1.985238970588236 -0.26 -0.18593750000000003 -0.16937500000000008 0.24919103996292596 0.08000000000000002 0.9200000000000002 0.19411764705882129 0.3289473684210524 0.799999999999994 -0.10000000000000009 0.011842105263157744 0.10000000000000009
77 11 -0.5320312500000008 -0.12156688183033051 0.2063235294117648 -0.12 -0.10088235294117653 -0.09176470588235261 0.2839247514762165 0.11 1.3374195906432749 -0.9379336349924605 -0.7039050477069868 -0.4884412790082454 -0.017647058823529668 0.04210526315789474 0.09999999999999995
77 12 0.5883333333333332 0.6383916486168106 0.6994117647058808 0.1172150735294117 0.3454248366013072 0.38 0.29939115800216853 0.5470930232558137 1.0010396716826282 -1.197058823529414 -0.5268629850961201 0.17499999999999738 -0.06470588235293728 0.2353121175030598 0.42875816993464316
77 13 -1.0025 -0.9319374999999999 -0.875 -0.14 -0.14 -0.14 0.18095340844277188 0.010000000000000009 0.2894117647058827 0.0 0.1523219814241488 0.2468750000000014 0.0 -0.005263157894736847 0.0
77 14 0.6658639705882353 1.1755774101307197 1.6941666666666664 -0.11 -0.08941176470588266 -0.0070312500000002595 0.3417596062673583 0.12062499999999966 1.876736111111111 0.7000000000000101 0.9877558479532164 1.2465073529411672 0.0 0.03125000000000019 0.1176470588235255
77 15 2.171875 2.2574053365211113 2.3961580882352944 -0.1225 -0.09 -0.07 0.23032653000664427 0.19245398773006117 0.6649079754601224 -0.0764705882352934 0.228898934452696 0.5970588235294194 -0.09999999999999995 0.059186309331611155 0.1999999999999999
77 16 2.108970588235294 2.227641013071895 2.365 -0.7675000000000001 -0.6176470588235297 -0.4569117647058824 0.25379066082113444 0.6535294117647061 0.4800000000000004 -0.3233333333333288 -0.25263157894736865 -0.14852941176470402 -0.40000000000000036 -0.3439628482972137 -0.22058823529411742
77 17 0.6545588235294121 0.7106711601307188 0.74 0.5075000000000001 0.5197058823529414 0.54 0.1934778444196484 0.051176470588235656 0.3464705882352932 -0.2500000000000052 -0.11919504643962799 0.1029411764705862 0.0 0.02167182662538718 0.10000000000000009
77 18 1.3919117647058816 1.8023251633986923 2.166176470588235 -0.7227083333333326 -0.61 -0.5635937499999999 0.3051547375081817 0.52 0.8499999999999999 -0.8840686274509835 -0.4473684210526316 0.17941176470587683 -0.4966094771241783 -0.22631578947368416 -0.019444444444447484
77 19 -0.664558823529412 -0.19138766339869362 -0.062239583333333175 0.1069117647058824 0.125 0.1517647058823528 0.38355416103097817 0.22999999999999998 2.3505882352941185 -2.1116013071895736 -1.210835913312694 -0.20588235294117796 -0.19999999999999996 0.06191950464396293 0.1235294117647093
77 20 -0.81 -0.5864058823529408 -0.547187499999999 0.04 0.05 0.05 0.2648243590401393 0.03 1.1823529411764715 0.0 0.622291021671827 1.348774509803924 0.0 0.004643962848296985 0.0
77 21 -0.43599999999999967 -0.3781845336852689 -0.37807291666666654 0.35 0.39 0.4 0.1890767732294752 0.06 0.28647058823529387 0.0 0.15077399380804943 0.24965277777777517 -0.04999999999999977 -0.02105263157894739 0.0
77 22 -0.377794117647059 0.7052171534787495 1.824797794117648 0.07352941176470604 0.08 0.0925 0.41992234190754757 0.07 2.92473372781065 0.5854333449356075 1.5393335409529738 2.3284722222222234 0.0 0.031578947368421054 0.09999999999999995
77 23 2.482647058823529 2.7039228291316535 2.915 -0.06 -0.04 -0.017647058823529335 0.23554099718024266 0.04 0.8378571428571435 0.21254901960783723 0.4409774436090229 0.6470588235294183 -0.09999999999999998 0.015789473684210523 0.1
77 24 1.1912499999999997 1.792018382352942 2.2264705882352946 0.0 0.012499999999999754 0.07093750000000004 0.2756658738357825 0.09000000000000001 1.2331250000000005 0.04374999999999907 0.6109326625386999 0.772058823529409 -0.07499999999999754 -0.04736842105263159 0.055882352941180775
77 25 -0.1674264705882352 0.17328329248366048 0.45979166666666677 0.01 0.02 0.03541666666666671 0.2643741583200687 0.0941666666666665 1.1266666666666667 0.5220588235294078 0.5929824561403509 0.7738562091503273 -0.1 -0.03377192982456131 0.026470588235290738
77 26 -0.35 0.17055514705882385 0.40171874999999935 -0.05 -0.01 0.0 0.301470259796812 0.09 1.5412500000000002 0.050000000000000044 0.8111842105263158 1.4981617647058731 -0.07500000000000276 0.01578947368421053 0.07812500000000655
77 27 -0.82 -0.7323392565359477 -0.6760937499999999 -0.12 -0.12 -0.11 0.18921255527256672 0.020000000000000004 0.2011764705882358 -0.09999999999999953 0.10588235294117672 0.34687499999999816 0.0 -0.005263157894736839 0.0
77 28 -0.2799264705882348 0.09648529411764742 0.503658088235294 -0.09078125000000012 -0.09 -0.07 0.27753277224066303 0.04000000000000001 1.33875 0.49852941176470433 0.7046052631578948 0.9270220588235261 0.0 0.021052631578947375 0.017647058823525436
77 29 -0.2520588235294121 0.37946139705882287 0.989558823529412 -0.0286764705882352 0.015 0.021617647058823727 0.33789813843510424 0.14187499999999897 1.8906249999999996 -1.4937500000000035 -0.9950657894736841 -0.3990808823529457 -0.10000000000000002 -0.02631578947368421 0.09999999999999998
