78 0 0.35750000000000004 0.43591993464052264 0.545 -0.1225 -0.12 -0.11 0.1846025355748652 0.020000000000000004 0.31999999999999995 -0.21584967320261134 -0.16842105263157892 -0.10000000000000009 0.0 0.010526315789473684 0.02058823529411516
78 1 0.2875 0.3464928513071894 0.41013888888888883 -0.05 -0.045 -0.03 0.17579651447499356 0.039999999999999994 0.16999999999999998 -0.10000000000000009 -0.08519736842105265 -0.050000000000000044 -0.04999999999999999 -0.021052631578947364 0.0
78 2 0.3352941176470589 0.3709999999999999 0.40485294117647047 -0.24 -0.23 -0.22 0.17139584236030267 0.03 0.15000000000000002 -0.10000000000000009 -0.07894736842105264 -0.011764705882356674 -0.005882352941173341 0.0052631578947368324 0.049999999999999906
78 3 0.395 0.6599761029411761 0.9512040441176459 0.2556250000000002 0.26 0.2625 0.28424203359455713 0.3725786163522008 1.0811764705882358 -0.9011029411764682 -0.5690402476780188 -0.20000000000000018 -0.05073529411764144 0.1381992717643162 0.06249999999999867
78 4 0.2 0.33621144220846216 0.51 -0.052500000000000005 0.01 0.03578124999999984 0.2027228621114964 0.15 0.39588235294117696 -0.3823529411764748 -0.16842105263157894 0.0 -0.15 -0.07894736842105263 0.0
78 5 0.46 0.47876470588235287 0.4925 0.03852941176470613 0.04575367647058806 0.052500000000000005 0.1660025580622529 0.05 0.050000000000000044 -0.07647058823529063 0.026315789473684233 0.10000000000000009 -0.1 -0.02105263157894737 0.02187499999999898
78 6 0.26453125 0.33465853933597967 0.39378676470588225 0.0075 0.06 0.08 0.18162418920082563 0.09 0.21736196319018383 -0.21875000000000616 -0.09861155957378097 0.0 -0.1 -0.047368421052631574 0.0
78 7 0.2704411764705883 0.33720588235294113 0.41 -0.04 -0.04 -0.03 0.184629518607337 0.010000000000000002 0.31999999999999995 -0.35000000000000003 -0.16842105263157894 0.0 -0.00882352941176532 0.0 0.0
78 8 0.2375 0.2709843950577663 0.30289473684210505 -0.13999999999999924 -0.10088235294117653 -0.0810975609756097 0.1766982851144668 0.07853658536585374 0.1585365853658537 -0.10263157894737224 -0.08344030808729141 0.0 -0.0836551490514905 0.0007702182284980299 0.10000000000000009
78 9 0.22779411764705892 0.29502941176470593 0.3025 -0.06 -0.06 -0.04750000000000001 0.1896978853097489 0.08 0.32000000000000006 -0.1470588235294136 -0.1473684210526316 0.049999999999999906 -0.09999999999999998 -0.031578947368421054 0.006249999999996536
78 10 0.28 0.34156250000000005 0.39265624999999993 -0.02 -0.02 -0.02 0.17456520035414877 0.01 0.20999999999999996 -0.20000000000000018 -0.11052631578947367 0.0 0.0 0.0 0.0
78 11 0.15 0.18065849673202616 0.21617647058823547 -0.05 -0.05 -0.03867647058823534 0.17456297483644614 0.08 0.14500000000000002 -0.11944444444444785 0.0026315789473684206 0.0 -0.04999999999999756 -0.042105263157894736 0.0
78 12 0.5216176470588235 0.5188547794117646 0.55 -0.02147058823529413 -0.02 -0.01911764705882347 0.18183318006217325 0.04588235294117653 0.26 -0.20000000000000018 -0.13684210526315788 0.0 0.0 0.024148606811145543 0.06764705882353063
78 13 0.0010000000000002962 0.03509240196078436 0.06 -0.0686764705882352 -0.05 -0.027647058823529594 0.17419689868943358 0.08 0.11 -0.20882352941176013 -0.01578947368421053 0.20000000000000004 -0.11544117647059615 -0.010526315789473675 0.10000000000000002
78 14 3.0466176470588233 -2.7710767156862737 -2.2700000000000005 -0.1257352941176472 -0.1 -0.08 0.29374137554939167 0.14573529411764635 1.4075000000000006 0.39926470588235174 -2.5644736842105265 0.8411764705882208 -0.09999999999999995 0.046052631578947525 0.13529411764705176
78 15 0.2961764705882352 0.36857708333333317 0.4442187499999999 0.04 0.055 0.1038235294117648 0.19152978426566902 0.09999999999999999 0.30000000000000004 -0.23333333333332873 -0.13684210526315788 0.0 0.0 0.04736842105263159 0.09999999999999988
78 16 0.22852941176470604 0.9046766748366011 1.8073437499999996 -0.2162499999999996 -0.195 -0.1463235294117648 0.3392444152998414 0.3 1.71 -1.6970588235294133 -0.8684210526315788 0.0 0.0 0.15789473684210523 0.25277777777777855
78 17 0.35 0.5261190767973853 0.6825 -0.02 -0.02 -0.01 0.1946464904783127 0.03 0.4005882352941183 -0.29687499999999645 -0.21083591331269388 0.0 0.0 0.01578947368421053 0.09999999999999999
78 18 0.28 0.3343198529411764 0.40156249999999966 0.02 0.02937499999999979 0.04 0.19253376534967911 0.11 0.3194117647058826 -0.20294117647058657 -0.1681114551083593 -0.09705882352941342 -0.008823529411769587 -0.042105263157894736 0.0
78 19 -0.7108823529411779 -0.3777366176089306 0.033088235294115864 0.12794117647058822 0.20500000000000002 0.22386904761904713 0.3549098052627323 0.14 2.080705882352944 -0.9660928792569705 0.6204210526315788 1.939594320486819 -0.1088235294117644 0.047368421052631574 0.20000000000000004
78 20 0.4670588235294112 0.4809117647058825 0.49 0.27 0.28 0.28205882352941153 0.17022118757739294 0.06941176470588264 0.06 -0.09705882352940787 0.025696594427244934 0.0 -0.09705882352940787 -0.036532507739938234 0.0
78 21 -2.58 -2.5069377414123544 -2.4370588235294113 -0.135 -0.11411764705882356 -0.096176470588236 0.18231633439939318 0.08 0.17914285714285683 -0.20294117647058574 0.01921646220815225 0.2470588235294069 -0.008823529411764383 0.021052631578947368 0.09999999999999995
78 22 0.24 0.29740894607843144 0.38 -0.07250000000000001 -0.05 -0.04 0.17402308346020232 0.039999999999999994 0.17 -0.20000000000000018 -0.08947368421052633 0.0 -0.0894736842105228 -0.01578947368421053 0.0
78 23 1.0163970588235296 1.3617628676470594 1.7847058823529411 0.0500735294117648 0.1 0.1125 0.3220255300724069 0.38411764705882345 1.52 0.6124999999999858 0.7947368421052632 0.9928308823529408 0.0 0.19690402476780183 0.22812500000000102
78 24 0.27 0.28646874999999994 0.29953125000000025 -0.02 -0.015 -0.01 0.16241992778611714 0.02 0.06 -0.09687500000000154 -0.031578947368421054 0.0 0.0 -0.010526315789473684 0.0
78 25 0.08750000000000001 0.15098141339869284 0.19625000000000015 0.04 0.04 0.06 0.17902401701901619 0.04000000000000001 0.15588235294117653 -0.13529411764706137 0.04210526315789473 0.2529411764705866 0.0 0.021052631578947375 0.01470588235293873
78 26 0.2798529411764704 0.4147181372549019 0.5504901960784315 0.1475 0.15 0.16 0.20440283064162734 0.11222222222222213 0.45222222222222214 -0.29965277777778326 -0.23801169590643265 -0.20000000000000018 -0.10000000000000009 -0.05906432748538007 0.0
78 27 0.3275 0.3388853951668386 0.3444607843137253 -0.11 -0.1 -0.09 0.17487499453354505 0.06999999999999999 0.16062499999999963 -0.15522875816993742 -0.08453947368421033 0.0 -0.09999999999999995 -0.026315789473684206 0.0
78 28 0.23 0.29484350490196065 0.36880514705882317 -0.13 -0.13 -0.1275 0.18017453979360418 0.010000000000000009 0.2694117647058827 -0.24997549019607782 -0.1417956656346751 0.0 0.0 0.005263157894736847 0.0
78 29 0.22617647058823548 0.2708235294117648 0.32 0.02 0.03 0.0325 0.17135460596182162 0.04 0.13588235294117695 -0.15 -0.05046439628482999 0.10000000000000009 0.0 -0.021052631578947368 0.0
