79 0 -2.5068627450980383 -2.1631721813725484 -1.7421875 0.11794117647058826 0.15058823529411786 0.23468137254901933 0.31465038822228314 0.28 1.533333333333334 0.30312499999999853 -2.4982456140350866 1.297058823529409 -0.29918300653594787 -0.1105263157894737 0.09411764705882147
79 1 1.2889613970588227 2.0224262663398695 2.5242647058823544 0.155 0.16825163398692766 0.2125 0.4241329103810503 0.08294117647058846 2.8276143790849684 -1.429411764705899 -0.986670106639156 -0.3027777777777818 -0.1999999999999999 0.00125558995528014 0.15
79 2 1.3177430555555558 2.146581862745098 3.0401470588235284 -0.09791666666666701 0.0393529411764704 0.2175 0.4635631049357127 0.23399999999999999 2.9175294117647064 -1.7960784313725353 -1.3194427244582039 -1.0944444444444468 -0.1977777777777811 0.10842105263157895 0.44999999999999996
79 3 -2.553333333333333 -2.4513862402487874 -2.298676470588235 -0.0325 -0.02 0.0 0.2321124909427283 0.09 0.7896774193548386 0.15937499999999938 0.41561969439728347 0.6555555555555515 -0.1 -0.042105263157894736 0.0
79 4 -1.7967371323529413 -1.5523266253869965 -1.4155882352941174 0.07 0.08 0.08249999999999999 0.2865637951843892 0.06000000000000001 1.380000000000004 0.30312499999999853 0.7263157894736864 0.5529411764705905 -0.04705882352941334 0.03157894736842106 0.04705882352941334
79 5 -1.940506535947713 -1.8021486283109738 -1.7025000000000001 -0.2125 -0.14441176470588268 -0.0275 0.2560668650639178 0.34 0.7882352941176469 -0.6000000000000005 -0.414860681114551 -0.19999999999999907 -0.29380804953560713 -0.13591331269349846 0.09999999999999995
79 6 0.7630921052631574 1.0503702482695316 1.3909375000000002 0.23 0.24 0.24 0.2581043542276373 0.04000000000000001 1.1240384615384622 -0.8119536713286748 -0.5915991902834011 -0.4179581447963787 -0.041176470588239894 0.010526315789473694 0.0911764705882398
79 7 -0.534375 -0.4454470996732032 -0.38764705882352923 -0.3 -0.2844117647058827 -0.26812499999999995 0.27331305213763335 0.10999999999999999 1.234926470588236 -1.1960784313725425 -0.6499613003095979 -0.008823529411760012 0.0 0.057894736842105256 0.09999999999999995
79 8 -2.6589705882352934 -2.475172794117646 -2.0675 0.027647058823529334 0.04470588235294084 0.07500000000000001 0.3569742396038828 0.27 2.0476470588235296 0.20000000000000018 -2.227554179566564 1.2323529411764778 -0.19999999999999996 -0.14210526315789473 0.0
79 9 -0.14 -0.09601470588235309 -0.05 -0.1 -0.095 -0.07 0.17361406255593248 0.06 0.15705882352941225 -0.13437500000000324 -0.08266253869969067 0.0 -0.049999999999999975 -0.03157894736842106 0.0
79 10 -0.37449448529411905 0.5980067401960777 1.5910294117647048 -0.2442647058823524 -0.027352941176470403 0.07 0.42431655812812785 0.25294117647058845 2.3658823529411768 -2.001409313725483 -1.2452012383900932 -0.052777777777776036 -0.09999999999999995 0.12260061919504654 0.3000000000000054
79 11 -1.8719117647058827 -1.5821158088235299 -1.275781250000001 -0.01 0.006213235294117548 0.0625 0.23725808217531064 0.07 0.7899999999999998 -0.6791666666666629 -0.41578947368421043 0.0 -0.10625000000000208 -0.03684210526315789 0.0
79 12 -2.4955373303167434 -2.483618894340953 -1.9933452380952383 0.07907894736842086 0.11499999999999999 0.13 0.4096772562904756 0.2213636363636364 2.622727272727273 0.0 -1.936810207336523 1.5141826923077084 -0.19687500000000177 -0.09019138755980861 0.10000000000000002
79 13 -1.7225000000000001 -1.6578598039215684 -1.6345588235294117 0.05833333333333342 0.07 0.0847058823529416 0.19891960871089306 0.08 0.3535294117647072 0.028125000000001066 0.18606811145510904 0.2931985294117623 -0.049999999999999975 -0.01176470588235339 0.049999999999999975
79 14 0.6617647058823517 1.048957230392157 1.4479705882352933 -0.005220588235293871 0.06750000000000025 0.13125 0.31616683879236585 0.19 1.488333333333334 -0.6264705882353011 0.16769865841073264 1.2906249999999857 -0.2147058823529372 0.03684210526315789 0.17333333333332873
79 15 1.1949999999999998 1.4970492238562094 1.7302941176470588 -0.11 -0.1 -0.09 0.24862054884644227 0.039999999999999994 0.9981249999999997 0.44724264705881867 0.5253289473684208 0.644444444444443 -0.09411764705882654 0.015789473684210523 0.09999999999999995
79 16 -2.3255882352941177 -1.9566127450980386 -1.5775000000000001 -0.02 0.03 0.04475183823529398 0.23277450131273306 0.08562500000000133 0.8041666666666665 0.0502450980392144 0.4232456140350876 0.3573529411764753 0.0 0.031578947368421054 0.029411764705884816
79 17 -2.1853333333333307 -1.8634067401960777 -1.6007352941176465 0.2179166666666667 0.3860000000000007 0.525 0.27313439915510995 0.35000000000000003 0.5924999999999998 -0.5416666666666659 0.1749999999999999 0.3566176470588256 -0.24705882352941883 0.052631578947368376 0.13823529411764277
79 18 -0.18314338235294164 -0.07082427003895637 0.10296874999999975 -0.81 -0.7050000000000005 -0.273382352941176 0.2525150569030493 0.45999999999999996 0.5097402597402592 -0.14687499999999645 0.1261790840738206 0.2437499999999979 -0.09999999999999953 0.23684210526315788 0.34999999999999587
79 19 -1.4214705882352956 -1.1719470996732029 -0.888281250000001 -0.14250000000000002 -0.12 -0.06882352941176466 0.2570669940296391 0.11750000000000027 0.77 -1.0852941176470599 -0.12368421052631608 0.9535416666666691 0.0 0.06184210526315804 0.10000000000000009
79 20 -2.812499999999999 -2.649539747870752 -2.4422058823529413 -0.02 -0.0006250000000002079 0.08906250000000052 0.22746262211230056 0.19 0.5896791443850251 -0.3976102941176407 -0.007289614410358294 0.4029411764705859 -0.008823529411764383 0.09999999999999999 0.14117647058824018
79 21 -1.8325 -1.7554289215686274 -1.7062499999999998 -0.06 -0.05 -0.04750000000000001 0.18829566977222964 0.06 0.32000000000000006 -0.2647058823529391 -0.08157894736842071 0.050000000000000044 -0.09999999999999995 0.0 0.049999999999999975
79 22 -1.4566176470588235 -0.8631452205882363 -0.09908088235294116 -0.3425 -0.165 0.027077205882352982 0.3986761803372901 0.4829411764705885 2.0794117647058816 -1.6193014705882514 -1.094427244582043 -0.9944852941176408 -0.46727941176470755 -0.23312693498452028 0.08529411764705737
79 23 -0.8475000000000006 -0.5180174935034257 -0.04970588235294084 0.11 0.13 0.14250000000000002 0.31310838682520414 0.06 1.045669737774628 -1.4025490196078536 -0.5503524935655937 0.25 -0.10000000000000009 -0.02631578947368421 0.08805147058823189
79 24 -2.3914705882352942 -2.289311887254902 -2.209375 -0.0431433823529414 -0.03 -0.01 0.19418635530760375 0.07416666666666649 0.22416666666666618 -0.10000000000000009 0.07303921568627493 0.2812500000000018 -0.09276960784313619 0.011171310629514746 0.12058823529412041
79 25 2.537279411764705 2.907535216718266 -3.0577941176470596 -1.06 -1.05 -0.9564705882352944 0.3766289042371219 0.37052631578947526 0.8347058823529414 -0.963235294117637 -2.9390255825321816 1.0904411764705935 -0.20000000000000018 0.1950138504155133 0.11764705882353121
79 26 -2.8233823529411763 -2.5960030637254907 -2.3638235294117655 -0.2356158088235291 -0.1794444444444448 -0.057205882352941065 0.25223899416690365 0.3 0.6500000000000004 -0.7378676470588208 0.0786184210526316 0.9915032679738678 -0.2470588235294136 0.031250000000000173 0.30882352941176944
79 27 -2.1472058823529414 -2.1178754225828262 -2.0875 -0.18 -0.13913793103448263 -0.018489473684210323 0.1851172721856977 0.22 0.11000000000000032 -0.0830459770114933 0.0 0.10000000000000231 -0.10000000000000009 0.06842105263157895 0.29137931034482617
79 28 1.2135937500000002 1.6167935091460812 2.0625735294117646 -0.05 -0.03 -0.02 0.4507034091736858 0.19 3.127012987012987 -2.611875000000002 -1.3492501306742823 -0.022794117647051415 -0.1866666666666671 -0.06842105263157897 0.04999999999999999
79 29 -0.54390625 -0.40055616830065394 -0.3173611111111112 -0.5533823529411761 -0.55 -0.4825 0.22590125365982297 0.16000000000000003 0.6522222222222221 -0.5027777777777759 -0.33256578947368426 0.0 -0.10000000000000009 -0.07894736842105264 0.0
