85 0 -1.1275000000000002 -0.27191573142414954 0.4822977941176463 -0.13 -0.10500000000000001 -0.0075 0.3867505686863228 0.12 2.394375 -1.6022058823529224 -1.2601973684210528 -0.8941176470588295 -0.10000000000000009 0.047368421052631594 0.15294117647058666
85 1 -1.8958578431372552 -1.103728553921568 -0.16992647058823518 -0.11007352941176482 0.014117647058823467 0.24597222222222215 0.4371359621703254 0.5599999999999999 2.686666666666667 0.7735294117647041 1.4087719298245613 1.9816176470588276 -0.3999999999999999 -0.29473684210526313 -0.17777777777777629
85 2 1.6878676470588225 2.3158563510174175 2.9657812499999996 -0.36312500000000025 -0.33 -0.13477941176470562 0.41107053677263655 0.48000000000000004 2.3902514367816083 -2.299632352941159 -1.2580270719903204 -0.29895833333333455 0.07187499999999875 0.24440789473684205 0.3985294117646987
85 3 -0.71 -0.581959893048128 -0.5025 -1.31 -1.3 -1.2970312500000003 0.20824096635929343 0.08687499999999959 0.43999999999999995 -0.15533088235294368 0.079566563467493 0.5384191176470599 -0.10000000000000009 -0.03519736842105241 0.0
85 4 -0.31 -0.20008925653594786 -0.11073529411764718 0.08 0.08687500000000006 0.10304227941176416 0.19779225637419146 0.0722222222222221 0.4122222222222221 -0.34999999999999987 -0.21695906432748527 -0.03437499999999205 -0.10000000000000002 -0.03801169590643269 0.049999999999999975
85 5 -0.33 -0.251294730392157 -0.17926470588235308 0.03250000000000027 0.4566727941176473 0.645 0.2597594642440772 0.9752941176470592 0.18529411764705916 -0.20000000000000018 -0.09752321981424167 0.0 0.21764705882352575 0.5133126934984522 0.8046826625386999
85 6 0.1826470588235296 0.31763550420168063 0.5425 -0.2425 -0.24 -0.04676470588235275 0.27326321977785234 0.6041916167664668 0.3852941176470587 -0.5998161764705889 -0.2027863777089782 0.09999999999999953 0.050000000000000044 0.31799558777182463 0.47187499999999943
85 7 -0.30437499999999895 -0.23885253267973852 -0.18 -0.17 -0.16 -0.1475 0.17767780019380605 0.01999999999999999 0.17 -0.15 0.027244582043343714 0.2147058823529388 -0.049999999999999906 -0.010526315789473679 0.0
85 8 -0.04416666666666656 0.07323359200139343 0.1525 -0.19 -0.17166666666666686 0.009442724458204113 0.3143554892167181 1.0847058823529407 0.77 -0.6852941176470502 -0.4052631578947368 -0.007142857142858963 -0.48157894736842444 -0.5591331269349844 0.0
85 9 -0.37453125000000026 -0.21203124999999973 0.0 -0.34 -0.25 -0.23281250000000012 0.23796078237064305 0.22941176470588276 0.6900000000000001 0.0 0.27894736842105267 0.6176470588235257 0.0 0.12074303405572778 0.24889705882352467
85 10 0.6969411764705883 1.1872672794117638 1.6944025735294113 0.25859375000000023 0.28500000000000003 0.3 0.3444361795541498 0.08000000000000002 2.0445588235294125 -1.196323529411757 -1.0760835913312696 -0.990367647058818 -0.10000000000000009 -0.010526315789473694 0.07941176470588451
85 11 -1.98 -1.9119910437859353 -1.8814705882352938 0.3300000000000001 0.475 0.49 0.22586530793355988 0.47000000000000003 0.262857142857144 0.0 0.13834586466165474 0.2573529411764708 0.0 0.23684210526315788 0.32647058823529085
85 12 -0.7414705882352933 -0.5260183415032679 -0.2994117647058823 -0.08 -0.07 -0.04750000000000001 0.23326580194389646 0.09 0.67 -0.6823529411764697 0.059752321981424286 0.8988970588235301 -0.011111111111110562 0.015789473684210523 0.09999999999999995
85 13 -1.3800000000000006 -0.6671987336601297 0.31033088235294126 -0.1225 -0.015 0.1538235294117648 0.5174221583730694 0.33999999999999997 3.112610294117645 0.6977941176470553 1.93687865497076 2.599999999999979 -0.25 -0.1789473684210526 -0.09999999999999988
85 14 2.8878125 3.018997753267974 3.1337745098039216 0.12 0.13 0.20235294117647068 0.21552965040345923 0.14 0.41000000000000014 -0.34705882352941364 -3.285964912280704 0.4968749999999944 -0.049999999999999975 0.0736842105263158 0.14722222222222386
85 15 -0.5399999999999993 -0.5010803099682988 -0.48 0.4475 0.46 0.48 0.16868399284942626 0.06 0.07898203592814401 0.0 0.005798928458871586 0.10000000000000009 0.0 0.026315789473684206 0.09687500000000154
85 16 2.457242647058824 2.446755288957687 2.6948529411764706 -0.4586580882352941 -0.31843749999999976 -0.2432352941176472 0.3171410436729233 0.38 1.4668750000000006 -1.2852941176470578 -0.7720394736842109 0.0 -0.3626838235294171 -0.17598684210526305 0.0
85 17 0.23972222222222234 0.4912297385620918 0.631029411764706 -0.21062499999999992 -0.18 -0.17 0.25776423723682584 0.06 1.1029411764705879 0.08562091503268185 0.5804953560371514 0.8991176470588186 -0.09999999999999981 -0.021052631578947358 0.0
85 18 -0.7933823529411776 -0.5160533088235293 -0.33 -0.1825 -0.15 -0.12147058823529398 0.248204852673052 0.18 0.6199999999999999 -0.3529411764705856 0.12631578947368424 0.7205882352941122 -0.03749999999999587 0.04736842105263159 0.19999999999999996
85 19 0.6239705882352936 0.631669934640523 0.6414705882352941 -0.9725 -0.96 -0.96 0.16767005452559755 0.04444444444444473 0.06000000000000005 -0.10000000000000009 -0.01812865497076038 0.04607843137254597 0.0 0.023391812865497227 0.050000000000000044
85 20 -2.3279062500000003 -1.6881592320261443 -1.1178124999999992 0.06359374999999995 0.09 0.10541666666666671 0.33738552895760143 0.12000000000000001 1.9173529411764711 -1.4205882352941257 -1.0091331269349848 -0.9181250000000041 -0.1194444444444448 -0.05263157894736842 0.049999999999999975
85 21 -1.19 -1.1893954248366012 -1.185196078431372 0.8775000000000001 0.89 0.89 0.1637682702794291 0.06000000000000005 0.034705882352941364 0.0 0.018266253869969138 0.03692810457516238 -0.017647058823525574 0.002786377708978248 0.10000000000000009
85 22 1.099347426470588 1.6865962009803916 2.2469117647058834 -0.72359375 -0.6202941176470592 -0.47 0.36270327924197016 0.33 2.049019607843138 -1.6720588235294054 -1.07843137254902 -0.4238970588235258 -0.22812500000000124 -0.1736842105263158 0.0
85 23 1.0204411764705879 1.2452013184584183 1.6074264705882357 -0.376029411764706 -0.1145404411764703 -0.013750000000000416 0.3319884779778711 0.62 1.4186206896551736 0.3558823529411792 0.7444752855770262 1.0702205882352966 0.06176470588235877 0.3263157894736843 0.5970588235294112
85 24 -1.3829595588235297 -1.055773897058824 -0.8145588235294117 -0.09 -0.0567647058823534 -0.029833333333333135 0.2637701412274704 0.08 1.141764705882353 -0.7968750000000047 -0.6009287925696596 -0.32647058823529085 0.0 -1.460819769243627e-18 0.09999999999999995
85 25 -0.385 -0.3357928921568627 -0.288382352941176 0.03 0.04 0.054374999999998966 0.17657519419711568 0.060000000000000005 0.19 -0.2505514705882303 -0.01743421052631547 0.19411764705882684 -0.1 0.005263157894736838 0.1
85 26 -0.1525 -0.15050000000000002 -0.15 0.08 0.08 0.08 0.15711454610973366 0.009999999999999995 0.01999999999999999 0.0 0.010526315789473679 0.0 0.0 0.0 0.0
85 27 -0.275 -0.20496691176470616 -0.0975 0.27 0.27852941176470614 0.29 0.2011747948984891 0.02999999999999997 0.4041176470588246 -0.3999999999999915 -0.21269349845201294 0.049999999999999975 -0.08375000000000354 -0.0015479876160988029 0.08529411764706119
85 28 -0.1 0.43761150455796327 1.1385964912280708 -0.029117647058822423 0.185 0.2625 0.3142926515887138 0.22066666666666637 1.1513333333333327 -0.4532507739938062 -0.5954385964912279 0.05555555555555279 -0.09999999999999995 0.11614035087719286 0.3
85 29 -0.44147058823529417 -0.427483455882353 -0.42 0.0775 0.08794117647058827 0.11647058823529413 0.179950510103023 0.19 0.05529411764705916 -0.07058823529411729 0.029102167182662717 0.10000000000000009 0.0 0.1 0.1411764705882347
