10 0 1.3783608807228886 1.3786113354705505 1.3838193979585185 0.09111607715355285 0.09289194966746284 0.09444529270174284 0.15772315962349584 0.004084070449680011 0.03106686068559994 -0.006981317007999088 0.013163456937452566 0.010821041362399919 -0.005061454830800061 -0.0013962634016000046 0.0022689280275999674
10 1 1.8007087915747397 1.8084693980935835 1.8341536633661897 0.16639726681725509 0.1749144735669278 0.17951777946899053 0.16914522166434975 0.04731587602154544 0.11805407060702522 -0.019809487010198357 0.036881562878708044 0.10061823137780035 -0.05209807817219983 -0.02490309264291865 0.008901179185200059
10 2 1.4446366562596415 1.785940154807968 2.065389184666986 0.13162095121338901 0.133750252900829 0.139370213092269 0.23352654133315048 0.028012534494599978 0.757629974995444 -0.6941174435204001 -0.3987526184186547 0.0020943951024010588 -0.026878070480799987 -0.0073671266321263 0.02015855286060006
10 3 1.3909264271544184 1.4004646515165986 1.4144054689169487 0.1473202363165359 0.15600761266836588 0.1712487003614559 0.1695077690597351 0.08555603993338906 0.08393288372867991 -0.04468042885119927 -0.044175201962463106 -0.020682151636201018 0.0035779249666000046 0.04502949470178371 0.04677482395360005
10 4 1.5571844070001402 1.7061744385939785 1.8779410169257187 -0.5360498090402455 -0.2982225185164654 0.19391233399310456 0.2579541760300541 0.8096582400028001 0.3724707156623388 -0.2815216083476024 -0.1591832137221572 -0.008203047484399706 -0.7253588371312001 -0.28440599458511573 -0.03159045946120001
10 5 1.6476033220815545 1.7246081213465145 1.8047658579062604 0.3628697564175799 0.3660157123943099 0.37120806691901 0.17969630837322262 0.014416419621520016 0.21989403246471584 0.026703537555599066 0.11573370129721887 0.18753562812739988 -0.04502949470160056 -0.006476090119263189 0.014573499254199596
10 6 0.16654208066376416 0.17196307332021438 0.18385138351995056 -0.699455872406443 -0.693146507160463 -0.6718142203778931 0.1678207569988753 0.07691666013563991 0.07415903991695642 -0.009424777960799907 0.03676214561290338 0.05218534463480001 -0.060126592731399864 -0.032628471068968434 0.014398966328999507
10 7 1.7442448207625993 2.099207266040481 2.355524574661259 0.28485974446732854 0.32377622346379853 0.3573781748879285 0.2423096189132935 0.11400490674063996 0.791820975052596 -0.10323622525580056 0.3212140699182085 0.5824163714185793 -0.1389282084592003 -0.060002582495073654 0.03307398932539979
10 8 -0.926497464485176 -0.5265212324691401 -0.1438874645659442 0.3117335970685211 0.3361114833958311 0.46299692001623105 0.2822189689127814 0.22263419938511997 1.02403703202596 -0.174794724587799 0.5389668589610315 1.1197159816171092 0.0003490658503998989 0.11717589441322106 0.18928095737939993
10 9 1.5971519135768606 1.6025284003376463 1.6010701777476006 0.13751817634903707 0.15031143976619704 0.15463985631115706 0.16051102899670722 0.023265238929159965 0.03338814859075989 -0.005934119456798559 0.01757270978461047 0.03246312408719976 -0.009250245035600235 0.010361744190821046 0.026703537555600176
10 10 0.47294069102421193 0.4925293938840339 0.508122165421402 0.14133598712514778 0.1433562057343378 0.1490197991570778 0.16394708878988992 0.01282817000219999 0.09053022830124002 -0.010122909661600676 -0.0135033368444211 0.03979350694560013 -0.007068583470599965 -0.001607540100526325 0.006370451769799751
10 11 1.379084610586633 1.3801955126555308 1.381645881263943 0.06519861650052579 0.0662327240823358 0.0679955066268558 0.15546379903438623 0.004171336912279999 0.0038746309394399603 -0.0036651914291996324 0.00010104537774736107 0.005323254218598805 -0.006283185307199984 0.0010563834946315798 0.008290313947000028
10 12 1.3425144358806864 1.3512716254025967 1.3577075270193466 -0.027067729592908842 -0.009740973443626484 -0.0020571614116951754 0.16360625998012837 0.04012511950353236 0.027646015351679987 -0.07522369076120028 -0.0002204626423578893 0.05183627878440067 -0.055326937288400005 0.003444728786842106 0.06335545184760003
10 13 0.8923368622568835 0.9278778744799853 0.9848567659054034 0.34743105866671153 0.35122278646668154 0.35678602345743154 0.1675033558907901 0.009965830028920042 0.13096950707007993 -0.006283185307200401 0.06038839211919997 0.11484266478159921 -0.008028514559199895 -0.0032150802010526207 0.007417649320999864
10 14 -1.0917802416130882 -1.00118194547102 -0.913464315259378 -1.097286706921392 -0.8819872537178021 -0.37668389200189206 0.2893152738624138 1.1128568376598909 0.18697712276675993 -0.24504422698079953 0.06537635940254734 0.3430444644806008 0.26991516882179967 0.5857141250841531 0.8477936841590001
10 15 1.9809740567794005 2.0024145539755946 2.0109195434205906 0.10021244232671 0.10143853612624001 0.10335839830344001 0.16398148566228787 0.014573499254200012 0.09278170303631983 0.008290313946999195 0.047601558862441974 0.07269296334579955 -0.002094395102400018 0.0019106762337684228 0.009337511498199932
10 16 1.9374915540509188 2.0293464872544265 2.084749346365289 0.13118180698105797 0.14429359298670796 0.2147307182744725 0.17917646633005346 0.09072221451913455 0.1765749604248399 -0.020158552860600754 0.08067095521612619 0.13386675362840106 -0.07775441817660003 -0.03705609580308133 0.029583330821399967
10 17 1.7721730946368528 1.8055211006544674 1.8695013803746328 0.18073170444551248 0.18307480896632247 0.18665709725605248 0.17984633790327326 0.019408061282240013 0.26635469714946525 -0.026965336943399754 0.10928516900641333 0.20472712125959913 -0.030543261910000036 -0.006834341913094744 0.018675022996400004
10 18 1.5529121318800345 1.5743369211129603 1.5908730431110347 0.049839719082925796 0.055669118784605794 0.0631216746906458 0.16087859307877972 0.012461650859279999 0.05131268000880018 -0.03630284844159948 -0.022037078292357876 0.004276056667399386 -0.0030543261909999828 0.006375044741515791 0.018849555921600022
10 19 1.9351141247156685 1.9484938187615009 1.9702476025584281 -0.04773863355161011 0.06383153888248991 0.1054925481277299 0.18965683292536747 0.17571974909136 0.19052014114832017 -0.05340707511119924 0.011096619665347368 0.15289084247519957 -0.018500490071199985 0.08270104871450527 0.13508848410462543
10 20 0.504955168530136 0.766078241244986 1.100400422788716 0.14413985856848582 0.14691493207916578 0.15845155843488581 0.23428839997521453 0.023666664657119973 0.8723155601496 -0.7160213256330017 -0.4385185675367158 -0.001658062789399728 -0.004712388980399884 0.01245613929322104 0.02591813939219978
10 21 1.6582360618100167 1.8380712972795128 2.0718267346599477 -0.12162612932635794 -0.017141993655369222 0.07015937552966206 0.22174113425427033 0.20484929430724 0.4325100419416106 -0.16816247343019897 0.195982103114574 0.4416555672186018 0.0018325957146000244 0.10781541805644208 0.18989182261759996
10 22 1.557617830432217 1.5881174591109168 1.6237352658211068 0.27506927154647853 0.2844111463678085 0.29861376315595856 0.17404444603640656 0.04773475504219998 0.16147786239504014 -0.10349802464360125 0.028393751147010565 0.09896016858840007 -0.07757988525140008 -0.02328636659905263 0.028536133270199993
10 23 2.8589682880591623 2.8759643043151386 2.898164019735953 0.18652052524208348 0.19216666537230348 0.1959234865872335 0.1659740282735253 0.01741838593495998 0.10471975512000009 -0.0666715774264004 0.018169796107663345 0.07810348402699896 -0.015097098029799999 0.008405138239894736 0.01841322360860001
10 24 2.417606954257811 2.7132360589493265 3.0420552173615008 0.039424224364755844 0.046318274910155846 0.057724001571975846 0.2351447244901814 0.03424335992424 0.7731284987584401 -0.7394960040724019 -0.4069097361886527 -0.013439035240399022 -0.04590215932760003 0.004583785772357896 0.0725184304206
10 25 1.5657786506440226 1.5987828267993427 1.6215026503372525 0.1340935979497531 0.14131489772990308 0.15467102983083308 0.16418568979052248 0.02748893571900002 0.07862708280260033 -0.010646508437200941 0.03842480137429482 0.07400196028480077 -0.031328660073400155 -0.0005695284927578759 0.020420352248400053
10 26 -2.462934122822041 -2.4209493550005554 -2.396489438198401 0.21410457790418702 0.215042692377137 0.217097817571367 0.16845177471854988 0.02453932928312 0.13102186694763995 0.012566370614399691 0.06895887734086313 0.08779006137559886 -0.030543261910000036 -0.008166303710673678 0.02094395102400004
10 27 1.7105505123277092 1.714825696330483 1.7163668220599988 0.1728198360577551 0.17541601331993056 0.17886303859245603 0.15706029151378367 0.00855211333445094 0.018814649336559963 -0.019024088846800735 -0.009902447019242085 0.0036651914291996324 -0.004363323130000124 -0.0013595196278736994 0.00872664625999997
10 28 0.4632625979148374 0.4662252943201075 0.4727877323076275 0.24527829502584653 0.24899584633260652 0.26429802054951645 0.1601103126689231 0.03166027263127999 0.03227113786947999 -0.0024434609527998474 0.015441570908484215 0.03159045946120015 -0.029234264971000068 -0.01634179336477894 -0.00026179938779999357
10 29 -1.4758752379512852 -0.8788033368299107 -0.313093257037585 0.021198575169338946 0.04951217895990895 0.06892024024214895 0.31063536201903286 0.06244788063656001 1.6145342778547709 0.3375466773368011 0.8497548830814583 1.3688617323418544 -0.018500490071200037 0.023295552542484214 0.05410520681200001
10 30 0.27031906710011544 0.32284213294517744 0.3188697635676254 0.21641699722069493 0.22346812739877492 0.24120503592222492 0.18858428291613605 0.08592255907596 0.3005456971944 -0.1726130630228001 -0.12511254953810527 0.07784168463919994 -0.09075712110400008 -0.03968327562442106 0.012130038301400026
10 31 -1.5841952194676039 -1.5749196671578498 -1.557784024561714 -0.003931451102873979 -0.002661724072043979 -9.609007159629978e-05 0.16389683633259913 0.00727802298084 0.09936159431635994 0.023736477827199787 0.05229557595597891 0.06283185307200068 -0.013002702927399998 -0.0029303159546736836 0.003228859116203494
10 32 -1.7869057582148045 -1.7682883310847675 -1.7461610468268645 -0.5410259366629759 -0.5199336326525559 -0.503798063717816 0.17904979578315605 0.19537215646887995 0.04906120526848401 -0.06789330790280101 0.009920818906105253 0.07592182246199952 -0.24443336174260005 -0.10282745077309471 0.035517450278199636
10 33 0.5991044824789207 1.1119694831778117 1.7337604824953317 0.23548433144649256 0.27148174726899255 0.28541383802308257 0.2939600524023688 0.060667644799520026 1.495834435421364 -1.2938125745076006 -0.6153387926484231 0.2175552912617995 -0.0640535835483999 -0.03193033936816843 0.012740903539600057
10 34 1.8239103744714482 1.9999783167480587 2.1752146096371385 0.24769383071061452 0.2614601151857645 0.2711074226261945 0.21199505333117172 0.04499458811656004 0.6021036853601962 0.20315632493280056 0.3168966765053664 0.3998549316332012 -0.05174901232180035 -0.02368136216661055 0.0045378560552000735
10 35 0.6216001281714605 0.7957543169237764 0.9971208067086503 0.0624959256723969 0.07703451834155689 0.0873101443127069 0.2186247074608077 0.04886921905600001 0.65236916781256 0.1684242728180002 0.34292045424427375 0.46006879082720054 -0.07923794804080002 -0.025720641608421056 0.011257373675399932
10 36 1.6763037587084768 1.7036940833257863 1.7236676312846269 0.093610298098707 0.10571415646132701 0.109985849805597 0.16640951391543804 0.02993239667179999 0.10527826048762146 0.01274090353960089 0.05540961078295866 0.07208209810759869 -0.021205750411799895 -0.015101691001515786 -0.004799655442999998
10 37 1.698816275915956 1.707871916739958 1.719267171426266 -0.0831419102080248 -0.07679327505387479 -0.06661800551471478 0.17420161217752092 0.16856389915816 0.054419366077359976 -0.028972465583199103 0.00885524946804214 0.01658062789400061 -0.050876347695800045 -0.07791517218665263 0.016144295580999904
10 38 1.6366830878388354 1.6454778019396639 1.6544330863316756 0.19285480991166046 0.19559497683730043 0.19963977737881042 0.15896463677699715 0.017016960206999998 0.033964107243920294 -0.02452187599059963 -0.017793172426968592 -0.009075712110400147 -0.01064650843719997 -0.008956294845789473 -8.726646260004411e-05
10 39 1.5084760491241145 1.5584483162672038 1.6571737380713845 0.15184141478102808 0.16888891824993812 0.17779009743478902 0.21865217503559728 0.036006142468759994 0.6689847022898545 0.10655235083460002 0.3520972117315024 0.4590215932760011 -0.05017821599499997 -0.018950601299347364 0.009162978573000052
10 40 1.3942630603519297 1.4345443868234633 1.4707739314364796 0.2095191166462445 0.22404898266914453 0.2514942851568446 0.17613613319100138 0.06839945338588002 0.1739046066692802 -0.1831723049973999 -0.06801272516741066 0.022078415037800614 -0.0530580092607999 0.005382962850905267 0.045640359939799896
10 41 1.703134608335961 1.760202511553231 1.748351725932151 0.2267014952816275 0.2360259168104375 0.24522816529160749 0.19007630019027877 0.03577924966599996 0.33257248896860014 -0.0027925268031991912 0.1750381520887369 0.1874483616648004 0.0030543261909998787 -0.0064669041758315905 0.023911010752400153
10 42 -1.0469280432740886 -0.4883101088973869 0.17031693694787875 0.07696620809386895 0.09277889111698895 0.10334249641471896 0.3300259271912039 0.03584906283608 1.88996468711324 0.11152653920279976 0.9947182563753895 1.5203563114172003 -0.05401794034940004 -0.013402291466673688 0.03700098014239997
10 43 2.6637531627377156 2.700220072129004 2.8045226935577756 0.15957138107549684 0.16465465252194683 0.17779261846690045 0.21620373945757093 0.06628760499148362 0.38634608322272035 -0.39601520727880146 -0.20334004380143175 0.16283921921159683 -0.06405358354840004 0.0188036262044421 0.08473573518721786
10 44 2.8894321859559895 3.026040827444752 -3.1311596086343503 0.08423375909919695 0.2130826911282715 0.2668911919674315 0.2281112850668592 0.18668041679409453 0.5932111515009204 -0.5261295030154001 -0.299567437016358 -0.06754424205239973 -0.21450096507167268 -0.07821830831998659 0.09747663872419994
10 45 -0.7725630605625479 0.05801033253161149 0.850078271668112 -0.16214957175020006 -0.08753674622720006 0.02515480025130995 0.4071914297634205 0.3063925501884255 2.58109761761272 -1.7880898186739993 -1.3584724303224842 -0.6572909963032003 -0.20952677670260011 -0.16125923694127656 -0.0803724120546001
10 46 0.4218832169367609 0.5714291359005028 0.7352265408714509 0.1527119947082769 0.23888762652612594 0.33354119518521597 0.22683545978479017 0.19975293289174906 0.5970247772316402 -0.5299692273698003 -0.2490584842604001 0.09267698328120022 -0.17200219778459994 -0.10513312257460476 -0.002181661564999854
10 47 0.656713680171345 0.6953971577126731 0.717307148477655 0.18816210436535605 0.22666843098760608 0.26789310791984605 0.2013860980731644 0.08899433855948002 0.3547556237615199 -0.0027925268031997463 0.18671348619027361 0.3690498703354006 -0.1240929098172 -0.042999401202853615 0.03447025272700022
10 48 1.494775359939437 1.4966193002941752 1.4995706520593073 0.06787124888029006 0.07091248510190007 0.07231311182663006 0.15749467741931433 0.00809832772928 0.015847589608160018 -0.02617993877999991 -0.008340836635873693 0.004188790204801007 -0.010995574287600007 -0.002360787461915785 0.011082840750199913
10 49 1.446400553875822 1.4811587859294022 1.512696885513042 0.6041031054566486 0.6789733670443185 0.6881799788486186 0.1714958468486925 0.10794861423620006 0.08147196948336011 -0.06248278722159828 -0.04287998393861058 -0.01178097245100096 -0.015446163880200037 0.044294619227073694 0.03150319299860038
