16 0 0.071780156147004 0.11941455475721399 0.169392057888234 0.0901959007866682 0.09462467376361822 0.10507046933683821 0.17505642276958397 0.03392920065888 0.19868828204768 -0.12514010736840006 0.01410042316747368 -0.018936822384200136 -0.015882496193200188 0.005906561626505262 0.003141592653599923
16 1 0.274771208096689 0.2884694247309062 0.3465173303232789 0.35892730004260104 0.3681426384931611 0.37786848574993104 0.1859473656309248 0.06284930636451996 0.21642082724869813 -0.2604031243984 -0.11390569855194639 0.003926990817000042 -0.039968039870799665 0.014743439207684185 0.045553093477199436
16 2 -0.13981139354220617 0.10166538044729638 0.25843347185576204 0.10565835440666989 0.11743932685766989 0.1216935669094199 0.20405673931966398 0.04701917004888001 0.47155305730536 -0.29565877528880014 -0.24818581963439998 -0.013700834628199987 -0.016231562043599948 0.02474693160467369 0.05576326960140002
16 3 0.15218645667797187 0.20440758056280436 0.27570340784253544 0.14539625322306585 0.14776117435952585 0.15003446571025586 0.17807301188016883 0.0116937059884 0.1568527398777636 -0.19966566642880004 -0.08255407361987559 -0.008464846872200116 -0.013002702927399912 -0.003196708314189483 0.014486232791600107
16 4 0.3734145994258509 0.36671078976884913 0.425041438700011 0.1515457269170348 0.1645309765519148 0.18630832229444294 0.19109607446555807 0.07733553915681816 0.32480577379789816 -0.09398598022020005 -0.17095040726205166 -0.03796091123100004 -0.05401794034940004 -0.040702915345693765 -0.01570796326800003
16 5 0.13279070966313508 0.14052251824923329 0.21756571475555606 0.11245141826231386 0.13804230841976384 0.14925168554073387 0.21870540124499196 0.1614604091030436 0.38662533590304 -0.3075270142041452 -0.20348701889633686 0.006806784082799833 -0.01893682238419986 0.08497916268581242 0.17366026057426187
16 6 -0.050798971432352846 -0.006080145337598373 0.03585662592944716 -0.1389370320682738 -0.09921770161588378 -0.08367118130369379 0.17823953495638659 0.08782496796133814 0.11136945957012001 -0.03717551306760002 0.03420845333922756 0.12060225131319999 -0.011519173063199925 0.0228638132012 0.11109020688980009
16 7 2.986297765518456 3.1232602603157966 -3.0384522760147736 -0.21428653197983846 -0.16697065595794397 -0.15440428534354397 0.20241999673077773 0.12683307674301456 0.40955015431296005 -0.2886774582807994 -3.2782473838573054 -0.06527531402479525 -0.04956735075679994 0.017765614596673703 0.060737457969599895
16 8 0.296331648197202 0.305588001885184 0.32575353606279195 0.3193091017250605 0.32849389691371045 0.3419111155384605 0.172745009207863 0.03939208121764004 0.14224433403799996 -0.0767072206254002 0.04432217705736842 0.08639379797400037 -0.06998770300519985 -0.012621486274989456 0.07147123286940005
16 9 0.2071353362585589 0.24106628224658624 0.30393129657447887 0.19095021936541545 0.20746103408933544 0.22289847132327545 0.18663991241976918 0.03258529713484001 0.2811376359128581 -0.18168877513320011 -0.1479671767962411 -0.06972590361740028 -0.022602013813400046 0.017150156386757903 0.0717330322571999
16 10 0.30293161076363995 0.36535418412604603 0.4493778249758299 0.10697714458200897 0.12411191451351894 0.13508130886233893 0.18562024857084786 0.04557054676972 0.16507324065416001 -0.2470513556206 -0.0868806529758737 -0.06291911953460017 -0.0575085988534 -0.023956940469557896 0.010384709049399976
16 11 0.2921168234971445 0.2923960761775003 0.36127985843077454 0.118014364364797 0.124406632750247 0.127626765220187 0.19027057578159678 0.03061307508008 0.365908277681608 -0.29958576610571275 -0.19258330404295157 -0.02094395102400004 -0.0005235987755999871 0.016112144778989472 0.03543018381559987
16 12 0.15448980647689192 0.15588170655536193 0.15690708749091195 0.07998906987692606 0.08309139262235606 0.08727581950402605 0.15618591325779874 0.014451326206560006 0.005096361415839995 -0.00776671517140004 0.000808363021978947 0.004886921905599972 0.004974188368199947 0.007605961161347372 0.012479104151799994
16 13 0.23156010406863844 0.25001870623779043 0.2752806018312384 0.2365537334656449 0.2470562522395549 0.2621969835006549 0.1665405193111154 0.03216641811435997 0.051050880620999994 -0.07801621756439989 -0.02591354642048421 -0.0029670597283998346 -0.024696408915799994 -0.01572633515486316 0.0015707963267998226
16 14 0.2445503472841527 0.3125544835944879 0.49656716462677997 0.18695380322889246 0.2025483200955125 0.2371014759619825 0.23955209488597798 0.06454227573896001 0.8350527806193999 -0.6471680866414253 -0.43950146348389474 -0.11414453308080053 -0.04965461721939998 0.03396961880997896 0.11004300933860012
16 15 0.17619161824703514 0.24297926006869314 0.3209797696697815 0.0796232779545859 0.08217582198563589 0.08672240468709588 0.18438934213036598 0.035814156251039994 0.27689648582962545 -0.23771384412239976 -0.14573499254190814 -0.03464478565220003 -0.005585053606399978 0.018849555921599995 0.05672320068999995
16 16 0.7809619242919731 0.808841813763421 0.8191148217406929 0.004527965856099515 0.008572766397609516 0.011400199785849517 0.16837521651633497 0.02612757890244 0.09173450548512008 -0.08255407361959954 -0.006815970026231519 0.03429571980179957 -0.01509709802979999 -0.006025978891115788 0.013962634016000007
16 17 -0.022207375476981858 0.08956089182708574 0.2653748886980005 0.12633672449609903 0.12869728230942906 0.13220103078281906 0.23023767566060283 0.12206832788470548 0.7208035277834801 -0.59733893649796 -0.3793702777807789 -0.07784168463920008 -0.0023561944901998033 0.0642464883603713 0.043895030687799916
16 18 0.15557011680247304 0.20105426977410562 0.2623275438240085 -0.02891603327077684 -0.020294106765896845 -0.016925621309484485 0.1731194369079081 0.020263272615772362 0.1770636526152255 -0.13875367553399987 -0.09319139611327658 -0.06335545184672733 -0.010733774899800031 -0.01066488032409072 0.0007853981633999807
16 19 -2.0353698124266124 -1.5418980377100098 -1.408395185230652 -0.32211457305412794 -0.020661304647954886 0.006849447686717804 0.2195365336666277 0.5014330941002981 2.2764853032611603 -2.0011945203432004 -1.1981501596111368 -0.01064650843719872 -0.344789793732251 -0.2585659357124517 -0.013177235852634906
16 20 0.013039936618051154 0.19269889383083483 0.3372304818533976 0.131556374031065 0.13423545443288498 0.149869241207675 0.19866855408192688 0.04078834461924 0.4593706591258764 -0.32340951039560006 -0.24165461385427175 -0.027139869868599842 -0.008377580409600072 0.018665837052968405 0.02923426497099993
16 21 0.22918083244586007 0.237318430083345 0.25712791709351007 -0.004065647529790021 -0.0016876364239435115 0.0020517314984699795 0.1653162117424179 0.03363249468604 0.057072266539701905 -0.07478735844470938 -0.030038035020895738 0.009773843811199945 -0.021031217486639275 -0.017701312992652627 -0.003316125578799998
16 22 -0.052271835395587794 0.05740290947070407 0.17032309408136223 0.23078125088993345 0.23895811843555345 0.24506677081755346 0.18710272832868888 0.017051866792040016 0.3461162439634219 -0.285361332701651 -0.18216644419127467 -0.055152404359709306 -0.01588249619319998 -0.003518216334294733 0.015358897417599993
16 23 0.5503802227143485 0.5915027978853464 0.6225495872845485 0.09531092752932796 0.10012367294171795 0.10336562202730794 0.16729104160355232 0.014957471689639998 0.07049384848827989 -0.18483036778680018 -0.03710202552014731 0.06745697558980024 -0.0321140582368 -0.006962945121136849 0.010035643198999938
16 24 0.11920395169408116 0.22508958675402707 0.3727086622234275 0.14922569952740689 0.20816983169092595 0.25992320733585594 0.22152375489909445 0.1284038730699891 0.54178510640584 -0.45142941103006157 -0.28515005600307364 -0.131772358526 -0.04948008429420003 -0.020071286398000033 0.05410520681199987
16 25 -0.030567502594074945 0.14771962582685488 0.37758646963221054 0.072607442212452 0.09269181857984199 0.11531564900889199 0.22987919363914755 0.055466563628560006 0.73026321232932 -0.5342452840372001 -0.3843490591206947 -0.13037609512440013 -0.04206243497319989 0.0291929282255579 0.08412486994639999
16 26 0.2921168234971445 0.2923960761775003 0.36127985843077454 0.118014364364797 0.124406632750247 0.127626765220187 0.19027057578159678 0.03061307508008 0.365908277681608 -0.29958576610571275 -0.19258330404295157 -0.02094395102400004 -0.0005235987755999871 0.016112144778989472 0.03543018381559987
16 27 -0.1009512498954328 0.11693478125910109 0.32723037549702905 -0.07849463170490105 0.03507830604586895 0.09581140069233894 0.24783188794403985 0.16212363421828002 0.6763674450275601 -0.5948082090812508 -0.3559828658039789 -0.13587388226819985 -0.1522799772370001 0.06216127920149471 0.32079151651759985
16 28 0.21854450509712697 0.26371711679733856 0.322919557689857 0.05017923410367216 0.05334264337292216 0.05642314950270215 0.1761197091355775 0.011920598791160003 0.18882717177422909 -0.18753562812739988 -0.09938272198643634 -0.02556907354179988 -0.022340214425600018 -0.0013135899107157918 0.008552113334799986
16 29 0.29135202991596754 0.2957179710398192 0.32981472330691747 0.12949315244834106 0.14308926732142108 0.15236132897267105 0.17476571015464648 0.03392920065888001 0.1549852375781236 -0.10672688375979983 -0.08157117767269663 -0.014922565104599772 -0.036913713679800064 -0.013898332411978959 0.006283185307199846
16 30 0.0860874442088671 0.08688680500628311 0.0874313477329071 0.0790646271497252 0.07914753028919522 0.0792915199524852 0.15479610735032526 0.0004537856055199935 0.0024260076602799913 -0.0009599310885998608 0.0012768461369894691 0.002792526803199885 -0.0014835298641999867 -6.430160402104861e-05 0.001396263401600012
16 31 0.094110334929405 0.24137859921928703 0.38404443027164503 0.09467916682151084 0.10358034600671084 0.11253388506947083 0.1980600245944555 0.04488986836144 0.41924553962292 -0.35238197597879994 -0.22065554716995792 -0.07679448708799996 0.015097098029799999 0.02362624650602105 0.026005405854799962
16 32 0.10017790769716448 0.12946889586901153 0.18463875352492354 0.29828131442130595 0.3052888113680859 0.3121697719440959 0.17946541113749623 0.03214896482184004 0.22205824073230906 -0.1516691119988001 -0.11687275828016264 0.011257373675400001 -0.02050761871099982 -0.011831495139873706 0.03525565089040006
16 33 0.13279070966313508 0.14052251824923329 0.21756571475555606 0.11245141826231386 0.13804230841976384 0.14925168554073387 0.21870540124499196 0.1614604091030436 0.38662533590304 -0.3075270142041452 -0.20348701889633686 0.006806784082799833 -0.01893682238419986 0.08497916268581242 0.17366026057426187
16 34 0.06058590521292976 0.24189070791109296 0.4817905769217564 0.3166935803974159 0.3419572213201159 0.3498504728622859 0.2359984518176496 0.03600614246876005 0.7674387253969199 -0.7277150316214 -0.4039151186299579 -0.1741838593496002 -0.04712388980399995 -0.018794440261010504 0.019285888234600035
16 35 0.10663632056414904 0.23570865473718466 0.3704995602044645 0.04596940298520889 0.0628903700833489 0.0731267261463289 0.19803903582073146 0.04291764630668 0.3993138795649055 -0.34095006937819994 -0.21016519977100287 -0.12234758056511268 -0.03534291735300003 0.004795062471284217 0.04834562028040005
16 36 0.2242938234919636 0.33643210059748496 0.47136263240508364 0.2853825622290322 0.3063788731305922 0.33977138504448223 0.19591891694601005 0.07077310116860003 0.39324013376864364 -0.31101767270640024 -0.20696849145718088 -0.05410520681199987 -0.056635934227399765 -0.01629586364762108 0.041364303272399816
16 37 0.18598233357487595 0.3109775786152902 0.41628725502253594 0.173452566393012 0.18412089144586202 0.194998656008952 0.18192829529837393 0.022462387473240003 0.2735629069588291 -0.1967858731647451 -0.14398047734675215 -0.04014257279599989 -0.026616271092999993 -0.007918283238021052 0.00837758040960021
16 38 0.19580533749217707 0.25353297516684276 0.3287427032938871 0.36327050340619244 0.36846285793089245 0.37485076299321246 0.18406670313311937 0.014992378274679974 0.30796334651470186 -0.25394540616600003 -0.1620859718498431 -0.020682151636199908 -0.022776546738599857 -0.007890725407726302 0.007504915783599908
16 39 -0.06719551557149922 0.053398009095821264 0.21176482209948894 0.2528873972704869 0.26005197384994694 0.30303070668044696 0.21163913383295183 0.09782570457459999 0.5127777342376 -0.3700970678866 -0.2698830180197895 -0.1389282084592 -0.025569073541800158 0.05148721293399999 0.13124875975039973
16 40 0.274708764094174 0.3259333049757479 0.384860856511024 -1.1063779815515375 -0.9302219001471775 -0.6138111600520975 0.2906905660486866 1.3041274703870946 0.21237166338335997 -0.16449728200100017 -0.11177455967545262 -0.04869468613080019 -1.0869037916829996 -0.4439658319917339 0.2455678257564009
16 41 0.1596499693725456 0.2590717775481031 0.3935415424328911 0.06764130175133906 0.08300456249206906 0.09692792659989906 0.20713358205007362 0.023527038316960007 0.5416454800649818 -0.43580871422474904 -0.28507656845525353 -0.0430223660618001 -0.039531707557800035 -0.0057136568144421085 0.026441738167800044
16 42 0.23145005136225053 0.31262967819593634 0.4331708429852805 0.2178042430872445 0.22340674998616447 0.2352837155460245 0.2030118130212805 0.024713862208319975 0.5057266040593454 -0.37262779530199985 -0.2661718968733397 -0.03735004599280001 -0.019722220547600117 0.005089012661094724 0.049131018443799995
16 43 0.19212628039247298 0.24300437341752507 0.325591608292913 0.23091607757465046 0.23645749794975046 0.23853880308276043 0.18662712394029188 0.010646508437200025 0.18603464497068 -0.3201806512794 -0.0979129710372 0.1005309649152003 -0.00698131700800006 0.005603425493263171 0.021991148575200015
16 44 -0.09537846207502915 0.08271231680553676 0.2675278492938545 0.256356142195325 0.291537616592515 0.297201210015255 0.21247343975313113 0.06480407512676001 0.5494121952370801 -0.42298054422220005 -0.2891643132826737 -0.07714355293840014 0.007766715171399485 0.03410740796145264 0.052796209872999905
16 45 0.21854450509712697 0.26371711679733856 0.322919557689857 0.05017923410367216 0.05334264337292216 0.05642314950270215 0.1761197091355775 0.011920598791160003 0.18882717177422909 -0.18753562812739988 -0.09938272198643634 -0.02556907354179988 -0.022340214425600018 -0.0013135899107157918 0.008552113334799986
16 46 2.1375255819049306 2.2923415225457853 2.516894711442781 -0.6949329486133969 -0.675843409919647 -0.6679676116699971 0.2429439084558543 0.06939429105952 0.8798204759262189 -0.7483099167949991 -0.4630634083822206 -0.08770279491300048 -0.042062434973199614 0.03652331108395789 0.04616395871540002
16 47 0.11364430232464895 0.19749864623711028 0.3129216329950535 -0.0309386274669849 -0.01163528593982999 0.0257365766685851 0.20721836121791548 0.0818559419188 0.36568138487921453 -0.40160026088520007 -0.192463886778534 0.02984513020919982 -0.061697389058199964 0.01425658420581053 0.05070181477059999
16 48 -0.37745455183016197 0.04481564338650895 0.451044517447978 0.028065088297613054 0.2191699147451785 0.2670530227737985 0.308864538826779 0.4053178121917855 1.13022286371764 -0.7746643885002 -0.5948541387987579 -0.2219186143917995 -0.39505527618932734 0.020163145832315797 0.4548328030712001
16 49 0.05095033026355695 0.06956077607763295 0.08719645550446695 0.2596929693181145 0.2685025187175845 0.28694192226496457 0.16590860072580124 0.05822418384672001 0.05632177496204001 -0.05794493116639994 -0.029643039453705267 -0.006544984695000047 0.010733774899800153 0.030644307287747374 0.05157447939659984
