2 0 0.33750000000000024 0.5670199532590926 0.7601512087781365 0.04007560438906824 0.07500000000000001 0.095 0.250457718034364 0.28 0.81 -0.6001346877122676 -0.4263157894736842 -0.25374575362058255 0.0 0.14736842105263157 0.20000000000000012
2 1 -0.19778991768611795 -0.02924540011103761 0.11250000000000027 0.16 0.21519237724930024 0.24971937863209517 0.19689601091503567 0.0903318663553094 0.37963358717754425 -0.34996029982057814 -0.1840176774618648 -0.00242819002025621 0.0 0.047543087555426 0.09999999999999981
2 2 -0.17250000000000032 -0.06315396750589901 0.04500000000000004 0.2275 0.355 0.4325 0.20024251477436997 0.23046276346604197 0.2799999999999998 -0.20057607876270062 -0.14210526315789473 -0.09475951257811942 0.0023138173302097997 0.12105263157894736 0.1999999999999999
2 3 0.06784481523918631 0.132762858512354 0.1933622477388925 -0.35775383548023276 -0.14 0.06253566320137938 0.26570957147340285 0.5700000000000001 0.16999999999999993 -0.10045674731676953 0.06842105263157915 0.34842059321487673 -0.9092003719807469 -0.3 0.3559726078976046
2 4 -0.0950000000000002 0.0004093752817207752 0.11185100238627116 0.43879799522745816 0.47725414691943163 0.5025 0.19590323523379904 0.15000000000000002 0.31999999999999895 -0.20913006176841104 -0.1684210526315784 -0.10295849213522862 0.0 0.07894736842105264 0.10000000000000009
2 5 2.9623907386939305 3.0947090725721913 -3.0354368865866967 -0.26 -0.26 -0.24041461279771636 0.2182465939780797 0.05000000000000002 0.4504763651368595 -0.29983032234151885 0.17325741751645657 -0.10273625316898238 -0.09778539119529708 -0.02105263157894737 0.00218522612139338
2 6 0.061834352078238015 0.10413330715823725 0.18132383220961668 0.49 0.49 0.5 0.17957111420052865 0.010000000000000009 0.2727227535401847 -0.20000000000000018 -0.14353829133693932 -0.049999999999998934 -0.02110431947841468 -0.0033241326400833197 0.0
2 7 1.3375038638792522 1.4415731217160885 1.5025000000000004 -0.015 0.024731870094467312 0.06294694767441947 0.1910636929457489 0.16 0.19048291905397696 -0.09999999999999787 0.08446469423893559 0.14758937283773865 -0.10000000000000002 0.03157894736842106 0.15000000000000002
2 8 1.2475000000000005 1.3014795662179868 1.3450000000000002 0.04750000000000001 0.1 0.11012279391166323 0.19961083334819815 0.29903848591103255 0.20999999999999996 -0.19999999999999574 -0.03157894736842132 0.19961112721891494 0.0 0.1413889290271671 0.24775524640415397
2 9 -0.11203800217155264 0.018684119012062607 0.06637998327292588 0.1375 0.265 0.3 0.23519603640285272 0.19 0.6799999999999997 -0.6135521593946667 -0.3315789473684215 0.04076004343105538 -0.10354844844526853 0.047368421052631574 0.10174016584736767
2 10 -0.14885806202488414 -0.15448601952311763 -0.05928554673403041 0.5585710934680619 0.61 0.6125 0.2383036644500921 0.2995647837217835 0.6542875477581445 -0.27630721190003565 -0.3443618672411286 -0.09999999999999787 0.0 0.15766567564304393 0.2999999999999997
2 11 0.2550000000000002 0.3131884881247625 0.3352293263352514 0.10500000000000001 0.14032887086675128 0.17 0.2162719295089598 0.27 0.43000000000000016 -0.3857377142287798 -0.2263157894736843 -0.002818876029107298 -0.10328870866751272 0.12105263157894738 0.29618553008596227
2 12 -0.2861403711504657 -0.25504775604047697 -0.08000000000000052 0.49 0.515 0.6825 0.2674812821214852 0.3152647640670862 0.9617416618600716 -0.0494652250699373 0.4594194614802332 1.036926403679622 0.04651852423552261 0.14587304774998783 0.2624832352736525
2 13 -0.2555213676900868 -0.18981733746406906 -0.09750000000000014 0.22 0.28 0.3935427353801729 0.22754633915648598 0.44105687486474043 0.39064638160776477 -0.29999927111381985 -0.20560335874092883 -0.09999999999999787 0.10000000000000009 0.23213519729723178 0.35327220992728975
2 14 0.2519385942396428 0.41958076443906894 0.5819266384525652 -0.02 0.005237714063939881 0.09011729109407421 0.23641374342526245 0.2005135265700526 0.7295254689382203 -0.4996757203726182 -0.3839607731253791 -0.2993850574395987 0.0023458218814840365 0.1055334350368698 0.10237714063939882
2 15 0.037683938446741866 0.10203751733586797 0.1725 0.027277559895294512 0.08480636070853721 0.11 0.18726083495968915 0.12993340458768268 0.22993340458768266 -0.14882060237753333 -0.1052281076777276 -0.09598825400357579 -0.050332977061586556 0.04733337083562246 0.156271473374352
2 16 -0.10749999999999993 -0.004471450909657865 0.11000000000000032 0.0075 0.05 0.06270544266403734 0.20656286139298402 0.11987602730185222 0.46975205460370373 -0.3967849886458714 -0.24723792347563356 -0.10136961776025126 -0.14938013650926107 -0.06309264594834327 0.0
2 17 -0.3899999999999997 -0.16693509888930663 0.07000000000000006 0.4575 0.47 0.5275000000000001 0.2528863941194773 0.17000000000000004 0.9100000000000001 -0.7808502340092619 -0.47894736842105273 -0.09999999999999787 0.0 0.08947368421052633 0.20913010806551363
2 18 -0.03490474043845494 -0.017573417621497743 0.019835380193362596 0.017499999999999998 0.1188882367878245 0.2128081281477336 0.2030446928238914 0.22 0.24908884026257896 -0.3024854090983153 -0.13109938961188367 0.10022446735272428 -0.2954466522332783 -0.11578947368421051 0.09604062111754769
2 19 -0.1092703096533742 -0.0832556406382869 0.05500000000000027 0.6306840806602574 0.6652700100146339 0.68 0.24271761939120454 0.13020990555624834 0.8597077532958393 -0.6043529568567498 -0.4524777648925471 -0.10030201342282503 -0.0063406822766920445 0.03150204034101045 0.09969798657717688
2 20 -0.25000000000000044 0.1355 0.4450000000000002 0.295 0.42 0.53 0.2635512110024747 0.21000000000000002 0.6400000000000001 -0.8499999999999974 -0.3263157894736845 0.0 -0.3 -0.0473684210526316 0.19999999999999962
2 21 -0.12999999999999945 -0.06767499460354459 -0.026083191041291674 0.36 0.395 0.41 0.19814567262463895 0.11966658532121155 0.37073559620464314 -0.3000000000000025 -0.19512399800244373 -0.09999999999999787 -0.09833292660605786 0.026315789473684206 0.09633549398729152
2 22 0.9610325016023697 1.0578872095274336 1.1725000000000003 0.1276513090425967 0.14517506005872466 0.16 0.20362677757270106 0.07 0.47999999999999954 0.09647957950519537 0.25263157894736815 0.40229009455744924 -0.09999999999999995 -0.010526315789473694 0.05046628835099133
2 23 -0.04249999999999954 0.09204681859689956 0.11059886729128876 0.3975000000000001 0.4362674218058075 0.47846723248300344 0.21929089961317944 0.16999999999999998 0.38677532315939767 -0.10000000000000009 0.19999999999999996 0.5112146846006764 -0.09999999999999981 0.04210526315789474 0.12390407090412614
2 24 -1.6345223151500474 -1.1863247373657446 -0.7840389546366551 0.0946092398661286 0.2298506267728047 0.3523865719433224 0.3368870936086651 0.3495365038082841 1.5399696621843226 -1.4491711210711689 -0.7836884239605579 -0.04790525221989861 -0.5020071689716472 -0.06816798508966736 0.30034315864641475
2 25 -0.2949999999999995 -0.19452786584650258 -0.09750000000000014 0.2375 0.32 0.38970099088202337 0.1976496693251315 0.2 0.2900000000000009 -0.20000000000000462 -0.15242174798738528 -0.09999999999999787 0.049999999999999906 0.09979016904001636 0.14999999999999986
2 26 -0.059717741244936645 0.12022618146206103 0.29949060151582363 0.28 0.38464893981018544 0.5121304184120087 0.24318514017888884 0.31996141000467365 0.6685378887828632 -0.6910608828645672 -0.3050285452068037 0.09997557440569241 -0.10018796361647153 0.08860395679436622 0.2999999999999997
2 27 0.25353977803239547 0.40729304200827077 0.5643734491315215 0.05089330024813675 0.11747718264808868 0.4183724736692306 0.2575856124852902 0.5010144181256488 0.6710144181256488 -0.585375273576389 -0.35316548322402563 -0.10016323835319738 0.10000000000000002 0.2636917990134994 0.2987451427861447
2 28 -0.9282007998590813 -0.4947831396024226 0.09623737042781288 0.41412448126360524 0.4702396023819569 0.5501252190757312 0.3161531935506254 0.24035077976769154 1.5803515987101007 -1.1509762062996054 -0.8317639993211057 -0.5010785629888117 -0.29940957141790514 -0.1265004104040482 0.0023960238195691597
2 29 -0.7734214959566623 -0.44573606663729615 -0.04801354801738949 0.3553771567089692 0.385 0.4125 0.2944201754678564 0.23942560865644624 1.349978421126196 -0.8941731360613394 -0.7105149584874716 -0.503036343721473 0.003043251198791841 0.12601347824023487 0.19695674880120806
2 30 -0.3450000000000002 -0.22587311226145915 -0.06540940990930576 0.3484190953850538 0.5701142745003331 0.62 0.25274340396393197 0.47000000000000003 0.6491438722657442 -0.5500048158996395 -0.34144780118631707 -0.09999999999999787 0.0 0.21558260525697803 0.4479091665481838
2 31 -0.22510862259349942 -0.15256900487860847 -0.08000000000000052 0.14 0.16043521516936704 0.1896931513927368 0.19721607987843115 0.22 0.25047998126902293 -0.20501960629963706 -0.12656841119422269 0.0 -0.049999999999999906 0.09447596035998103 0.19793748215815116
2 32 0.005688235770055391 0.1504917843981815 0.2975277462124952 0.1949626848321399 0.321631271726057 0.4409058821149724 0.2178812767874846 0.31308946932986814 0.40868887396520726 -0.3185969208228607 -0.21509940735010905 -0.10019137910729864 0.05049647524072928 0.1647839312262464 0.2719402040670507
2 33 -0.2899999999999996 -0.1791371708984541 -0.08042113403260848 0.20750000000000002 0.22676164294417428 0.24511977621747494 0.2025338272766695 0.06349303495663328 0.4469860699132674 -0.3999999999999915 -0.20894003679645615 -0.016787199473342895 -0.10000000000000009 -0.03341738681928067 0.05172060630889777
2 34 0.352319132354852 0.4164480739739667 0.49668206468484893 0.3753633179548498 0.4163825363825359 0.4274892676499325 0.18515771907605774 0.086827761226966 0.1700595697123891 -0.2042083286540719 -0.050961979593140146 0.08873033441380351 -0.09741150710130209 0.015572687145133875 0.09999999999999981
2 35 -1.0840350493508741 -0.6968107908722924 -0.11276761882463165 0.44 0.48001968969366193 0.5125 0.3412929187410661 0.15914172575743735 1.8797867853923038 -1.4491960523641008 -0.9893614659959493 -0.3963496008404611 -0.1498928229191318 0.020487264865184956 0.1959808416621059
2 36 -0.7217918289541991 -0.3573738020856747 -0.05068979399213784 0.416034690988206 0.5150581214028094 0.5700950516628998 0.2813115675890255 0.4196809825736738 1.0203633095029063 -0.8019248134649883 -0.462733606910585 -0.2504432577808177 0.0514856834143701 0.2208847276703546 0.24998878749229514
2 37 -0.6213506412658829 -0.35238494948381793 -0.12999999999999945 0.49024483748059833 0.5002686400965055 0.6178881957305797 0.2718323567669788 0.52 0.8196480160111398 -0.7014222989843981 -0.4208673768479676 -0.15003893850975197 0.0 0.2631578947368421 0.3925152788508357
