38 0 -1.9597619047619035 -1.9745919913419907 -1.9275 -0.28554653679653963 -0.2552380952380964 -0.235 0.1914981657775098 0.15136363636363329 0.27 0.0 0.14210526315789473 0.16190476190476866 -0.10681818181819874 -0.07894736842105263 -0.0023809523809636968
38 1 1.5678571428571346 1.8171450216450176 2.1336904761904743 -0.05 -0.03 0.07750000000000001 0.30899694074651424 0.18 1.0190476190476416 -1.403571428571403 -0.5363408521303378 0.6340909090909008 -0.043181818181801286 0.05789473684210169 0.15909090909089957
38 2 -1.7320238095238096 -1.692849567099567 -1.65 -0.16 -0.135 -0.1175 0.17589623514138494 0.09047619047618935 0.13000000000000012 -0.10000000000000009 0.010526315789473694 0.15000000000000013 0.0 0.04761904761904703 0.10000000000000009
38 3 -1.74 -1.7407500000000002 -1.74 -0.22 -0.15 -0.14 0.16421104893659363 0.09 0.010000000000000009 0.0 0.0 0.0 -0.049999999999999906 -0.04210526315789473 0.0
38 4 -1.1092045454545554 -0.7771298701298709 -0.46499999999999997 0.21 0.21714285714285544 0.23821428571428743 0.2617893437325337 0.09952380952381065 0.9457142857142824 -0.41428571428571453 -0.0684210526315949 0.7286796536796534 -0.11190476190476764 -0.026065162907266976 0.08809523809524933
38 5 -1.6732954545454548 -1.5899718614718614 -1.5 -0.33499999999999996 -0.2376190476190499 -0.11571428571428742 0.20437004618933902 0.32 0.15999999999999992 -0.13181818181820182 0.05263157894736835 0.20238095238096387 -0.2785714285714119 -0.05263157894736843 0.18409090909089668
38 6 -1.8992857142857167 -1.8109675324675325 -1.74 0.03845238095238039 0.05 0.0625 0.18607016052104178 0.11047619047619275 0.21380952380952145 -0.20238095238092946 -0.07894736842105259 0.0340909090909014 -0.10000000000000006 -0.058145363408522485 0.0
38 7 -1.73 -1.726431818181818 -1.72 0.01 0.01 0.01 0.15710977321595226 0.01 0.02000000000000335 0.0 -0.010526315789475446 0.0 0.0 0.0 0.0
38 8 -0.5334523809523889 -0.07237121212121467 0.2525 -0.04428571428571683 0.265 0.28079545454545357 0.294290432890999 0.5004761904761893 1.1000000000000134 -0.811147186147142 -0.5789473684210598 -0.09761904761903625 -0.3214285714285716 -0.2581453634085189 0.0
38 9 -1.76 -1.6896233766233766 -1.6366666666666647 -0.052500000000000005 -0.04 -0.03 0.18049502432913372 0.040952380952378686 0.12904761904762152 -0.10638528138526726 -0.020551378446114793 0.1833333333333398 -0.08809523809523247 0.011027568922304574 0.10952380952382085
38 10 -1.85 -1.8440000000000005 -1.84 -0.2425 -0.24 -0.24 0.15622474745425777 0.010000000000000009 0.010000000000000009 0.0 -0.005263157894736847 0.0 0.0 0.005263157894736847 0.0
38 11 -1.64 -1.4554188311688325 -1.3645616883116902 -0.03 0.002142857142855451 0.04285714285714455 0.2244371222668462 0.12 0.6580952380952358 -0.614935064935106 -0.33684210526315783 0.0 -0.049999999999999975 0.015789473684210523 0.10000000000000002
38 12 -2.7381926406926427 -2.331666666666668 -1.941244588744589 0.08738095238095267 0.10500000000000001 0.12 0.3022259691996816 0.07 1.5643722943722977 -0.8606060606060706 -0.8233538391433146 -0.771861471861488 -0.10000000000000009 -0.036842105263157905 0.0
38 13 2.049951298701307 2.7645865800865894 -2.693214285714269 -0.12 -0.11 -0.09670454545454646 0.4603528444264051 0.09000000000000001 3.0995021645021597 1.3041125541125775 -1.5363408521303235 2.0309523809523244 -0.09999999999999995 -0.031578947368421054 0.0
38 14 -1.86 -1.86 -1.86 -0.21 -0.21 -0.20750000000000002 0.1553397216925636 0.009999999999999981 0 0.0 0.0 0.0 0.0 -0.0052631578947368324 0.0
38 15 -2.2432088744588885 -2.0646060606060637 -1.82875 0.019523809523808958 0.04 0.06261904761904818 0.2505649172664989 0.075 0.9207142857142889 -0.7503246753247095 -0.48458646616541523 0.0 -0.09047619047619612 -0.031954887218046894 0.09999999999999996
38 16 -0.11892857142858243 0.523925324675318 1.2337337662337633 -0.3323809523809552 -0.2705086580086584 -0.23 0.38993075322118964 0.24 2.39000000000002 -1.838095238095199 -1.2578947368421158 -0.6515151515151629 -0.3190476190476077 -0.12105263157894736 0.09999999999999995
38 17 -2.6194318181818264 -1.6414393939393885 -0.5786904761904623 -0.21 -0.2 -0.1175 0.4096187780132769 0.09952380952381065 1.938095238095243 -0.11829004329003467 1.0200501253132856 2.7825757575758803 -0.040800865800827285 0.05238095238095298 0.1568181818181666
38 18 -1.6723809523809525 -1.665349567099567 -1.6540097402597418 0.08 0.09452380952381065 0.1125 0.16337087914317017 0.0409523809523787 0.020000000000000018 -0.050000000000000044 -0.005263157894736847 0.01590909090907089 -0.09999999999999995 -0.015288220551379636 0.0
38 19 1.7948809523809526 1.8932077922077917 2.0103571428571447 -0.020113636363634495 0.095 0.125 0.2225995282972918 0.2804761904761893 0.3614285714285679 -0.47932900432900105 -0.05187969924812379 0.40238095238096294 -0.2250000000000081 -0.11604010025062599 0.03409090909089662
38 20 -1.424166666666672 -1.1835476190476217 -0.9570616883116901 0.09920454545454646 0.15404761904761963 0.23678571428571682 0.2609514506550478 0.31047619047618935 0.9004761904761959 -0.5476190476190701 -0.4739348370927347 -0.38538961038962705 0.08809523809523247 0.16340852130325756 0.2436147186147158
38 21 -1.654880952380955 -1.0327997835497897 -0.5766558441558535 -0.23892857142856974 -0.13068181818181987 -0.0528571428571437 0.38079696863933665 0.31 2.250952380952382 -1.5676406926407265 -1.1847117794486222 -0.37380952380950183 -0.2031385281385536 -0.11052631578947192 0.0
38 22 -1.04 -1.0222857142857147 -1.01 0.01 0.02 0.02 0.16251852464005892 0.049999999999999996 0.040476190476189444 0.0 -0.00025062656641547826 0.0 -0.08409090909090172 -0.026315789473684206 0.0
38 23 -1.5221428571428588 -1.3889880952380955 -1.2678571428571437 -0.2725 -0.26 -0.25 0.19997484462350262 0.06 0.4504761904761896 -0.33333333333333326 -0.11604010025062073 0.05508658008660072 -0.05952380952378711 -0.031578947368421054 0.0
38 24 -0.47214285714285625 -0.4366980519480517 -0.3975000000000001 -0.97 -0.95 -0.7595238095238064 0.23114156023127144 0.6300000000000101 0.23047619047618928 -0.0880952380952324 0.08972431077693993 0.2182900432900442 1.6653345369377348e-14 0.3315789473684264 0.6380952380952665
38 25 -1.95 -1.9509047619047624 -1.95 -0.01 -0.0015909090909103389 0.0 0.15799987017728911 0.02 0.010000000000000009 0.0 0.0 0.0 0.0 0.005263157894736842 0.0
38 26 2.842738095238089 -2.8623668831168887 -2.186103896103904 -0.1 -0.08318181818181422 -0.0461904761904776 0.3697167401181205 0.23428571428571768 2.1600000000000072 -1.5952380952380907 -1.028822055137852 -0.6849567099567422 0.0 0.07894736842105263 0.23095238095239218
38 27 -1.47 -1.3770865800865795 -1.2675 -0.485 -0.2637770562770591 -0.22 0.20178888573651696 0.30000000000000004 0.24 0.0 0.10526315789473682 0.10000000000000009 -0.2568181818181664 -0.15789473684210525 0.0
38 28 -1.71 -1.7065000000000001 -1.7 -0.1825 -0.17404761904761962 -0.17 0.15801001257657515 0.03 0.010000000000000009 0.0 0.0 0.0 0.0 -0.015789473684210527 0.0
38 29 -0.40543831168830985 -0.40230952380952345 -0.36 -0.9225000000000001 -0.92 -0.91 0.1731105855780192 0.039999999999999925 0.17000000000000004 0.0 0.08421052631578949 0.11590909090909818 -0.01190476190475076 0.005263157894736788 0.030952380952375402
38 30 -2.28 -2.265031385281385 -2.2775 -0.08 -0.08 -0.07940476190476162 0.1703243052456492 0.04 0.13000000000000345 0.0 0.06842105263158076 0.049999999999998934 0.0 0.021052631578947368 0.0880952380952324
38 31 -1.4775 -1.396909090909091 -1.3212499999999987 0.13 0.13785714285714118 0.14285714285714202 0.1786058833643401 0.020000000000000018 0.22999999999999998 -0.10000000000000009 0.06842105263157901 0.2595238095238206 -0.10000000000000009 -0.005263157894736847 0.04047619047619619
38 32 -1.3748863636363664 -1.2208755411255396 -1.0214448051948068 -0.44 -0.395 -0.375 0.23931735228719406 0.21047619047618937 0.7499999999999999 -0.5190476190476234 0.1263157894736824 0.6524891774892116 -0.23333333333331568 -0.0686716791979944 0.10000000000000009
38 33 -1.77 -1.767440476190476 -1.76 0.05 0.05250000000000081 0.06 0.15976611830094525 0.009999999999999995 0.050000000000000044 0.0 0.026315789473684233 0.04404761904760579 0.0 0.005263157894736839 0.0
38 34 -1.0131818181818084 -0.6353928571428528 -0.2127380952380896 -0.09250000000000252 -0.065 -0.05 0.31215446813673636 0.06285714285713948 1.6900000000000033 0.5892857142857395 0.889473684210528 1.0001082251082272 -0.011904761904767552 -0.00025062656641544465 0.04318181818183359
38 35 -1.69 -1.6840000000000004 -1.68 -0.18 -0.18 -0.18 0.15588759478313607 0.006190476190475053 0.010000000000000009 0.0 -0.005263157894736847 0.0 0.0 0.0 0.0
38 36 0.8342045454545464 1.1217218614718645 1.4397619047619103 0.23920454545454645 0.3497294372294395 0.3980952380952384 0.3069034230489829 0.6009523809523856 1.140476190476196 0.4698051948052151 0.6002506265664188 0.6880952380952166 0.16904761904760757 0.316290726817045 0.4508658008657826
38 37 -1.9808766233766197 -1.4504339826839785 -0.9426190476190448 -0.44 -0.44 -0.42920454545454645 0.3213550293832918 0.27 1.6200000000000037 0.6206709956709971 0.8526315789473703 1.177705627705582 -0.10000000000000009 -0.14210526315789473 0.0
38 38 -1.1247619047619037 -1.0207153679653682 -0.8874188311688325 -0.06 -0.05 -0.05 0.19000314244020683 0.020000000000000004 0.19000000000000006 -0.38571428571426924 -0.036842105263157926 0.16904761904760646 -0.049999999999999975 -0.005263157894736839 0.009523809523820786
38 39 2.9751785714285734 -3.0874599567099557 -2.906433982683984 0.1260714285714269 0.13 0.14250000000000002 0.23513618368498607 0.04000000000000001 0.6009523809523794 -0.7190476190476325 -3.0575529733424447 0.8179653679653764 -0.050000000000000044 -0.005263157894736847 0.0
38 40 -1.88 -1.8728690476190473 -1.87 -0.04 -0.036904761904760774 -0.03 0.16065494746237166 0.020000000000000004 0.039999999999999813 0.0 -0.005263157894736847 0.036904761904742456 0.0 0.005263157894736843 0.05000000000000001
38 41 -1.61 -1.3986266233766254 -1.0485714285714312 -0.021547619047618767 0.10500000000000001 0.11 0.22375175694999355 0.13999999999999999 0.6199999999999999 -0.34761904761901996 -0.3157894736842105 0.01590909090907089 -0.049999999999999975 0.06842105263157897 0.10000000000000002
38 42 -1.73 -1.6739718614718608 -1.6337500000000011 -0.03 -0.02 0.015595238095238377 0.17960695475379274 0.12047619047618935 0.16047619047618933 -0.050000000000000044 0.0844611528822049 0.24761904761901876 0.0 0.05814536340852071 0.1095238095238208
38 43 -1.68 -1.6809761904761902 -1.68 -0.07 -0.07 -0.07 0.15804201426117923 0.020476190476189357 0.010000000000000009 0.0 0.005263157894736847 0.0 0.0 0.005513784461152288 0.0
38 44 -1.76 -1.759928571428571 -1.76 -0.0225 -0.01 -0.01 0.16245464684341285 0.049999999999999996 0.020000000000000018 -0.047619047619053 -0.01052631578947194 0.0 -0.0714285714285545 -0.02631578947368421 0.0
38 45 -3.01 -2.9288268398268382 -2.8675 -0.6012500000000013 -0.5256818181818183 -0.3592045454545464 0.2515917368104028 0.36 0.7304761904761969 0.09999999999999787 -2.9208020050125283 0.4309523809523852 -0.36861471861474066 -0.1263157894736824 0.011904761904767414
38 46 -1.8425811688311675 -1.753888528138528 -1.6544047619047615 -0.07 -0.06436147186147056 -0.057499999999999996 0.1893285410285158 0.08 0.22095238095237857 -0.06590909090907093 0.04686716791980067 0.2904761904761799 -0.049999999999999975 0.031578947368421054 0.09047619047619612
38 47 -1.69 -1.6895 -1.69 -0.07 -0.06 -0.06 0.15622474745425774 0.010000000000000009 0.010000000000000009 0.0 0.005263157894736847 0.0 0.0 0.0 0.0
