41 0 -1.5865476190476189 -1.57024025974026 -1.5 -0.34 -0.33 -0.3159523809523812 0.2008275426483341 0.10363636363636514 0.4036363636363651 -0.28095238095237507 -0.2124401913875606 0.0 0.0 0.05454545454545533 0.10000000000000009
41 1 -1.26 -1.1722922077922076 -1.0506818181818165 -0.85 -0.8340909090909094 -0.81 0.18418335928275356 0.04999999999999993 0.2736363636363651 0.0 0.14401913875598166 0.17424242424243563 0.0 0.008612440191386798 0.0
41 2 -1.49 -1.483 -1.47 -0.22 -0.21 -0.19477272727272615 0.16155518682299486 0.04000000000000001 0.020000000000000018 0.0 -0.010526315789473694 0.0 0.0 0.0 0.0
41 3 -1.699632034632034 -1.4972965367965374 -1.3580735930735934 0.0 0.030194805194804757 0.0925 0.24045251862967784 0.07285714285714284 0.8171428571428572 -0.7173160173160087 -0.2984962406015038 0.14545454545455638 -0.05 0.03116883116883039 0.10909090909090474
41 4 -1.3108658008658023 -1.2905259740259742 -1.26 -0.4248376623376619 -0.31409090909090953 -0.14568181818181664 0.21994328432267354 0.2 0.367142857142857 -0.34761904761905327 -0.19323308270676684 0.0 -0.09761904761903639 0.10526315789473684 0.36904761904762484
41 5 -1.61 -1.5675173160173166 -1.5602380952380963 -0.10250000000000001 -0.06 -0.05 0.20321368717515426 0.12714285714285714 0.42077922077922225 -0.4649350649350459 -0.221462747778538 0.0 -0.15 -0.022898154477101078 0.014285714285714318
41 6 -1.779913419913421 -1.5036818181818188 -1.1505735930735932 -0.14 -0.13 -0.12 0.25214779983280255 0.06 1.0007792207792223 -0.6365800865800841 -0.5267259056732749 -0.2958874458874383 -0.08160173160172451 0.005263157894736847 0.10000000000000002
41 7 -1.53 -1.4715021645021646 -1.4480735930735933 0.08681818181818336 0.1 0.10119047619047677 0.1866143323781036 0.04999999999999999 0.3123809523809502 -0.3681818181818086 -0.1511278195488722 0.0 -0.0727272727272859 -0.026315789473684206 0.0
41 8 -1.6318181818181834 -1.488519480519481 -1.4130735930735934 0.04750000000000001 0.06 0.07 0.21004675036648757 0.05 0.567142857142857 -0.3493506493506504 -0.2913192071086798 -0.1380952380952316 -0.09999999999999998 -0.02631578947368421 0.0
41 9 -2.777597402597406 -2.131716450216451 -1.338528138528139 -0.11 -0.0616666666666661 -0.00012987012987072081 0.3586618827818222 0.13 2.0972727272727303 -1.4636363636363825 -0.9444292549555734 -0.4727272727272702 -0.10238095238096367 -0.01004784688994984 0.0
41 10 -1.6257142857142857 -1.5386601731601734 -1.5177380952380966 -0.12 -0.11 -0.10511904761904818 0.198482958906728 0.11 0.3899999999999999 -0.31190476190476657 -0.12631578947368421 0.168614718614708 -0.10000000000000002 -0.04736842105263158 0.0
41 11 -1.66 -1.5122943722943727 -1.4251190476190483 0.0275 0.055 0.07250000000000001 0.21361747137436934 0.22714285714285712 0.4462337662337683 -0.3937229437229406 -0.2248120300751879 0.0 -0.10000000000000006 -0.11237183868762739 0.0
41 12 -1.49 -1.4115194805194808 -1.34 -0.01 0.0 0.03 0.18332263080264105 0.07714285714285715 0.2471428571428571 -0.15000000000000013 -0.03007518796992482 0.17727272727273036 0.0 0.014285714285714287 0.0863636363636349
41 13 -1.7043181818181834 -1.552774891774892 -1.4180735930735933 -0.12 -0.10727272727272698 -0.09836580086580213 0.20880210556794587 0.07 0.54 -0.3649350649350469 -0.27177033492822883 -0.2116883116882995 -0.09999999999999995 -0.031578947368421054 0.004545454545444305
41 14 -1.21 -1.212125541125541 -1.202727272727274 -0.45 -0.44 -0.43845238095238126 0.16449788850175082 0.03999999999999998 0.05363636363636526 -0.10000000000000009 -0.028229665071771187 0.0 -0.016666666666660945 0.021052631578947358 0.09761904761903611
41 15 -1.23 -1.209348484848485 -1.2151190476190483 -0.1639502164502164 -0.16 -0.16 0.17222051579689038 0.010000000000000009 0.17999999999999994 -0.19761904761903648 -0.09473684210526312 0.0 0.0 0.0 0.013636363636365112
41 16 -1.4582142857142848 -1.4020129870129872 -1.3460281385281387 -0.07 -0.07 -0.05772727272727221 0.17935642981824743 0.030000000000000006 0.22999999999999998 -0.21904761904762537 -0.09473684210526312 0.047619047619053 -0.0761904761904818 -0.01052631578947368 0.0
41 17 -1.8883116883116888 -1.6704805194805192 -1.487629870129871 -0.2425 -0.195 -0.1728571428571437 0.23910470466742473 0.15000000000000002 0.7914285714285714 -0.7183982683982759 -0.1686944634313032 0.3309523809523751 0.03571428571428559 0.07894736842105264 0.10000000000000009
41 18 -1.4326839826839852 -1.2891904761904769 -1.1530735930735934 -0.27 -0.265 -0.23 0.21094379248308887 0.12727272727273023 0.4836363636363652 -0.3692640692640736 -0.25454545454545535 -0.06926406926407447 0.0 0.06698564593301591 0.10000000000000009
41 19 -1.6368181818181835 -1.4674718614718618 -1.3093181818181818 0.0 0.01 0.0325 0.19617157374065528 0.04 0.3899999999999999 -0.3190476190476088 -0.1842105263157894 0.050000000000000044 0.0 0.021052631578947368 0.1
41 20 -1.7483658008658023 -1.6100454545454546 -1.47 -0.0325 -0.005 0.02 0.1985791203930937 0.09 0.41000000000000014 -0.34545454545455656 -0.21578947368421061 -0.10000000000000009 -0.09999999999999999 -0.04736842105263158 0.0
41 21 -1.916785714285715 -1.7337662337662345 -1.608766233766235 -0.1523809523809518 -0.14 -0.13 0.23275553766679688 0.14 0.75 -0.7166666666666788 -0.366507177033492 -0.10000000000000009 0.0 0.06315789473684211 0.10000000000000009
41 22 -1.575 -1.411010822510823 -1.2475 -0.24204545454545479 -0.185 -0.14 0.21088042614953822 0.18 0.4600000000000002 -0.38463203463203754 -0.24210526315789482 -0.10000000000000009 0.03333333333333896 0.09473684210526315 0.10714285714285718
41 23 -1.4165476190476185 -1.4079956709956714 -1.37 -0.94 -0.8384199134199121 -0.39818181818181664 0.2287561652718729 0.6433333333333322 0.19999999999999996 -0.2190476190476076 -0.10526315789473682 0.0 0.0 0.3368421052631579 0.5045454545454442
41 24 -1.954285714285715 -1.7883419913419925 -1.5035281385281387 0.1475 0.16452380952380896 0.1925 0.2822950341851338 0.12 1.320909090909095 -0.9545454545454435 -0.6952153110047868 -0.2681818181818252 -0.10000000000000009 -0.04545454545454469 0.0
41 25 -1.6245454545454547 -1.6226363636363637 -1.62 -0.05 -0.05 -0.05 0.1553397216925636 0 0.009999999999999787 0.0 0.00526315789473673 0.0 0.0 0.0 0.0
41 26 -1.643798701298702 -1.501430735930736 -1.3728571428571446 -0.26 -0.16590909090909048 -0.1375 0.2368259197207541 0.34285714285714286 0.55 -0.4383116883117 -0.06842105263157904 0.3688311688311574 0.0 0.18045112781954886 0.2476190476190534
41 27 -1.768365800865802 -1.541846320346321 -1.2879545454545451 -0.35 -0.335 -0.3275 0.22792340878049047 0.04999999999999999 0.7772727272727302 -0.524458874458883 -0.4090909090909107 -0.359523809523804 0.0 0.026315789473684206 0.09999999999999981
41 28 -0.3610173160173161 0.053244588744590024 0.4992316017316042 -0.1709090909090913 -0.155 -0.14 0.3526682094972517 0.06714285714285714 2.1222077922077935 0.8283549783549462 1.1169514695830494 1.2638528138527982 -0.10476190476191041 0.01237183868762738 0.11428571428571441
41 29 -1.6143181818181835 -1.4954025974025977 -1.375119047619048 0.21 0.23 0.24 0.19243283232180733 0.06714285714285714 0.3599999999999999 -0.2116883116882995 -0.18947368421052624 -0.10238095238096379 0.0 0.035338345864661655 0.09999999999999981
41 30 -1.5690476190476188 -1.5293441558441558 -1.47 -0.12454545454545476 -0.021709956709956024 0.06 0.19066821654737937 0.22000000000000003 0.17999999999999994 -0.1738095238095183 -0.09473684210526312 0.0 0.0 0.10526315789473684 0.11904761904762466
41 31 -1.6068181818181835 -1.4947142857142859 -1.4 0.19 0.195 0.20367965367965507 0.1890298304655452 0.035454545454546044 0.3536363636363653 -0.32121212121212106 -0.18612440191387647 0.0 0.0 0.007177033492823743 0.0
41 32 -1.4333333333333322 -1.435926406926407 -1.3876190476190482 -0.2784090909090921 -0.27 -0.26 0.19153693715297734 0.07714285714285715 0.3407792207792222 -0.2649350649350457 -0.17935748462064324 0.0 -0.09545454545455578 -0.040601503759398506 0.0
41 33 -1.7009523809523812 -1.6986904761904764 -1.69 -0.42 -0.41 -0.41 0.1588757194824865 0.019999999999999962 0.020000000000000018 0.0 -0.010526315789473694 0.0 0.0 0.010526315789473665 0.0
41 34 -1.6421428571428571 -1.4819826839826846 -1.2850000000000001 -0.10499999999999915 -0.08499999999999999 -0.08 0.20175127320919048 0.0636363636363651 0.47 -0.40519480519480955 -0.18947368421052638 0.09999999999999898 0.0 0.03349282296650795 0.09999999999999995
41 35 -1.4353571428571437 -1.4045454545454545 -1.3671428571428557 -0.45 -0.43670995670995605 -0.3975000000000001 0.17313748904243198 0.08000000000000002 0.11999999999999988 -0.09761904761903639 -0.013875598086123469 0.09761904761903639 0.0 0.04210526315789474 0.10000000000000009
41 36 -1.4625 -1.4564999999999997 -1.45 -0.42 -0.42 -0.42 0.157109773215952 0 0.030000000000000027 0.0 -0.01578947368421054 0.0 0.0 0.0 0.0
41 37 -1.22 -1.2142380952380951 -1.21 0.1480735930735934 0.2223809523809535 0.26 0.1854319806446141 0.27 0.08000000000000007 -0.10000000000000009 -0.04210526315789478 0.0 0.0 0.12966507177033415 0.269913419913423
41 38 -1.5518181818181835 -1.4331385281385285 -1.3280735930735934 -0.12 -0.1 -0.09 0.2024408329700935 0.15 0.3900000000000001 -0.26926406926407465 -0.2052631578947369 -0.13787878787878238 0.0 0.07894736842105263 0.15
41 39 -1.3940476190476188 -1.4143874458874461 -1.33 0.11545454545454523 0.12 0.13 0.20946811199808116 0.06714285714285716 0.5544155844155874 -0.18571428571428572 -0.29179767600820383 -0.0166666666666615 0.0 0.03533834586466166 0.08636363636363484
41 40 -1.8083658008658021 -1.6021255411255413 -1.440454545454545 -0.09 -0.08 -0.06761904761904819 0.21584193554562328 0.06 0.6342857142857141 -0.46796536796537613 -0.3233082706766918 -0.2428571428571602 -0.08095238095237534 -0.031578947368421054 0.0
41 41 -1.9642316017316042 -1.666777056277057 -1.4236471861471869 0.02 0.03976190476190364 0.05273809523809553 0.2553853535027753 0.13 0.9600000000000002 -0.7846320346320212 -0.4822966507177026 -0.16060606060606886 -0.15000000000000002 -0.06842105263157895 0.05909090909090472
41 42 -1.46 -1.422030303030303 -1.4 0.0029545454545452346 0.05 0.06 0.18406129944467534 0.18619047619047507 0.14714285714285702 -0.18571428571428572 -0.05112781954887209 0.10000000000000009 0.0 0.09282296650717627 0.18636363636363484
41 43 -1.1734090909090913 -1.1718246753246755 -1.15 -0.014880952380951816 0.0 0.01 0.17692062894767965 0.11714285714285715 0.13714285714285723 -0.050000000000000044 0.04921394395078525 0.12142857142857122 0.0 0.051127819548872175 0.1
41 44 -1.478365800865802 -1.4680887445887447 -1.43 -0.19 -0.18 -0.12595238095238123 0.18556663064410941 0.16 0.19363636363636516 -0.2136363636363814 -0.10191387559808693 0.0 0.0 0.08421052631578947 0.17272727272726981
41 45 -1.6425 -1.5807640692640694 -1.5305735930735933 -0.06 -0.045 -0.01068181818181664 0.18726422571167592 0.04 0.32000000000000006 -0.2673160173160094 -0.16842105263157897 -0.10000000000000009 0.0 0.021052631578947368 0.05
41 46 -1.4918181818181835 -1.3333614718614726 -1.19 -0.0225 0.03170995670995602 0.07250000000000001 0.2011768595080857 0.16999999999999998 0.3600000000000001 -0.31818181818182634 -0.18947368421052638 -0.050000000000000044 -0.10000000000000009 -0.08947368421052632 -0.08051948051945917
41 47 -1.51 -1.3918160173160175 -1.2975 -0.052500000000000005 -0.04238095238095351 -0.02 0.18448216981091917 0.08 0.26 -0.14761904761903644 -0.1368421052631579 -0.04047619047619633 0.0 0.03684210526315789 0.09999999999999996
