54 0 1.1386268000000002 1.19180898 1.2774776000000005 0.13241380000000014 0.13491010000000003 0.18183740000000004 0.20488611308564655 0.16629440000000018 0.3913696 -0.07221999999999618 -0.09773663157894712 0.02103800000000433 0.0014129999999989984 0.08752336842105272 0.1497780000000004
54 1 -0.3174226 0.4912373 1.6000812 0.030819099999999933 0.09405869999999994 0.11036314999999997 0.36680125447481843 0.15888400000000003 2.1725031999999995 -1.7405019999999949 -1.1434227368421048 -0.2543400000000018 -0.07300499999999932 0.053611368421052685 0.06798099999999918
54 2 1.0197935000000005 1.02138234 1.0242680000000002 0.21165170000000016 0.2133944000000001 0.21757059999999995 0.15620461381176107 0.0059973999999998195 0.009922399999999776 -0.019468000000002483 -0.005222315789473566 0.0006279999999980745 -0.0015699999999996272 0.003156526315789379 0.013501999999999681
54 3 -1.4560023000000002 -1.0809638400000001 -0.7018999000000001 -0.004419550000000105 0.0764746999999999 0.15701569999999987 0.28709798469965925 0.2718611999999998 1.2109095999999997 -0.8236219999999994 -0.6373208421052631 -0.34728400000000104 -0.19891899999999962 0.06750999999999986 0.25198500000000124
54 4 -0.27779580000000015 -0.07898984 -0.18358010000000025 0.2184812000000001 0.31031050000000004 0.3273214500000001 0.29588608838883124 0.12277399999999994 1.2717627999999999 0.025120000000000697 0.669348842105263 0.7504599999999995 -0.11665100000000095 0.03406073684210531 0.27663400000000116
54 5 0.10950749999999998 0.39462892000000005 0.6765130000000005 0.1436785499999998 0.1537814999999999 0.18506375000000014 0.2406908158964746 0.10820439999999976 0.8540800000000006 -0.5859240000000043 -0.44951578947368453 -0.3369219999999995 -0.014600999999999642 0.05694968421052619 0.12010500000000035
54 6 -0.22253179999999995 0.11469478000000007 0.4310278000000002 -0.06263514999999992 -0.02300049999999998 -0.015943349999999967 0.2602364203913791 0.09087159999999983 1.1077920000000003 -0.9046339999999997 -0.562093052631579 -0.26658599999999977 -0.0014129999999989984 0.04009284210526318 0.08540800000000126
54 7 -0.15582250000000009 -0.15544570000000002 -0.15555560000000002 0.14336454999999987 0.14448709999999987 0.14522499999999994 0.15525247904679287 0.004081999999999919 0.003077199999999891 -0.0021979999999999222 -0.0015865263157895178 0.0015699999999996272 -0.01240300000000083 -0.0021484210526315365 0.0009419999999993323
54 8 2.2924983 2.3024238400000003 2.3201146 0.7580745 0.7645743 0.7678869999999998 0.17571842013214325 0.1489615999999998 0.09193919999999967 -0.04176200000000296 0.02409536842105238 0.06750999999999951 -0.009577000000000613 0.07056736842105248 0.09749699999999972
54 9 0.8095234 0.78306576 0.9204753000000001 0.09520480000000009 0.10269370000000022 0.1174360000000001 0.23865559524424532 0.08324140000000013 0.8736108000000002 -0.06562599999999641 0.4281637894736844 0.6279999999999997 -0.07583100000000065 -0.036424000000000165 0.014444000000001234
54 10 0.4566501999999998 0.46580958 0.4699481000000001 0.14269730000000008 0.14602569999999993 0.15134015000000012 0.16012449690730257 0.012591399999999808 0.04540440000000068 -0.048984000000000805 -0.017617052631579158 0.026375999999999067 -0.01240300000000083 0.006627052631578846 0.021509000000001777
54 11 -0.15670170000000017 -0.08352400000000007 -0.05306600000000006 0.020300099999999877 0.023581400000000086 0.04636209999999996 0.19396535666080572 0.05246940000000011 0.2869959999999998 -0.1504060000000007 0.05119852631578956 0.16673400000000171 -0.006594000000001987 0.004577789473684315 0.039092999999998934
54 12 0.5413517 0.60395702 0.7995696000000002 0.11282019999999993 0.11820530000000018 0.1387016499999999 0.261483426157621 0.10892659999999998 1.0800972 -0.593459999999999 -0.5684722105263158 -0.0938860000000008 -0.05479299999999965 -0.01872431578947354 0.04129099999999997
54 13 0.9113692999999998 0.9697764399999999 1.0203586999999996 0.12197329999999995 0.13005879999999992 0.13720230000000005 0.19590233358692039 0.06779259999999998 0.18940480000000015 -0.10832999999999426 0.09968673684210534 0.41573599999999544 -0.036580999999999975 0.03568031578947367 0.08336699999999975
54 14 0.6956983999999999 0.7447954400000001 0.7656262000000001 0.014192800000000005 0.05100929999999981 0.07429239999999998 0.20069796869520054 0.2826628 0.2386399999999993 -0.22984799999999916 -0.07496336842105232 0.12214600000000075 -0.051339000000001356 0.12809547368421056 0.3595300000000001
54 15 0.7916411000000001 0.9531627 1.1531021999999997 0.1476663499999999 0.16781729999999984 0.2663269499999999 0.23668963481430885 0.2292514000000001 0.7061232000000008 -0.48481600000000125 -0.37164378947368465 -0.20504199999999972 0.013973000000001567 0.12065863157894742 0.15338900000000377
54 16 0.3535012000000002 0.47888768000000004 0.5764412 0.29830000000000007 0.31341909999999995 0.3704650500000002 0.1998863713436082 0.09504780000000013 0.4159872 -0.3322119999999984 -0.11039578947368418 0.11994800000000305 -0.10424800000000123 -0.03685368421052633 0.012873999999998276
54 17 0.7830846 0.85808036 0.9384675 -0.08886199999999994 -0.06009959999999992 -0.029610200000000142 0.18611165711176117 0.08198539999999999 0.26376000000000044 0.08949000000000318 0.10709052631578976 0.1946799999999982 -0.07850000000000024 0.0019996842105262616 0.05353699999999906
54 18 -0.34227569999999996 -0.2843238600000001 -0.31907110000000005 -0.14656734999999999 -0.1016104000000001 -0.03702844999999999 0.22259545920284396 0.1641906000000002 0.5050376000000001 -0.014444000000002344 0.26580926315789477 0.08666400000000074 -0.24617600000000017 -0.02345084210526313 0.22780700000000098
54 19 -0.08080790000000004 0.39189712 0.8815549999999999 -0.057045949999999956 -0.013313600000000037 -0.0026140500000000344 0.33293139551876755 0.16883779999999993 1.8561796000000004 -1.261338000000003 -0.9769366315789476 -0.5262639999999963 -0.02480599999999833 0.08089631578947365 0.17882300000000018
54 20 -0.3440812 -0.3015498999999999 -0.26594229999999996 0.002370699999999948 0.059659999999999935 0.09971854999999985 0.1973397655608057 0.22231200000000007 0.25270720000000013 0.020724000000000853 0.13300378947368427 0.26219000000000214 -0.27804700000000016 -0.11700631578947372 0.050082999999998545
54 21 0.6073230999999999 0.83305142 0.8983226000000002 -0.02107724999999988 0.007457499999999784 0.027051099999999884 0.2470765588716337 0.0756425999999999 0.9730231999999996 -0.6707039999999975 -0.5073248421052631 -0.07755799999999757 -0.06154400000000115 -0.0379278947368421 -0.002982999999999736
54 22 0.6967032000000001 0.80783094 0.9230344000000001 0.0427511000000001 0.09578569999999997 0.16573705000000005 0.20828375183914966 0.31286959999999975 0.2895080000000001 -0.17081599999999586 -0.13531747368421074 0.029829999999995138 0.09938100000000061 0.16466821052631567 0.1722289999999993
54 23 -0.5033734000000003 -0.36288666000000014 -0.2615149 0.16346839999999996 0.1728255999999999 0.19484484999999996 0.2103697371283217 0.05451040000000007 0.5771947999999996 -0.46848800000000024 -0.3018366315789473 -0.16171000000000157 -0.0029829999999986256 0.028689684210526353 0.05102499999999899
54 24 -0.3635963000000002 0.06275604000000001 0.4550174 -0.08109050000000007 -0.04381869999999999 -0.024978699999999965 0.29290313380793953 0.07482619999999995 1.4169564000000001 -1.0566100000000023 -0.7457665263157895 -0.375544000000001 -0.007849999999999246 0.022409684210526443 0.10534700000000008
54 25 0.5541943000000001 0.54258258 0.6208251 0.11212155000000001 0.14955820000000009 0.16035979999999989 0.21108332951558273 0.07021040000000012 0.5555915999999996 -0.046472000000004066 0.2706349473684208 0.32373399999999775 -0.000628000000000295 0.036093473684210536 0.07049299999999925
54 26 0.38578040000000025 0.45047382 0.5064820000000001 0.4316087000000002 0.44451410000000013 0.4496087499999999 0.18041793183914956 0.05030279999999987 0.24366399999999944 -0.1808640000000028 -0.0936711578947369 0.019467999999998042 -0.04191899999999915 -0.01726999999999999 0.015857000000001342
54 27 0.7083839999999999 0.9987397999999998 1.2890328000000004 0.18462415000000015 0.20609390000000005 0.22972240000000016 0.23902447601494586 0.08047820000000017 0.8767508000000004 -0.5683400000000027 -0.4521269473684211 -0.31745400000000146 0.02354999999999885 0.04235694736842114 0.07112100000000066
54 28 -1.0283343 -0.6702800999999999 -0.36031499999999983 0.15356955000000005 0.1630602000000001 0.34616145 0.23810426515316233 0.23135519999999987 0.6835779999999998 -0.7077560000000016 -0.35376231578947354 0.030457999999999874 0.011932000000001164 0.12176589473684203 0.08415200000000067
54 29 -0.14148840000000007 -0.14124034000000005 -0.1406877000000002 0.18566820000000006 0.1868143 0.18698700000000001 0.1555556232639904 0.006468399999999708 0.005965999999999916 -0.0018840000000031054 -0.0031399999999999558 0.0 0.0 0.003404421052631425 0.013188000000000644
54 30 -0.2153411999999999 -0.13085636000000003 -0.03775850000000014 -0.17497650000000003 -0.16954429999999998 -0.16306804999999996 0.18961660852641088 0.07592519999999991 0.30263320000000027 -0.19028399999999834 0.027433684210526346 0.356704000000001 -0.01962499999999978 0.039960631578947324 0.054007999999999834
54 31 -0.25262870000000015 -0.24994714 -0.2492375 0.04700580000000021 0.049376500000000156 0.054895050000000056 0.15734780903914963 0.019248199999999827 0.013439200000000096 -0.01601399999999753 -0.007073263157894787 0.0 0.0003140000000012577 0.010130631578947277 0.015385999999999456
54 32 -0.14936979999999977 -0.13254881999999996 -0.13144040000000023 0.042601950000000055 0.06794959999999994 0.07615285000000005 0.1678417787155828 0.04254699999999967 0.09658640000000007 -0.11806400000000217 -0.03678757894736829 0.030458000000002095 -0.048826999999999066 -0.02237663157894736 0.000628000000000295
54 33 -0.18347020000000003 0.16891630000000002 0.5296865999999999 0.003163550000000126 0.07815459999999985 0.11000990000000005 0.260545225868449 0.14899300000000015 1.0086936 0.03485400000000194 0.5308913684210527 0.8647559999999954 -0.1395729999999995 -0.07841736842105271 -0.017741000000000007
54 34 -1.4274911000000001 -1.26442148 -1.1023598 0.7501931000000002 0.7736803000000001 0.7857143500000001 0.22156898864870378 0.1794509999999998 0.5776972000000002 0.17929400000000095 0.30405115789473697 0.43457600000000207 -0.10314900000000238 -0.09444789473684201 -0.01962499999999867
54 35 -0.4040709000000001 -0.40169392000000004 -0.39940799999999976 0.27256770000000013 0.2775917000000001 0.28042554999999997 0.15712766548692036 0.011775000000000091 0.014820799999999856 -0.03202800000000172 -0.0004627368421052468 0.027631999999999657 -0.010675999999998353 0.005404105263157921 0.016798999999999564
54 36 1.8450169 1.8826623600000005 2.0396341000000002 0.15941779999999983 0.1764523 0.31695159999999994 0.275180715591379 0.1684924000000001 1.0680396000000005 0.10927200000000248 0.5621261052631582 1.0060559999999974 -0.07300500000000043 0.04752968421052644 0.21540400000000126
54 37 -0.20262420000000003 -0.18955552 -0.14155119999999988 0.26435659999999994 0.2658951999999999 0.2979310500000002 0.18715873120220705 0.13696680000000017 0.2337416000000001 -0.23738400000000048 -0.12302189473684216 0.0 0.0 0.0720877894736843 0.11932000000000165
54 38 1.0986389 1.3590453800000002 1.6543246999999996 -0.28453894999999996 -0.2820819 -0.22208435000000004 0.25591210432895856 0.1387566 1.0026648000000002 -0.2797740000000015 0.3096040000000002 0.7667880000000027 -0.15228999999999937 -0.056949684210526305 0.018054999999999044
54 39 0.8591982000000001 0.8591134200000001 0.8800948999999998 0.21386539999999982 0.21812009999999993 0.22275945000000003 0.17091984677163383 0.014067200000000168 0.15957480000000057 -0.11272600000000077 -0.08398673684210556 -0.020723999999998632 -0.025433999999998624 -0.006478315789473572 0.012559999999999238
54 40 -0.006593999999999767 0.005146459999999986 0.016328000000000342 0.3207353000000002 0.32729790000000003 0.3302730500000001 0.16360265058946818 0.04342620000000008 0.05143319999999996 -0.08603600000000045 -0.0008263157894737217 0.051495999999999764 -0.05055400000000265 -0.01209726315789481 0.02119500000000163
54 41 1.1357222999999996 1.1369280599999998 1.1382342999999997 0.19725479999999995 0.2009286 0.20278120000000005 0.15630656050475483 0.011178400000000144 0.00948280000000068 -0.01632800000000323 -0.0049909473684214105 0.00251200000000118 -0.007850000000001467 0.0012229473684210429 0.005966000000000582
54 42 0.14232049999999996 0.5032477999999999 0.9281996999999997 0.09979704999999994 0.10319610000000001 0.10790610000000012 0.25967058294743 0.02618760000000009 1.1455975999999999 -0.8766879999999988 -0.6029461052631578 -0.24554799999999766 -0.031243000000001908 0.012279052631578814 0.03187100000000331
54 43 0.7647941000000001 0.8585921799999999 0.9765400000000002 -0.0329543000000001 -0.029578800000000127 -0.026171900000000026 0.19182778836972286 0.02144619999999997 0.3881040000000002 -0.3359800000000024 -0.20426526315789487 -0.09357199999999288 -0.017583999999998268 0.003420947368421082 0.022765000000000146
54 44 0.7198764000000003 0.7201841200000001 0.8480198000000001 -0.18771705 -0.1832661 -0.17500005000000002 0.2423387252620797 0.058089999999999975 0.9276188000000007 -0.35638999999999976 -0.488220421052632 -0.08258200000000437 -0.025747999999999882 0.0305736842105263 0.045059000000000626
54 45 0.5795654999999996 0.6481336800000002 0.8152853000000002 -0.02695689999999995 -0.017976500000000062 -0.010503299999999993 0.22668331453405416 0.06258019999999975 0.7508995999999999 -0.032655999999997576 0.376866105263158 0.7074420000000026 -0.03092899999999954 -0.03293694736842092 -0.009105999999999836
54 46 0.3491365999999999 0.47749666 0.6349393999999998 0.16870434999999995 0.17748849999999994 0.18477330000000008 0.20076601529838536 0.020190200000000047 0.4986320000000002 -0.04804199999999925 0.1275831578947367 0.3177680000000005 -0.014129999999999976 -0.006280000000000029 0.00251200000000229
54 47 0.037318900000000044 0.35906527999999993 0.6930608 0.11106965000000002 0.12381019999999998 0.17299829999999994 0.2301860223194044 0.05221819999999999 0.4176199999999999 -0.03862200000000149 0.21979999999999994 0.4016059999999988 -0.04710000000000103 0.02645863157894735 0.060130999999999935
