60 0 -0.5623529411764678 -0.36547120098039043 -0.1175 -0.0175 -0.008437499999999029 0.06 0.2576303068076441 0.1812500000000017 0.9866666666666651 0.049999999999999975 0.5028508771929808 0.9745098039215827 0.0 0.09539473684210614 0.18823529411763473
60 1 0.8858823529411722 1.1887585784313712 1.4775 0.1975 0.2406249999999986 0.34779411764705803 0.25206452469959856 0.1193750000000014 0.7652573529411822 -0.8426470588234619 -0.4027670278637801 -0.050000000000000044 -0.06470588235294616 0.06282894736842178 0.1999999999999999
60 2 0.13134191176470247 0.22467434640522752 0.38 -0.07 -0.07 -0.07 0.22540021811962152 0.060000000000000005 0.7344444444444497 -0.8137867647058824 -0.386549707602342 0.0 0.0 0.03157894736842106 0.049999999999999975
60 3 0.34661764705882264 0.6991207107843145 0.94 0.0375 0.08 0.09 0.22240923659665748 0.08 0.69 0.0 0.3578947368421053 0.4417279411764474 0.0 0.03157894736842105 0.0
60 4 -1.0129687500000122 -0.6034072712418326 -0.33437500000000053 -0.22491830065359283 -0.14 -0.05996323529411672 0.28552377726039196 0.33672794117646904 1.1476470588235321 -0.6492647058823555 -0.604024767801859 -0.19305555555555132 -0.23986928104573604 -0.15386996904024727 0.0
60 5 -0.44130514705882545 -0.16328982843137324 0.08 -0.8425 -0.5699999999999958 -0.325 0.2705189500532328 0.58 0.73 -0.7510416666666847 -0.3789473684210527 -0.049999999999999975 0.04999999999999977 0.3052631578947368 0.4531249999999931
60 6 -0.14250000000000002 0.12857148692810372 0.4418750000000003 -0.08367647058823548 -0.07 -0.048382352941176356 0.24098153715497378 0.06647058823529461 0.8735294117647054 -0.6486928104575201 -0.45975232198142385 -0.15 -0.12352941176470955 -0.034984520123839256 0.0
60 7 -0.05078125000000049 0.031937499999999994 0.13156249999999986 -0.17791666666666867 -0.13 -0.1175 0.2003259318412208 0.18312500000000195 0.3241176470588233 -0.0687500000000027 0.06368034055727438 0.30000000000000004 -0.1482026143790767 -0.09638157894736946 0.0
60 8 -1.0825 -1.050459558823529 -1.0475 0.1 0.11 0.11 0.17777845712628884 0.020000000000000004 0.24375000000000513 0.0 0.12828947368421323 0.20000000000000018 0.0 -0.010526315789473686 0.0
60 9 0.15 0.15600000000000003 0.16 -0.08 -0.08 -0.07 0.1562247474542578 0.009999999999999995 0.010000000000000009 0.0 0.005263157894736847 0.0 0.0 -0.005263157894736839 0.0
60 10 -1.407941176470588 -1.0968913398692812 -0.8609895833333345 0.245000000000002 0.26 0.28250000000000003 0.24014527342473488 0.07999999999999999 0.83 -0.6666053921568454 -0.19535603715169705 -0.050000000000000044 -0.10000000000000009 0.021052631578947382 0.10000000000001091
60 11 -0.3509722222222248 -0.27973978758169954 -0.21984375000000034 -0.02 0.005 0.0625 0.18419374467524074 0.13833333333333728 0.19 0.0 0.021929824561401457 0.10555555555556428 0.0 0.07280701754386172 0.1
60 12 1.8911764705882332 2.0863124999999996 2.2068749999999993 0.19 0.235 0.2525 0.22638502350860765 0.07 0.7311764705882362 -0.5999999999999817 -0.33436532507739763 -0.15000000000000013 -0.10000000000000009 -0.03374613003095743 0.0
60 13 -1.14 -1.1374999999999997 -1.13 -0.24 -0.24 -0.2375 0.15799131252789161 0.01999999999999999 0.020000000000000018 0.0 0.005263157894736847 0.0 0.0 0.005263157894736847 0.0
60 14 0.19818933823529147 0.4629588643790842 0.6789705882352921 0.1275 0.16 0.17 0.2135785388024333 0.05 0.4852941176470581 -0.5957720588234959 -0.25541795665634637 0.050000000000000044 -0.09999999999999988 -0.021052631578947368 0.0
60 15 -0.016029411764703978 0.19941830065359745 0.393529411764711 0.1995588235294129 0.315 0.41041666666666565 0.286260102227345 0.42000000000000004 1.0288235294117845 0.11764705882353438 0.5414860681114655 0.6750816993463754 -0.3 0.08421052631578949 0.18235294117646572
60 16 -1.393584558823528 -1.0813348416289577 -0.7604411764705842 -0.12 -0.10264705882353115 -0.09 0.27162709586026734 0.04000000000000001 1.2784615384615392 0.4518382352941275 0.672874493927126 0.9266826923077076 -0.049999999999999975 -0.015789473684210523 0.0
60 17 -0.18591911764706093 0.19675718954248084 0.5644117647058794 0.03470588235293878 0.1712499999999989 0.29720588235293965 0.3490208645645932 0.3811764705882365 1.8252941176470712 -1.1441176470587944 -0.9606811145510902 -0.7272058823529196 -0.3 -0.19752321981423981 -0.19080882352941086
60 18 1.0167647058823555 1.1697111928104584 1.3824999999999998 -0.18544117647058836 -0.1347222222222229 -0.12 0.26975851945630414 0.17290441176470706 1.014705882352942 0.30000000000002136 0.5340557275541801 0.899836601307169 0.0 0.09100232198142477 0.29983660130716805
60 19 0.1756341911764766 0.289465931372549 0.4135937500000042 0.2171176470588234 0.5614705882352925 0.5925 0.2548255246882662 0.63 0.4717647058823492 -0.28511029411766836 0.08059210526315658 0.19411764705883827 -0.014705882352925026 0.30000000000000004 0.4062499999999858
60 20 -0.8255790441176467 -0.3716231862745084 0.10074509803921376 -0.04 -0.035 0.0325 0.27442001973889874 0.11000000000000001 1.25 0.2875000000000061 0.6188854489164066 1.0791544117646694 -0.10000000000000002 -0.05789473684210527 0.0
60 21 -0.5731085526315801 -0.2764717384760933 -0.029392361111112483 -0.23 -0.22 -0.2175 0.2460677502569517 0.03823529411765075 0.9594117647058835 -0.604276315789459 -0.5049535603715176 -0.3996527777777782 -0.049999999999999906 0.02012383900928987 0.050000000000000044
60 22 -0.25720588235294284 -0.1045248774509818 -0.02305147058823743 0.06 0.06 0.07250000000000001 0.22414838051052946 0.03 0.7505882352941162 -0.8713235294117838 -0.39504643962848224 -0.10000000000000009 0.0 0.0 0.0
60 23 0.28 0.3389466911764701 0.3261764705882344 -0.0625 -0.06 -0.05 0.18091631028686883 0.05 0.25 -0.050000000000000044 -0.1105263157894737 0.0 0.0 0.02631578947368421 0.09062500000002083
60 24 0.81 0.8349687500000001 0.86 -0.72 -0.71 -0.71 0.16241992778611714 0.030000000000000027 0.05999999999999994 0.0 0.02105263157894733 0.050000000000000044 0.0 0.010526315789473694 0.0
60 25 -1.7614705882353 -1.4354407679738592 -1.132500000000003 0.81 0.8356249999999985 0.8825000000000001 0.3304224365218394 0.10999999999999999 1.8435294117647134 -1.288235294117634 -0.9702786377709017 -0.5996323529411762 -0.19117647058823628 -0.057894736842105256 0.099999999999979
60 26 -0.2025 -0.15284210526315806 -0.10750000000000001 -0.09 -0.08 -0.07 0.17214506876546712 0.01999999999999999 0.18 -0.10000000000000009 -0.09473684210526316 -0.09999999999999981 0.0 0.010526315789473679 0.0
60 27 0.5123437499999981 0.518303308823529 0.53 0.5175000000000001 0.545 0.6702941176470582 0.18405401206819227 0.25764705882353134 0.06705882352941495 -0.050000000000000044 -0.035294117647060495 0.0 -0.2500000000000002 -0.13560371517027967 0.0
60 28 0.16687500000000027 0.39633210784313844 0.6145833333333351 -0.1292187500000006 -0.07 -0.05902777777777712 0.22531438494311293 0.13 0.672352941176474 0.08611111111110453 0.3538699690402494 0.6957720588235163 0.0 0.05386996904024949 0.12187499999999601
60 29 -0.93 -0.9184062499999998 -0.92 0.18 0.185 0.2 0.16627779141014926 0.051875000000004695 0.0818750000000048 0.0 0.04309210526316042 0.0 0.0 0.027302631578949837 0.05937500000002344
