63 0 -0.5711764705882345 -0.39341184640522775 -0.2175 0.0775 0.12352941176470478 0.14250000000000002 0.21538105797866455 0.10466666666666508 0.5846666666666651 0.050000000000000044 0.28295149638802924 0.47352941176469765 0.0 0.03775025799793402 0.09999999999999995
63 1 -0.8119117647058818 -0.7017138480392158 -0.6061764705882349 0.05 0.11 0.14676470588235582 0.200980532905658 0.09000000000000001 0.35810457516339755 -0.3489583333333429 -0.024148606811145636 0.29742647058824123 -0.049999999999999975 0.04736842105263158 0.1411764705882365
63 2 -0.7584803921568635 -0.6562614379084966 -0.575 -0.02 -0.00375000000000111 0.02264705882352904 0.19344866077825718 0.11000000000000001 0.32999999999999996 0.0 0.1473684210526316 0.29999999999997806 -0.10000000000000006 -0.04210526315789474 0.0
63 3 -0.8272058823529407 -0.6983484885620908 -0.5883333333333314 -0.4348611111111115 -0.30500000000000227 -0.19628676470587733 0.24190725167692972 0.25 0.48941176470587966 0.10555555555556484 0.25758513931888405 0.30921568627451046 -0.34722222222222876 0.10990712074303566 0.3617647058823703
63 4 -0.3968790849673198 -0.33461887254901906 -0.21192095588235454 0.05944444444444477 0.07 0.07250000000000001 0.21881835544455583 0.11 0.58 -0.11764705882351345 0.22631578947368416 0.5025735294117775 -0.04062500000002085 0.05789473684210527 0.10000000000000002
63 5 -2.239999999999997 -1.5039209558823505 -0.7778594771241807 0.07397058823529357 0.15088235294117847 0.24897058823529522 0.36755329863932823 0.5041176470588274 1.2041176470588217 -0.21764705882351354 0.6284829721362218 1.009150326797395 -0.4777777777777821 -0.2653250773993829 -0.1205882352941373
63 6 -1.3556944444444428 -1.1370555733162804 -0.6589411764705858 -0.4025 -0.2738562091503275 -0.10972222222222289 0.39891089453042633 0.38750000000000107 2.3707880434782704 0.33944852941178605 1.247783180778037 2.0138888888888564 -0.355371732026172 -0.1660326086956515 0.08180147058823493
63 7 -1.9277777777777718 -1.4131084675536847 -0.8395168067226858 -0.08735294117647299 -0.055 0.05 0.34739029352896816 0.14 2.026764705882357 0.6079831932773205 1.066718266253872 1.4122549019607933 -0.15000000000000002 -0.07368421052631578 0.0
63 8 -0.6960294117647063 -0.6417477941176468 -0.5837500000000017 -0.1814705882352942 -0.17 -0.16 0.18933675002416514 0.11999999999999997 0.24727941176471047 -0.14852941176470957 0.13014705882353184 0.46944444444443845 -0.10000000000000009 -0.0631578947368421 0.0
63 9 -3.0955882352941173 -2.9678298611111105 -2.908281249999999 -0.02779411764705716 -0.015 0.013906250000002916 0.2362717765358153 0.2652941176470581 0.666470588235291 -0.7693014705882684 -3.4359713622290924 0.24062500000001608 -0.1487132352940984 -0.12482585139319095 0.014705882352952244
63 10 -0.6031250000000019 -0.49734462074303404 -0.3576562500000008 -0.0925 -0.05125000000000167 -0.04 0.2210694389821327 0.13 0.615 -0.30000000000000027 0.12763157894736663 0.7248161764705572 0.0 0.0565789473684193 0.10000000000000009
63 11 0.5458823529411778 0.8485477532679754 1.155468750000002 -0.01 0.0 0.0 0.2602015449260562 0.01 1.1805882352941204 0.44875000000001525 0.6213622291021687 0.799999999999999 0.0 0.005263157894736842 0.0
63 12 -0.7237499999999994 -0.7105937499999998 -0.6992187499999998 0.10515624999999854 0.11 0.12 0.16693032662590113 0.04000000000000001 0.08999999999999997 0.0 0.04736842105263156 0.09999999999999953 -0.049999999999999975 -0.005263157894736838 0.0
63 13 0.5335294117647003 1.2481399408447547 1.8904489164086624 0.009166666666665877 0.015 0.03 0.40269909306685725 0.05 2.7165359477124222 -1.741727941176432 -1.4297557619539065 -1.1823529411764384 -0.1 0.005263157894736841 0.1
63 14 3.045781249999996 -3.0695827205882362 -2.8694209558823536 -0.09 -0.08499999999999999 -0.07 0.21114625497872488 0.03 0.6000000000000005 -0.40000000000000036 -0.2842105263157881 -0.2340073529411968 0.0 0.010526315789473679 0.0
63 15 -0.8426470588235291 -0.7774415634674924 -0.7277941176470581 0.24276654411764761 0.27 0.2829411764705882 0.19151670322219774 0.1 0.18058823529411638 -0.31176470588232363 0.06346749226006128 0.4184210526315685 -0.14999999999999986 -0.05263157894736842 0.0
63 16 -0.24 -0.2368529411764706 -0.23 -0.15 -0.15 -0.1475 0.15799987017728917 0.009999999999999981 0.03 0.0 0.015789473684210527 0.0 0.0 0.0 0.0
63 17 1.5391544117647142 1.9957224049707591 2.462009803921572 0.02 0.08499999999999999 0.1725 0.29801814931122256 0.16 1.4 -0.12113970588236489 -0.001238390092893744 1.166911764705909 -0.19999999999999998 -0.030650154798759544 0.049999999999999906
63 18 -0.4970312499999999 -0.47381801470588264 -0.43750000000000105 -0.025 0.03 0.05 0.1874583294454136 0.06999999999999999 0.22999999999999998 -0.20937500000000164 -0.12105263157894736 -0.04117647058825391 -0.1 0.02105263157894737 0.10000000000000002
63 19 -0.8923529411764709 -0.8344013480392171 -0.7951562500000009 -0.05500000000000001 0.044166666666668644 0.1525 0.22502175242032219 0.23058823529411643 0.5335294117647179 -0.39999999999997926 -0.2808049535603778 -0.0029411764705822296 -0.202941176470603 -0.026934984520122305 0.09999999999999995
63 20 -1.1025 -1.0393698937908507 -1.03 -0.74 -0.5994117647058836 -0.29794117647059043 0.2878278549485813 1.0482352941176507 0.47823529411765064 -0.34062500000002105 -0.2517027863777109 -0.10000000000000009 -0.6533292483660244 -0.5517027863777111 -0.2500000000000001
63 21 -0.34 -0.29747242647058775 -0.27765624999999966 0.11 0.11441176470588382 0.12 0.17216833662265268 0.009999999999999995 0.11058823529411638 -0.09999999999999953 0.058204334365324406 0.20000000000000018 0.0 -0.005263157894736839 0.0
63 22 0.87 0.9644117647058821 1.0725 -0.5211764705882355 -0.1753124999999978 -0.019499999999998817 0.2264487434893367 0.5247058823529419 0.2400000000000001 -0.22352941176470909 -0.11052631578947374 0.0 0.0 0.2646478328173354 0.4520220588235247
63 23 -1.0206250000000008 -0.9661139705882356 -0.8975000000000001 0.33140625000000296 0.36 0.37 0.19709456409161094 0.15000000000000002 0.32705882352941085 -0.012500000000016387 0.06099071207429985 0.2852941176470547 0.0 0.07894736842105263 0.19650735294116317
63 24 -0.5977173913043412 -0.32950349398931633 -0.07696266968325591 0.7913235294117651 0.8509090909090902 0.8882608695652195 0.3157511107384316 0.7070588235294275 0.5476470588235323 -0.8036764705882595 -0.1396284829721359 0.5147058823529522 -0.8413515406162547 -0.37213622291022497 0.08437499999999043
63 25 -0.7255729166666689 -0.5513867647058835 -0.3846274509803918 -0.07250000000000001 0.05323529411764731 0.1225 0.2348534102374379 0.22 0.692 -0.3999999999999995 -0.3642105263157895 -0.2999999999999853 0.0 0.1105263157894737 0.19999999999999996
63 26 -0.537656250000002 0.04028656045751394 0.64007843137255 0.0375 0.04718749999999959 0.06 0.31647147929048774 0.020000000000000004 1.770000000000002 -1.3500000000000294 -0.931578947368422 -0.5668749999999834 -0.07812500000000414 -0.010526315789473687 0.0
63 27 -0.67 -0.6365328839869284 -0.61 0.17 0.34121323529411907 0.495 0.19635643846642664 0.38 0.0900000000000043 -0.10000000000000009 -0.04736842105263384 0.0 -0.050000000000000044 0.14210526315789473 0.39154411764705854
63 28 -2.823865131578951 -2.3568657373557236 -1.8675601604278071 -0.15473039215686346 -0.08499999999999999 0.06355263157895061 0.3039093894477872 0.23 1.1465808823529466 -1.2272378516624172 -0.6034636222910246 -0.18256578947366986 -0.12058823529411643 0.12105263157894736 0.2763157894736626
63 29 -0.64 -0.513922794117647 -0.37750000000000006 0.1058823529411774 0.13 0.14 0.19763070737374194 0.09000000000000001 0.3829411764705892 -0.1941176470588149 0.03312693498452061 0.0 0.0 0.03746130030959596 0.09117647058821558
