78 0 -0.22 -0.16185314542483709 -0.11 0.06 0.06 0.07 0.17395844092894308 0.020000000000000004 0.18 -0.19826388888887478 -0.09473684210526315 0.0 0.0 -0.005263157894736847 0.0
78 1 -0.42750000000000316 -0.35570404411764805 -0.18500000000000003 0.1175 0.13 0.13 0.2382351659635849 0.06937500000000166 0.8793750000000017 -0.7470588235294193 -0.46282894736842195 -0.10000000000000009 0.0 0.036513157894737726 0.09999999999999988
78 2 -0.2725 -0.23069349845201242 -0.19 0.02 0.03 0.03029411764705913 0.16937764949299933 0.04705882352941078 0.12 -0.10000000000000009 -0.010526315789473694 0.10000000000000009 -0.005555555555562149 0.014241486068110936 0.09411764705881738
78 3 -1.1157812500000028 -0.8293486519607848 -0.5220588235294128 -0.11 -0.095 0.0628991596638639 0.26395461187170366 0.42 0.8199999999999998 -0.5705882352941177 -0.20263157894736492 0.31764705882352584 -0.42205882352941926 -0.21052631578947367 0.0
78 4 -0.14250000000000002 -0.1250863970588236 -0.09117647058823548 -0.23 -0.22 -0.21 0.18316858293007315 0.09062499999999857 0.2312499999999972 -0.18180147058827084 0.028831269349842047 0.0 -0.011764705882344323 0.03376547987615856 0.09999999999999981
78 5 0.18 0.18000000000000002 0.18 -0.01 -0.01 -0.01 0.1544546959308694 0 0 0.0 0.0 0.0 0.0 0.0 0.0
78 6 -0.11988970588235524 -0.08419642857142909 -0.0375 -0.2 -0.2 -0.19 0.17346338726892216 0.011875000000003855 0.15235294117647402 -0.2046218487395008 -0.08018575851393368 0.0 0.0 -0.0052631578947368324 0.0
78 7 -2.099852941176472 -1.5350079656862725 -0.9377941176470426 0.09499999999999688 0.12 0.1358823529411774 0.30752103114181073 0.05 1.079411764705888 -0.29430147058822964 0.568111455108362 1.0416666666666892 -0.005718954248353225 -0.01578947368421053 0.050000000000000044
78 8 0.05 0.056029411764706015 0.05 -0.04 -0.04 -0.03 0.16154027152992728 0.010000000000000002 0.06999999999999999 0.0 0.03684210526315789 0.0 0.0 0.0 0.0
78 9 0.14 0.1389981617647059 0.14 0.01 0.01 0.01 0.15622474745425777 0.01 0.010000000000000009 0.0 -0.0049535603715178105 0.0 0.0 5.478074134663601e-19 0.0
78 10 0.4907352941176456 0.6459908088235311 0.8354411764705902 0.11088235294117463 0.12 0.140000000000001 0.2563397340181525 0.06999999999999999 0.5381250000000042 -0.05588235294118171 0.2832236842105285 0.4996323529411756 0.0 0.02105263157894736 0.10000000000000009
78 11 -1.8597058823529433 -1.2067031303749594 -0.3897977941176486 -0.16287151702786357 0.13014705882353114 0.15 0.34859755144503574 0.32578947368421035 1.8184210526315794 -1.370588235294088 -0.9570637119113574 -0.24577205882353154 -0.07058823529412853 0.16094182825484754 0.3485294117646887
78 12 0.057499999999999996 0.05800000000000001 0.06 0.0 0.005 0.0225 0.1606549474623717 0.04 0.020000000000000004 0.0 0.005263157894736839 0.0 0.0 0.02105263157894737 0.04999999999999999
78 13 1.0056249999999953 1.7868082399626484 2.5651470588235297 0.04902777777777713 0.11097619047619024 0.13823529411764524 0.3459550604327178 0.13 1.8954201680672313 -1.7058823529412437 -0.997589562140648 -0.36125116713351946 -0.050000000000000044 0.04699248120300561 0.10000000000000009
78 14 -0.24 -0.2368529411764706 -0.23 -0.15 -0.15 -0.1475 0.15799987017728917 0.009999999999999981 0.03 0.0 0.015789473684210527 0.0 0.0 0.0 0.0
78 15 -0.23948529411764594 -0.19725837418300665 -0.1575 0.0375 0.05 0.06470588235294192 0.17403409668146 0.05 0.14 -0.14117647058825372 0.0037151702786366067 0.12812499999999172 -0.049999999999999975 0.005263157894736839 0.0852941176470539
78 16 -0.15 -0.14999999999999997 -0.15 -0.2 -0.19 -0.19 0.1553397216925636 0.010000000000000009 0 0.0 0.0 0.0 0.0 0.0 0.0
78 17 0.17 0.16999999999999998 0.17 0.01 0.02 0.02 0.1553397216925636 0.01 0 0.0 0.0 0.0 0.0 0.005263157894736842 0.0
78 18 -2.78 -2.6554940767973854 -2.540863970588232 -0.4 -0.385 -0.35500000000000004 0.19866853730548387 0.04999999999999999 0.2942361111111138 -0.03437499999998872 0.15486111111111253 0.29080882352939597 -0.050000000000000044 0.021052631578947358 0.09999999999999981
78 19 0.08035829307568501 0.2742889958592146 0.22212732919254793 -0.030294117647058083 -0.015 0.07250000000000001 0.31263988912903046 0.17266666666666508 1.5832173913043548 0.11666666666666117 0.8332723112128184 0.9380087687248165 -0.1515345268542005 -0.048771929824560564 0.1
78 20 -0.12367647058823547 0.022485294117647252 0.034705882352941794 -0.06838235294117806 0.04874999999999889 0.07 0.24435413965711847 0.17823529411764732 0.4852941176470603 -0.2294117647058836 0.25541795665634764 0.20882352941176352 -0.18749999999998884 0.06377708978328264 0.10000000000000002
78 21 -0.20514705882352913 0.1128404820261398 0.3641544117647017 -0.05 -0.040294117647060174 -0.03 0.32425534670245987 0.06823529411764731 1.8400000000000167 -1.4454248366013238 -0.9684210526315878 -0.375347222222262 -0.04705882352939825 0.03591331269349858 0.10000000000000002
78 22 -0.1408823529411774 -0.13348345588235336 -0.1135294117647079 -0.06 -0.012812500000000417 0.0 0.178669895805974 0.12 0.1541176470588233 -0.10000000000000002 0.042414860681112485 0.07352941176468869 0.0 -0.015789473684210523 0.1
78 23 0.02 0.03124236111111095 0.05 -0.09 -0.09 -0.07 0.1642364019162373 0.03 0.06999999999999999 -0.09618055555554966 -0.036842105263157884 0.0 0.0 0.010526315789473679 0.0
78 24 -0.06 -0.04700000000000001 -0.03 -0.0325 -0.03 -0.03 0.1597851352996065 0.020000000000000004 0.04000000000000001 0.0 0.0 0.0 0.0 -0.010526315789473686 0.0
78 25 -0.22308823529411723 -0.17014705882352926 -0.1175 0.0975 0.1 0.1 0.17245160786859243 0.012941176470585042 0.10882352941176349 -0.050000000000000044 0.057275541795664985 0.1999999999999999 0.0 0.005263157894736847 0.0
78 26 -0.3524999999999999 -0.2766636029411766 -0.22053308823529383 -0.28250000000000003 -0.22575367647058864 -0.03412683823529419 0.21666204480806722 0.26312500000000055 0.3531250000000006 -0.13639705882351638 -0.036184210526314174 0.20000000000000018 -0.1891544117647123 -0.11513157894736684 0.11874999999998058
78 27 -0.10750000000000001 0.05625046355498875 0.1732352941176494 -0.01 0.0052777777777771205 0.0225 0.2702340858714804 0.08 1.1967500000000078 0.2941176470588383 0.6298684210526356 0.9324115515771426 -0.09999999999999996 0.022105263157892244 0.09117647058823652
78 28 -0.4643290441176471 -0.29591544117647006 -0.04764705882352382 0.1175 0.12 0.14250000000000002 0.20609894871399276 0.06764705882352696 0.35 -0.17352941176468906 0.18421052631578946 0.2823529411764313 -0.10000000000000009 -0.03157894736842106 0.0
78 29 -1.9303125000000039 -1.5815484477124202 -1.28 -0.1921875000000007 -0.19 -0.1675 0.26714200121171927 0.05309803921568762 1.1998823529411857 -0.88750000000001 -0.6315170278637818 -0.24632352941175828 -0.015073529411749609 -0.005964912280702582 0.10000000000000009
