0 0 0.07000000000000028 0.07730120790976072 0.08783562521850621 -0.017714404627746483 -0.01 0.03550661143858531 0.18807095217925146 0.2172897560975609 0.0627102439024391 -0.01454389673818432 0.03300539152759952 0.1135512195121953 -0.023548344541171023 0.11436302952503205 0.12596785712273392
0 1 1.087956286615593 1.1770107277602373 1.2625000000000002 -0.27991649844008076 -0.27 -0.2103976837193801 0.18549119476796022 0.07077555778634109 0.20932395957566996 -0.11511879949861359 -0.08365237372718583 0.0 -0.04887043193336077 0.031299871074119225 0.06328644326634075
0 2 -3.02 -3.001 -2.9975000000000005 -0.1 -0.09 -0.075 0.1694849202807416 0.09 0.08000000000000007 -0.09999999999999787 -0.036842105263158044 0.0 -0.10000000000000006 -0.04736842105263159 0.0
0 3 1.6400000000000001 1.6370631047441555 1.65 -0.01 0.1593879786936039 0.3415928433674325 0.19985393661707837 0.39 0.09725725306054 -0.09829843759884271 -0.0511880279266 0.013619124238593017 0.0 0.1928270386682789 0.32276175152281383
0 4 -0.10999999999999988 -0.0995 -0.08000000000000052 -0.060296961325966944 -0.03096210873146618 -0.03 0.17578212698552884 0.09 0.0600000000000005 0.0 0.03157894736842132 0.09999999999999787 -0.09999999999999995 0.005263157894736847 0.20000000000000004
0 5 -0.3824999999999994 -0.15792389095871465 0.06750000000000012 0.04 0.049724219786357604 0.06 0.2102150341847349 0.03 0.5794298193131499 0.09714909656575121 0.3049630627963947 0.5917265935907243 -0.09505379671009953 -0.015789473684210523 0.0
0 6 -0.899999999999999 -0.4479999999999998 -0.07499999999999984 -0.6 -0.405 -0.37 0.3046656578360177 0.35000000000000003 1.229999999999999 0.4999999999999938 0.647368421052631 1.1000000000000032 -0.3500000000000003 -0.17368421052631577 0.050000000000000044
0 7 2.211302338530066 2.559836016322505 2.95 -0.2425 -0.15086338431766588 -0.11 0.2544130690902173 0.15000000000000002 0.8950000000000005 -0.10000000000000231 -2.8526315789473684 0.8092545578059007 -0.10000000000000009 -0.06842105263157894 0.0
0 8 -0.059999999999999165 -0.041055732811856524 -0.037499999999999645 -0.29 -0.24033423362592843 -0.0525 0.19629766806911186 0.36 0.05999999999999961 0.0 0.031578947368420845 0.10000000000000675 0.0 0.1894736842105263 0.30000000000000004
0 9 -0.020000000000000018 0.10705586969096237 0.2250000000000002 -0.09 -0.06 -0.04750000000000001 0.1941323689677702 0.06999999999999999 0.3400000000000003 0.03242795627691336 0.1789473684210528 0.30000000000000027 -0.1 2.921639538487254e-18 0.09999999999999995
0 10 0.5275000000000001 0.610629120539772 0.7028648823692103 -0.2125 -0.15500000000000003 0.08 0.21790845407664103 0.3793915942374092 0.2999999999999998 -0.22071418734560283 -0.15789473684210517 0.09088270237277374 -0.0539797061342822 0.17368421052631577 0.3
0 11 2.27 2.496760509607967 2.667500000000001 -0.1324787808641978 -0.04 0.095 0.2438319680636681 0.29000000000000004 0.7000000000000002 0.0 0.36842105263157904 0.699999999999994 -0.3 -0.15263157894736845 -0.00042438271604453015
0 12 0.15750000000000008 0.17800000000000005 0.20000000000000018 -0.14 -0.004999999999999999 0.12 0.19445373383714165 0.36 0.08000000000000007 -0.09999999999999787 0.026315789473684115 0.10000000000000009 0.0 0.18947368421052632 0.35
0 13 0.18999999999999995 0.2179402961735839 0.22999999999999998 -0.052116697041374234 0.005 0.05 0.188814000550209 0.18888391319324832 0.050000000000000266 -0.05468703611904713 0.02105263157894739 0.10589792460821923 -0.21072126039473138 -0.09941258589118332 0.042333940827484554
0 14 -1.4699999999999993 -1.3865 -1.3074999999999992 -0.27 -0.15371156462585034 -0.06 0.1928202353928392 0.22618229279965218 0.1999999999999993 0.049999999999998934 0.10526315789473646 0.15000000000000568 -0.20000000000000012 -0.11904331199981696 0.0
0 15 1.0233053153421796 1.0461296843220071 1.0800000000000005 -0.5980807393641734 -0.5819335701598578 -0.57 0.1849004600197235 0.17390866163929813 0.12195433081965001 -0.1516203494641205 -0.06418648990507896 0.0 -0.01575148501174184 0.09153087454699903 0.13720492909448934
0 16 0.0575787431241053 0.23460003951584638 0.38000000000000034 0.14151901140684414 0.16984251375178963 0.265 0.2355708582853069 0.13 0.6800000000000002 0.0 0.3578947368421054 0.5806440328434987 -0.09999999999999995 -0.021052631578947358 0.14999999999999986
0 17 0.9499999999999997 0.9339999999999999 1.0100000000000002 -0.14500000000000002 -0.065 -0.03 0.2120371536370644 0.17 0.45999999999999996 -0.3999999999999959 -0.2421052631578947 0.0 -0.1999999999999999 -0.07894736842105263 0.0
0 18 0.8200000000000003 0.8374982716049383 0.8525 -0.34 -0.23 -0.23 0.17512952840416512 0.15999999999999998 0.0699999999999994 -0.10000000000000009 -0.021052631578947153 0.049999999999998934 -0.09999999999999981 -0.06842105263157897 0.0671148671722871
0 19 0.6688442846034214 0.6728533363950856 0.69 -0.05 -0.048821907315204874 -0.03 0.16619563755993766 0.030000000000000002 0.10281849975019608 -0.10000000000000009 -0.05411499986852425 0.0 0.0 0.01578947368421053 0.02131668594456364
0 20 3.0075000000000003 3.0305 3.03 -0.1925 -0.18 -0.15 0.17476464765304875 0.09 0.1299999999999999 0.0 -3.236842105263158 0.09999999999999787 -0.09999999999999995 -0.04736842105263159 0.0
0 21 -0.4897339668193643 -0.5284302291576537 -0.4599999999999995 -0.3001955945651695 -0.12852807359765045 0.10893206678180767 0.27501206505786296 0.5077294948397609 0.7977559009786999 0.0 0.4198715268308947 0.6774269790923038 -0.012682786413356628 0.26182286458806775 0.5534376407374711
0 22 2.8375000000000004 2.9173194888644374 2.985 -0.04 -0.03 -0.02 0.1740708082211676 0.03125461254612545 0.17999999999999972 0.0 0.08947368421052627 0.1917030567685596 0.0 0.010526315789473687 0.00843231694043602
0 23 0.17500000000000016 0.2044007728832887 0.23250000000000004 0.011488581643560944 0.045 0.05750000000000001 0.1777855561520749 0.07999999999999999 0.1299999999999999 -0.20000000000000018 -0.0578947368421052 0.10395969283571838 0.0 0.042105263157894736 0.13480987556392837
0 24 -1.5800000000000005 -1.5594832094027347 -1.4875000000000007 -0.65 -0.5848320940273446 -0.5475000000000001 0.20602941795795293 0.14999999999999997 0.3000000000000007 -0.3500000000000014 -0.15789473684210564 0.0 -0.20000000000000018 -0.026315789473684233 0.10000000000000009
0 25 0.6398566284284973 0.7338263336866494 0.8225000000000002 -0.23897285686389377 -0.05073754985191375 0.03018250048110847 0.2101149274936668 0.3092505639038028 0.28158819680304104 -0.2610687690361163 -0.1482043141068637 0.0 0.0 0.14210526315789473 0.19368182824557867
0 26 -0.9839147804386843 -0.8939200310725275 -0.774557060172769 -0.26 -0.20500000000000002 0.042499999999999996 0.2078998884805115 0.33 0.20999999999999908 0.0 0.1105263157894732 0.2483072262242858 -0.17953072002060858 -0.1631578947368421 0.0
0 27 -0.09250000000000025 -0.028920192623073094 0.032500000000000084 -0.23 -0.22 -0.17 0.19407873764228467 0.13999999999999999 0.29000000000000004 0.0 0.15263157894736845 0.3999999999999959 0.0 0.07368421052631578 0.10000000000000009
0 28 1.52 1.5165 1.5299999999999998 0.32 0.32 0.3225 0.17447558927339848 0.13 0.08999999999999986 0.0 -0.047368421052631504 0.0 0.0 -0.06842105263157895 0.0
0 29 -0.4799999999999991 -0.24700669656293234 -0.0050000000000000044 -0.16 -0.015 0.27 0.25117626678567084 0.47 0.6300000000000008 0.0006696562932642647 0.3315789473684215 0.6000000000000028 0.0 0.22631578947368425 0.44999999999999996
0 30 -0.2525000000000004 -0.20149999999999996 -0.1374999999999993 -0.06 0.055 0.08 0.19066468416568627 0.16 0.23000000000000043 0.0 0.12105263157894759 0.25000000000000355 -0.15 -0.06315789473684212 0.09999999999999995
0 31 0.040000000000000036 0.06250000000000014 0.08250000000000013 -0.265 -0.1640711462450593 -0.15 0.18729511774563895 0.23 0.11999999999999966 0.0 0.06315789473684193 0.10000000000000009 -0.24999999999999994 -0.12105263157894738 0.0
0 32 2.841932667090519 3.043926783673531 -3.024048581795183 -0.13010982428115014 -0.1051526776123983 0.09855899044988216 0.27625239029643045 0.36 0.9439935259139371 0.07844060701357236 -2.8084244600452966 0.7109733945288998 -0.11262590655297527 0.17894736842105266 0.1901760452687834
0 33 -2.9723238123872524 -2.855906738425358 -2.7275 -0.15018992897613914 -0.12494127079575065 -0.08145977101631098 0.2064198141402973 0.2 0.3388941463786921 -0.09541200729637822 0.17836534019931163 0.4405334738371902 -0.260145860232242 0.0847925545375305 0.3048151158065817
0 34 0.5427266754270694 0.6986817783618047 0.8624999999999998 -0.38 -0.255 -0.10500000000000001 0.22815788875816462 0.35 0.46999999999999975 -0.40000000000000036 -0.24736842105263146 -0.09999999999999787 0.05000000000000001 0.1842105263157895 0.3
0 35 -2.5850000000000004 -2.3984366639243104 -2.2199999999999993 0.04750000000000001 0.135 0.2775 0.2203229228738384 0.27 0.47000000000000064 -0.3599396681749578 -0.2473684210526319 -0.09639393939393726 0.0 0.14210526315789473 0.2552729121017317
0 36 -1.0000000000000004 -0.9906012516517402 -0.9875000000000003 -0.1 -0.08491067991067991 -0.08 0.15976992170067764 0.03 0.030000000000001137 0.0 0.010526315789474395 0.0 0.0 -0.015789473684210527 0.0
0 37 0.5775000000000001 0.8887202572347268 1.1450000000000002 -0.09 -0.08 -0.07 0.23976963598511666 0.18 0.77 0.0 0.4052631578947368 0.5999999999999961 0.0 0.09473684210526315 0.10000000000000002
0 38 0.3125000000000001 0.42412197207309477 0.5702974939783735 -0.185 -0.1 -0.057499999999999996 0.2450915051125277 0.36 0.6699999999999999 -0.4499999999999993 -0.3526315789473684 -0.19967167571662892 0.0012950943396226877 0.18947368421052632 0.2997410572983766
0 39 0.9900000000000007 1.0195201644361762 1.06 0.06 0.06 0.07250000000000001 0.17129632647276588 0.049999999999999996 0.10000000000000053 -0.09798355638240608 -0.0526315789473687 0.0 -0.05403288723519171 -0.02631578947368421 0.0
0 40 2.73 2.7600000000000002 2.775 -0.2925 -0.28500000000000003 -0.2775 0.17046122763600965 0.03999999999999998 0.0600000000000005 -0.10000000000000231 -0.03157894736842132 0.10000000000000231 0.0 -0.005263157894736847 0.09999999999999981
0 41 -0.20249999999999968 -0.13476591943869098 -0.04999999999999938 -0.3 -0.26 -0.2425 0.2206413566473286 0.46 0.20000000000000062 -0.005860655737705001 0.10526315789473717 0.18927750410508773 -0.24999999999999994 -0.21578947368421056 0.0
0 42 2.900000000000001 2.9869790976670503 3.0625 -0.21938727897838897 -0.125 0.1 0.20473832244536957 0.34 0.21999999999999886 0.0 0.11578947368420993 0.15000000000000124 -0.2972219911835653 -0.16315789473684214 0.0
0 43 0.3399883213952044 0.3396166414209584 0.3400000000000003 0.06 0.06 0.06 0.15799989386710372 0.010000000000000009 0.020000000000000018 0.0 0.005263157894736963 0.00023357209591845507 0.0 -0.005263157894736839 0.0
0 44 -0.7149999999999994 -0.6445000000000001 -0.5800000000000005 -0.2625 -0.045 0.2225 0.22404210312791575 0.58 0.1399999999999988 0.0 0.07368421052631516 0.19999999999999574 -0.55 -0.3052631578947369 -0.04999999999999977
0 45 -0.4599999999999995 -0.4024999999999997 -0.3974999999999991 0.145 0.175 0.2225 0.1973112012657714 0.15 0.33000000000000007 0.0 0.17368421052631583 0.09999999999999787 -0.10000000000000009 -0.042105263157894736 0.0
0 46 -1.0424999999999995 -0.8815878314393938 -0.7588174715909085 -0.3524999999999999 -0.32 -0.2475 0.2294230516450972 0.13999999999999999 0.6799999999999997 0.0 0.3578947368421051 0.641216856060613 -0.10000000000000009 -0.03684210526315788 0.04999999999999977
0 47 -1.3624999999999998 -1.358753694131162 -1.3475000000000001 -0.18 -0.17 -0.15944774724619237 0.17027258344060545 0.10880768953848372 0.07000000000000028 0.0 0.036842105263158044 0.0879944181364789 0.0 0.05726720502025459 0.08308506078663569
0 48 -3.086950584260172 -3.042265081531322 -2.965624470189319 -0.31 -0.185 0.065 0.22544418840520905 0.48 0.20000000000000018 -0.03749646792879924 0.07894736842105254 0.20000000000000018 -0.3500000000000001 -0.14736842105263154 0.24999999999999994
0 49 0.41000000000000014 0.46844317921267226 0.56 -0.08013902992652767 -0.005 0.03 0.18924653395743818 0.1 0.22949693762264378 0.0 0.11052631578947367 0.20000000000000018 -0.1463342667900849 -0.02134532616111089 0.10000000000000002
0 50 0.7725000000000002 0.8810847624792796 1.0100000000000002 -0.27 -0.24083444771329232 -0.04750000000000001 0.22968054803040744 0.2994461252733428 0.4888922505466863 -0.5444612527334253 -0.2573117108140454 -0.09876526209492087 0.0 0.15760322382807518 0.2
0 51 -2.3825 -2.2490147783204772 -2.1295006085773602 0.09 0.09608109079150648 0.12 0.18688627190310145 0.03 0.32731325772389575 -0.22069438995685697 -0.17227013564415566 -0.009106498517381656 0.0 0.015789473684210527 0.010810907915064782
0 52 -0.011148643619990196 0.10283517788602733 0.24531677324151527 0.2175 0.22510559108050504 0.24 0.2106964292842624 0.15 0.2792762009736383 0.10000000000000231 0.14698747419665173 0.42671687239980405 0.0 0.07894736842105263 0.19531313749490034
0 53 0.010000000000000231 0.046373280654587276 0.050000000000000266 -0.07951612903225741 -0.07 -0.07 0.18510392901543615 0.07 0.2811704598235025 0.0 0.14798445253868553 0.09999999999999787 0.0 0.0368421052631579 0.0
0 54 0.20499999999999996 0.2171173981499705 0.22999999999999998 -0.24751645876458056 0.14610977080820264 0.1825 0.24553617298065938 0.8999999999999999 0.08000000000000007 -0.011739814997046294 0.04210526315789478 0.10000000000000009 -0.7520179318034004 -0.4736842105263157 -0.0358510638297882
0 55 0.00806014604150672 0.01984096549055524 0.018434044233807415 -0.11 0.004999999999999999 0.0625 0.19717830332532735 0.22999999999999998 0.1499999999999999 -0.07289362822538012 0.07368421052631562 0.15000000000000124 0.0 0.12105263157894736 0.3
0 56 0.2875000000000001 0.3350594537534791 0.3999999999999999 -0.3225 -0.20500000000000002 -0.08750000000000001 0.19515917903016597 0.18 0.1200000000000001 -0.049999999999998934 0.050231829573935155 0.10000000000000009 -0.15000000000000013 -0.06842105263157897 0.049999999999999906
0 57 2.0000000000000004 2.0726717422209373 2.1625000000000005 -0.6862467556640565 -0.3753175102388372 -0.2489175461514662 0.2242969651817708 0.49042683303477674 0.28961071833813357 0.0 0.15242669386217556 0.2603863671809692 -0.2768533631080483 -0.16067997960336813 0.02835092302932385
