1 0 2.6979958835511795 2.806052478184884 2.9100000000000006 -0.06 -0.03 0.0 0.18885780577663291 0.08867764386352087 0.2900000000000009 -0.25000000000001243 -0.1526315789473689 0.0 0.0 0.0368421052631579 0.10000000000000002
1 1 2.7306086104153082 2.751189819271606 2.7899999999999996 -0.3425 -0.29533140832372107 -0.17453141450592213 0.19710971437542385 0.32999999999999996 0.14469793549614574 -0.1458027268705342 -0.06996106596481258 0.023489677480734716 0.006513986781941927 0.16842105263157892 0.21722393524763878
1 2 0.6300000000000003 0.6400838322348962 0.6453428676597956 -0.08527865552765995 -0.052899250412908154 -0.03 0.1642241754489442 0.06999999999999999 0.020000000000000018 -0.08943077242428932 -0.00526315789473673 0.018952451065303855 -0.018524370184399702 0.031578947368421054 0.09999999999999995
1 3 0.9175000000000004 1.1293301370223778 1.3230609698819937 -0.16594547563805107 -0.13506936272991885 -0.12 0.20471010250728533 0.06000000000000001 0.46999999999999975 0.0 0.21578947368421061 0.3562538483641897 -0.049999999999999975 0.021052631578947368 0.10069362729918846
1 4 -2.18 -2.169504924049309 -2.1600000000000006 -0.25 -0.20997499655915952 -0.2 0.16600575307271256 0.06 0.05000000000000071 -0.0005220358146984516 0.00526315789473673 0.04997036911616126 0.0 0.026315789473684206 0.09999999999999995
1 5 1.4100000000000006 1.453941058394161 1.4900000000000007 -0.12338412408759125 -0.1 -0.0573436122377006 0.17911805010422382 0.17 0.09000000000000075 -0.09410583941605655 -0.04210526315789478 0.0 0.0 0.08947368421052633 0.2
1 6 1.81 1.8157649212088747 1.8199999999999998 -0.1 -0.09733048775065584 -0.09 0.15977470278006947 0.020000000000000004 0.020000000000000462 -0.09999999999999787 -0.00526315789473673 0.050000000000003375 -0.020647409485404083 -0.010526315789473686 0.0
1 7 -0.03366282522087909 -0.020859837888349702 -0.010000000000000231 -0.5716612588274043 -0.5153024101864484 -0.5 0.16693124100044085 0.07999999999999996 0.04999999999999938 -0.07919296624158118 0.016100913440625964 0.09513510462468575 0.0 0.042105263157894715 0.11491284561222781
1 8 2.47 2.476991936104556 2.4825 -0.09249357684237572 -0.0899159271368521 -0.07 0.16335058131535235 0.05 0.040000000000000036 0.0 0.010526315789473927 0.09996566091295955 0.0 0.02631578947368421 0.09987153684751428
1 9 -2.31 -2.215839710552723 -2.130595259351843 -0.1125 -0.1 -0.07343692590324548 0.19089271171057481 0.12 0.23860224538893382 -0.20000000000000018 -0.12558012915207042 0.0 -0.0974351184792989 0.05789473684210527 0.19375382731169682
1 10 0.38496823716251993 0.6949871580602162 1.0625000000000002 -0.27 -0.22999999999999998 -0.17 0.27240403874442887 0.16000000000000003 1.1800000000000006 -0.9993782116279022 -0.6210526315789477 -0.15002067349658366 0.0 0.08421052631578949 0.10000000000000009
1 11 -1.1700000000000004 -1.120443720248675 -1.0599999999999992 -0.45 -0.13162495898827814 0.10195248657483072 0.22431015224223952 0.5700000000000001 0.20000000000000107 -0.05812479494138989 -0.026315789473684584 0.049999999999998934 0.0 0.2894736842105263 0.55
1 12 -0.46249999999999947 -0.30342250264525805 -0.16000000000000014 -0.2616457039285093 -0.25016262821465735 -0.22000000000000003 0.2216271100494681 0.23 0.47999999999999954 0.15047582879099408 0.25263157894736815 0.4470989280008858 0.02104147031102732 0.12105263157894736 0.2501457050100587
1 13 0.0900000000000003 0.11811798075038789 0.16000000000000014 0.00949038417718634 0.022746345851135552 0.04 0.16776082481832327 0.04 0.10999999999999988 0.0 0.0578947368421052 0.10000000000000009 -0.011798075038775774 0.021052631578947364 0.04999999999999999
1 14 2.8765379301682987 3.032534826013335 -3.0900000000000003 -0.12 -0.07 -0.05 0.19389711489841427 0.07 0.35999999999999943 -0.05006066262249087 0.010109497367456383 0.05641379887800335 -0.003259271360888105 0.031578947368421054 0.058228694477041945
1 15 0.5875828178327648 0.6060344867095652 0.6200000000000001 -0.1647600180576934 -0.15244212036106258 -0.1402484534982935 0.162417629473749 0.03 0.040000000000000036 -0.050349891718982076 -0.02105263157894739 0.0 -0.02180827373801167 0.015789473684210527 0.0747952825559288
1 16 -1.3400000000000003 -1.3292560201351415 -1.3225000000000002 -0.34 -0.2593015934433149 -0.0925 0.19380856414881245 0.35 0.08999999999999986 0.0 0.047368421052631504 0.09999999999999787 0.0 0.17368421052631577 0.2551323561583897
1 17 -2.86 -2.848489852689226 -2.8300000000000005 -0.09994806530132616 -0.07998812293969357 -0.06 0.16778371073860723 0.06999999999999999 0.03999999999999915 -0.09999999999999787 0.01578947368421019 0.09999999999999787 0.0 0.03684210526315789 0.09999999999999995
1 18 0.6275000000000003 0.6380163167025604 0.6499999999999999 0.0675 0.2501588942378688 0.28250000000000003 0.18706730938148028 0.2996736659487916 0.0596736659487912 -0.09999999999999787 -0.031407192604626946 0.0 -0.24841105762131194 -0.15772298207831137 -0.04999999999999977
1 19 -1.52 -1.4950035371289974 -1.4800000000000009 -0.21 -0.21 -0.053076135274121826 0.17383619051743965 0.18 0.03999999999999915 0.0 -0.02105263157894692 0.0 0.0 0.09473684210526315 0.13717423516081215
1 20 -1.7425000000000006 -1.738 -1.7199999999999993 -0.24 -0.24 -0.23 0.16417983691021945 0.03 0.08000000000000007 -0.09999999999999787 -0.04210526315789478 0.0 0.0 0.015789473684210527 0.0
