26 0 -1.03 -0.4765 0.16 0.0375 0.07 0.11000000000000001 0.36680955819708716 0.12 2.17 -2.0999999999999996 -1.1421052631578945 -0.050000000000000044 -0.10000000000000009 -2.921639538487254e-18 0.05000000000000001
26 1 0.23 0.277 0.31999999999999995 -0.195 -0.135 0.005000000000000001 0.2090676619741167 0.38 0.24 -0.24999999999999994 -0.12631578947368421 0.0 -0.3 -0.13684210526315788 0.10000000000000009
26 2 0.21 0.261 0.325 -0.12 -0.10500000000000001 -0.1 0.17139189419449063 0.03 0.15999999999999998 -0.20000000000000018 -0.07368421052631577 0.0 0.0 0.015789473684210523 0.0
26 3 -0.005 0.010499999999999999 0.03 0.33 0.35 0.37 0.17403175788064423 0.07 0.08 -0.04999999999999999 -0.0368421052631579 0.04999999999999999 -0.04999999999999977 -0.01578947368421054 0.0
26 4 0.17750000000000002 0.20750000000000002 0.2325 -0.07 -0.05 -0.03 0.16696169418637677 0.04000000000000001 0.07 -0.10000000000000009 0.0052631578947368324 0.050000000000000044 0.0 -0.02105263157894737 0.0
26 5 -0.11500000000000002 -0.010499999999999999 0.1325 -0.09 -0.07 0.0175 0.2111166294778694 0.24000000000000002 0.37 -0.29999999999999993 -0.06842105263157895 0.1999999999999999 -0.3 -0.0736842105263158 0.050000000000000044
26 6 0.09 0.171 0.3025 -0.21 -0.21 -0.20750000000000002 0.17935712604973833 0.01999999999999999 0.26 0.0 0.12631578947368421 0.24999999999999994 0.0 0.0 0.0
26 7 -0.24 -0.22700000000000004 -0.2175 0.58 0.63 0.68 0.16954070347681444 0.12 0.04999999999999999 -0.09999999999999981 -0.026315789473684206 0.0 -0.10000000000000009 -0.05789473684210531 0.0
26 8 -0.015 0.12800000000000003 0.3025 -0.2925 -0.255 -0.1975 0.24809987423424873 0.42 0.6100000000000001 -0.30000000000000016 0.005263157894736824 0.15 -0.4999999999999999 -0.1631578947368421 0.10000000000000009
26 9 0.0975 0.1395 0.21 -0.03 -0.02 -0.009999999999999998 0.19020563917400307 0.14 0.16 -0.04999999999999999 0.07368421052631578 0.3 0.0 -0.057894736842105256 0.0
26 10 -0.115 -0.07800000000000003 -0.04750000000000001 0.04 0.05 0.1625 0.19297735405087435 0.23 0.1 -0.20000000000000004 -2.921639538487254e-18 0.19999999999999996 -0.25 -0.12105263157894738 0.0
26 11 0.2 0.2185 0.24 0.017499999999999998 0.025 0.045 0.17146796218913551 0.1 0.06 -0.10000000000000009 -0.026315789473684206 0.0 0.0 0.05263157894736842 0.10000000000000005
26 12 -0.0175 0.06799999999999999 0.1625 -0.1 -0.09 -0.08 0.1917677715120289 0.03 0.39 0.09999999999999981 0.20526315789473684 0.2500000000000001 0.0 0.005263157894736847 0.0
26 13 0.23500000000000001 0.25049999999999994 0.31 0.305 0.4 0.4 0.2184810255994158 0.44999999999999996 0.29000000000000004 -0.10000000000000009 -0.15263157894736845 0.0 -0.15000000000000008 -0.23684210526315788 0.0
26 14 0.11499999999999999 0.167 0.22 0.08 0.12 0.1325 0.2001056351170433 0.14 0.16 -0.35000000000000003 -0.03157894736842105 0.049999999999999906 0.0 0.0736842105263158 0.10000000000000002
26 15 -0.10500000000000001 -0.0029999999999999983 0.125 -0.3 -0.3 -0.2475 0.1897898008032781 0.09 0.22000000000000003 -0.10000000000000009 0.1 0.30000000000000004 0.0 0.04736842105263158 0.09999999999999995
26 16 0.26 0.3025 0.36250000000000004 -0.05 -0.03 0.18 0.20885467158911103 0.39999999999999997 0.22 -0.10000000000000009 -0.10526315789473686 0.0 0.0 0.16842105263157894 0.10000000000000002
26 17 0.26 0.2845000000000001 0.295 -0.05 -0.03 0.0375 0.18530381759909134 0.24 0.04999999999999999 0.0 0.026315789473684206 0.050000000000000044 0.0 0.12631578947368421 0.20000000000000007
26 18 0.19 0.30900000000000005 0.45 0.03 0.060000000000000005 0.2225 0.19958086737798697 0.22 0.27 -0.20000000000000004 -0.14210526315789476 0.0 0.0 0.10526315789473684 0.25
26 19 0.09 0.1575 0.2275 -0.14250000000000002 -0.12 -0.10500000000000001 0.18118803196884253 0.04999999999999999 0.21000000000000002 -0.19999999999999996 -0.1 0.0 0.0 0.026315789473684206 0.09999999999999995
26 20 0.3275 0.4940000000000001 0.6375000000000001 -0.1 -0.09 0.0375 0.217154602620796 0.28 0.39999999999999997 -0.3999999999999998 -0.21052631578947367 0.0 -0.3 -0.14210526315789473 0.0
26 21 -0.25 -0.10900000000000001 0.0025 -0.07250000000000001 -0.07 -0.0075 0.19326397825469593 0.11 0.32999999999999996 0.0 0.16842105263157894 0.40000000000000024 -0.1 -0.04736842105263158 0.0
26 22 0.085 0.163 0.2125 0.0675 0.07 0.21750000000000003 0.21528819830419088 0.5299999999999999 0.16 0.0 0.07368421052631578 0.10000000000000009 -0.44999999999999973 -0.26842105263157895 0.0
26 23 -0.16 -0.04849999999999999 0.07 -0.14250000000000002 -0.11 -0.0275 0.19150406913059356 0.17 0.25 0.0 0.12105263157894736 0.24999999999999994 -0.10000000000000009 -0.08947368421052632 0.0
26 24 0.15 0.188 0.2125 -0.05 -0.03 -0.009999999999999998 0.1740875410767171 0.1 0.09999999999999999 -0.10000000000000009 0.010526315789473687 0.050000000000000044 -0.10000000000000002 -0.042105263157894736 0.0
26 25 0.28 0.376 0.51 -0.07 -0.07 -0.05 0.18544073998945193 0.04000000000000001 0.28 0.0 0.12105263157894736 0.3 0.0 0.010526315789473684 0.0
26 26 -0.16 -0.16100000000000003 -0.16 -0.07 -0.07 -0.07 0.15533972169256358 0 0.010000000000000009 0.0 0.005263157894736847 0.0 0.0 0.0 0.0
26 27 0.16 0.31100000000000005 0.39499999999999996 -0.14 -0.14 -0.14 0.22739457178790232 0.1 0.69 0.0 0.3631578947368421 0.8 0.0 0.05263157894736843 0.049999999999999906
26 28 0.11750000000000001 0.3265 0.615 -0.10500000000000001 -0.08499999999999999 -0.04000000000000001 0.2579974360014604 0.16 0.9299999999999999 0.15000000000000013 0.4368421052631579 0.75 -0.10000000000000009 0.07368421052631581 0.20000000000000004
26 29 -0.03 0.023 0.0625 -0.07 -0.060000000000000005 -0.0375 0.17664119436893988 0.06 0.19 0.0 0.1 0.19999999999999996 0.0 0.031578947368421054 0.09999999999999998
26 30 0.1675 0.20400000000000001 0.2175 -0.37 -0.35 -0.33 0.17227691995618483 0.020000000000000018 0.16000000000000003 -0.10000000000000009 -0.03684210526315791 0.09999999999999995 0.0 -0.010526315789473694 0.0
26 31 -0.025 0.09050000000000001 0.2725 -0.23 -0.21 -0.18500000000000003 0.2133583025680556 0.07999999999999999 0.5800000000000001 0.1 0.27368421052631586 0.4999999999999999 0.0 0.026315789473684202 0.09999999999999981
26 32 -0.0325 0.023500000000000004 0.07500000000000001 -0.03 -0.02 0.0025 0.18922933181873505 0.11 0.19 -0.3 -0.03157894736842105 0.2 -0.14999999999999997 -0.05789473684210527 0.0
26 33 0.09 0.22049999999999997 0.325 -0.12 -0.1 0.07 0.2019925270802061 0.26 0.27999999999999997 0.0 0.14736842105263157 0.24999999999999994 -0.24999999999999994 -0.1368421052631579 0.0
26 34 0.07 0.1285 0.14250000000000002 -0.31 -0.295 -0.26 0.18973908880684817 0.1 0.24000000000000002 0.0 0.12631578947368424 0.2500000000000001 0.0 0.05263157894736842 0.10000000000000009
26 35 -0.1225 0.19549999999999998 0.5025 -0.03 -0.03 -0.02 0.24996141019919677 0.04 0.89 -0.85 0.07368421052631577 1.0999999999999999 0.0 0.005263157894736844 0.04999999999999999
26 36 0.23 0.2495 0.26 -0.28 -0.28 -0.2475 0.17298445373037452 0.07000000000000003 0.11000000000000001 0.0 0.05789473684210527 0.10000000000000009 0.0 0.03684210526315792 0.09999999999999995
26 37 0.09 0.13300000000000003 0.1925 -0.21 -0.21 -0.21 0.1838431092539251 0.08000000000000002 0.15999999999999998 -0.09999999999999995 -0.04736842105263158 0.09999999999999995 0.0 0.03684210526315792 0.0
26 38 0.24 0.30300000000000005 0.36 -0.28 -0.26 -0.24 0.18747449389427565 0.23 0.14 0.0 0.06315789473684211 0.14999999999999986 -0.10000000000000009 0.09473684210526317 0.20000000000000018
26 39 0.3075 0.7050000000000001 1.2825 -0.1225 -0.11 -0.08 0.33605232666639623 0.25 1.8 0.19999999999999982 0.9473684210526315 1.1000000000000008 -0.2500000000000001 -0.12631578947368421 0.0
26 40 0.05 0.05750000000000001 0.07 -0.09 -0.09 -0.07 0.15890010953791228 0.03 0.020000000000000004 0.0 0.0 0.0 0.0 -0.015789473684210527 0.0
26 41 0.04750000000000001 0.1665 0.29 -0.28250000000000003 -0.17 -0.155 0.20734325124751518 0.21999999999999997 0.28 -0.24999999999999997 0.08947368421052627 0.44999999999999996 -0.19999999999999976 -0.09473684210526315 0.0
26 42 0.17 0.1815 0.19 -0.26 -0.26 -0.24 0.16334045194531222 0.08000000000000002 0.01999999999999999 0.0 0.010526315789473679 0.0 -0.09999999999999995 -0.04210526315789474 0.0
26 43 0.14 0.15550000000000003 0.17 -0.005 0.02 0.03 0.17397597468457132 0.19 0.03 -0.049999999999999906 -0.015789473684210527 0.0 0.0 0.08421052631578947 0.10000000000000006
26 44 -0.15999999999999998 0.08249999999999999 0.23750000000000002 -0.07250000000000001 -0.045 -0.009999999999999998 0.2331584973021218 0.19 0.66 0.20000000000000004 0.3473684210526316 0.5000000000000002 -0.15000000000000008 -0.05789473684210527 0.09999999999999995
26 45 -0.225 0.1515 0.38250000000000006 -0.2125 -0.155 0.07750000000000001 0.2414561970059638 0.33999999999999997 0.6599999999999999 0.0 0.32631578947368417 0.3500000000000002 -0.4 -0.15263157894736845 0.049999999999999906
26 46 0.3075 0.344 0.4 -0.052500000000000005 -0.005 0.0025 0.178543097083046 0.09000000000000001 0.12 -0.14999999999999986 -0.04210526315789474 0.09999999999999981 -0.1 0.021052631578947368 0.10000000000000002
26 47 0.2475 0.3235 0.3425 -0.14 -0.09 0.03 0.2023627246541442 0.19 0.33999999999999997 0.0 0.17894736842105263 0.2499999999999998 0.0 -0.042105263157894736 0.10000000000000002
26 48 -0.07 0.026499999999999996 0.1125 -0.1 -0.065 -0.05 0.18447457503346987 0.05 0.29000000000000004 0.0 0.15263157894736842 0.20000000000000004 0.0 0.021052631578947368 0.0
