29 0 -0.24 -0.14150000000000001 -0.03 0.21 0.22 0.40750000000000003 0.21567624650087233 0.39 0.31 0.0 0.16315789473684209 0.3 0.0 0.20526315789473681 0.3999999999999995
29 1 -0.4 -0.04000000000000001 0.23750000000000002 0.1 0.12 0.1625 0.2522485212381841 0.12 0.8700000000000001 -0.6000000000000002 -0.3736842105263157 -0.10000000000000009 -0.14999999999999997 0.005263157894736856 0.25
29 2 0.24 0.3205 0.4175 -0.08249999999999999 -0.01 0.01 0.18822259726560914 0.12000000000000001 0.26 -0.050000000000000044 0.10526315789473684 0.24999999999999994 0.0 0.05263157894736842 0.1
29 3 0.05 0.07100000000000002 0.08249999999999999 0.245 0.45 0.5525 0.19326397825469593 0.39 0.05 0.0 0.010526315789473686 0.0 -0.1999999999999999 0.1105263157894737 0.2999999999999997
29 4 -0.18 0.024499999999999994 0.2025 -0.042499999999999996 -0.02 0.07250000000000001 0.24691057649397544 0.5 0.53 -0.3 -0.20526315789473693 -0.049999999999999906 0.0 0.2631578947368421 0.5000000000000002
29 5 0.09 0.1275 0.16 -0.09 0.045 0.14250000000000002 0.20757652643109253 0.53 0.07 0.0 0.031578947368421054 0.09999999999999995 0.049999999999999906 0.2789473684210526 0.3
29 6 0.17 0.17 0.17 -0.1325 -0.1 -0.085 0.17126511420341597 0.16 0.01999999999999999 0.0 0.010526315789473679 0.0 0.0 0.08421052631578947 0.15
29 7 0.0 0.016 0.03 0.02 0.095 0.2525 0.19292664205444446 0.38 0.05 -0.09999999999999999 -0.021052631578947368 0.0 0.0 0.2 0.35000000000000003
29 8 0.12 0.15650000000000003 0.2125 -0.23 -0.215 -0.1975 0.1704460140370806 0.06999999999999998 0.11000000000000001 -0.10000000000000009 -0.05789473684210527 0.0 0.0 0.03684210526315788 0.09999999999999981
29 9 0.16 0.168 0.1725 -0.0125 0.0 0.0 0.15887475353969735 0.02 0.03 0.0 -0.015789473684210527 0.0 0.0 0.010526315789473684 0.0
29 10 -0.0675 -0.0235 0.11000000000000001 0.1 0.125 0.17 0.26384513773378226 0.19 0.7000000000000001 -0.44999999999999996 -0.368421052631579 0.2500000000000001 -0.15 0.0631578947368421 0.1999999999999999
29 11 0.19 0.20500000000000002 0.2225 0.21 0.21 0.21 0.16331509594709728 0.020000000000000018 0.06 -0.049999999999999906 -0.03157894736842106 0.0 0.0 0.010526315789473694 0.0
29 12 0.09 0.09000000000000001 0.09 0.0 0.0 0.0 0.1544546959308694 0 0 0.0 0.0 0.0 0.0 0.0 0.0
29 13 0.0375 0.13049999999999998 0.2225 -0.14250000000000002 -0.08499999999999999 0.02 0.2073736784453731 0.39 0.21 -0.19999999999999996 -0.11052631578947367 0.0 0.10000000000000003 0.20526315789473684 0.3
29 14 0.09 0.09450000000000001 0.1 0.23 0.23 0.23 0.15799479897764612 0.03 0.010000000000000009 0.0 -0.005263157894736847 0.0 0.0 -0.0052631578947368324 0.0
29 15 -0.14 -0.055499999999999994 0.0025 -0.26 -0.12 0.17 0.2247293521035336 0.52 0.28 0.09999999999999988 0.14210526315789473 0.15000000000000005 0.049999999999999906 0.2736842105263158 0.45000000000000007
29 16 -0.19 0.004500000000000007 0.2525 0.19 0.25 0.47000000000000003 0.24314734066290716 0.37000000000000005 0.62 -0.2500000000000001 -0.20000000000000004 0.10000000000000009 0.0 0.19473684210526318 0.3999999999999998
29 17 0.24 0.23199999999999998 0.24 -0.05 -0.05 -0.0375 0.17986688303785142 0.22000000000000003 0.06999999999999998 0.0 -0.03684210526315788 0.0 0.0 0.11578947368421054 0.10000000000000002
29 18 -0.08249999999999999 -0.06650000000000002 -0.04750000000000001 -0.505 -0.39 -0.38 0.1895488173962432 0.26 0.08 -0.10000000000000006 0.005263157894736838 0.10000000000000002 -0.2500000000000002 -0.1368421052631579 0.0
29 19 0.08 0.1145 0.14750000000000002 0.037500000000000006 0.11499999999999999 0.255 0.21380213396080966 0.53 0.13999999999999999 -0.09999999999999995 -0.06315789473684211 0.0 0.049999999999999975 0.2789473684210526 0.4999999999999999
29 20 0.1 0.1845 0.2725 0.03 0.07500000000000001 0.26 0.21649270964339318 0.41 0.21 -0.15 -0.11052631578947367 0.0 -0.04999999999999999 0.2157894736842105 0.4499999999999999
29 21 0.017499999999999998 0.04750000000000001 0.07750000000000001 -0.02 0.035 0.0625 0.18193106414053312 0.15000000000000002 0.16 -0.15000000000000005 -0.06315789473684212 0.0 -0.04999999999999999 0.07894736842105263 0.20000000000000004
29 22 0.05 0.0915 0.13 0.33999999999999997 0.585 0.7225 0.2240899752525457 0.38 0.19 -0.20000000000000004 -0.09999999999999999 0.0 -0.3999999999999997 0.057894736842105256 0.3999999999999999
29 23 -0.0625 -0.043500000000000004 -0.03 -0.1825 -0.16 -0.14 0.16512571706762955 0.07999999999999999 0.04000000000000001 0.0 -0.02105263157894737 0.0 0.0 0.04210526315789473 0.10000000000000009
29 24 -0.01 0.045500000000000006 0.125 0.09 0.195 0.23 0.18446443263418397 0.16 0.18 -0.15000000000000005 -0.08421052631578947 0.0 0.0 0.08421052631578947 0.15
29 25 0.04750000000000001 0.1155 0.23500000000000001 -0.21 -0.12 0.0975 0.23905204267921623 0.57 0.38 -0.3 -0.20000000000000004 -0.10000000000000006 0.10000000000000009 0.3 0.55
29 26 0.05 0.05850000000000001 0.065 -0.0925 -0.09 -0.08 0.1651054322690576 0.03 0.07 -0.049999999999999975 -0.0368421052631579 0.0 -0.049999999999999975 0.005263157894736839 0.049999999999999975
29 27 0.11499999999999999 0.11500000000000002 0.12 0.1 0.1 0.1125 0.15798465657836017 0.01999999999999999 0.01999999999999999 0.0 -0.010526315789473679 0.0 0.0 0.010526315789473679 0.0
29 28 0.04750000000000001 0.05650000000000001 0.07 -0.02 0.01 0.02 0.16508007627084262 0.06 0.03 -0.09999999999999998 -0.005263157894736837 0.049999999999999975 0.0 0.031578947368421054 0.04999999999999999
29 29 0.02 0.07350000000000001 0.10500000000000001 0.11499999999999999 0.12 0.14 0.18382789565499613 0.19 0.14 0.0 0.010526315789473682 0.0 0.0 0.1 0.20000000000000018
29 30 0.017499999999999998 0.020499999999999997 0.03 0.09 0.15000000000000002 0.20750000000000002 0.190740752160331 0.31000000000000005 0.1 0.0 0.05263157894736842 0.1 0.0 0.16315789473684214 0.2500000000000001
29 31 0.07 0.10250000000000001 0.10250000000000001 0.16 0.45499999999999996 0.5 0.21014032212260134 0.47000000000000003 0.16 -0.19999999999999996 -0.08421052631578947 0.0 0.10000000000000009 0.24736842105263154 0.44999999999999996
29 32 0.017499999999999998 0.016500000000000004 0.02 0.09 0.14500000000000002 0.28500000000000003 0.18815160047060736 0.32999999999999996 0.02 0.0 0.0 0.0 0.0 0.1736842105263158 0.30000000000000016
29 33 0.03 0.2725000000000001 0.5725 -0.1825 0.034999999999999996 0.1875 0.26483199318430767 0.55 0.71 0.0 0.3736842105263158 0.6000000000000002 0.15 0.2894736842105263 0.4000000000000001
29 34 0.085 0.0855 0.1 -0.115 -0.03 0.02 0.1889504158383707 0.31000000000000005 0.08 -0.10000000000000009 -0.042105263157894736 0.0 0.09999999999999998 0.1631578947368421 0.20000000000000012
29 35 -0.14500000000000002 -0.10500000000000001 -0.07 -0.0075 0.09 0.09 0.17832503549839748 0.15000000000000002 0.12 0.0 0.057894736842105256 0.10000000000000009 0.0 0.06842105263157895 0.10000000000000002
29 36 0.04750000000000001 0.054000000000000006 0.07 -0.0925 -0.01 0.052500000000000005 0.17843153069090023 0.2 0.06999999999999999 0.0 0.026315789473684216 0.09999999999999995 0.0 0.08947368421052633 0.15000000000000005
29 37 -0.12 -0.10700000000000001 -0.1 -0.1 -0.1 -0.057499999999999996 0.17125497180413005 0.16 0.03 0.0 0.015789473684210527 0.0 0.0 0.08421052631578947 0.15000000000000008
29 38 -0.14500000000000002 -0.1265 -0.1 0.19 0.215 0.3225 0.1810612519777679 0.13999999999999999 0.11000000000000001 0.0 0.05789473684210527 0.10000000000000009 0.0 0.07368421052631578 0.19999999999999976
29 39 -0.045 -0.008499999999999999 0.03 0.017499999999999998 0.025 0.1325 0.1825801776948355 0.16 0.12000000000000001 -0.1 -0.015789473684210527 0.0 0.0 0.07368421052631578 0.10000000000000009
29 40 -0.08249999999999999 0.036 0.0225 -1.09 -0.675 -0.285 0.35220835733701156 1.28 0.94 0.09999999999999998 0.4947368421052632 0.6000000000000001 -1.1000000000000005 -0.5842105263157894 -0.2999999999999996
29 41 0.2275 0.25500000000000006 0.28 -0.2925 -0.275 -0.21500000000000002 0.17918470526187677 0.15999999999999998 0.12 -0.10000000000000009 -0.06315789473684211 0.0 0.0 0.08421052631578947 0.10000000000000009
29 42 0.1525 0.16649999999999998 0.19 -0.09 -0.08499999999999999 -0.012499999999999999 0.17383398109456777 0.12 0.1 -0.050000000000000044 -0.047368421052631574 0.0 0.0 0.05789473684210527 0.09999999999999995
29 43 -0.02 -0.005 0.005 0.02 0.055 0.0925 0.167821363949856 0.09999999999999999 0.05 0.0 -0.02631578947368421 0.0 -0.04999999999999999 2.921639538487254e-18 0.09999999999999996
29 44 0.04 0.06550000000000002 0.0925 -0.05 -0.015 0.11500000000000002 0.19201118909489234 0.35 0.07 -0.10000000000000002 1.460819769243627e-18 0.09999999999999998 0.0 0.03157894736842106 0.35
29 45 0.05 0.07100000000000001 0.0925 -0.11500000000000002 -0.015 0.3525 0.25721140005679743 1.06 0.06999999999999999 -0.05000000000000001 0.02631578947368421 0.10000000000000009 0.25 0.5578947368421052 0.8499999999999996
29 46 0.0275 0.186 0.060000000000000005 -0.0025 0.07500000000000001 0.355 0.33185175057811667 0.74 1.13 -0.04999999999999999 0.5947368421052631 0.6 -0.6000000000000001 0.047368421052631525 0.65
29 47 0.07 0.07000000000000002 0.07 0.03 0.03 0.03 0.1562247474542578 0.020000000000000004 0 0.0 0.0 0.0 0.0 0.010526315789473686 0.0
29 48 -0.095 -0.0305 0.052500000000000005 0.23 0.425 0.7650000000000001 0.2533132703152257 0.64 0.37 -0.20000000000000004 0.07368421052631582 0.3500000000000001 0.049999999999999906 0.3368421052631579 0.4500000000000001
29 49 0.0 0.016000000000000004 0.0225 0.10750000000000001 0.125 0.14 0.16696169418637674 0.09 0.030000000000000002 -0.1 -0.010526315789473684 0.0 -0.10000000000000002 0.047368421052631574 0.15000000000000008
29 50 -0.0075 0.05750000000000001 0.09 -0.14250000000000002 0.16499999999999998 0.485 0.24867799099354948 0.6900000000000001 0.35 -0.15 -0.08421052631578947 0.20000000000000004 0.049999999999999906 0.3631578947368421 0.7000000000000001
29 51 0.09 0.10400000000000002 0.1125 -0.08249999999999999 -0.045 0.16 0.2128207554058988 0.51 0.15 0.0 0.07894736842105263 0.09999999999999995 0.0 0.26842105263157895 0.39999999999999997
29 52 -0.615 -0.42799999999999994 -0.27 0.07 0.08499999999999999 0.1 0.21014032212260134 0.08 0.51 0.24999999999999994 0.26842105263157895 0.40000000000000024 0.0 0.042105263157894736 0.09999999999999995
29 53 -0.1925 -0.15149999999999997 -0.09 -0.02 -0.005 0.0625 0.17654484157572314 0.09 0.1 0.0 0.05263157894736843 0.15 0.0 0.042105263157894736 0.1
29 54 0.0 0.0165 0.02 0.03 0.055 0.09 0.17049165483386752 0.06 0.09 -0.049999999999999975 -0.04736842105263159 0.0 -0.049999999999999975 0.015789473684210523 0.09999999999999995
29 55 0.02 0.019000000000000003 0.02 -0.042499999999999996 0.20500000000000002 0.3875 0.21028738691224785 0.54 0.04 0.0 -0.010526315789473684 0.0 0.15000000000000013 0.2842105263157895 0.4
29 56 0.03 0.053000000000000005 0.07 -0.19 -0.095 0.235 0.2241739543186337 0.74 0.05 0.0 -0.02631578947368421 0.0 0.0 0.38947368421052636 0.65
29 57 -0.02 -0.021500000000000002 -0.02 -0.21 -0.165 -0.10750000000000001 0.16773008235628234 0.14 0.009999999999999998 0.0 0.005263157894736841 0.0 0.0 0.0736842105263158 0.10000000000000009
29 58 0.017499999999999998 0.06050000000000001 0.07750000000000001 -0.19 -0.155 -0.1 0.18676188892044301 0.13 0.19 -0.15 -0.05263157894736842 0.049999999999999975 -0.10000000000000009 0.03684210526315789 0.20000000000000004
29 59 -0.0225 -0.0105 0.0 0.0225 0.28 0.5700000000000001 0.22613671142845548 0.76 0.04 0.0 0.021052631578947368 0.09999999999999998 0.20000000000000018 0.39999999999999997 0.6
29 60 -0.09 -0.04950000000000001 -0.02 -0.1325 -0.025 0.07 0.18292765629437305 0.23 0.06999999999999999 0.0 5.843279076974508e-18 0.09999999999999998 -0.10000000000000002 -1.460819769243627e-18 0.19999999999999996
29 61 -0.05 -0.036 -0.02 0.05 0.08499999999999999 0.12 0.1767324759625137 0.18000000000000002 0.05 0.0 0.02631578947368421 0.09999999999999998 -0.15 0.06315789473684208 0.20000000000000004
29 62 0.01 0.016000000000000004 0.02 -0.1 -0.1 -0.09 0.16774022475556816 0.1 0.02 -0.04999999999999999 -0.010526315789473684 0.0 0.0 0.05263157894736842 0.09999999999999995
29 63 0.04750000000000001 0.09000000000000001 0.155 0.0 0.0 0.125 0.23076468822264593 0.71 0.15000000000000002 -0.1999999999999999 -0.06842105263157895 0.0 0.0 0.3736842105263158 0.6499999999999998
29 64 0.07 0.11199999999999999 0.125 0.0775 0.12 0.1625 0.19151421152987952 0.24000000000000002 0.18 -0.10000000000000009 -0.09473684210526316 0.0 0.09999999999999995 0.12631578947368421 0.1999999999999999
29 65 -0.02 -0.023000000000000003 -0.02 -0.0125 0.005 0.03 0.17301995212787538 0.09999999999999999 0.06 0.0 0.031578947368421054 0.0 -0.04999999999999999 0.05263157894736842 0.1
29 66 -0.05500000000000001 -0.051000000000000004 -0.03 -0.08499999999999999 -0.07 -0.05 0.17047137003529553 0.05 0.05 -0.09999999999999996 -0.02631578947368421 0.0 0.0 0.026315789473684216 0.10000000000000002
29 67 0.02 0.03450000000000001 0.042499999999999996 -0.16 -0.09 0.0875 0.1899825063897116 0.34 0.060000000000000005 0.0 0.015789473684210527 0.09999999999999998 0.049999999999999975 0.17894736842105266 0.30000000000000004
29 68 0.057499999999999996 0.1935 0.355 -0.16499999999999998 -0.085 0.0325 0.215217201509189 0.28 0.39 -0.35000000000000003 -0.20526315789473687 0.0 0.0 0.12105263157894736 0.2500000000000001
29 69 -0.23 -0.21750000000000003 -0.1975 0.1 0.18 0.3375 0.20876582417136613 0.49 0.09000000000000002 0.0 0.047368421052631594 0.09999999999999995 0.10000000000000002 0.25789473684210523 0.3999999999999997
29 70 -0.1375 -0.11499999999999999 0.05 -0.07 0.009999999999999998 0.0875 0.24537887135380745 0.21000000000000002 0.7999999999999999 -0.4999999999999998 -0.3947368421052632 0.0 0.0 0.06842105263157895 0.15000000000000002
29 71 -0.1525 -0.099 0.0225 -0.14 -0.065 0.005 0.2293699054728386 0.17 0.67 -0.5000000000000003 -0.35263157894736846 -0.09999999999999996 0.0 0.08421052631578947 0.2
29 72 0.1425 0.20650000000000004 0.2925 -0.42 -0.405 -0.38 0.1832116434743803 0.03999999999999998 0.27 -0.20000000000000004 -0.12105263157894736 0.0 -0.09999999999999981 -0.021052631578947358 0.0
29 73 0.1 0.1415 0.21 -0.042499999999999996 0.05500000000000001 0.1775 0.18977965840399208 0.28 0.12 -0.15 -0.057894736842105256 0.0 0.049999999999999906 0.14736842105263157 0.2500000000000001
29 74 0.16 0.16000000000000003 0.16 -0.1825 -0.17 -0.17 0.1562247474542578 0.01999999999999999 0 0.0 0.0 0.0 0.0 0.010526315789473679 0.0
29 75 0.0075 0.067 0.095 0.02 0.07500000000000001 0.12 0.18732742910462902 0.11 0.26 -0.049999999999999906 -0.11052631578947367 0.0 0.0 0.05789473684210527 0.09999999999999998
29 76 0.02 0.020000000000000004 0.02 0.0075 0.165 0.245 0.18189049454338915 0.31 0 0.0 0.0 0.0 0.049999999999999906 0.1631578947368421 0.2000000000000001
29 77 0.07 0.0815 0.09 0.16 0.16 0.17 0.16866074891476324 0.12 0.01999999999999999 0.0 -0.005263157894736838 0.0 0.0 -0.06315789473684211 0.0
29 78 -2.6025 -1.7880000000000003 -0.9249999999999999 -0.14250000000000002 -0.07 -0.024999999999999998 0.37442203740516855 0.31 2.02 -1.6999999999999993 -1.063157894736842 -0.2499999999999991 -0.24999999999999983 -0.0052631578947368455 0.0
29 79 0.0024999999999999996 0.0175 0.05 -0.042499999999999996 0.045000000000000005 0.18 0.1986603432187919 0.30000000000000004 0.2 0.0 0.09473684210526316 0.20000000000000004 0.0 0.13684210526315788 0.25
