5 0 2.8434788219622917 2.9832122773827434 3.068425660575121 0.009204600125828062 0.04667136136811576 0.06 0.19200806024962494 0.06 0.36304951712663236 0.0 -3.0964718047096955 0.3311891066125594 -0.05116580040805007 -0.03157894736842105 0.0
5 1 2.0441881925176926 2.0309799850059194 2.06 -0.29 -0.27498289482965366 -0.2675 0.21956575196147063 0.30000000000000004 0.4900000000000002 -0.018163940108559817 0.23684210526315752 0.10000000000000231 0.0 0.15789473684210528 0.10017105170346347
5 2 2.7175 2.8073054152105374 2.8799999999999994 -0.32 -0.27 -0.26 0.17740351215921393 0.08000000000000002 0.1800000000000006 0.0 0.09473684210526348 0.12048200222653405 0.0 0.031578947368421054 0.10000000000000009
5 3 2.90128139003974 2.956300563545621 3.0125 -0.1787186099602604 -0.14500000000000002 -0.0991984119251754 0.18280185002704508 0.1152073751985952 0.18520737519859498 0.0 0.09747756589399736 0.20939971104638744 0.0 0.05010914484136588 0.15
5 4 -0.33633767535070175 -0.2659669508118859 -0.20599723048099988 0.03338044418805878 0.04255845023380092 0.06559562054140881 0.21777964564844363 0.48735173457601466 0.15000000000000036 -0.10248157194384017 0.034469863727677824 0.2752779109813014 -0.21249539187368052 -0.24499617951715172 0.06612605027250865
5 5 -0.12105324433405737 -0.045874969073740494 0.013418607611047632 0.03817423133235725 0.07 0.08668103742180264 0.18551375175156318 0.08574890093037522 0.22999999999999954 -0.18967883148903047 0.0736842105263154 0.34215199241768346 -0.028744504651876113 0.02105263157894738 0.10449487554904832
5 6 1.3975 1.4513708437719937 1.4949239623789254 -0.19 -0.185 -0.07647484412643625 0.19359050814314938 0.25814129391437907 0.17999999999999972 0.0 -0.030150650190459618 0.10102281456649487 -0.14987713383013024 -0.13586383890230477 0.10000000000000009
5 7 -0.010000000000000231 0.09532331647624664 0.24070925167633317 -0.08499999999999999 -0.06 -0.04494637516757759 0.19133917116483093 0.05718151554105279 0.30445593793514986 -0.21811594202898604 -0.1473684210526317 0.0 -0.1 -0.021052631578947364 0.049999999999999975
5 8 2.682939469618025 2.8163356784358458 2.966635845024301 -0.1225 -0.037561519717198094 -0.02 0.22985332346510917 0.12000000000000001 0.6619367224129666 -0.9619327141247003 -0.3483877486384035 0.20000000000000906 -0.007989484313520607 0.05789473684210527 0.18562578337230226
5 9 0.025854744820735878 0.045726776185608144 0.05346346432107251 -0.07592056894782327 -0.04807307135785545 -0.02864254366120713 0.18261692062553672 0.11 0.16999999999999993 -0.15283279643709402 -0.07368421052631562 0.07285087322414203 -0.020576385234850475 0.05789473684210527 0.12160044045803005
5 10 -0.36354354447392856 -0.3006825117815829 -0.2524593067217428 -1.2011804786440026 -1.1913043737337623 -0.9944379245770801 0.25671063090637164 0.8770154563871078 0.2511804786440025 0.0 0.13220025191789606 0.2143468886626347 -0.003938419973914531 0.4615870823090041 0.8275810707971504
5 11 -0.17678060663342618 -0.11464475288215448 -0.020000000000000018 -0.07 -0.06 -0.05 0.2102870590085544 0.09000000000000001 0.413785645331398 -0.29329134494377707 -0.21778191859547266 0.049999999999998934 -0.019115111663526134 0.04736842105263158 0.09999999999999995
5 12 0.040000000000000036 0.16674984463014172 0.2811845711675361 -0.01 0.07417363585126886 0.11 0.18784597316306786 0.13 0.25 -0.19975904628049673 -0.13157894736842105 0.0 0.0 0.06315789473684212 0.07684965011210004
5 13 0.06278622816032901 0.216351530407571 0.44464361048588985 -0.2710624790057105 -0.18 -0.17466408966660235 0.21213475248870844 0.16 0.45999999999999996 -0.23774180099272046 -0.21052631578947364 0.04189929652372939 0.0 0.08421052631578947 0.1095834732952633
5 14 -2.0225 -1.9269132568873009 -1.9002068293544414 -0.01 0.015 0.03 0.21251279044785273 0.07368710303748319 0.5747484121499329 0.0 0.30249916428943835 0.5976066624960719 -0.07990419161676605 -0.038782685809201675 0.0
5 15 1.1400000000000001 1.1601299102974718 1.150671171171171 -0.2938901991107674 -0.28 -0.28 0.22997975043388313 0.3855178834665218 0.5300000000000002 -0.01943135850725697 -0.21578947368421014 0.09999999999999787 -0.017792213088450026 -0.15263157894736845 0.010551743177157624
5 16 0.12792311124330785 0.17975668230401876 0.2329389305745036 0.32 0.34078247040824544 0.365 0.1876058572851175 0.22 0.07999999999999963 -0.135274673089335 -0.04210526315789454 0.04122138850992774 -0.11435866746459217 0.06842105263157897 0.22840916563262703
5 17 -0.22249999999999925 -0.19476022951964866 -0.17000000000000037 -0.03 -0.03 -0.022948357910223184 0.16358365693251228 0.03 0.07234787110921498 0.0 0.03807782689958683 0.0862558017848733 0.0 7.304098846218135e-19 0.039658884984534404
5 18 0.2400000000000002 0.3175868399722058 0.4550000000000002 -0.3125 -0.2686486261101614 -0.26214190657853886 0.18085729687108565 0.06 0.2400000000000002 -0.136128346791331 -0.11578947368421062 0.0 0.0 0.026315789473684206 0.07084343488119593
5 19 1.6999999999999997 1.6925000000000001 1.6999999999999997 -0.32 -0.32 -0.32 0.19297500597363249 0.32724827973599224 0.1299999999999999 0.0 0.0684210526315789 0.0 0.0 -0.16842105263157894 0.0
5 20 3.1275000000000004 -3.1224955417973588 -3.0923573172149252 -0.21 -0.1916161268363697 -0.18 0.16510098814736215 0.04000000000000001 0.040000000000000924 -0.10113920935492571 -3.3052631578947373 0.04999999999999716 0.0 0.02105263157894737 0.03377993054280576
5 21 -0.08062016602551175 -0.02816392291266471 0.021104272323381773 -0.14379234309270345 -0.12318645811199323 -0.11630087956854196 0.17406138949902475 0.05 0.17000000000000037 -0.16506853217005865 -0.08551613900107659 0.0 -0.07305542528149564 -0.02631578947368421 0.007088088088088168
5 22 1.2393947183206346 1.2927475931464387 1.3199999999999998 0.057499999999999996 0.07 0.07 0.20211017580471147 0.08 0.4604295263376723 -0.27889530993889133 -0.2423313296514065 0.0 -0.053544015104176196 0.018308019384823047 0.0
5 23 0.0800000000000003 0.20221265078407735 0.33000000000000007 -0.2175 -0.16 -0.09712650784077202 0.2168475356012848 0.38 0.20999999999999996 -0.14999999999999902 -0.11052631578947367 0.0 0.0 -0.10000000000000003 0.1574698431845598
5 24 -3.035 -2.9638251207793815 -2.902531069101874 -0.477764036508721 -0.18351947958612047 -0.12951182156133828 0.22593209039186607 0.5324834789213825 0.14997797189517614 -0.18047286245353122 -0.015801067423591355 0.11571949911907797 -0.09999999999999995 0.22603941278207687 0.5690099291043964
5 25 1.44 1.4513204949331766 1.4499999999999997 -0.31 -0.31 -0.31 0.19245704394769383 0.31 0.13999999999999968 0.0 -0.07368421052631562 0.0 0.0 -0.1631578947368421 0.0
5 26 0.19292469731829673 0.2137769498207517 0.22732487110513358 -0.42829490576162055 -0.07 -0.04 0.21545735204654207 0.6 0.0826712353087386 0.0 0.043511176478283474 0.10222167115716108 -0.018015736150032227 0.2961427554256518 0.2983741375944962
5 27 -0.005000000000000215 0.42696311365912837 0.81 -0.51 -0.3567928794458601 -0.20547253609330396 0.26719272340600086 0.35755702941438894 0.8399999999999994 -0.7708520610001995 -0.41578947368421065 0.11551761673739565 -0.10703754090524736 0.14070065179227942 0.41586227301305595
5 28 0.5800000000000001 0.5856163032164426 0.5900000000000003 -0.02 -0.02 -0.02 0.15976992170067753 0.02 0.040000000000000036 -0.018824993333925732 0.01578947368421066 0.049999999999998934 0.0 -0.010526315789473684 0.0
5 29 -1.2325000000000008 -1.056214752812787 -1.0425000000000004 -0.12688372648076693 -0.08499999999999999 -0.07 0.2590792781963121 0.05688372648076692 0.8990794211517734 -0.3000000000000025 0.47319969534303863 1.3058315025312877 0.0 0.026679757280518367 0.05117968656557628
5 30 -0.2207229173866675 -0.11838619244373998 -0.04999999999999938 0.11 0.1230533670592138 0.23709241011441834 0.18924814566192866 0.15673495957242695 0.2400000000000002 0.0 0.11578947368421086 0.17324671626693905 -0.16063368178611911 -0.07894736842105263 0.0
5 31 1.139370470661576 1.1688264110414859 1.19 -0.07 -0.065 -0.02 0.21455592606466717 0.08 0.5499999999999998 -0.20000000000000462 -0.2894736842105262 0.06381878102707406 0.0 0.024639697716277078 0.1
5 32 2.267500000000001 2.7291518659932206 -3.0910825107169546 -0.09703397212543546 -0.06118748279678648 -0.02 0.2943599156275518 0.1 1.4715016096887945 -1.4187812874690797 -0.7246794689019977 -0.072642329421988 -0.1 -0.028473740690834876 0.01977351916376352
5 33 -2.97 -2.815823926491781 -2.6750000000000003 -0.2012755548484608 -0.19 -0.18 0.19685578745716523 0.04672173464119772 0.41999999999999993 -0.3500000000000014 -0.22105263157894733 -0.049999999999998934 -0.09999999999999995 0.0026084483848926323 0.09999999999999995
5 34 2.0650000000000004 2.0628753242420785 2.1199999999999997 0.005129118953026402 0.02 0.03 0.21096526603634072 0.03303569361373724 0.580000000000001 -0.10000000000000231 0.20891458298574628 -0.015407837332501728 -0.050627927328704136 -0.01213804859320132 0.09999999999999998
5 35 -1.4460053630535885 -1.3379652629897376 -1.2174999999999994 -0.15766401067995883 0.02152649140144032 0.27111075299141857 0.22645084702307672 0.4794947496809063 0.3416777408637872 -0.22312471896333674 -0.17983038992830905 -0.07663091297607338 0.0 0.2520608932313377 0.37245767163316673
5 36 -1.0479859260975322 -1.0438657284065018 -1.0399999999999996 -0.007953972738727038 0.0 0.0 0.16152983662681175 0.04 0.040000000000000924 0.0 0.015789473684211124 0.013427159349781448 0.0 0.010526315789473684 0.037439070074549254
5 37 1.618104322050105 1.6914124409897096 1.7305401070436064 -0.0125 0.006080214087213095 0.020689121823118346 0.20783739560953368 0.08283416244362829 0.5176220997788528 -0.20000000000000018 -0.23684210526315846 0.18768513824618305 -0.03672596214643984 0.04359692760190963 0.11118164398989307
5 38 -2.0220037449587096 -1.938272128292781 -1.900347352452774 -0.22370396009533766 -0.21858874962312097 -0.2 0.20167289059594454 0.04000000000000001 0.38603943661971774 0.0 0.20317865085248302 0.3934987885190788 0.0 0.02105263157894737 0.06111534622373918
5 39 1.98 2.118548320302644 2.2022025442078665 0.02 0.035 0.06 0.2073608990222727 0.09999999999999999 0.4900000000000002 -0.5000000000000027 -0.2578947368421054 0.0 0.0 -0.010526315789473682 0.004954516606727431
5 40 -2.7942430491891685 -2.525490663397241 -2.3725 -0.28250000000000003 -0.2564521017261826 -0.22303854417875413 0.24455471653032876 0.08760215037601166 0.87133883280034 -0.7226147245722436 -0.4585993856843895 -0.22202462360253028 -0.03733749274521192 0.04610639493474297 0.12178006165566607
5 41 -3.06 -3.0523277018627586 -3.0446560503863846 -0.48079482250940614 -0.4717215452952443 -0.42760794955702774 0.17678343649227973 0.20683582654800226 0.03000000000000025 -0.050178901078392624 0.010526315789473927 0.08887966501082367 -0.11992384592804745 -0.10036940880103322 0.015558579700963304
5 42 0.102893246027075 0.19671767276307284 0.35250000000000015 0.03789324602707475 0.0853868539500233 0.22264993891730933 0.23500690120199788 0.5387173571054011 0.37000000000000055 -0.34793788870885345 -0.19014875941821027 0.0 -0.44981106788666303 -0.2835354511081059 -0.04700122165381376
5 43 0.19250000000000012 0.4758144135257843 0.8668240486283965 -0.08375345601882717 -0.030200688810079493 0.01595215032932973 0.31736326218622557 0.24715409811377584 1.5099999999999998 -1.1346187806945278 -0.7947368421052631 -0.017968901311498364 0.01631706590648062 0.021052631578947385 0.25256047068109594
5 44 0.012499999999999956 0.1720581748342334 0.3503067020068158 -0.4025 -0.26084519564750513 -0.165 0.22730099789253003 0.36 0.47000000000000064 -0.3286231560125179 -0.2473684210526319 -0.12566169219562995 0.09999999999999967 0.18947368421052632 0.2827815258500829
5 45 0.23750000000000016 0.23330802119651867 0.27 -0.32 -0.305 -0.22859710399703922 0.20936417242366617 0.41000000000000003 0.18999999999999995 -0.10000000000000231 -0.09999999999999998 0.0 0.0 0.2157894736842105 0.12455545255351447
5 46 -0.9516551333668845 -0.673338793768784 -0.3612538421482715 -0.22 -0.22 -0.20750000000000002 0.23400494025234378 0.05000000000000002 0.7899999999999991 0.2000020274307679 0.4157894736842101 0.6528200135891626 0.0 0.026315789473684223 0.08279086610147826
5 47 -1.2500000000000004 -1.161729381111949 -1.0700000000000007 -0.1725 -0.15618800288966944 -0.14432344598195715 0.18385665354714542 0.06999999999999999 0.16335894186599087 -0.12966795484592453 -0.04033739901789966 0.15044873822659066 0.0 0.03684210526315789 0.09999999999999988
5 48 -1.8382910360820195 -1.024372306918476 0.05039009380144607 0.01470705373233849 0.051886650219298294 0.1538931352345275 0.38533314143900094 0.41000000000000003 1.9632189412077687 -0.11852727886452495 1.0142786926755616 1.8760862598625547 -0.15439779408604104 -0.1482798550670503 0.20226057909865977
5 49 0.7806455791252114 0.8593358058199657 0.965190932632474 0.13203287977767356 0.151603022455842 0.1719025696890109 0.26521085895816504 0.19 1.0999999999999996 -0.5251806549060362 -0.5789473684210524 -0.08543217351045407 -0.07165098812607795 0.06842105263157897 0.07541190770946213
5 50 0.41000000000000014 0.5720324685955236 0.8075000000000002 -0.16 -0.15335801696565154 -0.1475 0.19676312741670773 0.03 0.43999999999999995 0.0 -0.1368421052631578 0.16293472782739682 0.0 0.010526315789473694 0.0
5 51 -1.7400000000000007 -1.684251177754295 -1.6274999999999995 -0.36499999999999994 -0.20354530278439525 -0.0975 0.21209416849354754 0.42491791491911324 0.2209151293634628 -0.15730912462842195 -0.08065423388413698 0.05919520350513019 0.04371219356892747 0.22364100785216484 0.3771225850181925
5 52 3.1187257185926205 -3.0845244518382304 3.1300000000000003 -0.21600258026529978 -0.2006112837123215 -0.2 0.29132482980271956 0.03390305939671842 1.4823315565031985 -0.05147299517286097 -1.7561319718752924 0.0417841200414415 -0.09999999999999995 -0.010526315789473679 0.0
5 53 -0.09927437757222618 -0.08298831181496527 -0.062189916104621976 -0.0225 -0.01 0.0 0.17136181812252965 0.032763776493256264 0.13999999999999924 -0.029888346543430547 0.07189555425243699 0.13683250283170972 -0.08530980192991364 -0.01724409289118751 0.0
5 54 0.2875000000000001 0.45511939016861047 0.6806659896821633 -0.5289959380929792 -0.2339606905221844 -0.14725501752644474 0.2300117466150203 0.42000000000000004 0.43999999999999995 -0.33619126945092864 -0.23157894736842102 -0.039639379213174675 0.006168887117832533 0.22105263157894742 0.3370326820646838
5 55 1.46194076741406 1.4919927452957844 1.52 -0.0029006853344314323 0.02 0.05 0.17591848361533952 0.07 0.13999999999999968 -0.16320340671478917 -0.07368421052631562 0.0 -0.050000000000000044 0.026315789473684216 0.10000000000000002
5 56 2.2469990589292803 2.409532822382421 2.5925000000000002 -0.06106533825453185 -0.0469072101597706 0.011650592525068369 0.22688486465134786 0.15157201077387356 0.6155620630585368 -0.03258585518938095 0.009285619548426292 0.5442142818709428 -0.11907210159770594 -0.07977474251256504 0.0
5 57 -2.9054214145096413 -2.7262100449460536 -2.467224864250985 -0.04 -0.02 -0.01 0.21840696902759993 0.04120857007575758 0.6616525579683477 -0.5782210397070919 -0.3482381884043935 -0.10000000000000231 -0.08950030166447806 -0.021688721092503988 0.0
