51 0 2.2996261 2.4080660000000003 2.5666987999999997 -0.017631099999999955 -0.004537299999999966 0.026595799999999947 0.2158483519792771 0.05947159999999996 0.6352220000000006 -0.6672500000000037 -0.334327368421053 -0.020410000000001816 0.0 0.02913589473684206 0.04364600000000052
51 1 -2.97227219 -2.3199594840000004 -1.587584 -0.0668506000000001 0.0063741999999999965 0.03939915000000016 0.35495798222666575 0.2195488000000001 2.0314544000000003 -1.204912199999999 -0.9460191999999998 -0.5535506000000001 -0.06641100000000066 0.08504442105263156 0.15809900000000043
51 2 1.4846390999999999 1.4782397800000004 1.4872296000000005 0.10272509999999985 0.10475039999999991 0.10481319999999994 0.16433349542004141 0.0041447999999999485 0.1034316000000004 -0.02103800000000433 -0.05443768421052653 0.0006279999999980745 -0.0006279999999980745 -0.0001652631578946976 0.002041000000001514
51 3 0.5665344999999998 1.04338118 1.4646843999999999 -0.19058229999999998 -0.053050299999999995 -0.013007449999999976 0.28397806715634694 0.30147139999999983 1.1494912 -0.9617819999999999 -0.5022677894736842 -0.040192000000001116 -0.021351999999998927 0.12546778947368425 0.30457999999999985
51 4 1.6149176999999995 2.1166143400000004 2.6394368999999998 -0.04710785000000001 -0.02783609999999992 -0.019475850000000072 0.29109100243341723 0.12673040000000002 1.4038312 -1.1683940000000037 -0.7388585263157894 -0.24837399999999565 -0.053693999999998576 0.037894842105263137 0.15009199999999945
51 5 2.9259148 -3.0774885659999995 -2.8467051600000004 0.11007269999999991 0.13381109999999996 0.24509270000000005 0.24774490474411784 0.1971919999999998 0.6986939600000008 -0.6538422000000055 -3.1459230315789486 0.22080479999999847 -0.0015700000000007375 0.0895891578947368 0.2036289999999985
51 6 -0.16288750000000007 -0.12548067999999996 -0.10413809999999979 -0.18685354999999992 -0.16948149999999995 -0.04457230000000012 0.21406698696590123 0.3004352000000001 0.19329839999999976 -0.021666000000002406 0.10173599999999987 0.42295799999999995 -0.007065000000000543 0.14660494736842103 0.2581080000000002
51 7 -0.6979278000000001 -0.5813396 -0.4804828000000002 -0.46233359999999996 -0.15392280000000003 0.14217919999999995 0.30581750673660196 0.7477281999999998 0.5135784000000005 -0.14883600000000108 0.18327684210526313 0.7589380000000023 -0.09058900000000092 0.3935411578947367 0.785785
51 8 -2.4175959000000002 -2.39750304 -2.3849713 -0.03500314999999993 -0.016437900000000116 -0.013478450000000086 0.1693495932117612 0.06477820000000012 0.05476160000000041 -0.04458800000000096 0.019699368421052535 0.08477999999999986 0.00015699999999951864 0.03409378947368427 0.055264000000001534
51 9 -2.4320085000000002 -1.8540726600000006 -1.3966092 -0.1297761999999999 -0.12377879999999997 -0.09780314999999995 0.29869263367290766 0.07950480000000004 1.4872296 0.49643400000000004 0.7827524210526315 1.03306 -0.10833000000000204 -0.01417957894736842 0.1014219999999999
51 10 -1.2279598 -1.1215609000000002 -1.0336880000000002 0.004505900000000118 0.024523400000000084 0.059291049999999956 0.20681900273787573 0.09259859999999986 0.4379044000000001 -0.01852599999999871 0.23047600000000001 0.4239000000000015 -0.028102999999999323 0.033085684210526316 0.0763019999999992
51 11 -2.2903945 -1.990462328 -1.6697735 -0.01824340000000002 -0.001114700000000024 0.0246018999999999 0.24753080757711157 0.04735120000000004 0.9738396 -0.7941060000000011 -0.5125471578947369 -0.2320460000000002 -0.04694299999999929 -0.0068584210526315866 0.05950299999999853
51 12 2.8475875 2.88533344 2.9400134 0.039909399999999984 0.0751716 0.08134169999999996 0.17242615403405415 0.07030460000000005 0.12999600000000022 -0.026376000000003508 -0.022905473684210653 0.08729199999999881 -0.011932000000001164 0.031813157894737 0.06405600000000011
51 13 1.6176966 2.0569637600000004 2.6034682 -0.09394095000000002 0.09247299999999992 0.10449135000000004 0.3088865436436081 0.23631639999999998 1.5120984000000002 -1.0390260000000051 -0.7958412631578948 -0.4286100000000026 -0.008477999999999541 0.11037926315789476 0.18557400000000057
51 14 -3.07670388 -2.599194032 -2.1939965 -0.06366349999999998 -0.048905499999999935 0.03567825000000008 0.29086902693844896 0.19339260000000014 1.3474368000000005 0.6977707999999982 -2.596085894736842 0.9408695999999983 -0.17505500000000063 -0.0934563157894737 -0.0012559999999994798
51 15 -0.28785950000000005 -0.2235962600000001 -0.18654740000000014 -0.13883509999999993 -0.07614499999999991 -0.04238215000000006 0.1890092579678121 0.1201049999999999 0.20460239999999974 -0.2015879999999992 0.028293052631578913 0.2546540000000008 -0.00015699999999951864 0.06314705263157898 0.104719000000002
51 16 -0.3010160999999999 -0.28649046000000006 -0.2796170000000001 -0.009647650000000008 0.0024334999999999773 0.08191474999999998 0.17051255408500954 0.12032480000000012 0.054950000000000276 -0.004710000000001102 0.023236000000000045 0.04553000000000029 0.00015700000000062886 0.06332884210526322 0.09106000000000058
51 17 2.5108853000000004 2.6764951800000008 2.8528470000000006 -0.1383955 -0.00346970000000002 0.06371059999999995 0.22140281333723882 0.25013240000000003 0.5083659999999997 -0.4819899999999988 -0.26756105263157876 -0.04081999999999919 0.029044999999999765 0.12462494736842099 0.22419599999999984
51 18 -1.6013058 -1.3147494 -0.99538 -0.31693590000000005 -0.1740973 0.02611694999999986 0.2595649649162197 0.39564 0.7915939999999999 -0.5507559999999978 -0.41662842105263154 -0.17709600000000103 0.045216000000000145 0.201902 0.27741900000000097
51 19 1.7575207999999996 2.12254894 2.6203928000000003 -0.1391569499999999 -0.12137670000000012 0.04543579999999997 0.2883168168620797 0.4126902000000001 1.1163956000000006 -0.0006279999999980745 0.5875766315789477 0.9328940000000019 0.01993899999999993 0.2143132631578948 0.4034900000000019
51 20 0.7463623000000001 1.16236206 1.4563162999999997 0.0651392999999999 0.0699278000000001 0.11111675000000004 0.23619546872641073 0.08198539999999999 0.8104339999999999 -0.24491999999999958 -0.41454610526315794 -0.049925999999995696 -0.07708700000000013 0.006197368421052563 0.09168799999999977
51 21 -1.610977 -1.1603179200000002 -0.6860743000000001 -0.011594449999999978 0.05082089999999995 0.09202555000000007 0.2751466915557101 0.21238960000000007 1.0948552000000003 0.006594000000000877 0.5756446315789475 0.9241019999999978 0.06295700000000015 0.11178400000000004 0.1747410000000016
51 22 -2.9733743300000004 -2.8061112400000003 -2.7214395700000003 -0.00517314999999996 0.03403759999999989 0.10033084999999986 0.22025734593481844 0.1333243999999998 0.6063214399999999 0.03187100000000109 0.319116547368421 0.5130131999999987 0.027945999999999804 0.07017073684210515 0.07850000000000024
51 23 2.5432116 2.81377598 3.1054600000000008 -0.01405150000000005 0.016375099999999865 0.038135300000000094 0.21633827310411777 0.05912620000000013 0.6167587999999995 -0.6148119999999979 -0.3112235789473683 0.0 -0.05181000000000102 -0.0009750526315788795 0.05699099999999957
51 24 -0.3462949000000002 -0.3204087400000001 -0.29690269999999996 -0.15202310000000013 -0.0734760000000001 0.12132174999999995 0.20325541152577384 0.39108699999999974 0.08308440000000017 -0.0788140000000026 -0.00733768421052649 0.021979999999999222 -0.06279999999999952 0.012163368421052619 0.37397400000000025
51 25 -2.2968314999999997 -2.28325728 -2.2153328 0.09924755000000007 0.10712110000000008 0.11555199999999999 0.18866962331239806 0.026690000000000103 0.35412920000000003 -0.22137000000000073 -0.18638378947368422 -0.03987799999999986 -0.004082000000000807 0.01366726315789467 0.03202800000000061
51 26 1.8264909 1.8832683799999999 2.0079985999999996 0.16079154999999984 0.16703230000000002 0.17838339999999997 0.21800987417991396 0.03676940000000006 0.6634191999999999 -0.5438480000000023 -0.3491679999999999 0.09043199999999807 -0.03108600000000017 -0.006015578947368442 0.03673799999999949
51 27 -2.0442656 -2.04058238 -2.0250959 0.1386702500000001 0.1488987999999999 0.15352244999999992 0.16725909388118787 0.04173060000000017 0.08528240000000009 -0.09105999999999836 -0.04488547368421057 0.016642000000002266 -0.026375999999997957 0.004776105263157859 0.03705199999999964
51 28 -0.47586700000000026 -0.24747910000000006 -0.011790700000000154 -0.19265470000000007 -0.1583502 -0.1388429499999999 0.20949141024870377 0.07429240000000004 0.5403311999999998 -0.5504419999999977 -0.10771852631578947 0.2097519999999986 -0.03359799999999913 0.020426526315789485 0.06656800000000018
51 29 -0.23165349999999996 -0.14765222 -0.09344639999999993 -0.13264930000000008 -0.09920830000000003 -0.03124299999999991 0.20807021500793949 0.2529269999999999 0.2008344000000002 -0.07944200000000068 0.07618631578947382 0.2477459999999998 0.026847000000000953 0.13311947368421048 0.2320460000000002
51 30 1.4982510000000002 1.55147086 1.6360185000000005 -0.2668842999999999 -0.2486252 -0.2338828999999999 0.18926941612131526 0.03915579999999985 0.33321680000000065 -0.22450999999999777 -0.15260400000000027 -0.07441800000000054 -0.036580999999999975 -0.01226252631578939 0.04097699999999982
51 31 -1.1125177000000002 -0.5229826999999999 0.1881645000000003 -0.19205024999999992 0.04527880000000006 0.14633184999999987 0.34316044029010506 0.39206039999999986 1.7460284000000001 -1.3417220000000007 -0.891859157894737 -0.03453999999999846 -0.02088099999999815 0.16356094736842106 0.2593640000000008
51 32 2.1806201000000005 2.2537632600000004 2.3324391 -0.2054266500000001 -0.146324 -0.06510789999999994 0.2124503249780032 0.23314500000000016 0.4129100000000001 0.14287000000000383 0.1660894736842106 0.31023200000000806 -0.10095099999999912 -0.024706842105263135 0.1502490000000012
51 33 -2.49283658 -2.03313744 -1.5801579000000001 -0.22481614999999994 -0.10000900000000013 -0.020229449999999927 0.29379010035048714 0.24523400000000017 1.3265558 -1.1600416000000013 -0.6981872631578947 -0.1230880000000012 -0.018211999999999673 0.11540326315789477 0.18196300000000165
51 34 -2.2610355 -1.8107186800000001 -1.3230076 0.07064999999999999 0.09272420000000003 0.0968768499999999 0.2625349993225892 0.0600054000000001 1.1221732000000004 -0.9774820000000017 -0.46035705263157906 -0.01978200000000041 -0.04819900000000099 0.0020988421052631503 0.024335000000000884
51 35 -1.3507338 -0.87399074 -0.39369319999999985 -0.17694684999999993 -0.10517430000000005 -0.004435249999999946 0.30869053193660206 0.23766660000000028 1.5153012000000003 -1.3301039999999997 -0.7975269473684211 -0.036738000000000604 0.025276999999999106 0.12508768421052646 0.20174499999999984
51 36 -0.42958340000000017 -0.4193124600000001 -0.30947840000000015 0.10935049999999985 0.14412599999999998 0.16067380000000003 0.21010069258373554 0.07181179999999987 0.5533936000000002 -0.36989200000000055 -0.2912597894736843 -0.00502400000000236 -0.052752000000003685 -0.037795684210526245 0.005966000000000582
51 37 -0.5528284000000001 -0.3067308999999999 0.10545689999999974 0.0071748999999999286 0.01463239999999999 0.05344280000000001 0.2712208314569841 0.056520000000000126 1.2443192000000005 -1.0509579999999996 -0.6549048421052635 -0.2041000000000004 -0.019468000000000263 0.0297473684210527 0.08258199999999993
51 38 1.6746876 2.291169766 3.0056080000000005 -0.08314719999999998 -0.026768499999999973 0.013549099999999925 0.35264467786080583 0.14663799999999982 2.0740956000000006 -1.5922940000000008 -4.390552926315791 -0.9683760000000063 0.007536000000000209 0.05587547368421054 0.12026199999999987
51 39 2.8724092000000003 2.902302 2.9567182 0.08655409999999991 0.09112279999999995 0.09445904999999993 0.1754580024060286 0.011932000000000054 0.22432159999999968 -0.19876199999999677 -0.11806399999999984 -0.02229400000000048 -0.008791999999999689 -0.0034870526315790074 0.012089000000001793
51 40 2.305702 2.3677484 2.4314433 -0.11950054999999998 -0.09974210000000006 -0.07434735000000003 0.17757151266016877 0.07083839999999997 0.16579199999999972 -0.10581800000000197 -0.005189263157894486 0.22262600000000354 -0.15213300000000096 -0.03670494736842106 -0.0015699999999996272
51 41 1.3259592000000002 1.57323106 1.8169138999999999 -0.08640495000000004 -0.014177100000000054 0.009545599999999876 0.2474911714308694 0.24140319999999993 0.8135111999999998 -0.6653659999999961 -0.4281637894736841 -0.04961200000000332 0.03234199999999854 0.12705431578947365 0.19012699999999993
51 42 -2.1618743 -1.96774066 -1.7636752 0.07153705000000016 0.12333919999999998 0.21942319999999993 0.2549730189945637 0.1439062000000002 0.8954024 0.10581800000000197 0.4712644210526316 0.669133999999999 -0.11131300000000066 -0.021583368421052487 0.16798999999999786
51 43 -0.4926503000000001 -0.36861088000000003 -0.23688159999999991 -0.24336570000000002 -0.13227250000000013 -0.04780650000000003 0.22212734445507326 0.3112681999999998 0.37617199999999995 -0.3513659999999996 -0.019467999999999912 0.19122600000000212 0.1301529999999984 0.16382536842105253 0.24193700000000096
51 44 -0.32710950000000005 -0.15548966000000003 0.03422600000000031 -0.2201454 -0.19899749999999994 -0.17043920000000012 0.20370693404233436 0.11278880000000013 0.4171176000000001 -0.29233400000000076 -0.05222315789473706 0.08069800000000127 -0.17034500000000175 0.059362526315789546 0.19483699999999993
51 45 -2.8269325800000003 -2.5363978 -2.2070275 -0.023966050000000072 0.10329030000000006 0.1733437000000001 0.2690984739429076 0.2630692000000001 1.0111365199999998 0.1557754 0.3445373263157893 0.9491592000000015 -0.02354999999999996 0.09140705263157906 0.28840899999999947
51 46 -2.54993748 -2.4051197380000002 -2.2717272 0.07702419999999999 0.11534790000000006 0.1201442499999999 0.18962338447870383 0.06534339999999994 0.3301144800000002 -0.03234199999999854 0.15533414736842105 0.12239720000000176 -0.021666000000000185 0.03052410526315792 0.054007999999999834
51 47 -2.61774421 -2.3887449519999997 -2.1118855 0.01570785000000008 0.034948200000000096 0.064998 0.23010272359481854 0.054478999999999944 0.7903631199999999 -0.6097251999999997 -0.41598058947368416 -0.10581799999999975 -0.032656000000000907 0.025731473684210516 0.056205999999999756
