64 0 -0.7361764705882355 -0.33092851307189547 0.019374999999999948 0.08750000000000001 0.13 0.14499999999999996 0.263243981072692 0.07999999999999999 1.0794852941176474 -0.9584558823529427 -0.5681501547987619 0.07058823529411777 -0.09999999999999981 -0.03157894736842105 0.0
64 1 -0.2810482715550495 -0.13013044676189986 0.12868644067796609 0.11225852272727269 0.14500000000000002 0.2119767441860465 0.27977822626973337 0.17087719298245616 1.1251242690058485 -1.5713022574482944 -0.592170667897815 0.049999999999999975 -0.10000000000000009 0.021514312096029557 0.0
64 2 0.02 0.21757169117647063 0.3450000000000004 -0.02 0.0 0.07375000000000011 0.2414440738557583 0.15588235294117658 0.78 0.0 0.40230263157894736 0.36764705882352944 -0.07941176470588279 0.06842105263157895 0.04999999999999999
64 3 -0.8906250000000001 -0.4139852941176471 0.0 0.017499999999999998 0.03 0.03484374999999995 0.2724693882496278 0.04647058823529423 1.25 -0.79595588235294 -0.6578947368421053 -0.05 -0.09375 -0.024458204334365383 0.0
64 4 -0.02 0.016433333333333338 0.0546666666666667 -0.27 -0.24823529411764705 -0.20750000000000002 0.1813236319895752 0.16111111111111115 0.14111111111111113 -0.15000000000000002 0.05584795321637419 0.2266666666666672 -0.18235294117647058 -0.08479532163742692 0.0
64 5 -0.19432904411764707 -0.0705163770053476 0.0125 0.05 0.06 0.08 0.18276387419425552 0.049999999999999996 0.26 -0.19318181818181848 -0.12786377708978322 0.0 -0.05000000000000001 -0.021052631578947364 0.0
64 6 -0.14558823529411763 0.013616357069143431 0.16192708333333333 -0.10234375000000002 -0.1 -0.1 0.19908325392431303 0.08 0.3795833333333333 -0.6441176470588232 -0.13538441692466474 0.26403186274509743 0.0 0.042105263157894736 0.10000000000000002
64 7 0.0 0.004 0.01 -0.18 -0.18 -0.18 0.15533972169256358 0 0.01 0.0 0.005263157894736842 0.0 0.0 0.0 0.0
64 8 -0.1111274509803921 -0.014053921568627434 0.04441176470588242 0.05 0.06941176470588228 0.10250000000000001 0.21344055389210803 0.10999999999999999 0.3988235294117648 -0.05018382352941213 0.2099071207430341 0.5500000000000005 -0.10294117647058856 -0.03157894736842105 0.0
64 9 -0.8683639705882354 -0.37852757352941185 -0.02 0.05 0.055 0.06955882352941181 0.26168259125096077 0.02214285714285713 1.1518749999999998 -0.8000000000000009 -0.60625 -0.038235294117647034 -0.005882352941175839 -0.006390977443609019 0.0029411764705879195
64 10 -0.9665073529411762 -0.5202933006535948 -0.017499999999999998 -0.02 -0.01 0.0 0.2570742320125349 0.0325 1.1 -1.1133169934640519 -0.3207430340557273 0.0 -0.012500000000000011 0.006191950464396329 0.0625
64 11 -0.034880239520958096 0.015652490753378212 0.0625 0.19718354430379748 0.2039221556886227 0.21 0.176667906232986 0.06 0.14 -0.11707317073170738 0.026315789473684216 0.2 -0.08289244296217621 -0.031578947368421054 0.0
64 12 -0.08 -0.07467647058823532 -0.07 0.04 0.05 0.05 0.16154504442370884 0.049999999999999996 0.01999999999999999 0.0 0.005263157894736847 0.050000000000000044 -0.09999999999999995 -0.02631578947368421 0.0
64 13 -0.2901785714285714 -0.15499324866349182 -0.04750000000000001 0.010535714285714341 0.02 0.02 0.18634226880797136 0.019999999999999997 0.3390243902439024 -0.29642857142857126 -0.15789473684210523 -0.05528191196157161 0.0 0.005263157894736842 0.0
64 14 0.0 0.0513125 0.10250000000000001 0.049375 0.05 0.065 0.1712819125522334 0.03 0.14 0.0 0.07368421052631578 0.10000000000000009 0.0 0.01578947368421053 0.0375
64 15 -0.0755000000000001 -0.03172328431372548 0.0125 0.057499999999999996 0.14500000000000002 0.1625 0.18259033732957117 0.15 0.13 -0.05 0.017337461300309717 0.1 -0.10000000000000009 -0.07894736842105263 0.0
64 16 -0.3435294117647059 -0.3288235294117648 -0.1307352941176471 -0.2622058823529412 -0.18 -0.1575 0.26415598735660434 0.14647058823529407 0.9811764705882353 -0.9000000000000006 -0.5164086687306502 0.32941176470588224 0.0 0.07708978328173373 0.10000000000000009
64 17 -0.16729166666666667 -0.14651858660130726 -0.05573529411764705 -0.1225 -0.065 0.08943014705882353 0.28826319862426897 0.6295652173913043 0.8558823529411771 -0.3874999999999998 -0.45046439628483 -0.0882352941176465 -0.6147058823529414 -0.20967828779108894 0.16176470588235348
64 18 -0.007812500000000016 0.027452040311018965 0.06745222929936305 0.057499999999999996 0.07 0.1225 0.18114904985387514 0.07999999999999999 0.1710696930745838 -0.1998217331617001 -0.03204739597685313 0.14554973821989528 -0.09999999999999995 -0.031578947368421054 0.09461077844311362
64 19 -0.0225 -0.0028321078431372366 -0.014687500000000001 -0.09 -0.08 -0.06155330882352947 0.18579387919129686 0.05588235294117651 0.21666666666666692 -0.07941176470588213 0.11403508771929838 0.09999999999999998 -0.09999999999999995 -0.005263157894736844 0.09871323529411745
64 20 -0.06265625000000005 -0.050614058123249296 -0.019880952380952378 0.13 0.15 0.15 0.17487470944725 0.10047619047619046 0.11871148459383755 -0.05 -0.0002506265664160465 0.1294117647058818 -0.10000000000000009 -0.05288220551378445 0.050000000000000044
64 21 -0.01 0.008051472424689688 0.02 0.03402127659574469 0.04 0.042499999999999996 0.16861346929753435 0.025361702127659584 0.10294117647058831 -0.03784728552263131 0.054179566563467535 0.09999999999999999 -0.04999999999999999 -0.013348264277715571 0.0
64 22 -0.1504659656590434 -0.08205944322776684 0.0925 -0.027816265060241034 0.011065891472868218 0.039394163480268356 0.2519794057061317 0.16213178294573644 0.8892771084337351 -0.6999999999999993 -0.4680405833861764 -0.04705648943077699 -0.1099397590361452 -0.08533251733986127 0.0
64 23 -0.04816176470588237 0.1930996323529412 0.295873161764706 -0.03 -0.02 0.0225 0.2678650757166957 0.094 0.994 -0.12058823529411765 0.5231578947368422 1.0224264705882344 0.0 0.04421052631578947 0.12352941176470607
64 24 0.13600903614457838 0.1970958816321941 0.2693382352941177 -0.03 -0.02 0.008934911242603571 0.18623344965988997 0.058132530120482 0.2661703830760435 -0.09999999999999981 0.14008967530318078 0.47581781672143175 -0.09999999999999999 -0.01578947368421053 0.04580838323353306
64 25 0.01 0.02028698224852071 0.03 -0.16 -0.10760479041916166 -0.06 0.1705584704427075 0.12 0.03 -0.09999999999999998 0.015789473684210523 0.1 -0.09912668425179981 0.010526315789473679 0.10623817795792298
64 26 -0.03208333333333333 -0.0275882084509814 -0.010535714285714329 0.1375 0.14 0.14 0.1828242565019848 0.03 0.19291666666666693 -0.10000000000000002 -0.10153508771929838 0.057228915662651085 0.0 -0.005263157894736847 0.0
64 27 -1.1156931818181821 -0.6971277821708487 -0.21419642857142857 -0.19 -0.14500000000000002 -0.13 0.30146663747001934 0.16708333333333325 1.3940718562874255 -1.0815635961567795 -0.7337220296249608 -0.15 -0.1456439393939391 0.04210526315789475 0.15000000000000013
64 28 0.0375 0.5461580882352942 1.127104779411765 0.0694117647058824 0.11031249999999997 0.13 0.30490447286652 0.1 1.5570588235294118 0.0 0.8195046439628484 1.6468749999999996 -0.09705882352941203 -0.022600619195046395 0.10000000000000002
64 29 -0.17 -0.1850757761437909 -0.054411764705882354 0.07930555555555555 0.09 0.09 0.23665726469493714 0.09000000000000001 0.7058823529411766 -0.20000000000000004 -0.3715170278637772 0.12499999999999997 -0.09999999999999995 -0.04736842105263159 0.0
