66 0 -0.0625 -0.016156249999999994 0.015 0.15 0.17 0.18 0.17921750834816808 0.08789473684210522 0.09999999999999999 -0.09999999999999998 0.047368421052631574 0.2 -0.09999999999999981 -0.03573407202216065 0.0
66 1 -0.04 -0.03650000000000001 -0.03 0.01 0.01 0.01 0.15799479897764615 0.01 0.03 0.0 -0.015789473684210527 0.0 0.0 -7.304098846218135e-19 0.0
66 2 -0.01 -0.003 0.0 -0.03 -0.03 -0.02 0.1571097732159519 0.02 0.01 0.0 0.005263157894736842 0.0 0.0 0.005263157894736844 0.0
66 3 -0.2246056797941816 -0.1653949208547358 -0.11624251497005988 0.07 0.07227272727272724 0.08 0.17614402576778043 0.01999999999999999 0.16378690344062163 0.04018817204301042 0.08620363338980085 0.18031052659985988 -0.049999999999999975 -0.010526315789473679 0.0
66 4 0.0075 0.09341176470588235 0.2 -0.2647058823529412 -0.24 -0.2275 0.1829484642249151 0.09000000000000002 0.12 -0.14705882352941152 0.05789473684210527 0.15000000000000008 -0.09705882352941175 -0.047368421052631594 0.0
66 5 0.01 0.01960355029585799 0.03 0.04750000000000001 0.055 0.06 0.1597800640999635 0.030000000000000006 0.03 0.0 0.015789473684210527 0.010355029585798828 0.0 -0.010526315789473684 0.0
66 6 -0.077934131736527 -0.05324736861680366 -0.04 0.24 0.24 0.25 0.1635184869606543 0.020000000000000018 0.08229813664596272 -0.09999999999999995 -0.04331480876103302 0.0 0.0 -0.010526315789473694 0.0
66 7 0.033080357142857245 0.04690037726650037 0.06697631434830231 0.01778273809523809 0.02360119047619051 0.04058035714285725 0.16768951116591954 0.04000000000000001 0.07828402366863911 -0.10000000000000006 0.031578947368421054 0.10000000000000006 -0.044623933388384246 0.010526315789473687 0.05
66 8 -0.08 -0.012722054683806642 0.03 -0.08 -0.05 -0.023907185628742497 0.17396193483566708 0.049999999999999996 0.10019801980198019 -0.15 -0.04747264200104221 0.09999999999999995 -0.049999999999999975 0.010526315789473679 0.09999999999999998
66 9 -0.08374999999999999 -0.0502169117647059 0.0025 -0.10250000000000001 -0.08 -0.06 0.18653100176302276 0.07999999999999999 0.2543750000000001 -0.19999999999999968 -0.1338815789473685 -0.02352941176470589 -0.12187500000000039 -0.012828947368421105 0.10000000000000002
66 10 -0.05 -0.039742647058823535 -0.04 0.01 0.01125 0.03 0.16617483491753637 0.03 0.06999999999999999 0.0 -0.006501547987616158 0.09999999999999998 -0.012500000000000002 -5.478074134663601e-19 0.04999999999999999
66 11 0.11 0.15630440531475748 0.1716176470588235 0.03 0.04 0.05 0.18305026811906294 0.020000000000000004 0.28625 -0.15937499999999988 0.036842105263157884 0.04889705882352907 -0.017647058823529738 0.0 0.0
66 12 -0.01 0.0316560109683937 0.07 0.16581967213114757 0.21 0.2325 0.18126080379176368 0.16119718309859168 0.08 -0.09999999999999998 -0.03157894736842113 0.052150382450569834 -0.15 -0.08484062268346931 0.09999999999999995
66 13 -0.07671875000000006 -0.06696875 -0.057499999999999996 0.014852941176470605 0.025 0.04 0.16599109193070719 0.06 0.060000000000000005 -0.09999999999999995 -0.031578947368421054 0.0 -0.09999999999999999 -0.010526315789473684 0.0
66 14 -0.01 -0.013006306116722797 0.0 0.11766666666666668 0.12 0.13 0.16867178527808538 0.020000000000000004 0.12012121212121225 0.0 -0.0632216905901117 0.0 0.0 6.379585326960217e-05 0.0
66 15 -0.16881578947368422 -0.058815456226350184 0.03491727941176481 0.08 0.08911764705882355 0.09 0.1901399072157822 0.05 0.29000000000000004 0.0 0.0877192982456139 0.3111111111111111 -0.09999999999999995 -0.021052631578947368 0.049999999999999975
66 16 -0.14250000000000002 -0.11711820086063614 -0.08 -0.042499999999999996 -0.025 -0.02 0.17294916151077888 0.060000000000000005 0.1381749049429658 -0.10000000000000009 -0.05167100260156094 0.0 -0.09999999999999996 0.0052631578947368385 0.09999999999999996
66 17 -0.12 -0.11085171568627453 -0.11 -0.2 -0.19656249999999997 -0.19 0.16532685476641062 0.01999999999999999 0.10294117647058823 -0.049999999999999975 -0.04891640866873065 0.0 0.0 0.010526315789473679 0.0
66 18 -0.026249999999999964 -0.01333823529411764 0.0025 -0.05 -0.04 -0.0275 0.17137160939591872 0.05 0.07 -0.05 -0.01315789473684204 0.1 -0.026470588235294266 -1.460819769243627e-18 0.09999999999999999
66 19 -0.01 -0.011060975609756097 -0.01 -0.12172514619883043 -0.11499999999999999 -0.11 0.16054194629179042 0.05 0.01 0.0 -0.005263157894736842 0.0 -0.09999999999999995 -0.02631578947368421 0.0
66 20 0.0 0.0045 0.01 0.01 0.02 0.02 0.15622146608978293 0.01 0.01 0.0 -0.005263157894736842 0.0 0.0 0.005263157894736842 0.0
66 21 0.06 0.06808823529411766 0.08 0.05 0.06 0.07041666666666672 0.16515332693235243 0.07999999999999999 0.020000000000000004 -0.008823529411764452 -0.010526315789473684 0.0 -0.049999999999999975 -0.02777777777777773 0.0
66 22 0.07875748502994004 0.19121702844074104 0.3225 -0.04 -0.02547619047619055 -0.02 0.19647325612374206 0.05 0.24505510653930945 -0.39436372979538514 -0.12897637186279445 0.0 0.0 0.021052631578947368 0.09999999999999996
66 23 -0.10497282608695652 -0.02276784919923997 0.07158782760187857 -0.03963855421686741 0.0002981536926147709 0.045 0.20197613177712853 0.15000000000000002 0.36905108584528645 0.004518072289156211 0.19423741360278235 0.44441535653435293 -0.1966299109098872 -0.04210526315789475 0.15000000000000002
66 24 -0.9522916666666665 -0.5271145833333333 0.08823529411764724 -0.03015625000000005 0.05510416666666666 0.18 0.2814795387090819 0.15916666666666668 1.1091666666666666 0.0 0.5679824561403509 0.7060661764705882 -0.20588235294117643 0.03206914344685239 0.2500000000000001
66 25 -0.1 -0.08150000000000002 -0.0775 -0.06 -0.0411764705882353 -0.024062499999999997 0.16771898910706326 0.06 0.09 -0.09999999999999995 -0.03684210526315789 0.0 -0.09999999999999998 -0.03157894736842106 0.0
66 26 -0.01 0.005117647058823524 0.0125 -0.08 -0.08 -0.07 0.16114907852656526 0.013529411764705845 0.04 -0.05 -0.010526315789473684 0.06764705882352924 -0.017647058823529252 -0.005263157894736839 0.017647058823529252
66 27 -0.0695 -0.05296666666666668 -0.0375 0.21 0.21 0.23 0.16421470140776503 0.03 0.039999999999999994 -0.09999999999999996 -0.005263157894736847 0.09999999999999995 0.0 0.0052631578947368324 0.006666666666666626
66 28 0.0 0.02142463235294118 0.05 0.09 0.10281249999999999 0.11 0.1698798695833753 0.09411764705882363 0.08 0.0 0.0368421052631579 0.1 -0.07812499999999979 -0.04953560371517032 0.0
66 29 0.12 0.11576011029411766 0.12691176470588236 -0.03 -0.021388888888888923 0.0010937500000000018 0.16666608911171676 0.03 0.08744485294117649 0.0 0.03240131578947368 0.029411764705882387 -0.08611111111111078 -0.010526315789473682 0.03611111111111079
