70 0 -0.0925 -0.06676368464052286 -0.04875 0.11 0.135 0.2113235294117647 0.17900096442947883 0.17000000000000004 0.05500000000000028 -0.10000000000000006 0.028947368421052774 0.08529411764705862 -0.173529411764706 -0.08421052631578949 0.0
70 1 0.01 0.030137022785884614 0.05 -0.07750000000000001 0.05500000000000001 0.07 0.1868178055934907 0.28 0.05 -0.15 -0.01578947368421053 0.12123655913978508 -0.24921348314606698 -0.14210526315789473 0.0
70 2 -0.19041420118343205 -0.1653865889075957 -0.017499999999999998 -0.21 -0.1439890710382514 0.04308035714285707 0.25002733919824455 0.32 0.7512883435582823 -0.46153846153846156 -0.39541491766225384 0.0 0.0 0.12631578947368421 0.10000000000000009
70 3 -0.1525 -0.02386777605779155 0.0834907120743034 -0.07 -0.06 -0.05 0.1883663855186258 0.07 0.29151702786377703 -0.3466374269005851 -0.12216066481994459 0.10000000000000009 0.0 0.021052631578947364 0.03529411764705878
70 4 -0.06421597633136093 0.019181733606800904 0.10250000000000001 -0.1125 -0.1 -0.1 0.1854688905665294 0.03 0.3101369863013698 0.049999999999999975 0.14744051910598407 0.25921386093851 -0.01863905325443789 0.0 0.013772455089820779
70 5 0.02 0.08261740689939548 0.05918181818181818 -0.045 -0.033280423280423285 -0.03 0.19561094782540428 0.09 0.376265060240964 0.0 0.19803424223208635 0.3495887742587122 -0.08280423280423284 -0.04736842105263158 0.0
70 6 -0.01 -0.011500000000000002 -0.01 0.23617647058823532 0.24 0.25 0.15976992170067747 0.03 0.03 0.0 0.010526315789473682 0.0 0.0 -0.015789473684210527 0.0
70 7 -0.02 -0.0051286355859709145 0.0025 -0.028607784431137772 -0.01 0.020105421686746984 0.17230986080952007 0.13 0.04982035928143713 -0.09999999999999998 0.003907973526630973 0.09999999999999999 -0.1 -0.06842105263157895 0.0
70 8 -0.0003090430494469363 0.061767916726499526 0.12477782172995781 -0.03 -0.015 0.0125 0.18518919945365225 0.12 0.2022362869198312 -0.20811166184253216 -0.03275594048412169 0.15000000000000008 -0.17620481927710835 -0.0368421052631579 0.0
70 9 -0.19407185628742518 -0.11299842656297057 0.004309518072289133 0.02 0.035 0.0476506024096386 0.20018079197909555 0.14456000000000002 0.3005898224852071 -0.5421686746987954 -0.1346808698392689 0.2421011664575073 0.0 0.07082105263157897 0.10000000000000002
70 10 -0.02786132016123395 -0.007530713411493195 0.01 0.0375 0.04 0.05175 0.16909289515888218 0.06 0.10487804878048781 -0.0853293413173656 0.03940949935815149 0.1 0.0 0.031578947368421054 0.08793774319066142
70 11 -0.05750000000000001 -0.03610247033023736 0.0125 -0.2765277777777778 -0.2 0.23926470588235293 0.23242152446824002 0.69 0.18 -0.3 -0.09473684210526316 0.013333333333333232 -0.5188929738562096 -0.35789473684210527 0.0
70 12 0.0375 0.05270588235294119 0.07 0.20823529411764705 0.23 0.23340624999999998 0.17583169592251688 0.18 0.04000000000000001 -0.09999999999999995 -0.0052631578947368455 0.014705882352940777 -0.10000000000000009 -0.09473684210526316 0.0
70 13 -0.095 -0.030010759662547883 0.033367924528301895 0.11457894736842106 0.27 0.39249999999999996 0.2098640517681651 0.38878048780487795 0.17 0.030880503144654 0.026315789473684216 0.2 0.09237288135593179 0.2046213093709884 0.34986692029474875
70 14 0.034999999999999996 0.04347058823529412 0.06 0.3475 0.38 0.39 0.1742724171996682 0.13226890756302517 0.06 -0.09999999999999998 0.015479876160990745 0.10000000000000005 -0.19705882352941212 -0.06466165413533831 0.0
70 15 -0.24688673318551368 -0.10092805552036796 0.03 -0.02 -0.01571856287425142 0.02 0.19475492558799498 0.052516129032258066 0.36 -0.30000000000000016 -0.1368421052631579 0.05000000000000001 0.0 -0.0013242784380305597 0.051985968890621584
70 16 0.05524547803617571 0.057236327596398184 0.07 -0.2810757575757576 -0.28 -0.26 0.16696685740012254 0.07999999999999999 0.05244827586206897 -0.04646583762149832 0.01707803992740472 0.01291049324276353 0.0 0.04210526315789473 0.10000000000000009
70 17 -0.01 0.024083902310924367 0.053750000000000006 -0.18 -0.16 -0.1 0.18534973706327026 0.10500000000000001 0.1146875 -0.1 0.012993421052631588 0.25 0.0 0.055108359133126984 0.12222222222222232
70 18 0.05 0.21894485294117647 0.2854411764705883 -0.14 -0.13 -0.13 0.23626364285362336 0.016470588235294126 0.8956250000000002 0.049999999999999975 0.47138157894736854 0.7990808823529403 0.0 0.005263157894736847 0.011764705882353482
70 19 -0.0225 0.129189802436126 0.08264705882352949 -0.18999999999999995 -0.10062499999999999 -0.0375 0.24835859366973287 0.15633333333333335 0.8 -0.08939393939393939 0.42105263157894735 0.4052287581699354 -0.05 0.07175438596491228 0.2
70 20 -0.04 -0.02441061452513966 -0.01 -0.02 -0.01 0.0 0.1606489696795523 0.02 0.05 -0.05 -0.02631578947368421 0.0 0.0 0.010526315789473684 0.0
70 21 -0.1691176470588235 -0.07895281862745099 0.0325 -0.1825 -0.11843750000000003 -0.1 0.20415481613778588 0.12235294117647053 0.31999999999999995 -0.3 -0.1547987616099071 0.0 -0.20882352941176463 -0.017956656346749176 0.04999999999999935
70 22 -0.42058035714285713 -0.30750806684396653 -0.20500000000000002 0.10750000000000001 0.11 0.1325 0.19007357923682108 0.04999999999999999 0.2328368794326241 0.049999999999999906 0.12254572601717058 0.24999999999999994 -0.09999999999999988 -0.021052631578947368 0.0
70 23 0.07500000000000004 0.11840042336474224 0.1938181818181818 0.17613777089783278 0.218390092879257 0.2716176470588236 0.24046934345965948 0.37049999999999994 0.2695 -0.13229665071770355 0.08921052631578946 0.3094594594594593 -0.24750000000000008 -0.14499999999999996 0.3501601830663619
70 24 -0.03 -0.019 -0.01 -0.13 -0.11 -0.06309880239520965 0.16508895592913156 0.09 0.02 0.0 0.010526315789473684 0.0 0.0 0.03466750709108095 0.0975691577208914
70 25 -0.08323529411764705 -0.04471339869281047 0.0 -0.14 -0.08176470588235293 -0.05 0.18559826371621482 0.12000000000000001 0.1923529411764707 -0.21168300653594824 -0.10123839009287931 0.0 -0.1138888888888892 -0.05789473684210527 0.0
70 26 0.0 0.030287538699690413 0.05 -0.15 -0.15 -0.14 0.164905176600524 0.01999999999999999 0.08736842105263157 -0.1 -0.016571614795502627 0.09999999999999998 -0.049999999999999906 0.0 0.03750000000000003
70 27 -0.05 0.026929534313725505 0.028823529411764796 0.0012499999999999547 0.04 0.06 0.21330299421314355 0.22272727272727275 0.39812500000000006 0.0 0.20953947368421055 0.30245098039215657 -0.19166666666666696 -0.10669856459330145 0.0
70 28 -0.052500000000000005 -0.0025083113193832707 0.05026898734177216 -0.02 -0.0195681289464939 -0.0075 0.1758724091241769 0.04 0.14 -0.19550898203592793 -0.047368421052631574 0.055379746835443056 -0.09794117647058845 -0.02105263157894737 0.04487951807228902
70 29 0.05 0.08546765543824367 0.1275 -0.2 -0.19 -0.10838235294117637 0.18145942029503165 0.1481481481481481 0.13407407407407407 -0.24117647058823566 -0.03781676413255361 0.061111111111110464 -0.0038461538461538602 0.07270955165692007 0.20000000000000004
