76 0 -0.05199999999999999 0.2997875257997936 0.5592187500000001 0.15 0.23113003095975232 0.3164705882352941 0.24324855781906846 0.25 0.6926666666666667 0.12187499999999907 0.3645614035087719 0.4244582043343653 0.0 0.13157894736842105 0.21764705882352964
76 1 0.049852941176470586 0.6044863970588237 1.1308823529411767 0.12279411764705883 0.18696691176470592 0.3095588235294116 0.322479279986995 0.27 1.4958823529411767 0.3970588235294126 0.7873065015479878 1.1988970588235301 -0.050000000000000044 -0.02105263157894735 0.2205882352941177
76 2 0.08691176470588236 0.7647056781045752 1.3835294117647063 0.2059313725490196 0.33 0.39235294117647057 0.37668988417069205 0.23333333333333328 2.237843137254902 1.1117647058823534 1.1778121775025798 1.449632352941177 0.0 0.11197110423116607 0.2532679738562087
76 3 0.06376838235294117 0.3160397875816993 0.5060416666666666 0.1275 0.235 0.2475 0.24578200248796167 0.46578947368421064 0.55 -0.11562499999999971 0.19473684210526318 0.5017565359477127 0.0 0.24515235457063717 0.30055147058823534
76 4 -0.08342105263157895 0.012320963218811865 0.0382142857142857 -0.0896556886227545 0.16717027863777092 0.3214606501283148 0.24448107675767902 0.4891477272727272 0.38083333333333336 -0.050000000000000044 0.20043859649122808 0.31428571428571406 0.014670658682634785 0.2473684210526316 0.4970241825376255
76 5 -0.20813725490196067 0.19360355392156867 0.5206250000000001 -0.2525 -0.23911764705882352 -0.20205882352941176 0.2844674818367605 0.21666666666666665 0.9911764705882355 0.19724264705882344 0.5216718266253871 1.0500000000000007 -0.15863970588235257 -0.10319917440660469 0.01993464052287619
76 6 0.14044117647058824 0.5684082049486462 0.906372549019608 -0.06323529411764707 -0.06 -0.04750000000000001 0.27051820472243354 0.06875000000000014 1.2216071428571431 0.3587301587301598 0.642951127819549 0.8492647058823513 -0.0029411764705879195 0.03618421052631587 0.10000000000000003
76 7 0.14100000000000001 0.43282759932920534 0.6316666666666667 -0.28812499999999996 -0.28 -0.27 0.22369023588449782 0.10842105263157897 0.668421052631579 0.016666666666666496 0.3518005540166205 0.4325464396284823 -0.10000000000000009 -0.04127423822714684 0.04999999999999977
76 8 -0.12061746987951807 -0.17465312095668314 -0.0775 -0.15 -0.13 -0.11098529411764706 0.22930624483809087 0.18 0.6338323353293415 -0.349544519541581 -0.33359596596281127 0.0 -0.12228915662650607 -0.09473684210526316 0.0
76 9 -0.0025 0.45405249183006535 0.9081250000000001 0.07 0.095 0.1461948529411765 0.27425659146409054 0.1450000000000003 1.06 0.05 0.5460526315789472 1.0801470588235302 -0.0764705882352941 -0.07631578947368438 0.09999999999999995
76 10 0.03635416666666666 0.3797118464052288 0.6520588235294118 0.07132352941176465 0.08 0.11916666666666667 0.24856975255423516 0.13 0.8929999999999999 0.04999999999999949 0.4542105263157894 0.44921568627451003 -0.15 -0.06842105263157895 0.0
76 11 0.011500000000000041 0.23754580019385996 0.5290600940975194 -0.04229289940828401 -0.035 -0.0071958478513356565 0.22322791724592822 0.1 0.6017578125 -0.1 -0.03638408498131452 0.39154388591238415 -0.1 -0.05263157894736843 0.0
76 12 0.1475 0.3693545751633987 0.56 -0.12 -0.09 0.06343750000000001 0.24753059321400062 0.41000000000000003 0.42999999999999994 -0.09999999999999953 -0.09783281733746152 0.15625000000000014 -0.3437499999999998 -0.1897832817337461 0.0
76 13 0.17046909829975085 0.5461505656924664 0.8245031770376863 0.27491520608418196 0.435 0.49600158851884313 0.3074361547508756 0.37999999999999995 1.3703607155896314 0.2857429718875502 0.7212424818892798 1.0374592090969892 0.0 0.19999999999999996 0.382309056295822
76 14 -0.13 0.015464686532507705 0.30378482972136217 0.5587500000000001 0.635 0.65 0.23877844653972044 0.15999999999999992 0.46 -0.8459558823529416 -0.1498452012383902 0.10000000000000009 0.0 -0.01702786377708984 0.10000000000000009
76 15 0.07676470588235265 0.3532781862745097 0.6091176470588234 0.1 0.16 0.1825 0.23065841424441147 0.1 0.67 -0.09999999999999999 0.05263157894736823 0.5458333333333332 -0.10000000000000009 -0.02631578947368421 0.008823529411764869
76 16 -0.02 -0.0115 0.0 0.06 0.08 0.08 0.16511557466834356 0.03 0.08 -0.1 -0.042105263157894736 0.0 0.0 -0.005263157894736839 0.0
76 17 0.06 0.8095422794117647 1.4900000000000002 -0.16 -0.11 -0.02 0.35928865610279037 0.17 2.149411764705883 0.10625000000000037 1.1312693498452013 1.8994485294117658 -0.1562500000000003 -0.08947368421052633 0.0
76 18 0.04750000000000001 0.20249223856209148 0.4299264705882353 -0.34 -0.33 -0.32 0.28011221886144605 0.27999999999999997 0.710588235294118 -0.09003267973856227 -0.37399380804953575 0.19999999999999984 0.0 0.14736842105263157 0.12058823529411788
76 19 0.009143258426966294 0.2311200363345038 0.4196249999999999 -0.0225 -0.01 -0.01 0.1953620349320434 0.019999999999999997 0.42 0.0 0.2210526315789474 0.501631502546348 0.0 0.005263157894736842 0.0
76 20 -0.021706586826347296 0.22052097446576271 0.4475 -0.05887724550898195 -0.036437125748502996 -0.02499999999999997 0.208644737145824 0.051616766467065936 0.52 -0.1 0.21052631578947367 0.3988907726715242 -0.08562874251497002 -0.020264733690513653 0.0
76 21 -0.009117647058823529 0.4201572712418301 0.7150000000000001 -0.32999999999999996 -0.2903125 -0.09619485294117647 0.3110510029618589 0.46937500000000015 1.318823529411765 0.4558823529411764 0.6941176470588235 1.0055147058823528 -0.40275735294117626 -0.22662538699690396 0.0
76 22 0.075 0.2616257538964217 0.4439670658682635 -0.2175 -0.1294311377245509 -0.0675 0.21945897985737348 0.24 0.49 -0.08927293309962014 0.18947368421052632 0.3477050903300651 -0.20036317896750908 -0.12105263157894738 0.0
76 23 0.13264705882352934 0.2943014705882353 0.4441176470588236 -0.036617647058823526 0.02999999999999993 0.05426470588235295 0.2105374807557626 0.16 0.46 -0.3500000000000004 0.04210526315789456 0.15000000000000013 -0.049999999999999975 0.05263157894736835 0.18529411764705847
76 24 0.025405027932960896 0.38724876742956765 0.69 0.1393465909090909 0.24179640718562867 0.277559880239521 0.23805723175114138 0.22673469387755105 0.69 0.0095092024539877 0.3631578947368421 0.5986052409129341 -0.10000000000000009 0.08775510204081635 0.27288687436159376
76 25 0.03 0.3400231092436975 0.6545588235294119 -0.17205882352941182 -0.060294117647058824 0.042499999999999996 0.2394256731770611 0.25 0.69 0.1 0.3631578947368421 0.7970588235294102 -0.2058823529411768 -0.13157894736842105 0.0
76 26 0.22739583333333335 0.2958634208683474 0.37 -0.0625 -0.042800000000000005 0.0025 0.18790129971738456 0.12000000000000001 0.25875000000000004 -0.01428571428571418 0.12105263157894738 0.2060661764705883 -0.1 -0.06315789473684212 0.0
76 27 0.2553709441581953 0.44291219155505834 0.6501020118208682 -0.35 -0.29275641025641025 -0.2175 0.24606365166597155 0.2709004739336493 0.7709004739336494 0.2820754716981132 0.34992775688662775 0.624085689951076 -0.22596172026120978 -0.14257919680718384 0.0
76 28 0.1471875 0.5443133578431374 0.839558823529412 0.12015625000000002 0.198125 0.2475 0.2930792685667791 0.30000000000000004 1.26 0.26645833333333263 0.6631578947368421 0.8604779411764705 0.0 0.15789473684210525 0.28437500000000016
76 29 -0.15 0.006328725832785981 0.31037461222134044 -0.0125 0.005451807228915663 0.07 0.2680279356751736 0.18000000000000002 0.5589820359281439 -0.49638406062230217 -0.29420107154112835 0.34610056994444816 -0.15359281437125719 -0.08947368421052633 0.10000000000000005
