80 0 -0.6582352941176471 -0.46536519607843135 -0.22531249999999997 0.08 0.09 0.09088235294117644 0.21249222734423143 0.010000000000000009 0.6331249999999999 -0.65 -0.23167569659442713 0.1843750000000005 0.0 0.001857585139318832 0.0
80 1 -0.39647058823529413 -0.30616115196078436 -0.18882352941176472 -0.002352941176470555 0.125 0.19727941176470587 0.22610403918622962 0.4749019607843139 0.3307843137254902 -0.16746323529411689 -0.06480908152734777 0.050000000000000044 -0.26274509803921553 -0.09112487100103192 0.11305147058823656
80 2 -0.5259776536312849 -0.3198675526140602 -0.03708714438907463 0.10750000000000001 0.1374852071005917 0.19 0.23613058191489603 0.11331210191082808 0.8032484076433122 -0.5573012048192771 -0.4227623198122695 -0.21955307262569823 -0.12011834319526661 -0.05789473684210527 0.0
80 3 -0.07763392857142856 -0.057026785714285724 -0.01 0.08 0.1 0.11 0.17665661181020745 0.07 0.18 -0.1499999999999993 -0.09473684210526315 0.0 -0.05684523809523799 -0.01578947368421052 0.0
80 4 -0.22102941176470584 -0.0880751225490196 0.03031250000000007 0.13 0.14 0.17515625 0.20822747812436118 0.21083333333333337 0.26 -0.299816176470588 0.03289473684210519 0.2088235294117645 -0.20000000000000004 -0.11096491228070178 0.0
80 5 -0.2525 -0.1467571450768507 -0.057499999999999996 -0.2625 -0.245 -0.2275 0.18666858514552753 0.09748031496062987 0.23000000000000004 -0.19999999999999998 -0.12105263157894738 0.0 0.0 0.04077911313717362 0.10000000000000009
80 6 -0.1325 -0.06692115820821422 0.002540983606557373 0.09 0.1 0.11 0.1783251825907113 0.020000000000000004 0.21000000000000002 -0.19270091972235998 -0.1105263157894737 -0.1 0.0 0.010526315789473686 0.0028089887640446454
80 7 -0.5940624999999999 -0.37213521241830066 -0.086875 -0.011470588235294128 0.0017647058823529412 0.04 0.22284639098299616 0.09 0.67 -0.3871323529411766 -0.11764705882352913 0.12777777777777777 -0.07941176470588257 -0.04736842105263159 0.0
80 8 -0.3425 -0.19377610294117648 -0.058970588235294136 0.05 0.07500000000000001 0.15 0.1955149978268418 0.11562499999999992 0.3 -0.2505882352941171 -0.1368421052631579 0.09999999999999998 -0.10000000000000009 -0.06000000000000007 0.0
80 9 -0.519935661764706 -0.2554746732026144 -0.011500000000000002 -0.1725 -0.15 -0.14808823529411763 0.24216091695162464 0.12 0.85 -0.7442769607843139 -0.4368421052631579 -0.050000000000000044 0.0 0.06315789473684211 0.15
80 10 -0.16411764705882353 -0.08296507352941176 0.01 -0.26656250000000004 -0.135 -0.0675 0.2139910031474251 0.3 0.2881250000000001 -0.2999999999999997 -0.047368421052631574 0.25955882352941173 0.09999999999999995 0.15789473684210525 0.2093750000000002
80 11 -0.5470000000000002 -0.3774801470588235 -0.13470588235294118 0.07299999999999991 0.08 0.09062499999999998 0.21741436398698633 0.04000000000000001 0.66 -0.41323529411764676 -0.34736842105263155 -0.0882352941176471 -0.06823529411764777 -0.02105263157894737 0.0
80 12 -0.44067484662576684 -0.281564929811665 -0.09262826587247865 0.05 0.06 0.06 0.20255538667849898 0.03 0.46763313609467455 -0.5884089138630819 -0.19628672909267025 0.051128643436335844 -0.09999999999999995 -0.01578947368421053 0.09131736526946127
80 13 -0.49 -0.30496323529411773 -0.08937500000000001 0.07 0.07 0.08249999999999999 0.21291544421173275 0.04000000000000001 0.39 -0.4033088235294115 -0.20061919504643955 0.0 -0.049999999999999975 -0.015789473684210527 0.0
80 14 -0.38759036144578324 -0.24771000554549963 -0.07539940828402367 -0.05272321428571426 -0.035 -0.02 0.2159902660244031 0.04000000000000001 0.6392941176470589 -0.49115906717716595 -0.3364705882352942 -0.2144189383070305 -0.09207915622389291 -0.005263157894736841 0.009146341463414642
80 15 -0.16 -0.04019889064196933 0.0 0.1 0.10500000000000001 0.1225 0.20061215898825127 0.04000000000000001 0.33 -0.10000000000000009 0.1736842105263158 0.26121212121212123 0.0 -0.015789473684210534 0.0
80 16 -0.36999226006191965 -0.02219045622635028 0.46934640522875815 -0.06 -0.03 0.08191176470588235 0.2975397893842054 0.18 1.4441176470588237 -0.9987132352941175 -0.7600619195046441 -0.3437500000000001 -0.1705882352941173 -0.08421052631578947 0.0
80 17 -0.9236029411764709 -0.6916380718954247 -0.21875 -0.007187500000000053 0.003970588235294115 0.01125 0.3033890291928588 0.03 1.6047058823529414 -1.1547794117647086 -0.8445820433436534 -0.2598039215686281 -0.08529411764705885 -0.010526315789473684 0.055882352941176626
80 18 -0.7671720430107527 -0.38989502165408885 -0.04 -0.1223360215053764 -0.03710843373493976 -0.01 0.260084558538252 0.13999999999999999 1.03 -1.0703984887368128 -0.5352153110047846 -0.07891566265060244 -0.10456989247311851 -0.07368421052631578 0.0
80 19 -0.48382352941176476 -0.27971875 -0.0275 -0.1625 -0.08499999999999999 -0.03867647058823527 0.22679909244302116 0.18 0.58 -0.40294117647058836 -0.30526315789473685 -0.14687499999999964 0.04411764705882351 0.08421052631578947 0.15000000000000002
80 20 -0.20022058823529418 -0.11139705882352943 -0.0048529411764705885 0.01 0.01 0.026470588235294194 0.19509636692940513 0.03 0.43 -0.5 -0.2263157894736842 0.0 0.0 0.015789473684210527 0.0
80 21 -0.6525000000000001 -0.3768101715686275 -0.07515625000000001 0.0 0.02999999999999993 0.07073529411764702 0.24079273458878217 0.16000000000000014 0.79 -0.5492647058823532 -0.4157894736842105 -0.10294117647058842 -0.2 -0.08421052631578957 0.0
80 22 -0.6485937500000001 -0.35938051470588234 -0.0975 -0.10906250000000005 -0.1 -0.08609375 0.21983753340137308 0.06705882352941184 0.66 -0.4968750000000006 -0.0842105263157895 0.15000000000000013 -0.058088235294118315 0.03157894736842105 0.09999999999999995
80 23 -0.4025 -0.16414889705882355 0.03 -0.03 -0.01 0.0004411764705882382 0.21658682356338355 0.07 0.5694117647058824 -0.41176470588235303 -0.2842105263157894 -0.04705882352941171 -0.12426470588235314 -0.036842105263157836 0.09117647058823522
80 24 -0.49226075513140966 -0.2637983959838609 -0.03887784090909092 -0.015992106695699504 -0.005 0.0 0.23755221722782294 0.06643557279967338 0.86710843373494 -0.748390278266996 -0.45637285986049464 -0.22065868263473046 -0.1 -0.034966090947196514 0.018181818181818646
80 25 -0.5225 -0.3160119066047472 -0.015 -0.16 -0.11166666666666668 -0.09 0.21969408727428869 0.06666666666666664 0.62 -0.44669117647058787 -0.26842105263157895 0.10000000000000009 -0.09999999999999995 -0.019298245614035068 0.09999999999999988
80 26 -0.35062499999999996 -0.1539499591503268 0.008553921568627448 -0.0355882352941177 -0.02517973856209149 -0.01 0.20113175200848152 0.03 0.47187500000000004 -0.4334967320261441 -0.24835526315789475 -0.062499999999999986 -0.08749999999999931 -0.01578947368421053 0.01764705882352953
80 27 -0.5272604790419163 -0.2948425143582831 -0.04596292171754052 -0.02 -0.012108433734939734 -0.01 0.2284346627144556 0.06408536585365855 0.77 -0.4999746270171518 -0.4052631578947369 -0.3087626262626263 -0.05 -0.031578947368421054 0.0
80 28 -0.6264242424242423 -0.359060336452237 -0.08136871508379889 -0.18863128491620113 -0.15 -0.11870535714285713 0.23951305759218938 0.17 0.72 -0.4273743016759777 -0.13400809716599174 0.04999999999999999 -0.10000000000000002 0.07368421052631581 0.19970238095238124
80 29 -0.6239889705882353 -0.4228913398692812 -0.10208333333333333 0.07 0.08933333333333333 0.16833333333333333 0.23144277195322685 0.19 0.6705882352941175 -0.641176470588236 -0.288544891640867 0.15294117647058736 -0.10000000000000002 -0.05789473684210528 0.09999999999999995
