11 0 -0.44485286496474147 -0.3602366848339034 -0.2501788401966615 0.15807558542512595 0.16030088022142594 0.18891555330814047 0.1840923299121249 0.07358308126449453 0.26303857156892 -0.17208946424720012 -0.1106722464636631 0.02696533694340003 -0.05445427266239977 -0.034777981832049755 0.003752457891799954
11 1 0.05865935260682715 0.11526736156601192 0.21936490680733356 0.07453729155144409 0.11401227590855409 0.1699762583739341 0.19259654301923268 0.11608184855017094 0.3125361091551164 0.004363323129999985 0.1604416879756823 0.2234894107186 -0.05157447939659991 0.04728923678576843 0.07312929565879998
11 2 -2.728180780031397 -2.433838855663929 -2.1575671977056468 -0.009295041819740484 0.014127276742099515 0.044574545543187155 0.30127966995151306 0.14496704767111998 1.4838265701658584 -0.9240645724713981 -0.7809613527188727 -0.5253441048519991 -0.1389282084589382 -0.014421931187578943 0.12496557444317381
11 3 -0.20235643083955906 -0.15132213084688315 -0.1323730911581872 0.223262081583527 0.237058909320587 0.28508164368936706 0.18464053030134245 0.09260717011112002 0.24598670477610507 -0.20455258833405088 -0.08942515930638062 0.011955505376196607 -0.0574213323908003 -0.010857785136126346 0.03813544415620013
11 4 0.23211749435761794 0.23574341587864794 0.23874538219208796 0.1645069297932929 0.1658770132561129 0.1667365879127229 0.15693189171011424 0.0056897733615200174 0.016999506914480017 -0.01605702911839993 -0.008947108902357904 0.0016580627894000055 -0.008901179185200059 0.0016626557611157827 0.00523598775600001
11 5 -0.1146529571882588 0.02472380088853417 0.1696480879929767 0.3618127171484594 0.4110789986092894 0.46450352701300945 0.21834443941833717 0.17640042749963997 0.4414112211226219 -0.3221005134569491 -0.23232169532769573 -0.14721852240620004 -0.011170107212800096 0.039205606565978955 0.19774580425160004
11 6 -0.04800159649230295 -0.04454933523184694 -0.04137807198096295 0.19692268758400347 0.1975946393460235 0.20013409340768346 0.15662170887303933 0.011554079648239984 0.01027998929428 -0.01038470904940001 -0.004978781339915794 -0.0009599310885999995 -0.009424777960800046 -0.005300289360021044 0.003141592653599923
11 7 -0.05832643105200816 -0.02562245152804028 -0.0026155213282218243 0.20771396138560755 0.24127227957843755 0.3840751189770776 0.20881244591819087 0.31194269720943646 0.29298842153324 -0.22191861439179983 -0.06912422432266191 0.12313297872859999 -0.27078783344780005 -0.13520790136941058 -0.05646140130220037
11 8 0.033430084974214895 0.28193006387417907 0.531499056940934 0.14050967068696507 0.1732913173625678 0.18947488285165054 0.22092562322896764 0.06742206900458546 0.535833533656869 -0.5143485305645744 -0.2517775235163311 0.11684979342122535 -0.05942846102972729 0.03262847106896843 0.04258603374879995
11 9 0.1257701311058705 0.2028447435382929 0.2693234620819978 0.10290568155396002 0.13436524132126001 0.14462777732302 0.1736678525342053 0.046390851518159984 0.15241960357628737 -0.14870205227039995 -0.08022084398751965 -0.006195918844600079 -0.03918264170739996 0.0076335189916421076 0.036739180754600115
11 10 0.21143383979920047 0.21672655075589048 0.22166583253905045 0.19321919587302608 0.1936773448016761 0.1943972931181261 0.15696589454273444 0.00225147473508 0.022479840765760012 -0.001832595714599955 0.01183149513987369 0.01762782544519989 -0.002705260340599841 0.00026639235951580727 0.003926990817000042
11 11 -0.0329797900271989 -0.009453624374843778 0.01348087466107601 -0.00716404328440302 0.0065411546669618854 0.12245283361544679 0.1757615663963841 0.18062412429024796 0.0568279204451549 -0.0533198086486 -0.02518785688940784 0.002705260340600006 0.000785398163399998 0.09506532857381474 0.14145893587460004
11 12 0.024811212795525898 0.07320308430110216 0.10705549047289589 -0.07465810712073821 -0.05403267868522821 0.050154751012911794 0.18324069350398053 0.15880750863948 0.10480702158263491 -0.078103484027 -0.050476759156526316 -0.020245819323199965 0.001047197551200113 0.08358289928393685 0.18640116411359992
11 13 -0.038433556088792786 0.17162641869987433 0.3191015045058391 0.056887649490594105 0.12368576328776412 0.24907458007422503 0.22090247223286996 0.3257657048854509 0.3978827095777419 -0.3296054292401999 -0.20941195240933785 -0.01247910415180041 0.07365289443439976 0.1714556341502373 0.22357667718137447
11 14 0.08382952145190589 0.10753109269410081 0.11361792846041589 0.36697040749515386 0.4235278019062139 0.4714021832885739 0.17731884478579982 0.08332201849047999 0.12601277199474908 -0.11946778729940002 -0.04491926338060477 0.03473205211480007 -0.016580627894000055 0.040629427797873686 0.10288715940540011
11 15 0.6205593301614329 0.7153228545633991 0.8321543220276529 0.2155923291491249 0.21903062777556492 0.22753474455593492 0.19914024385182552 0.03844960342155998 0.46441466066468007 -0.05139994647139989 0.18089878399808432 0.4158246942890004 -0.04398229715040003 -0.015606917890252633 0.024347343065399957
11 16 0.441339274773431 0.453074868663879 0.47051245322061097 0.0379186354780459 0.5510716155051749 0.757277903305845 0.23316627878982485 0.649332294914464 0.06620033852835999 -0.09450957899579976 -0.015193550435831576 0.0871791961374005 -0.4771730174967999 -0.3115963871427732 0.11972958668720002
11 17 -0.18931934357675517 -0.17453291415374134 -0.1647931042628506 0.14481097013563612 0.323506505600958 0.35830400756270797 0.20185194126305536 0.2188991947851419 0.2925346359278945 -0.02600540585480024 0.08722971882636556 0.054628805587600034 -0.005497787143800004 0.1133086122281589 0.1603957582587999
11 18 0.15641185031565694 0.18101401145196241 0.23277873173709146 -0.08156776866676696 -0.07867488543157695 -0.07416320931515694 0.17502971162885084 0.013892820845919987 0.14418164950772 -0.1733984611862 -0.0758850786882737 0.039444441095199956 -0.007679448708799996 0.003499844447431566 0.01570796326799989
11 19 0.030468843009930052 0.14079459568728686 0.2760017621811155 0.24807261564005445 0.3188326268392645 0.40999990031748446 0.21810886646439398 0.23886576142871996 0.36918949667536805 -0.2789908809321128 -0.181321337395845 -0.0826413400821998 -0.08482300164720027 0.12571882180458946 0.24102996970119986
11 20 -0.12380861507457705 -0.052270187028967297 -0.022356988978951896 0.084811220674749 0.092115423594369 0.116541306476109 0.1933456077328775 0.06113888369755997 0.3501479545364145 -0.04188790204800001 0.1842883971244287 0.3625921521029032 -0.05122541354620008 -0.007991770785473688 0.0591666616428
11 21 0.17767951143432154 0.18067362376616244 0.18668104705151153 0.029459024593601894 0.030226969464481897 0.0333205655636519 0.15794403405760396 0.012688543662040003 0.02675589743298548 -0.018675022996400004 -0.014082051280518674 -0.004363323130000124 0.003228859116200019 0.006678180874757896 0.010995574287600042
11 22 0.04700297727190082 0.4585385249238246 0.887016856289753 0.2256101796850585 0.2538757869211985 0.3236496870930285 0.27800769898345007 0.16584118552504004 1.1816751700666002 0.22209314731700097 0.600613725330358 0.9531243045172005 -0.16667894356599988 -0.055657631251936845 0.19600047499960027
11 23 -0.1229144732026008 -0.04934448190780692 0.0406010610941492 -0.031151993968041896 -0.015928359567454444 -0.01191410228783699 0.1855096517116482 0.025569073541834908 0.3188542010485781 0.04162610266020002 0.16757916602266215 0.24076817031339992 -0.0006108652381999966 0.01345740712728153 0.024521875990600003
11 24 0.129701961700815 0.25017244065548894 0.39102138395651503 -0.1022238373268262 -0.0736527974715862 -0.02530717719120366 0.21235193256868262 0.2435606971166 0.23979078593227998 -0.25534166956759985 -0.12602195793783158 0.07016223593040022 -0.12060225131319997 -0.05508810275921569 0.13142329267525094
11 25 0.21146472242995515 0.3868196977076472 0.5468253748785815 0.17773715578139349 0.18875454668464348 0.20562315390522345 0.22065929623883027 0.0534245284038945 0.6884625767437454 0.05384340742420002 0.359978751196624 0.6076363790829276 -0.044767695314672645 -0.028118172844155 0.0032288591162001057
11 26 0.13033561318210482 0.15177261971993444 0.1708097985359848 0.1230448880827809 0.14643230005958088 0.17559675186058815 0.1672548741987286 0.09288642279178905 0.04201007509633811 -0.036302848441599894 -0.004372509073431584 0.026878070484290528 -0.06684611035160014 -0.048887590943046864 -0.031328660073400016
11 27 -0.20704225203062204 -0.010442256433082206 0.18116697016860797 0.20478859563397706 0.21783929511580702 0.23952501107190705 0.20909990637988868 0.08217010118415999 0.35953782591165095 -0.39025562074720005 -0.1496665763307158 0.19556414268660005 -0.10821041362400002 -0.019520129791921546 0.011693705988399944
11 28 -0.15026038888557605 -0.13405500678075605 -0.12371829428578605 -0.03955895408665905 -0.012170374799657779 0.08469976200948096 0.17889290577140474 0.20364501712336003 0.0541924732746 -0.018675022996400004 0.027181206614042108 0.03979350694559999 0.025132741228800007 0.09792215698063159 0.1471312559435127
11 29 -0.02921836308227895 -0.01056952002465284 -0.012467565586191493 0.16406434338369022 0.18125583651519206 0.20551154979486208 0.1756313973993406 0.10868165252134188 0.13082988072992 -0.11650072757108727 -0.0688578319631158 -0.0013962634015999946 -0.07007496946780004 -0.05720086974807467 -0.024958208303600266
11 30 0.1427717628416032 0.1501073816877592 0.1592476709804832 0.056010621541464106 0.0614342321920541 0.0621454538622441 0.15837847611571748 0.011362093430520005 0.03298672286280002 0.0058468529941999026 0.017361433085684223 0.025918139392200196 -6.938893903907228e-17 0.004923665679326318 0.010821041362399988
11 31 -1.491373422340244 -0.6779609791162297 -0.022801029829534896 0.021215592129541584 0.036762112441735946 0.051789397301455944 0.318136861876294 0.06618288523585746 1.486531830513824 -0.04799655443 0.7823851739546442 1.3923364107829999 -0.03307398932539997 0.028494796524757896 0.1158025958702
11 32 0.01748897480686966 0.05105165632282268 0.1085864351149922 0.13222992567829084 0.22674386799774446 0.31395797072018444 0.19201429976419357 0.1984613892454436 0.18854791909356 -0.04511676116420001 0.09369662300210525 0.2292489972498509 -0.0411025038846001 0.09344860252972824 0.17217673070980002
11 33 0.21642102117327855 0.3144936898370365 0.32659056688264854 0.34479953848700856 0.36223537771448855 0.4300719624165985 0.20790018304169636 0.08574802615075999 0.45464081685348007 -0.005934119456800224 0.23199100136452633 0.11519173063200008 -0.07932521450339958 0.028384565203578946 0.04633849164060011
11 34 -1.269597343169527 -0.3213128366682627 0.2931224725168429 0.07071361452998584 0.07612413521118586 0.12508062072978585 0.2496410208950928 0.1571494458506036 1.86765937927268 -0.25368360677819995 0.8266430494074221 1.0394308360286009 -0.014835298642000144 0.06487113251408612 0.08604473212359992
11 35 -0.4248623000446465 -0.2977447346336258 -0.22930252068117646 0.08318656154799695 0.09489335750578695 0.10791787704883696 0.20594754092105536 0.029059732045800007 0.2608569100044436 -0.2213950156161998 0.13729311052865453 0.43964843857879954 -0.06527531402479997 0.011666148158105263 0.09782570457459998
11 36 0.1059895791136438 0.12243145333210978 0.13550746008809378 0.11180288300097516 0.13489358900493514 0.13892093625392515 0.17241892248967874 0.0987332757851164 0.10414379646684 -0.03874630939440002 0.04941118971846316 0.09573130947219996 -0.08587019919839983 -0.05196488199216653 -0.013875367553400075
11 37 0.08089062939839785 0.09149612259817584 0.10416459497381786 0.26341367191457743 0.39298691558305743 0.43858800561468747 0.1815304742982681 0.23420573232588 0.06881833240636001 -0.04206243497320003 0.01119766504309474 0.042847833136600046 0.04764748857959994 0.12326617490835788 0.15943582717020024
11 38 -1.6291620762414105 -0.9299788145671162 -0.2614609878503905 0.015719550314980495 0.033011399879187955 0.07539672076400794 0.3174217931844932 0.160936810327112 1.6726711952390478 0.27323129440059984 0.8803532606521306 1.241190897559801 0.0006108652381999966 0.08470358438269053 0.0797615468164
11 39 0.13943876574681688 0.1678954865362759 0.24428942056106598 0.10657217971413804 0.11434325820866804 0.15343427013033803 0.2102638567903176 0.22169172158886546 0.38980183514202904 -0.06885323899140011 0.1326817669257263 0.25900686099660786 -0.03726277953019996 0.11667985346782392 0.2851867997767997
11 40 -0.05653998959994689 -0.052780550391138895 -0.050662593343836895 -0.2695148096837445 -0.2482174294862145 -0.23569905542624453 0.16044264212132162 0.030892327760400018 0.012496557444319996 -0.007766715171399971 0.0006154582099157902 0.010035643198999973 -0.04398229715039975 0.011124177495642104 0.04930555136900022
11 41 -0.1494036261482971 -0.09335412254957084 -0.05014675158705711 0.1496810850179582 0.22337324935983008 0.30791699832671005 0.19295556781971007 0.1678308608716219 0.22769565421592 -0.201585528606 -0.1008341010484421 0.006108652382000035 -0.04869468613080047 0.08002793917554832 0.15193091138660006
11 42 -0.3449932700339806 -0.09985043195046872 0.20310556494096946 0.2651756302744821 0.40551755542780205 0.45295124117403207 0.2657218181599724 0.31536354254388 0.56224036523928 -0.24146630201419994 0.29591598170488426 0.5029166239638 -0.3052580861748 -0.02975327077451675 0.34470252726999995
11 43 -0.007163703914834001 0.12501182566837798 0.25850595150147604 0.21257911515731354 0.23095306885774353 0.26001716422667354 0.19025121459562713 0.05513495107068003 0.30581659153544 -0.25446900494159996 -0.1524499171904842 -0.02225294796299987 -0.07504915783600019 0.008533741447936833 0.060388392119199996
11 44 -2.623207418884504 -2.4704954726576336 -2.373280633321234 0.055991422919692106 0.07784294515473211 0.0840039574142921 0.2164965958548246 0.06257005368419999 0.6399424235383195 -0.5260422365528017 -0.26223112714128394 0.08709192967479851 -0.006283185307199984 0.021210343383515785 0.0398807734082
11 45 -0.001206022513132 0.04632365634195801 0.079847067949748 0.11043614475261299 0.17825091283907302 0.271988183640863 0.18584610559511025 0.16919221768888004 0.09978047333684001 -0.09197885158039995 0.020558141399873688 0.0769690200132 -0.17278759594799986 -0.08720216099597895 0.014486232791600107
11 46 -0.23020834656296443 -0.06361666945922148 0.10410510833502916 0.24433877459419093 0.2787872107055409 0.2936835958713609 0.19460629817070488 0.05412266010451999 0.36332519038936356 -0.3068288825016 -0.18547338382728612 -0.017278759594799784 -0.03097959422299984 0.017039925065578942 0.05838126347940009
11 47 -0.028031684634965106 -0.01110984487221359 0.0006789815603964989 0.0014025174980805155 0.05491867568747816 0.11049432239428816 0.17798279977136494 0.16095426361944 0.07454301235292 -0.07278022980839999 -0.03923316439627369 -0.014660765716799987 -0.14573499254199995 -0.013962634015999988 0.009162978573000018
11 48 -0.0406364040115022 0.10439871150058193 0.0913104874396978 0.06959078604441615 0.08594888445878615 0.13424214486162617 0.23247514794678592 0.10302678574556001 0.6551267880314879 0.008988445647800034 0.3448035726481516 0.5312782243087998 -0.07539822368640009 -0.047564815088715795 -0.028012534494600075
11 49 -0.155913316407351 -0.134099318751229 -0.104181757378071 0.249345590922354 0.291434205834334 0.375131470113994 0.1774259292092274 0.09786061115964001 0.07646287453011999 -0.014486232791599968 0.007385498518989464 0.07086036763119995 -0.004712388980400023 0.04954897886993682 0.14974924982159993
