35 0 2.74 2.7455 2.75 -0.31 -0.31 -0.3 0.15711484441559492 0.010000000000000009 0.019999999999999574 0.0 0.01052631578947346 0.0 0.0 0.0 0.0
35 1 1.3603571428571422 1.377904761904762 1.4 -0.4725 -0.45 -0.45 0.16698355347169486 0.03999999999999998 0.10047619047618928 -0.08809523809524933 0.021303258145362866 0.050000000000000044 0.0 0.021052631578947358 1.6930901125533637e-14
35 2 2.9200000000000017 -2.928275974025976 -2.5357142857142843 -0.46625 -0.435 -0.3746428571428563 0.2654565134541055 0.12499999999999994 1.0200000000000005 -0.7119047619046825 -2.9157894736842143 0.2892857142857075 -0.16038961038959493 -0.02669172932330827 0.11904761904762473
35 3 1.3234090909090914 1.341436147186148 1.42 -0.042499999999999996 -0.005238095238094674 0.01595238095238071 0.20115158080049966 0.1 0.4099999999999999 0.0 0.2052631578947368 0.32142857142858805 -0.1 4.382459307730881e-18 0.05000000000000001
35 4 0.7196428571428513 0.829251082251082 0.9110227272727254 0.02956168831168934 0.15261904761904987 0.2420238095238098 0.26371153444506135 0.5950000000000016 0.5838095238095249 -0.36590909090909673 -0.0842105263157894 0.6031385281385049 -0.08452380952382904 0.2157894736842105 0.5182900432900508
35 5 0.9500703463203442 1.0201277056277058 1.0576136363636368 -0.3685660173160181 -0.33159090909091155 -0.26988095238095267 0.19706603872018452 0.12047619047618935 0.31047619047618924 -0.10952380952380436 0.1634085213032575 0.4690476190476178 -0.24999999999999412 -0.06340852130325754 0.05952380952382097
35 6 2.59 2.6485919913419913 2.71 -0.41 -0.4 -0.39761904761904565 0.173142235885253 0.02999999999999997 0.18000000000000016 -0.11634199134197276 -0.09473684210526324 0.0 -0.0785714285714284 -0.01578947368421051 0.0
35 7 2.5175 2.5322770562770565 2.5425 -0.060595238095238375 -0.02 0.08035714285714454 0.18468648446158908 0.22190476190476077 0.06999999999999984 -0.09318181818180005 -0.010526315789473694 0.0 -0.23809523809523248 -0.026315789473684206 0.25
35 8 2.49 2.4900000000000007 2.49 -0.24 -0.24 -0.24 0.1544546959308694 0 0 0.0 0.0 0.0 0.0 0.0 0.0
35 9 0.33 0.6151785714285731 0.834166666666667 -0.34 -0.33 -0.31857142857142856 0.23796617060018974 0.030000000000000027 0.8999999999999999 0.10000000000000009 0.47368421052631576 0.7625541125541324 -0.015909090909103363 0.010526315789473694 0.07142857142857117
35 10 -2.52 -2.5205000000000006 -2.52 -0.07 -0.07 -0.07 0.15533972169256358 0 0.009999999999999787 0.0 0.0 0.0 0.0 0.0 0.0
35 11 2.04 2.049285714285714 2.0571428571428565 -0.27 -0.27 -0.26 0.15888489593898328 0.020000000000000018 0.029999999999999805 -0.019047619047625197 -0.015789473684210423 0.0 0.0 -0.005263157894736847 0.0
35 12 2.716904761904762 2.7265 2.740000000000001 -0.36250000000000004 -0.35 -0.34 0.1641837006813761 0.04999999999999999 0.050476190476189675 -0.050000000000001155 -0.02656641604009983 0.0 -0.04999999999999977 -0.026315789473684206 0.0
35 13 2.6825 2.6661082251082253 2.767094155844154 -0.10238095238095266 0.02 0.0325 0.24994689665314357 0.39 0.6914285714285682 -0.03809523809523263 0.3007518796992463 0.40000000000000036 -0.3182900432900501 -0.20526315789473687 -0.04999999999999999
35 14 0.8807954545454519 1.08903787878788 1.3045454545454573 -0.31 -0.27568181818181825 -0.015357142857143702 0.2336141011729876 0.35000000000000003 0.4828571428571429 -0.11190476190478416 0.24761904761904707 0.45746753246754757 -0.29404761904763255 -0.16315789473684209 0.0
35 15 -2.23 -2.2297857142857134 -2.23 0.18 0.18568181818181664 0.19 0.15571901844757566 0.010000000000000009 0.004285714285717557 0.0 0.0 0.0 0.0 0.0 0.0
35 16 -1.949642857142858 -1.4979502164502203 -0.9260714285714338 -0.15 -0.12 -0.11 0.3374800942507595 0.07 1.9204761904761893 -1.3546536796536524 -1.010776942355889 -0.854437229437246 -0.10000000000000009 -0.036842105263157905 0.049999999999999975
35 17 2.39 2.3928019480519476 2.3948863636363633 -0.23523809523809397 -0.225 -0.22 0.1571199156152379 0.010000000000000009 0.009523809523810378 0.0 -0.00025062656641547826 0.0 0.0 0.005263157894736847 0.0
35 18 0.5145616883116894 0.6623214285714298 0.8150000000000001 -0.06988095238095265 -0.015 0.009642857142857989 0.20927034073167738 0.10952380952381066 0.5004761904761894 0.1809523809523922 0.2634085213032576 0.3181818181818258 -0.1 -0.057644110275689824 0.0
35 19 2.59 2.594333333333333 2.6 -0.09 -0.08795454545454523 -0.08 0.1603620134568122 0.009999999999999995 0.03666666666666485 0.0 0.01929824561403413 0.0 0.0 -0.005263157894736839 0.0
35 20 2.7567045454545456 2.7540000000000004 2.79 -0.16 -0.16 -0.16 0.16844653178241575 0.010000000000000009 0.14000000000000012 0.0 0.07368421052631585 0.10000000000000231 0.0 0.0 0.0
35 21 2.69 2.6950043290043295 2.7 -0.46 -0.4393181818181817 -0.42102272727272494 0.16334783084918353 0.03047619047618938 0.04999999999999982 -0.0023809523809625865 0.02105263157894739 0.08809523809523157 -0.006818181818182556 0.010275689223058245 0.08127705627708287
35 22 2.45 2.4500000000000006 2.45 -0.32 -0.32 -0.32 0.15538186577645371 0.010476190476189362 0 0.0 0.0 0.0 0.0 -0.005513784461152296 0.0
35 23 2.328809523809523 2.5099036796536787 2.7125 -0.4371428571428563 -0.32095238095238043 -0.1875 0.2351633346432521 0.31 0.6100000000000003 -0.48538961038959716 -0.32105263157894753 -0.10000000000000009 0.05238095238096374 0.16315789473684209 0.27023809523809755
35 24 1.8907467532467572 2.1444783549783564 2.3925 -0.34678571428571425 -0.315 -0.16206168831168932 0.25408020981233814 0.29000000000000004 0.7895238095238106 0.10000000000000009 0.41553884711779504 0.6238095238094998 -0.2626623376623243 -0.15263157894736842 -0.04642857142856338
35 25 1.5126190476190473 1.8867413419913401 2.260876623376621 -0.2771428571428563 -0.08431818181818175 -0.06 0.28837732401153615 0.31999999999999995 1.2000000000000002 -0.7880952380952322 -0.6315789473684212 -0.4674242424242592 0.0 0.15263157894736842 0.29999999999998317
35 26 -0.0375 0.30936688311688326 0.6923863636363622 -0.29 -0.13404761904761792 -0.03 0.25317692168290756 0.27999999999999997 0.83 -0.5626623376623077 0.010526315789473752 0.3357142857143026 -0.11190476190476756 0.005263157894736847 0.10000000000000009
35 27 2.46 2.4650000000000003 2.47 -0.2 -0.2 -0.19940476190476164 0.157109773215952 0.01999999999999999 0.010000000000000231 0.0 -0.005263157894736963 0.0 0.0 0.010526315789473679 0.011904761904767552
35 28 -1.7796428571428562 -1.298242424242422 -0.9101190476190474 -0.1 -0.07 -0.06 0.2885790628860452 0.049999999999999996 1.45 0.47889610389613646 0.763157894736842 1.159523809523838 -0.06904761904762469 0.010526315789473675 0.0
35 29 -2.3829383116883105 -2.149126623376622 -1.9344047619047617 -0.11 -0.11 -0.1 0.21283973398638095 0.020000000000000004 0.6400000000000001 0.23095238095237502 0.33684210526315794 0.37142857142857255 0.0 0.010526315789473686 0.0
35 30 -0.81 -0.7170270562770568 -0.6637662337662351 -0.10250000000000001 -0.08690476190476143 -0.0775 0.20346556384518455 0.03 0.5004761904761893 -0.5523809523809466 -0.2423558897243102 0.034523809523812066 -0.049999999999999975 -0.015789473684210527 0.0
35 31 -0.6182954545454544 -0.4377099567099553 -0.27190476190476165 0.16 0.16714285714285884 0.192857142857142 0.24296189451287478 0.08047619047618937 0.9123809523809467 0.284523809523812 0.4802005012531298 0.5880952380952325 -0.09999999999999995 0.005513784461152296 0.10000000000000009
35 32 2.62 2.6274285714285712 2.6371428571428566 -0.3571428571428563 -0.35 -0.34 0.15976506898809395 0.019999999999999962 0.03000000000000025 -0.028571428571428914 -0.010526315789473694 0.0 0.0 0.010526315789473665 0.0
35 33 2.54 2.5479047619047615 2.5542857142857125 -0.28 -0.28 -0.27 0.16244669362173914 0.03999999999999998 0.05047619047618923 -0.030952380952375957 0.010776942355889172 0.0 0.0 -0.01578947368421054 0.0
35 34 1.0002272727272739 1.2344123376623373 1.4553571428571437 -0.2878571428571412 -0.245 -0.22 0.21812249677783196 0.08000000000000002 0.40047619047618954 -0.5884199134199414 -0.06817042606516341 0.33495670995669635 -0.10000000000000009 0.005263157894736844 0.10000000000000009
35 35 2.51 2.5149999999999997 2.52 -0.42 -0.42 -0.3975000000000001 0.15976774832940194 0.04999999999999999 0.010000000000000231 0.0 -0.005263157894736963 0.0 -0.009523809523820925 -0.01578947368421051 0.0
35 36 2.55 2.9291082251082274 -3.0116666666666654 -0.35 -0.35 -0.12702380952380896 0.32852525830555157 0.48000000000000004 1.5300000000000002 0.0 -2.4999999999999996 1.2044372294372696 0.0 0.2526315789473685 0.41190476190476744
35 37 2.65 2.656428571428571 2.6505952380952382 -0.4 -0.4 -0.39 0.16240785350125297 0.040000000000000036 0.050000000000000266 0.0 0.02631578947368435 0.011904761904768524 0.0 0.02105263157894739 0.050000000000000044
35 38 2.5885714285714285 2.5950681818181818 2.6 -0.3125 -0.27568181818181825 -0.2675 0.1641952371117327 0.07 0.03000000000000025 -0.06634199134198715 -0.01578947368421066 0.0 -0.09318181818181726 -0.0368421052631579 0.0
35 39 0.6157954545454551 1.3379761904761873 2.12186688311688 -0.08 -0.04431818181818174 0.023095238095238377 0.32384234709617365 0.16 1.76 -1.6882034632034921 -0.8631578947368425 -1.7763568394002505e-14 0.0 0.0736842105263158 0.12142857142858836
35 40 -1.8260714285714295 -1.7939458874458882 -1.665 -0.0625 -0.02 0.02 0.21540371079216264 0.10952380952381066 0.5795238095238104 -0.4126623376623251 -0.30501253132832123 -0.09318181818181781 -0.1 -0.05238095238095297 0.0
35 41 -0.4492857142857143 -0.18735497835498038 0.095 -0.175 -0.005270562770562131 0.07928571428571429 0.24182940738435202 0.3504761904761894 0.59 -0.41071428571427754 -0.31052631578947365 0.0 0.07857142857142861 0.18446115288220494 0.2702380952380976
35 42 2.425113636363635 2.572122294372294 2.607142857142859 -0.10454545454545719 -0.09 -0.0075 0.24685874463779797 0.21047619047618935 0.8309523809523789 0.0 -0.06566416040099787 0.269047619047611 -0.2 -0.1055137844611523 -0.00919913419913005
35 43 2.65 2.666 2.6725 -0.2 -0.19619047619047675 -0.18904761904761963 0.1615742641930804 0.020000000000000018 0.050000000000000266 0.0 0.01578947368421066 0.049999999999998934 0.0 0.0 0.03809523809523249
35 44 2.6775 2.6898333333333335 2.71 -0.1525 -0.11159090909091034 -0.1 0.1686305287046459 0.09 0.07000000000000028 0.0 0.03157894736842108 0.09999999999999787 0.0 0.0368421052631579 0.10000000000000009
35 45 1.04 1.142075757575757 1.2675 -0.13 -0.11181818181818035 -0.0775 0.19880289700619455 0.14 0.3504761904761893 -0.3159090909090989 -0.1634085213032575 0.04318181818183331 -0.10000000000000002 0.026315789473684206 0.09999999999999995
35 46 2.7679761904761904 2.8165205627705623 2.9 -0.34 -0.33 -0.31 0.20087305672832834 0.11571428571428571 0.4114285714285715 -0.4404761904761956 -0.21654135338345867 -0.00952380952382148 -0.10000000000000009 -0.060902255639097735 0.0
35 47 2.58 2.581785714285714 2.58 -0.43 -0.43 -0.43 0.15710977321595193 0.010000000000000009 0.009999999999999787 0.0 0.00526315789473673 0.0 0.0 0.005263157894736847 0.0
