48 0 0.42828030000000017 0.4340798800000001 0.4382655000000002 0.2937705499999999 0.3086934 0.33600355 0.16600153396653825 0.07347600000000032 0.04063160000000021 -0.02731799999999618 0.004495157894736616 -0.0009420000000037732 -0.06766700000000125 -0.026144631578947496 0.03375500000000198
48 1 0.4150923000000003 0.41118928 0.4258624999999998 0.27791355000000023 0.2898691 0.3085992000000001 0.16547928620475474 0.04326920000000012 0.07479479999999983 -0.016642000000000046 0.036027368421052496 0.05463599999999902 -0.055106999999999795 -0.017170842105263217 0.01727000000000145
48 2 1.2130762 1.3463849000000003 1.5155680999999999 0.2863052000000002 0.3347553999999999 0.33982650000000003 0.22581582436144274 0.2635088000000001 0.34169479999999997 -0.49078200000000294 -0.1798393684210526 0.03830799999999801 -0.18761499999999764 -0.13796168421052638 0.021508999999998446
48 3 0.2660522000000003 0.2777361400000002 0.28465669999999965 -0.24184280000000002 -0.216503 -0.2046966 0.16864105099583754 0.06160680000000007 0.09193919999999967 -0.07127799999999906 0.02029431578947387 0.04835599999999829 -0.007693000000000838 0.032424631578947406 0.06279999999999952
48 4 0.40246950000000015 0.41044824 0.41545339999999986 0.16478720000000002 0.20524609999999988 0.30768074999999995 0.1729948893002961 0.16155299999999984 0.035167999999999644 -0.042704000000002296 -0.01480757894736813 0.027003999999999362 -0.1292110000000013 -0.08081368421052618 0.009263000000000465
48 5 -2.1595978000000002 -2.1521403 -2.1489218 0.2599370499999999 0.28176789999999996 0.29227905000000004 0.1646409387518886 0.03689500000000012 0.05852959999999996 -0.029201999999999284 -0.015402526315789464 0.03485399999999972 -0.062486000000001596 -0.019418421052631644 0.03249900000000139
48 6 0.49225779999999986 0.4920222999999999 0.49228919999999965 0.029963450000000003 0.030206799999999978 0.030206799999999978 0.15538330844870382 0.005149599999999976 0.0050240000000001395 0.0 0.0012890526315789685 0.0006279999999958541 0.0 0.0018013684210526012 0.0
48 7 0.2643095000000001 0.28225774000000003 0.29379409999999984 0.596443 0.6690084000000003 0.70580135 0.18888021441239802 0.2919258 0.08791999999999955 -0.06750999999999951 -0.023632631578947367 0.03202799999999728 -0.07127799999999906 0.09965368421052627 0.3527789999999986
48 8 0.2995717 0.30152792 0.30409330000000023 0.23967620000000017 0.24258069999999998 0.24597974999999983 0.157137436591379 0.015511599999999737 0.007347600000000121 -0.005338000000001397 0.0038671578947369056 0.023864000000004548 -0.028731000000000728 -0.00816399999999986 0.00031399999999903727
48 9 1.4900085 1.52861794 1.6862899000000002 0.4239941999999999 0.4688490999999999 0.48969870000000004 0.24892847009965918 0.09241019999999978 0.5276455999999996 -0.46377800000000136 -0.27770821052631556 -0.06060200000000293 -0.11539499999999814 -0.0419603157894737 -0.007379000000002911
48 10 0.4558966000000001 0.4560975599999998 0.45674439999999983 0.40615899999999994 0.4100368999999998 0.4126902000000001 0.15627515201494588 0.012654200000000282 0.007912800000000164 -0.0018839999999986645 0.0024128421052632396 0.0009419999999993323 0.0 0.0033713684210526958 0.012560000000000349
48 11 0.5439421999999999 0.5638184 0.5765982000000002 0.11631345000000004 0.12950929999999994 0.1998139 0.17254440197864016 0.10321180000000019 0.08879920000000041 -0.08540800000000237 -0.046736421052631795 -0.008163999999997174 -0.09702600000000006 -0.040869578947368396 0.04113399999999934
48 12 0.2315592999999999 0.2989562600000001 0.4254071999999999 0.2828197999999999 0.31483209999999995 0.35120114999999996 0.24058518892386302 0.15229000000000026 0.6710808000000004 0.03359800000000135 0.3428218947368423 0.6364779999999959 -0.1672050000000036 -0.0801526315789475 0.12936800000000082
48 13 1.8602302000000002 1.8610999799999999 1.8627578999999996 0.2193054499999999 0.21989420000000015 0.22167615000000007 0.15558889873469106 0.005275200000000035 0.007535999999999987 -0.01758400000000382 -0.0031069473684213434 0.00125600000000059 -0.004239000000001436 -0.0026111578947369 0.0026689999999995884
48 14 1.7033244 1.7715314800000002 1.8459902999999995 0.16364895000000018 0.16670259999999992 0.17156174999999996 0.170850353092016 0.015323200000000092 0.16993680000000033 -0.12088999999999572 -0.08944042105263175 -0.021351999999996707 -0.01868300000000045 -0.007453368421052452 0.002982999999999736
48 15 1.9280855999999997 1.92906528 1.9302208000000003 0.31757959999999996 0.31757959999999996 0.31962060000000014 0.15508314861239803 0.004458799999999874 0.0026375999999999067 -0.012246000000004642 0.001222947368420809 0.02135200000000559 0.0 0.0023467368421051966 0.0
48 16 0.3148635000000001 0.3616400799999999 0.43190700000000015 0.2865328500000001 0.32012299999999994 0.33039079999999976 0.17495800844424528 0.0555466 0.17514920000000034 -0.1770959999999988 -0.08639957894736856 0.025119999999998477 0.0056520000000004345 0.028788842105263123 0.046315000000001216
48 17 0.38738180000000044 0.39466346000000013 0.40319170000000015 -0.048669999999999936 -0.04322210000000004 -0.03853565000000003 0.16081776571112416 0.030709199999999992 0.041134000000000004 0.0 0.021649473684210527 0.04709999999999992 -0.01632800000000101 0.0077177894736841545 0.02841700000000169
48 18 0.3972256999999998 0.5392008 0.6475622000000002 -0.06340444999999989 -0.051150599999999935 -0.045451500000000034 0.20392327933278015 0.04524739999999983 0.46798560000000045 -0.41196800000000255 -0.14282042105263193 0.28856599999999677 -0.06625399999999892 -0.022409684210526207 0.020096000000000558
48 19 1.7508796999999996 1.75606698 1.7616970000000003 0.04485490000000003 0.04708429999999997 0.048929049999999974 0.15763531689010504 0.005557799999999835 0.028699599999999492 -0.021352000000001148 -0.01510505263157868 -0.0003140000000012577 -0.016327999999999898 -9.915789473677181e-05 0.010833000000000093
48 20 0.4828692000000002 0.5304590400000001 0.5921569 0.1330182499999999 0.1447697 0.20868440000000005 0.1981422949939268 0.16601180000000038 0.3187728000000001 -0.21069400000000016 -0.16777515789473688 -0.09639800000000198 -0.03438300000000116 0.08615168421052641 0.18149200000000087
48 21 2.0721017 2.7168815459999998 -2.53037371 0.04803415000000005 0.049376499999999934 0.051166300000000164 0.3230602953771752 0.01818059999999977 1.8765267999999997 -0.03736599999999868 -2.348125052631579 0.26721400000000006 -0.008006999999999875 0.0014543157894736662 0.020096000000001668
48 22 0.20670620000000028 0.23118250000000007 0.2549680000000001 0.37138350000000014 0.37618770000000024 0.3939443999999999 0.16456869995762108 0.02992420000000018 0.0833984000000001 -0.012873999999998276 0.03801052631578933 0.09357199999999954 -0.028103000000000433 -0.010692526315789413 0.02339300000000155
48 23 -0.21011309999999994 -0.17728126 -0.15547710000000003 0.47202050000000007 0.47445399999999993 0.47862235 0.16639609117099682 0.018463200000000235 0.07071279999999991 -0.11555199999999877 -0.023070736842105116 0.0844659999999986 -0.020567000000000224 -0.004809157894736939 0.02103799999999989
48 24 0.4889608000000001 0.49744194 0.5113333000000001 -0.04908605000000016 -0.04267259999999995 -0.015770650000000053 0.1668983214563472 0.042232999999999965 0.08553359999999977 -0.05557800000000057 0.039002105263157984 0.11586600000000447 -0.028260000000001062 0.002859052631578946 0.015700000000000713
48 25 0.15850720000000018 0.26941828 0.2608555 0.17818715000000002 0.21226400000000012 0.2414974000000002 0.23768207166653818 0.11109319999999978 0.8268248000000002 -0.10738800000000381 -0.38261726315789474 0.1334499999999994 0.010990000000000721 0.05847010526315778 0.08933299999999922
48 26 0.7201589999999998 1.1990247 1.707532 0.22071845000000018 0.2734312 0.2976091999999999 0.25724517082895865 0.08214239999999995 1.0763920000000002 -0.6308260000000021 -0.566522105263158 -0.02103799999999989 -0.045216000000000145 -0.042125578947368285 0.000628000000000295
48 27 0.6068835 0.5953785400000002 0.6228190000000002 0.30340249999999996 0.31183340000000004 0.3448426500000001 0.1767042803646274 0.06405599999999989 0.17879160000000027 -0.20347199999999788 -0.0941008421052633 0.028259999999999952 -0.03438299999999894 -0.03055715789473688 0.009733999999999021
48 28 0.10233260000000033 0.18130045999999997 0.2404455000000002 0.2823252500000001 0.29734230000000017 0.3076258000000001 0.17740956383914971 0.05089940000000004 0.1963756000000001 0.047727999999997994 0.10335557894736846 0.15543000000000307 0.012246000000002422 0.026789157894736862 0.050239999999999174
48 29 0.3427623999999998 0.38531568 0.4213095 0.12024630000000003 0.13616610000000018 0.16545445000000003 0.18105757757099689 0.18541700000000017 0.06261159999999988 -0.0885479999999994 -0.022244421052631625 0.07535999999999765 -0.13973000000000013 -0.05969305263157894 0.019311000000000744
48 30 0.38706779999999974 0.42300510000000013 0.49082910000000035 -0.11779710000000004 -0.051480300000000034 0.03714620000000002 0.1924596874315063 0.22202940000000004 0.20899840000000003 0.02606200000000225 0.10904063157894775 0.14475400000000027 0.03234200000000076 0.11052800000000003 0.17160100000000011
48 31 0.4682054000000002 0.47203934 0.4763379999999997 0.4825866000000001 0.4898085999999999 0.49303494999999997 0.15776626247290773 0.016170999999999935 0.020284400000000424 -0.0025120000000034004 0.010543789473684373 0.026375999999996846 -0.006593999999999767 0.007916105263157815 0.016798999999998454
48 32 -0.05201409999999984 0.13784285999999998 0.17659359999999968 0.3308853499999999 0.5549165 0.6003287500000001 0.30471785745889496 0.35227660000000016 0.8250664000000003 -0.6217199999999945 0.43424547368421074 0.8233079999999982 -0.376957 -0.18540873684210535 0.06531199999999737
48 33 0.36075460000000004 0.31322128000000005 0.4855853000000002 0.09490650000000017 0.15687440000000008 0.2020354499999999 0.3019574524824617 0.20001800000000003 1.3969232000000003 -0.13784600000000147 0.6550370526315789 0.26846999999999843 -0.20378599999999913 -0.026177684210526225 0.08226799999999979
48 34 -2.4685424 -2.4609781399999995 -2.4563121000000003 0.40910274999999996 0.4114185 0.41510800000000003 0.157506471569086 0.00998520000000025 0.01676759999999966 -0.027003999999999362 -0.0076021052631579595 0.007222000000000062 -0.00015700000000062886 0.005255368421052763 0.014287000000001715
48 35 0.4620352999999999 0.69240768 0.7528777999999998 0.20106205000000005 0.21278209999999986 0.22844284999999986 0.28138427212067835 0.06418160000000017 1.3634508000000007 -1.6230659999999952 -0.6205631578947374 0.20001799999999959 -0.0946709999999995 -0.012857473684210606 0.06452699999999978
48 36 0.31461229999999984 0.25493973999999997 0.3207195999999999 0.1558539000000002 0.15878979999999998 0.16463019999999995 0.21760278918437262 0.06421299999999985 0.6469027999999999 -0.03830800000000023 -0.34047515789473676 0.00031399999999903727 -0.011618000000004347 0.033796315789473605 0.02731800000000173
48 37 2.5198814 -3.1395450140000003 -2.7061728900000004 0.16848455 0.1994842 0.272238 0.2694025743514426 0.1351456000000002 1.1583836799999991 -0.05250079999999713 -2.7208827157894735 0.6789935999999996 0.00612299999999899 0.07076568421052624 0.15543000000000085
48 38 1.3152675000000005 1.73526448 2.2002608 0.06380480000000016 0.0812946000000001 0.08598104999999984 0.3022101013276846 0.0962409999999998 1.5741448000000005 -0.00879200000000413 0.7480141052631579 1.3577359999999983 -0.0237070000000017 0.04238999999999998 0.11413900000000088
48 39 1.9911368000000005 2.0174782600000003 2.0457414 0.24287115000000015 0.29781330000000006 0.30485474999999984 0.17755484214233438 0.07941059999999966 0.16893199999999986 -0.10613199999999878 -0.029350736842105495 0.07064999999999877 -0.048827000000000176 -0.03199494736842089 0.01726999999999923
48 40 0.6434331000000002 1.26043368 1.9135316999999996 0.13325375000000017 0.13899210000000006 0.15336545000000001 0.28606249088118785 0.04364599999999963 1.4362988000000003 -1.362760000000005 -0.7559467368421054 -0.17866600000000066 -0.03673799999999949 0.022591473684210446 0.052594999999999725
48 41 1.868928 1.8716441 1.8750196000000003 -0.04150294999999993 -0.04055310000000001 -0.038512099999999994 0.15593412316526428 0.005086799999999725 0.008352400000000593 -0.018839999999991086 -0.0001322105263158516 0.001255999999996149 -0.0020409999999992934 -0.0013386315789472377 0.0017269999999991459
48 42 0.9523620000000004 1.29848734 1.6660683 0.0011932000000000054 0.007363300000000184 0.014993499999999993 0.2759413589760925 0.09831340000000033 1.2709464000000001 -0.8738620000000008 -0.668919157894737 -0.4352039999999979 -0.08540800000000126 -0.04726526315789485 0.024335000000000884
48 43 0.6018438 0.72090632 0.8137781000000002 0.1932748500000001 0.20063030000000004 0.20512835000000013 0.20921615455634723 0.04439959999999976 0.5734268 -0.33126999999999684 -0.3018035789473684 -0.20127399999999795 -0.04443099999999922 -0.013402842105263085 0.01742700000000208
48 44 0.387162 0.39117492000000004 0.39427409999999985 0.1012963999999999 0.10270939999999984 0.10429510000000014 0.157890555813035 0.011429599999999818 0.02593639999999997 -0.028259999999999952 -0.011138736842105236 0.012560000000001459 -0.00989100000000187 0.005354526315789301 0.013973000000000457
48 45 1.9898023 2.3629724600000004 2.7341236 0.0988001 0.1058494000000001 0.15335759999999987 0.26920789242067844 0.09030639999999979 1.1805772 -1.223029999999996 -0.6213564210526317 -0.1114700000000024 -0.07536000000000098 -0.041034842105262974 0.02480600000000055
48 46 0.6547528000000002 0.6556822400000002 0.6560873000000002 0.30648755 0.3083322999999999 0.30922720000000004 0.15565582837609235 0.004615800000000281 0.0023236000000004253 0.0 0.0006610526315790242 0.006279999999998509 -0.004709999999999992 -0.002297157894736811 0.00031399999999903727
48 47 -1.6603064 -0.70921924 0.23944069999999995 0.2523146999999999 0.28680760000000016 0.30984734999999985 0.36583072499838554 0.10550400000000026 2.1173648000000007 0.1095860000000004 1.11440252631579 1.512224000000001 -0.03328400000000009 0.05215705263157902 0.16186699999999998
