52 0 -1.0543649 -0.5459769200000001 -0.017191500000000137 0.18099745000000006 0.20138389999999995 0.21425790000000006 0.29576563972450004 0.04571839999999994 1.5373439999999998 -1.247836 -0.8091284210526314 -0.45184599999999797 -0.02229400000000048 0.0215833684210526 0.06829499999999933
52 1 -0.4947384 0.05461402000000002 0.3844145000000001 0.014773700000000112 0.03416320000000006 0.05313665000000012 0.3668651949977484 0.107545 1.2674295999999998 -0.8007000000000009 0.6670682105263157 2.235680000000002 -0.15982599999999958 -0.013022736842105304 0.08635000000000059
52 2 0.037868400000000024 0.04489572000000006 0.05934600000000023 -0.033511650000000004 -0.025779400000000008 -0.01612389999999997 0.16428249272577392 0.052909000000000095 0.05400799999999961 -0.000628000000000295 0.02839221052631592 0.055264000000001534 -0.056205999999999756 -0.027846842105263208 -0.014287000000000605
52 3 -2.89350686 -2.7419459680000005 -2.61873645 -0.17196209999999995 -0.15241559999999998 -0.09538535000000004 0.2269191201597866 0.20227879999999976 0.59271896 -0.523563600000001 -0.07079873684210533 0.4759925999999992 -0.21681699999999915 -0.09677810526315778 0.0285740000000001
52 4 0.03879469999999996 0.3429665 0.62643 0.04693514999999987 0.06275289999999989 0.07581530000000003 0.26994647625634716 0.1389450000000001 1.1295836000000006 0.010675999999998353 0.5887995789473687 0.5815280000000023 -0.02716099999999999 0.0431006315789474 0.1287399999999994
52 5 0.39345770000000035 0.70882988 1.1067243999999998 0.010157900000000053 0.07424530000000007 0.08452094999999993 0.26816542143723876 0.09762260000000023 1.099942 -0.9385460000000001 -0.5789168421052632 -0.05118200000000073 -0.08933300000000033 -0.0513803157894738 0.029201999999999284
52 6 -0.10867539999999987 -0.006258019999999998 0.10109230000000002 -0.12248354999999994 -0.05717939999999999 0.048348150000000145 0.2148764001646274 0.2663662 0.23832599999999982 -0.32624600000000115 -0.12543473684210515 0.06060199999999849 0.07473199999999958 0.14019273684210526 0.17819499999999988
52 7 -0.18067560000000027 -0.17461540000000011 -0.16604320000000028 0.04109475000000018 0.048356000000000066 0.06330240000000009 0.15883649661621982 0.03008120000000014 0.015072000000000418 0.0 0.006379157894737151 0.001884000000000885 -0.015228999999999937 0.008180526315789518 0.0
52 8 -0.43446609999999997 -0.22589788000000005 -0.014208500000000068 0.06456625000000005 0.08895620000000004 0.11493185000000017 0.21901334900666558 0.12073299999999998 0.5717940000000001 -0.465662 -0.30094421052631587 -0.1218319999999995 -0.10675999999999908 0.051297684210526454 0.2632889999999999
52 9 -0.0017741000000003337 0.1427852199999999 0.2290629999999999 0.006821649999999957 0.018730100000000083 0.02181514999999984 0.20563368729838533 0.022513800000000028 0.37862119999999955 0.025748000000000992 0.19927431578947344 0.5262639999999985 -0.025747999999998772 -0.005552842105263195 0.013344999999999052
52 10 0.1472346 0.25787563999999996 0.3614139999999999 0.1294386500000001 0.14360790000000012 0.15024114999999988 0.20091868517609238 0.03149420000000003 0.4688019999999997 0.14883599999999886 0.24538273684210507 0.359216 -0.05212400000000006 -0.011072631578947428 0.016799000000000675
52 11 -0.29088959999999986 -0.275849 -0.2636501 -0.051786449999999984 -0.04185620000000001 -0.041243899999999944 0.16145607177800317 0.014443999999999901 0.0577131999999998 -0.0018840000000031054 0.030375368421052526 0.05463599999999902 -0.027945999999999804 -0.006775789473684238 0.008006999999999875
52 12 -0.21122779999999997 -0.18976276000000009 -0.16948150000000017 0.07289510000000005 0.07736960000000004 0.08900330000000012 0.16243074891367193 0.02348719999999993 0.060099600000000475 -0.0009419999999993323 0.029912631578947513 0.04458799999999874 -0.009420000000002204 0.01236168421052628 0.020096000000000558
52 13 -1.9519025 -1.6349289200000001 -1.6038806 0.054926449999999905 0.10314899999999994 0.13947880000000007 0.3131956028869204 0.10999420000000004 1.3000856 -0.09043200000000029 0.6842555789473684 0.803839999999999 -0.16736199999999757 -0.04723221052631577 0.05573500000000231
52 14 -0.26884680000000016 -0.25812055999999994 -0.24995970000000012 -0.008532950000000039 0.02226259999999991 0.028833050000000082 0.16572169476844908 0.07630200000000031 0.04967480000000002 -0.08195399999999742 0.011601473684210483 0.09859599999999968 -0.014443999999999013 0.02959863157894742 0.07316199999999995
52 15 -0.28054329999999983 -0.18301176 -0.08109049999999984 -0.22425879999999998 -0.2023887000000001 -0.1470304999999999 0.20794604222704774 0.20953219999999995 0.35808560000000034 -0.35230799999999896 -0.18846610526315807 0.019154000000001226 0.02716099999999999 0.11028010526315786 0.15542999999999974
52 16 0.6816468999999998 0.8527046800000001 1.0678197999999994 0.17938035000000002 0.20081870000000013 0.20254569999999988 0.22783650099583752 0.030960399999999888 0.7897100000000004 0.10581800000000197 0.324676 0.6047640000000021 -0.011775000000001645 0.011766736842105297 0.033912000000000386
52 17 0.6417532000000001 1.6931727799999998 2.7946628000000007 0.014875749999999854 0.05082090000000006 0.1094603999999999 0.4304125912232262 0.10688560000000003 2.5737951999999997 -2.544342000000004 -1.3546290526315787 -0.6572020000000012 -0.1299960000000011 -0.056255578947368434 0.028102999999999323
52 18 0.08201679999999989 0.1366528000000001 0.18750509999999987 -0.21293125000000007 -0.19907600000000003 -0.1896952500000001 0.1851768750028439 0.12519180000000008 0.2046652 -0.1808640000000028 0.007007157894736861 0.1463239999999999 -0.1285829999999999 -0.04761231578947367 0.03092900000000065
52 19 -1.7391832000000003 -1.22773058 -0.6139013999999999 0.0702810499999999 0.1046876000000001 0.11119525000000008 0.32068753564870395 0.09555019999999992 1.690262 -0.03359800000000024 0.8896115789473683 1.2779799999999986 -0.1212039999999992 -0.05028957894736838 0.028102999999997103
52 20 0.5512898000000003 0.89661758 1.207487 -0.03529359999999998 0.20022210000000007 0.30636980000000014 0.2850220255353279 0.5814965999999999 0.6943168000000002 -0.026689999999998104 0.32322168421052655 0.7281660000000012 0.14412599999999998 0.3060508421052632 0.5226530000000007
52 21 -0.6755396000000001 -0.10079400000000001 0.6985872 0.054062950000000054 0.06447989999999992 0.06859330000000008 0.34718216303978655 0.05228100000000002 2.1017904000000005 -1.6557219999999973 -1.1062054736842108 -0.4483920000000019 -0.058875000000001565 -0.02502084210526311 0.013973000000000457
52 22 -0.30216220000000005 -0.21962416 -0.13194279999999992 0.24822484999999994 0.4029718999999998 0.7694177500000001 0.23079119179328975 0.6671872000000003 0.19279599999999997 -0.10110799999999864 -0.07711178947368431 0.017898000000000636 0.01617100000000038 0.3336167368421055 0.7156059999999975
52 23 0.5136726000000001 0.66561406 0.8916344 0.23782360000000002 0.37744370000000005 0.5162866500000001 0.29790161846399055 0.7688290000000002 0.8786976000000006 -0.763334 -0.4624724210526319 -0.045215999999999035 0.17646799999999851 0.40464684210526325 0.6093169999999992
52 24 1.0174385000000001 1.02980068 1.1749095 -0.1152066000000001 -0.06802809999999992 -0.04902325000000002 0.24805570613341715 0.17238600000000015 0.8911320000000003 -0.6418159999999995 -0.46901684210526334 -0.12246000000000201 -0.14993499999999882 -0.09072947368421061 -0.03359799999999913
52 25 -0.08743329999999983 -0.08512853999999999 -0.08178130000000006 0.04691159999999983 0.052500800000000014 0.05764254999999985 0.15698179129965922 0.016610599999999698 0.011617999999999462 -0.027632000000004098 -0.004263789473683993 0.014444000000000123 -0.013973000000000457 -0.007899578947368391 0.0
52 26 -0.034210299999999805 0.18101785999999992 0.21893649999999987 0.28231739999999994 0.2910622999999999 0.3005921999999999 0.251276347157621 0.039124399999999726 1.0363884000000003 -0.7444939999999978 -0.4534821052631582 0.19153999999999893 -0.039093000000000044 0.002660736842105286 0.04568700000000314
52 27 0.5986410000000003 0.7296041200000001 0.8913675000000005 0.18412175000000014 0.18887100000000012 0.19273319999999994 0.21159246899902226 0.014255600000000257 0.6236040000000003 0.16642000000000046 0.27727852631578964 0.49737599999999604 -0.022607999999998407 0.00401589473684218 0.008164000000000504
52 28 0.4642176000000001 1.02214222 1.6717831000000007 0.03961110000000001 0.09539319999999984 0.10774124999999996 0.3751727365009331 0.1339838 2.3509808000000008 1.0277219999999998 1.237358315789474 1.3966719999999988 -0.006123000000000101 0.06979063157894737 0.12936800000000082
52 29 -0.030724900000000055 0.028916260000000006 0.09168799999999977 0.06321605000000013 0.0967905 0.11043379999999975 0.18454659747672925 0.07278520000000022 0.1976943999999996 -0.2103799999999989 -0.09615010526315783 0.0700220000000007 -0.011304000000000869 0.03655621052631578 0.09011799999999903
52 30 0.13784600000000014 0.16097838000000003 0.17138119999999957 -0.12509759999999992 -0.12252280000000004 -0.1192728999999999 0.16598993950793953 0.007379000000000024 0.12120400000000009 0.000628000000000295 0.06379157894736846 0.11869200000000024 -0.0136589999999992 -0.0006114736842106382 0.013187999999999533
52 31 -0.022215499999999833 0.3668462 0.7727853999999997 0.0018918499999999172 0.03089759999999997 0.03561545000000016 0.2721978157907421 0.06650520000000015 1.1938280000000003 0.08886200000000066 0.6283305263157897 1.1310280000000028 -0.06719599999999937 -0.03500273684210534 0.014129999999999976
52 32 0.09258290000000013 0.09744362000000006 0.09603690000000009 0.0802897999999998 0.08226800000000001 0.08353185000000002 0.15798273860157008 0.0063741999999997745 0.032781599999999855 -0.027945999999998694 -0.014344842105263118 0.0012559999999983695 -0.013031000000001125 -0.0004462105263157069 0.013031000000000015
52 33 -0.07521869999999997 -0.06600280000000003 -0.0515274 -0.13147180000000014 -0.10641460000000003 -0.0913426 0.16269711805125153 0.04581259999999987 0.03849639999999965 -0.045216000000003476 -0.015072000000000068 0.014130000000001086 -0.04568699999999981 -0.021004947368421043 0.0010989999999999611
52 34 0.18405110000000002 0.3347083000000001 0.5570674 1.1995742000000003 1.2149445 1.22465495 0.2802101243410604 0.1588525999999999 1.270444 -0.9181360000000005 -0.6686547368421052 -0.43237799999999993 -0.13784600000000147 -0.08360663157894732 -0.0034539999999982918
52 35 -0.0937133 -0.0890347 -0.0808863999999998 0.07375860000000001 0.08101200000000008 0.0846622500000001 0.15883700393532796 0.01846319999999979 0.028825199999999995 -0.012559999999999238 0.008163999999999979 0.026376000000001287 -0.015071999999999308 -0.001140315789473694 0.015386000000001676
52 36 -0.21075679999999997 -0.20879430000000002 -0.20452389999999987 0.04577334999999988 0.04601669999999991 0.046935149999999926 0.15676413765188846 0.0024492000000000402 0.012308799999999565 -0.0015700000000018477 -0.005090105263157949 0.003140000000001475 -0.002983000000000846 0.0007106315789471763 0.007064999999998323
52 37 -0.05736780000000019 -0.03594358000000002 -0.016422200000000053 -0.020386449999999945 -0.01271700000000009 -0.009263000000000077 0.16386658418755734 0.01422419999999991 0.06794959999999994 0.028259999999999952 0.035762947368421026 0.07065000000000321 -0.0031399999999992545 0.006048631578947288 0.024334999999999773
52 38 -0.13903920000000003 -0.10855922000000007 -0.07727540000000022 -0.1569372 -0.15403270000000002 -0.13965935000000007 0.16663580034551914 0.03485399999999994 0.09997759999999989 0.0025119999999989595 0.052619789473684155 0.09294400000000147 0.0020409999999992934 0.018344210526315758 0.0285740000000001
52 39 -0.03359800000000002 -0.03134347999999996 -0.02907639999999978 0.11895889999999992 0.12189480000000008 0.1257805500000001 0.15654526828055093 0.016924600000000067 0.006656800000000018 -0.026375999999999067 -0.0018509473684209872 0.025433999999999735 -0.013501999999999681 0.0052223157894738 0.014444000000001234
52 40 -0.1731552999999999 -0.16502584000000003 -0.16359400000000024 0.07501459999999982 0.0783587 0.08044679999999982 0.16303281452450005 0.009043199999999807 0.07341320000000051 -0.00251200000000118 0.03863852631578974 0.000628000000000295 -0.011617999999997686 -0.00475957894736832 0.007536000000000209
52 41 1.1841410999999997 1.2052010800000001 1.3517857000000002 0.11309494999999986 0.31990320000000017 0.4695556000000001 0.29694148653914976 0.5733325999999999 0.8095548000000008 -0.5422780000000005 -0.42608147368421095 0.09231599999999673 -0.03862200000000038 0.07321157894736843 0.4950209999999977
52 42 -2.64731516 -2.4568110459999994 -2.3738557 0.1729826000000001 0.1871754 0.25733084999999994 0.23911394891424514 0.1292424000000003 0.79138676 -0.5114431999999991 -0.3905003157894737 -0.03378639999999988 -0.1422419999999991 -0.06678284210526327 0.025433999999998624
52 43 -1.8164586 -1.6182021399999997 -1.3824321 0.2157729499999998 0.21870100000000003 0.23604950000000008 0.228146356623863 0.04056879999999996 0.6162563999999997 -0.517472000000001 -0.32434547368421035 -0.3218500000000002 -0.046629000000000254 -0.02024473684210525 -0.0018839999999997747
52 44 -0.24487289999999984 -0.17704261999999998 -0.11663530000000022 -0.16679679999999997 -0.14302700000000002 -0.09472594999999995 0.17977189783978673 0.10054279999999993 0.1207644000000001 -0.10990000000000055 -0.023467368421052435 0.11932000000000054 -0.023235999999999812 0.032325473684210515 0.10189299999999957
52 45 -0.45424810000000015 -0.30765406000000006 -0.1519446000000002 -0.09482799999999997 -0.09093439999999997 -0.08100415 0.19097978079137898 0.034414399999999956 0.37548119999999985 -0.34068999999999905 -0.1715431578947368 -0.04207599999999978 0.013187999999999533 0.018112842105263136 0.045058999999999516
52 46 0.044682200000000005 0.39533228 0.8185979999999999 -0.013392100000000018 -0.0056363000000000385 -0.0022529499999999203 0.24390818554042348 0.05403940000000018 0.9489708000000001 -0.6754140000000031 -0.499392210526316 -0.12308800000000009 -0.05714799999999909 -0.019120947368421095 0.0087920000000008
52 47 0.08320999999999978 0.08394162000000002 0.08603600000000045 0.14161400000000013 0.14164540000000003 0.14164540000000003 0.15517464448182483 0.0013502000000000791 0.005526399999999931 -0.000628000000000295 -0.0014873684210529796 0.0 -0.00015699999999951864 1.6526315789423013e-05 0.00031399999999903727
