57 0 0.06637959999999987 0.06971113999999998 0.07185889999999995 0.06353790000000009 0.06473110000000004 0.06484885000000001 0.15628201367672934 0.004615800000000281 0.016014000000000195 -0.027631999999999657 -0.008428421052631682 0.00125600000000059 -0.014443999999999013 -0.0009420000000000334 0.013187999999998423
57 1 -0.07714980000000016 -0.0032090800000000195 0.07526580000000005 -0.18157050000000013 -0.1613175 -0.08906610000000009 0.2020884224614427 0.1434666 0.3707083999999998 -0.03202799999999728 0.14556378947368434 0.3450860000000011 -0.11869199999999913 0.0026111578947369 0.1320369999999993
57 2 -0.5999441 -0.5672912400000001 -0.5692820000000001 0.11632914999999999 0.15855430000000015 0.16864154999999986 0.18051830771494584 0.0690172 0.2091867999999999 -0.04207599999999978 0.11009831578947363 0.2612480000000006 -0.02370700000000059 0.027879894736842287 0.08776299999999959
57 3 -0.17018800000000012 -0.12210203999999995 -0.043724500000000166 -0.28317305 -0.24341279999999998 -0.22374070000000007 0.19625364906144255 0.13746920000000018 0.3131835999999999 0.057776000000000494 0.16483347368421047 0.27066799999999835 -0.05165300000000039 0.06929484210526328 0.17678199999999866
57 4 -0.30180110000000016 -0.10119592000000008 0.2035034 -0.0243663999999999 -0.02062980000000003 0.003053649999999908 0.2313156135665381 0.05168439999999985 0.7986903999999999 -0.7017899999999977 -0.41457915789473676 -0.042703999999997855 -0.062485999999999375 -0.022921999999999956 0.023078999999999184
57 5 0.06539049999999957 0.09303192000000009 0.1381914000000002 0.1469049 0.15123810000000004 0.1539620499999999 0.1743019649302325 0.04797920000000033 0.16064239999999996 -0.13282200000000355 -0.08454863157894735 -0.0012560000000028104 -0.03956399999999971 -0.025252210526315964 0.0020410000000004036
57 6 -0.24636440000000015 0.059355420000000006 0.36532330000000024 -0.10380054999999999 -0.09181360000000005 -0.07630984999999996 0.23132554982067824 0.04147939999999983 0.7041764000000006 -0.6973939999999978 -0.37061915789473715 -0.1067600000000013 -0.02229400000000048 0.017402210526315843 0.05589199999999961
57 7 0.05224960000000012 0.05411162000000012 0.055012800000000084 -0.20959499999999998 -0.20114840000000012 -0.1992016000000001 0.1560393739391497 0.011869200000000024 0.005589199999999739 -0.004395999999997624 -0.0029416842105261785 0.0 -0.002197999999998812 0.005321473684210572 0.012560000000000349
57 8 -0.061967899999999854 -0.05234379999999998 -0.04892119999999989 -0.08959204999999992 -0.07939489999999993 -0.07123089999999999 0.16346551312449997 0.04826179999999991 0.052312399999999926 -0.028259999999999952 -0.02254189473684194 0.0021979999999999222 0.013031000000000015 0.025400947368421006 0.02873100000000184
57 9 -0.006060200000000071 0.026366580000000094 0.048685700000000165 -0.04394429999999999 -0.038559200000000016 -0.032875800000000066 0.16734789960793942 0.018149200000000087 0.10098239999999992 -0.17144399999999838 -0.05314863157894732 0.06625399999999448 -0.03218499999999902 -0.0023632631578947368 0.01836899999999919
57 10 0.025669500000000234 0.02691294000000004 0.029029300000000036 0.1812408000000001 0.1825753 0.18390979999999985 0.15648688176271655 0.008509400000000333 0.014381199999999872 -0.015386000000001676 0.0028755789473684863 0.02606200000000447 -0.0010989999999999611 0.004412526315789618 0.014130000000001086
57 11 -0.08583190000000007 -0.0759095 -0.06765129999999997 -0.17295119999999997 -0.1634527 -0.15012340000000007 0.16187370156016878 0.045906800000000025 0.026752800000000576 -0.02857399999999899 0.0028755789473682526 0.004710000000001102 0.007536000000000209 0.024161473684210538 0.0422329999999993
57 12 -0.5088526999999999 -0.44711088000000004 -0.39870150000000026 0.07871980000000006 0.0936034 0.1167452 0.19924682942258914 0.1550218000000001 0.17376760000000013 -0.1981339999999987 0.08996926315789469 0.3893599999999986 -0.16170999999999935 -0.06831978947368428 0.020253000000000076
57 13 0.11834660000000008 0.11741716000000002 0.1282532999999998 0.008572199999999752 0.011696499999999999 0.016092500000000065 0.16702425324679301 0.018463200000000457 0.10041720000000076 -0.040192000000003336 -0.052851157894737245 0.0 -0.014130000000001086 -0.006676631578947233 0.02119500000000163
57 14 -0.37683140000000015 -0.17938192000000003 -0.009310099999999988 -0.26954545 -0.22582880000000005 -0.15322414999999995 0.21644090476844924 0.12224020000000002 0.5652628000000002 0.19153999999999893 0.287062105263158 0.39250000000000007 -0.15700000000000047 -0.06389073684210524 0.009734000000001242
57 15 -0.7621408000000002 -0.4514692 -0.0862244000000002 -0.3038578 -0.2679205 -0.2517024000000001 0.2986357274983853 0.09357199999999999 1.4342892 0.45027599999999834 0.754889052631579 0.9737139999999966 -0.08352399999999927 0.036291789473684076 0.09718299999999958
57 16 -0.2409165000000001 -0.13339348 -0.018730100000000083 0.12786079999999989 0.12983900000000004 0.1319428000000002 0.18771935244870377 0.00825819999999955 0.3656843999999997 -0.29830000000000023 -0.1259305263157895 0.015386000000001676 -0.013187999999998423 0.003007789473684104 0.016642000000000046
57 17 0.02986140000000015 0.09170684000000015 0.15053160000000032 -0.11880189999999996 -0.1174987999999999 -0.11416254999999992 0.17444806756271658 0.025496799999999986 0.16842960000000007 -0.17427000000000303 -0.08864715789473687 -0.03862199999999927 -0.0021979999999999222 0.0027433684210526345 0.020723999999999743
57 18 -0.09379180000000009 -0.07189030000000003 -0.05228099999999991 -0.2711390000000001 -0.2674809 -0.2644194000000001 0.16144768673532814 0.013093800000000044 0.06443280000000007 0.004081999999998587 0.03384589473684211 0.05808999999999953 -0.0012559999999994798 0.0062799999999999115 0.01491499999999979
57 19 -0.10234830000000017 -0.08252548 -0.045781199999999966 -0.13223325000000008 -0.11395060000000001 -0.11097545000000009 0.182131255214309 0.17574580000000006 0.08867359999999991 -0.13721799999999895 -0.04382778947368423 0.041447999999997265 -0.10456200000000027 -0.09249778947368424 -0.0010989999999999611
57 20 -0.07275379999999998 -0.09059214000000004 -0.06540620000000008 0.08174990000000004 0.0824878 0.08361820000000009 0.1754121905340541 0.021948599999999763 0.20981479999999975 -0.07410399999999928 -0.11042884210526302 0.00125600000000059 -0.017741000000001117 -0.01155189473684198 0.00047099999999966613
57 21 -0.09850179999999997 -0.09811244 -0.09200199999999992 -0.10515075000000007 -0.10362000000000005 -0.10333740000000008 0.15747534897927706 0.007598800000000017 0.020598399999999906 -0.029201999999999284 -0.010841263157894687 0.000628000000000295 -0.008477999999999541 -0.0011568421052632338 0.0009420000000004425
57 22 0.11556769999999983 0.15141707999999993 0.17395599999999956 0.30928214999999987 0.3140470999999999 0.36168875 0.1676973006595318 0.07124660000000005 0.07906519999999961 -0.02825999999999551 0.038638526315789276 0.055263999999999314 -0.064055999999999 -0.037498210526315814 0.01475799999999916
57 23 -0.0815458 0.005915760000000003 0.12112550000000022 0.22595439999999994 0.22826230000000003 0.23348254999999996 0.19520904130157007 0.021414800000000067 0.4313104000000001 -0.1190060000000015 0.1621231578947367 0.3965820000000009 -0.0007849999999998136 0.011270947368421089 0.026376000000002398
57 24 -0.09068319999999996 -0.07203473999999999 -0.05494999999999983 -0.08445030000000009 -0.08107479999999989 -0.07933995000000005 0.15906135574934077 0.006939399999999818 0.03554479999999982 -0.02982999999999736 -0.01864168421052619 0.0003140000000012577 -0.0010989999999999611 0.003635789473684165 0.013031000000000015
57 25 9.419999999971118e-05 0.03495134 0.09481229999999996 0.029680850000000036 0.06331809999999993 0.07459854999999987 0.18301334880411788 0.056457199999999874 0.16830399999999957 -0.17584000000000266 -0.08223494736842112 0.10110800000000086 -0.045059000000000626 -0.005007473684210483 0.04709999999999992
57 26 -0.03769570000000022 -0.033707900000000054 -0.031070300000000106 0.3815727999999998 0.3828916 0.3831742 0.156701329791379 0.005589199999999961 0.019781999999999744 -0.022921999999998555 -0.00756905263157888 0.0 -0.00047099999999966613 0.0028259999999999835 0.006751000000000396
57 27 0.11049659999999972 0.11779710000000002 0.11988520000000003 0.026627199999999962 0.029421799999999942 0.03355090000000005 0.15844608432959553 0.007598800000000017 0.032153600000000004 -0.02825999999999551 -0.016922947368421055 -0.013188000000003974 -0.014130000000001086 0.0023797894736842765 0.021508999999999556
57 28 -0.02593640000000008 -0.012186340000000007 0.003830799999999801 -0.36675985000000005 -0.3584938 -0.34529795000000013 0.1634548269773662 0.04377160000000013 0.05570359999999974 -0.030457999999999874 -0.02931768421052618 0.0 0.000628000000000295 0.022955052631579036 0.033912000000000386
57 29 -0.48093810000000026 -0.24668154000000006 -0.009074599999999933 0.06575944999999983 0.07058720000000007 0.07873549999999985 0.21914591471749376 0.0727852 0.6244831999999998 -0.5906339999999988 -0.2303768421052629 0.01475799999999916 -0.0522810000000018 0.038307999999999995 0.07347600000000232
57 30 0.013753199999999799 0.04939534000000001 0.07647469999999967 -0.22690424999999997 -0.2263155 -0.22509089999999998 0.16497329483978665 0.0044902 0.11253760000000046 -0.1353340000000025 -0.02257494736842102 0.0700220000000007 -0.00047099999999966613 0.0023632631578947368 0.014600999999999642
57 31 0.04201319999999997 0.04644374000000009 0.05036560000000012 -0.0824878 -0.08115329999999998 -0.08057240000000016 0.1565420003805509 0.004050600000000015 0.013690400000000214 0.0 0.007205473684210639 0.02731800000000062 -0.006907999999999914 -0.0021318947368421134 0.0007850000000009238
57 32 -0.09815640000000003 -0.07787199999999997 -0.057885900000000046 -0.1890437000000001 -0.1697955 -0.1553829 0.16869561976717515 0.08396359999999992 0.07718119999999962 -0.0003140000000012577 0.03450694736842114 0.06280000000000285 0.013816000000000939 0.04419136842105259 0.05934600000000012
57 33 -0.1684924 -0.01909120000000004 0.16532099999999972 -0.06682704999999994 -0.05650430000000006 -0.04708429999999997 0.19205142924679297 0.03161980000000009 0.23663040000000013 -0.0395639999999986 0.11915473684210526 0.3055220000000003 -0.01491499999999868 -0.004296842105263073 0.024021000000000736
57 34 0.10098239999999992 0.10564215999999997 0.10897369999999995 0.05316019999999999 0.05487149999999996 0.055358200000000135 0.15630942778564647 0.007127799999999906 0.013753200000000021 -0.00125600000000059 -0.0057511578947367385 0.0 -0.000628000000000295 0.0028921052631579094 0.01365900000000142
57 35 -0.13971430000000007 -0.12804292000000003 -0.10911500000000018 -0.18675150000000001 -0.18373709999999988 -0.17966295 0.16408166662641085 0.028228600000000048 0.08007000000000009 -0.06279999999999841 0.0028755789473684863 0.04553000000000029 -0.02464899999999992 -0.014857157894736867 -0.007222000000000062
57 36 2.0742682999999995 2.3678394600000003 2.7789627999999995 -0.5090960499999999 -0.3839749000000001 -0.2054659000000001 0.31855778715762095 0.3516486000000001 1.4955191999999995 -1.3181719999999997 -0.7871153684210523 -0.2025299999999941 -0.3220070000000008 -0.16101589473684208 0.00989099999999965
57 37 0.19226219999999972 0.19321361999999992 0.19488409999999978 -0.008171850000000036 -0.006123000000000101 -0.002747500000000014 0.1558035141633534 0.005369399999999969 0.005651999999999102 -0.00031399999999903727 6.610526315745833e-05 0.00125600000000059 -0.001884000000000885 0.0014708421052632061 0.007692999999998618
57 38 0.10245819999999983 0.15262598 0.20037910000000003 0.11389564999999996 0.11644689999999991 0.11968109999999998 0.16951384649328977 0.00549500000000025 0.14437719999999965 -0.1212039999999992 -0.008130947368421132 0.07535999999999765 -0.007850000000001467 0.0017517894736843321 0.010205000000000908
57 39 0.12621230000000028 0.13135562000000006 0.1440475 0.09662565000000001 0.11314990000000003 0.13476095 0.1719346130308695 0.08509400000000023 0.08057239999999988 -0.07912799999999942 -0.0382749473684208 -0.004395999999995404 -0.12512899999999938 -0.044786315789473806 0.06232900000000097
57 40 -0.3525121 -0.30862432 -0.28944519999999985 0.036902849999999876 0.04499620000000004 0.04554569999999997 0.16738971844360828 0.01463239999999999 0.12446959999999985 -0.13030999999999793 -0.0655103157894736 -0.0015699999999996272 -0.013973000000000457 -0.006263473684210605 0.006751000000000396
57 41 0.09781100000000009 0.17425430000000006 0.25470110000000035 -0.003430449999999974 -0.0011931999999998943 0.011429600000000095 0.17134015783914963 0.017897999999999747 0.16560359999999985 -0.14192800000000227 -0.08715978947368413 -0.0028260000000002172 -0.014601000000000752 0.0069410526315789355 0.012873999999999386
57 42 -0.6491008 -0.5373796 -0.39609529999999993 0.01085655000000002 0.03245190000000009 0.11373080000000013 0.22118460059838527 0.21882659999999987 0.5152739999999998 -0.4926659999999994 -0.04339810526315783 0.43112199999999934 -0.08572199999999919 0.018525999999999997 0.15747099999999903
57 43 -0.05623739999999999 -0.01960301999999998 -0.0006593999999998656 -0.04247634999999994 -0.003218500000000013 0.005746200000000146 0.18567545383532796 0.10475040000000013 0.2454224000000007 -0.19499399999999945 -0.07476505263157925 0.060288000000001674 -0.10911500000000074 -0.05513178947368428 -0.007692999999998618
57 44 0.12195760000000022 0.20410628000000006 0.3311915000000002 -0.27681455000000005 -0.2694434 -0.25963875000000003 0.2021874721977484 0.0543220000000002 0.48387400000000014 -0.1670479999999963 0.1282111578947371 0.4559279999999988 -0.07033600000000084 -0.013749894736842136 0.0483559999999994
57 45 0.14243040000000007 0.1911883199999999 0.24396229999999952 -0.08491345 -0.07884540000000007 -0.0721650499999999 0.1707009454971115 0.01591980000000004 0.1547392000000003 -0.1321939999999988 0.0025450526315788573 0.00031400000000347816 -0.03328400000000009 -0.001107263157894731 0.014600999999998532
57 46 0.3311915000000002 0.33828476000000013 0.3400306000000002 -0.29730304999999996 -0.28619530000000004 -0.2831338 0.16054353064551907 0.031148799999999977 0.037679999999999936 -0.028259999999999952 -0.013551578947368243 -0.000628000000000295 0.0021979999999999222 0.013584631578947322 0.029987000000000208
57 47 1.3518171000000003 1.4049302000000001 1.4459072000000002 0.35730059999999997 0.3612726999999999 0.36274064999999994 0.1942272885843726 0.057681799999999894 0.39281400000000044 0.051496000000001985 0.20674421052631603 0.29578799999999905 -0.02370700000000059 -0.0303588421052631 0.0004709999999974457
