6 0 -0.33250000000000046 0.0791733470372916 0.43779577421908367 -0.52 -0.48 -0.44 0.27529496133054043 0.26783682469680503 1.0695814645003738 -0.7836352223352956 -0.5629376128949337 -0.39509960786569487 -0.29125164053326047 -0.11465096036673947 0.10000000000000009
6 1 2.775 2.9216201482488677 3.06 -0.17 -0.09 -0.05 0.26417754647640984 0.65 0.6100000000000003 -0.3939334948949291 -0.25786079418593705 -0.09999999999999787 -0.5995163171495896 -0.34210526315789475 0.0
6 2 -2.6803498693346692 -2.5388312378081803 -2.39 -0.15283955444564626 -0.1445762004175355 -0.1375 0.21275091018134093 0.05000000000000002 0.5592226281970505 -0.5472152218298643 -0.2943276990510792 -0.04576617753186962 0.0 0.026315789473684223 0.09576200417535499
6 3 2.6600000000000006 2.743462654051022 2.794727640614071 0.21174624933280686 0.294564415486102 0.37249999999999994 0.21179813700616193 0.29622018342723444 0.33357914640734876 0.0 0.17556797179334147 0.3524414214742011 -0.17849326319674785 -0.15590535969854447 -0.10000000000000009
6 4 -0.5556971954623212 -0.4726014367596608 -0.36520329808660623 -0.6131350114416472 -0.6054065961732129 -0.6 0.17874702713964888 0.030000000000000027 0.21200290511673991 0.0031714757849105046 0.11158047637723152 0.20000000000000462 -0.004065961732129253 0.0 0.0
6 5 -0.1674004095924963 0.07081515153885332 0.39119956842568415 -0.79625936200454 -0.5706043283791635 -0.3743869756873303 0.298048316843753 0.694329859603416 0.9506725274841878 0.28065541846016395 0.5003539618337832 0.6507412621367916 -0.47089238845145626 -0.3654367682123243 -0.2559153341183043
6 6 -0.10000000000000009 -0.007071702032765012 0.04184305434647552 0.174943749742915 0.3451440531888647 0.4403362706453398 0.22360011667027505 0.30619017461322917 0.450523454262694 -0.19327458709320855 -0.06941736284934705 0.28036655931986887 -0.15 -0.002005171256195175 0.09327458709320391
6 7 -2.8925 -2.848013365093286 -2.8000000000000003 -0.31 -0.29000000000000004 -0.2175 0.18708401152176568 0.18 0.15999999999999925 -0.19999999999999574 -0.08421052631578908 0.001336509328653257 0.0 0.09473684210526317 0.14999999999999986
6 8 -0.2642980785967415 -0.25000970382999776 -0.17417315486385132 -0.6029639105157623 -0.3489131276994855 -0.23700008341674975 0.24441441627845856 0.5184242805280664 0.3621481186143784 -0.4742678627793856 -0.19060427295493598 0.024764220655306007 -0.46815560084601776 -0.014295919493085806 0.361037772637834
6 9 2.1875 2.4067937482963533 2.6259731992924515 -0.4427708249106956 -0.29000000000000004 -0.2563881369389545 0.24329832047941521 0.3689130878094511 0.6376501538324346 -0.6245281849520068 -0.31455271254338707 0.044240739192238365 0.09712213477174436 0.1890494487492068 0.31343595871504215
6 10 0.06000000000000005 0.21159923989964896 0.307338257853666 -0.3524595644634164 -0.34 -0.2525 0.2396561726436308 0.33999999999999997 0.6299999999999999 -0.51325278423072 -0.32631578947368406 -0.10000000000000231 0.09999999999999967 0.17894736842105263 0.2999999999999998
6 11 2.525376374243567 2.9945241205117394 -2.7197269863493174 -1.0150000000000001 -0.9498814675090068 -0.7846261753262834 0.36153473004947206 0.4610920546027306 1.2700330261376278 -0.9018863558443369 -0.4901600121194867 -0.14415736020857217 -0.28833509769032484 -0.24268002873827926 -0.18803698789087553
6 12 0.024199586719319804 0.3145939855490155 0.5910204734895403 -0.07830041328068024 0.18937989819827084 0.5338213689077893 0.3520613145745927 1.0568706624397668 1.2163896023745036 -0.7556478598762334 -0.6402050538813177 -0.40167279287643287 -0.6681718115821247 -0.5562477170735616 -0.34988892334364197
6 13 -0.20206575950361305 0.07201247760287614 0.3081780744569361 -0.19 -0.175 -0.1479610622681078 0.2528511761542082 0.29191265465303334 0.830224858817079 0.12782459352964848 0.4369604520089889 0.7112100125935154 0.0 0.15363823929107018 0.1290146214624037
6 14 -0.4604530187597271 -0.381977191285511 -0.31045271150363657 -0.3130999610505225 0.15795873728089288 0.48 0.27446811470389887 1.1750793845775784 0.17999999999999972 -0.03452069853327383 0.07405418161070774 0.13503568916110764 -0.9554677886861017 -0.6184628339881991 -0.10000000000000009
6 15 2.1350000000000007 2.1424458470970356 2.1925 -1.0625 -0.9635955334987593 -0.81 0.22960782500942573 0.5800000000000001 0.2599999999999998 -0.09999999999999787 0.11052631578947367 0.262573727773352 -0.3999999999999998 -0.30526315789473685 -0.2067123287671252
6 16 0.10000000000000009 0.17330079328885095 0.2395720883897859 -0.030676762335436508 -0.02 0.0 0.18923748560308143 0.09000000000000001 0.3013837306816812 -0.1821311368797028 0.03084870199900544 0.03865057269408563 -0.06870362767481622 0.0368421052631579 0.1
6 17 -2.3062958956477897 -2.1807493129914 -2.0650000000000004 0.22 0.23 0.25 0.19627489708402793 0.07999999999999999 0.39000000000000057 0.049999999999998934 0.20526315789473715 0.2905144093782863 -0.025530457737706486 0.026315789473684206 0.08168387242254424
6 18 -0.18724433474964616 -0.16828838893042014 -0.11201104777687433 -0.22732251037344395 -0.18550905125409045 -0.16525566525035384 0.20459248302343797 0.18 0.38890956713537456 0.008565374330762425 0.20468924586072348 0.28689395679725216 -0.1948866949929233 -0.09473684210526315 -0.002389297315776029
6 19 0.27 0.2955354226252378 0.3126705322993786 -0.1046956675249887 -0.1 -0.065 0.17133042946747595 0.12 0.06295659595220632 -0.07782303947343472 0.03313505050116122 0.09999999999999787 0.0 0.06315789473684211 0.1
6 20 -2.449769277613618 -2.077243068693629 -1.7600000000000002 -0.8321620987021857 -0.7700670945157524 -0.5680930130625628 0.2737544182565126 0.567817522136947 0.7204518736223364 0.049999999999998934 0.3791851966433349 0.6312075168117892 -0.40148418127642527 -0.2988513274404984 -0.18431466875572677
6 21 -1.0859133399579777 -0.6013956441280552 -0.017949611517371407 -0.7588001109950366 -0.496614256468774 -0.32876960417408757 0.36681066710226334 0.900519970342673 1.5500000000000007 0.34914916541971097 0.815789473684211 1.1221274120176288 -0.6956542460964388 -0.47368421052631576 -0.2110662523018264
6 22 0.3797693064980999 0.45451256145094154 0.5136095546092031 0.13806560283687905 0.16545174721189548 0.24495122281688272 0.19837032827300474 0.17814607281227057 0.18443821843681152 -0.18810113852673338 0.06608514819115163 0.3195154585009233 0.0008886452727497468 0.08849793305908978 0.11582952885653572
6 23 -3.1125000000000003 -3.0633248089871024 -3.025 0.425 0.44 0.4525 0.18894852440163967 0.06 0.28999999999999915 -0.19625371923181145 -0.10000000000000002 0.0 -0.10000000000000009 -0.031578947368421054 0.006945828037512036
6 24 -1.6700000000000004 -1.5705628770479492 -1.5463695515554656 -0.01333531560615149 -0.01 -0.007564299344561307 0.20402136389875045 0.04 0.519029110684577 -0.45249950509205106 -0.24619049085743103 0.046589329782122935 -0.05 -0.01578947368421053 0.0
6 25 0.20738625081453496 0.3795193674375746 0.5325000000000002 -0.71 -0.5798743255387029 -0.29335102398277496 0.23818628793114052 0.5332684864635955 0.41136348497968467 -0.30714057240012815 -0.21650709735772877 -0.009339613187705209 -0.4186656910271558 -0.2775121210740158 -0.041609921099514946
6 26 -0.9424999999999999 -0.8713372169299483 -0.7999999999999994 -0.5725 -0.5437147116198604 -0.53 0.18618245112201093 0.06726691171273014 0.27000000000000135 -0.13817952614490925 -0.14210526315789546 0.0 -0.07436868503569782 -0.01435100616459485 0.0
6 27 1.2514069402464552 1.2334687415037753 1.27 -1.0 -0.99 -0.9317208207393648 0.2044112643205219 0.30999999999999994 0.2514569011105232 -0.2001660865947641 -0.13234573742659117 0.0 0.0 0.16315789473684203 0.30936174006514106
6 28 -0.4599999999999995 -0.41949999999999943 -0.38999999999999924 0.5375000000000001 0.55 0.57 0.17392526268814162 0.10999999999999999 0.11000000000000121 0.0 0.04736842105263244 0.10000000000000675 -0.08471713289836758 -0.042105263157894715 0.0
6 29 0.14986646488026373 0.16009964910746205 0.18000000000000016 -0.032296510566849984 -0.014043094625061911 0.030091320701814615 0.19215820138375117 0.32 0.09999999999999964 -0.09999999999999787 0.031578947368420845 0.05452960242892185 -0.21731728240927195 -0.15335116499992826 0.0
6 30 -1.2287017294731035 -1.1554301369419373 -1.0855954716228353 0.0796111372683304 0.09132842999469097 0.1 0.18294505627567836 0.033030826639595556 0.2799199247862396 -0.21190943245670169 -0.141286604775433 -0.0580115298206918 -0.007009224181421317 0.007480163640031753 0.05086331324461707
6 31 -0.16370506259516135 -0.037080930396708685 0.07545812946409322 0.36549319796954294 0.5700000000000001 0.671205062595162 0.23328596369520688 0.49 0.40815565919879926 0.10880602020708771 0.21481876799936805 0.2895857844131608 -0.3919662493655862 -0.2578947368421053 -0.10000000000000009
6 32 -0.366021534320321 -0.08182862849377778 0.12205007323324706 0.3615804542204898 0.66 0.7517035598120713 0.2888342523571636 0.66 0.5832642874968811 0.06390429958391705 0.3069812039457269 0.37390534133413067 -0.8950265424653872 -0.3473684210526316 0.19999999999999962
6 33 2.0754770135902323 2.2209878993517966 2.2526793043492646 -0.2025 -0.12618802832571827 -0.05865647913827852 0.25262272119637186 0.22209892741168186 0.6781104850004867 -0.19096869245892933 0.34153102656225487 0.7905970375652227 -0.09445204998596066 0.09046242138125175 0.44168729072646695
6 34 2.058531300138311 2.4688737455945233 2.851086796272337 -0.7548270776610918 -0.6510508574798137 -0.447162660815797 0.32120785419582293 0.4026370828407743 1.4918981898040435 -0.8840359965648248 -0.707554286878013 -0.6667907928315886 -0.24863759436718508 -0.21191425412672332 -0.10000000000000009
6 35 -1.239764266129724 -1.1487643059383499 -1.0418085881250498 0.20682701411602872 0.235 0.2922312558376494 0.2030450502887111 0.11967217894780591 0.40906898918826173 -0.3009163138257609 -0.21529946799382194 -0.10678298480184423 -0.10000000000000009 -0.004773152204348287 0.0
6 36 -1.1974998939823465 -1.0120291731333124 -0.7735039729328111 0.3145359140006636 0.38609530609943976 0.43360105240215396 0.2391047676502687 0.28551313012226914 0.6766348475917014 0.17491145895296656 0.35612360399563237 0.4612028774580712 0.02474226498593024 0.14500691059066798 0.2165765773825873
6 37 2.85 2.850093483300108 2.86 0.45726696551798696 0.46 0.46 0.16157600660978774 0.030000000000000027 0.0505753368634152 -0.05611250716394789 -0.026618598349165894 0.0 -0.048943113234544144 -0.01578947368421054 0.0
6 38 -2.215 -2.0280196188797297 -1.8254947964187094 -0.485 -0.39 -0.2367707013704935 0.2432589719107258 0.3441801192842955 0.6683602385685918 -0.547218703213157 -0.35176854661504836 -0.18838487835109552 -0.2618046758032898 -0.1811474312022608 -0.0866934398276864
6 39 -3.025 -2.9746526513122653 -2.9200000000000004 0.63 0.63 0.64 0.17748240590622927 0.050000000000000044 0.16999999999999993 -0.1499999999999968 -0.08947368421052627 0.0 0.0 0.01578947368421054 0.0
6 40 2.197223916767643 2.389022133593595 2.5843902899584545 -0.41 -0.15554401415869473 -0.12469607679813362 0.2531710532648864 0.19049273816361764 0.7300000000000004 -0.5323285312723702 -0.3631578947368428 -0.04815944511761927 -0.10000000000000009 -0.09999999999999998 0.1702452037444631
6 41 -2.134785717138635 -1.9906358922361247 -1.8995825688608508 -0.23979983462947693 0.18031923506007022 0.48405341874754654 0.32846644391783714 1.31 0.37810375511657046 -0.33958157386192234 0.05476058509275555 0.15428565722729326 -0.8981379238525623 -0.6894736842105263 -0.39981725708402027
6 42 -0.52 -0.5189742543399637 -0.52 0.16712327412627717 0.22 0.3704029003576237 0.19239104432842574 0.396267421294658 0.019999999999999574 0.0 0.00526315789473673 0.04742543399637811 -0.3 -0.20856180068139896 -0.10282880923816254
6 43 -1.8461351073549563 -1.712553236497428 -1.5991281020334136 0.09535509665718617 0.155 0.18 0.21219563877183983 0.17 0.451513476473276 0.09999999999999787 0.23763867182804002 0.3991560967890728 0.04298357289526433 0.07894736842105263 0.11424332853107677
6 44 -0.6761727505404672 -0.6135558855503593 -0.5499999999999994 0.16784596845799332 0.47200061327861376 0.6451106286186931 0.22761023381974904 0.5079475538160454 0.2392958650407972 -0.17845785849767926 -0.031208350021472358 0.20475538598416332 -0.5151352212762378 -0.26734081779791863 0.05079407862000229
6 45 0.6205830325269709 0.6971925302935033 0.7439810395911631 -0.09324051979558157 0.06896726794887112 0.11000000000000001 0.22408738143755763 0.36473601696242086 0.22999999999999998 -0.21920755857418595 0.09138414229566978 0.4109525449162432 -0.4827403984662606 -0.19196632471706357 0.0807924414258146
6 46 -0.23364394450535475 -0.10471679130864416 0.07002493106617748 -0.21 -0.2000546745665241 -0.2 0.18824613624254302 0.03 0.3402243722644558 -0.1921426045618082 -0.16934191137101479 -0.008041556081918658 -0.049606346099912435 -0.015789473684210527 0.006155558409302181
6 47 0.17981179286335974 0.18291837271264536 0.18999999999999995 -0.18 -0.16462358572671915 -0.16 0.16327050649527383 0.0597919289911128 0.03000000000000025 -0.049999999999998934 -0.005726166947649161 0.0037641427328086174 -0.09623585726719147 -0.031469436311112 0.0
6 48 0.28129847461003876 0.46468013560545013 0.7676024317236744 -0.8925 -0.865 -0.7233763392469447 0.27702405591286305 0.48000000000000004 0.9304562043795617 0.0586908002280323 0.489473684210526 0.6897527784125536 -0.3536237236584727 -0.24736842105263163 -0.04882954736956657
6 49 0.43999999999999995 0.4433767663679234 0.4498112633181135 -0.09 -0.08717566834715892 -0.08 0.15692217509246936 0.009999999999999995 0.010000000000000231 0.0 0.0 0.015456231500781403 0.0 0.0 0.0
6 50 0.9700000000000002 1.0145517154938066 1.0500000000000003 -0.1319292247021311 -0.005 0.10250000000000001 0.18807509738333178 0.27 0.11000000000000121 0.0 0.04266778009619849 0.10000000000000675 -0.2708537852696761 -0.14210526315789473 -0.01141550595737853
6 51 -2.1125 -1.8733595819807747 -1.7624999999999997 -0.5646688948065027 -0.535 -0.50986626746507 0.2426034017712953 0.1166688584955286 0.8600065754865851 -0.6487939476385207 -0.43244175662889583 -0.049999999999998934 -0.03334429247764309 -0.014036241313436124 0.10000000000000009
6 52 0.0209335272122984 0.040308656826470626 0.08000000000000007 -0.2603824458008838 -0.2346453046495619 -0.22 0.17403925772587053 0.09 0.11999999999999966 -0.15359368305677035 -0.035753257328989325 0.09377648525134419 -0.10000000000000009 -0.04736842105263158 0.0
6 53 -0.5706905013750785 -0.3870780469615383 -0.1575000000000002 -0.3922574399124468 -0.3654114592129714 -0.336074366431244 0.23110114834947412 0.2407313275633085 0.5907313275633084 0.15313873626375485 0.31091122503332025 0.4124105029304284 -0.10000000000000009 0.058790298901853236 0.1999999999999999
6 54 2.7648008549582364 -3.065519897296579 -2.6303601781276336 -0.9748110523273915 -0.7155784233560276 -0.4286504274791181 0.368719201778806 0.8200000000000001 1.290000000000001 0.3241011203003108 -2.626315789473684 0.828736771906271 -0.6505436678381158 -0.431578947368421 -0.11682467372569269
6 55 -1.4469376855842253 -1.4219627575797698 -1.4209164938075936 0.11 0.12087384718744315 0.21117916808201753 0.17941584569360655 0.13 0.11826938801182263 -0.04956403831799294 0.057894736842104964 0.09091969822900836 -0.17311082583005621 0.052631578947368446 0.2398404995728369
6 56 2.7498797961630697 2.8068866657768208 2.799909729187563 0.5127803937794163 0.7293479117856878 0.7704007580011227 0.2471701642983459 0.5178917135520016 0.44789171355200263 -0.31212866824617214 -0.2357324808168435 -0.04222382267034863 -0.5978554561958658 -0.2725745860800009 0.050000000000000044
6 57 1.5000000000000004 1.5095840942827876 1.5500000000000003 -0.5687407746240236 -0.358735343203361 -0.17750000000000002 0.24217035741768594 0.78 0.13000000000000078 -0.05087232096184224 -0.06842105263157935 0.09474344476641416 0.003095230023394402 0.4105263157894737 0.794692034216729
