65 0 -2.6325 -2.566185661764706 -2.515 0.22 0.22562500000000058 0.24 0.182958511561142 0.01874999999999888 0.3017647058823534 0.09999999999999787 0.15882352941176495 0.20000000000000018 0.0 0.006772445820432726 0.0
65 1 -2.8825000000000003 -2.8699411764705878 -2.8470588235294096 -0.07 -0.06 -0.05093750000000083 0.17228833015538159 0.028749999999998888 0.16000000000000014 -0.049999999999998934 0.047368421052631504 0.20000000000000018 -0.049999999999999975 -0.004605263157894149 0.049999999999999975
65 2 -0.08 -0.05450000000000001 -0.0375 0.13 0.14 0.15 0.16418490810986247 0.03 0.07 -0.09999999999999996 -0.0368421052631579 0.0 -0.0031249999999929945 -0.010526315789473679 0.0
65 3 -0.2325 -0.20700000000000002 -0.17 0.13 0.15 0.16 0.1641798369102195 0.03 0.06999999999999998 0.0 -0.03157894736842106 0.0 0.0 0.015789473684210527 0.0
65 4 0.09968749999999958 0.1899908088235295 0.29625 0.09 0.12 0.13 0.1885201200740753 0.09999999999999999 0.21000000000000002 -0.2794117647058713 -0.036842105263157905 0.17187499999998482 0.0 0.05263157894736842 0.10000000000000009
65 5 -0.05 -0.0166503157575142 -0.009374999999999778 0.23 0.23 0.24 0.17358152163158072 0.005384615384615793 0.20538461538461583 -0.2147727272727266 -0.10809716599190305 0.0052631578947437245 0.0 0.0024291497975706252 0.0
65 6 2.8775000000000004 -3.103137867647058 -2.772316176470591 -0.2625 -0.255 -0.24 0.24364117408414132 0.04000000000000001 0.8987132352941165 -0.049999999999998934 -2.832256191950466 0.6913602941176422 0.0 0.01578947368421054 0.0
65 7 -2.9460000000000015 -2.866312581699346 -2.8175 -0.052500000000000005 -0.03941176470588358 0.005156250000000694 0.20675785733622354 0.12 0.28117647058823225 -0.10588235294116455 0.1479876160990696 0.3470588235294336 -0.199816176470567 -0.06315789473684212 0.05000000000000001
65 8 1.4 1.4451203022875816 1.43 -0.05 -0.04 -0.03 0.18186687437333338 0.05 0.22722222222222088 0.0 0.1195906432748531 0.13611111111110352 -0.1 2.921639538487254e-18 0.09999999999999998
65 9 2.7515277777777776 2.764906862745098 2.8225 -0.24 -0.23 -0.23 0.18881122632346373 0.03352941176470539 0.353529411764705 -0.049999999999998934 0.1517027863777089 0.2972222222222265 0.0 0.007120743034055474 0.0
65 10 0.05699999999999762 0.07549730392156856 0.09588235294117672 -0.01 0.0 0.003593749999999792 0.16782342754279897 0.04562500000000083 0.04999999999999999 -0.09999999999999995 -0.0052631578947368455 0.09999999999999995 -0.1 -0.018092105263157455 0.0
65 11 3.0107628676470615 -3.0083761029411775 -2.9907812499999995 -0.13 -0.12333333333333334 -0.11 0.3283620852624599 0.08334558823529259 1.8880147058823455 -0.7494485294117603 -0.8265092879256913 0.062156862745110786 -0.10000000000000002 0.0299342105263155 0.10000000000000009
65 12 -0.23867647058823546 -0.22741911764705885 -0.22 0.305 0.34 0.34 0.1677475213169371 0.10000000000000003 0.03882352941176767 -0.07941176470589215 -0.0058823529411771245 0.03897058823530586 -0.04999999999999977 0.0 0.10000000000000009
65 13 0.15 0.1625833333333333 0.17041666666666666 -0.0925 -0.08 -0.08 0.16066001866201468 0.010000000000000009 0.05000000000000002 -0.049999999999999906 -0.026315789473684223 0.0 0.0 0.005263157894736839 0.0
65 14 0.02 0.022017034313725682 0.021781250000001667 0.16 0.16 0.16 0.1553397216925636 0 0.005882352941176717 0.0 0.0021671826625385693 0.0 0.0 0.0 0.0
65 15 3.1182352941176474 3.132271285991875 -3.1313235294117643 0.24 0.24 0.24 0.15976485050103453 0 0.05999999999999961 -0.03382352941176281 -3.28421052631579 0.06029411764704751 0.0 0.0 0.0
65 16 -0.042499999999999996 -0.03114705882352946 -0.02 -0.0125 -0.01 0.04 0.1677539468251904 0.09 0.05 -0.05 -0.01578947368421053 0.0 0.0 0.03684210526315789 0.09999999999999999
65 17 3.1213235294117654 -3.0281776960784312 -2.94 -0.07 -0.05 -0.04 0.17831648095635266 0.03 0.23000000000000043 -0.10000000000000231 -0.08947368421053115 0.0 0.0 -0.010526315789473686 0.0
65 18 2.8049999999999997 2.841264950980392 2.9079999999999977 -0.2425 -0.23 -0.1875 0.1838236853017285 0.07 0.23999999999999977 -0.07058823529410674 0.0684210526315789 0.20882352941176352 -0.10000000000000009 -0.03157894736842106 0.017647058823526962
65 19 -2.5572058823529407 -2.582946895424837 -2.5 -0.28250000000000003 -0.27 -0.27 0.20190193008017016 0.06 0.4182352941176464 -0.5441176470588172 -0.22012383900928756 0.049999999999998934 -0.09722222222220883 -0.031578947368421054 0.0
65 20 -0.07250000000000001 -0.015378676470588121 0.04 -0.06 -0.06 -0.06 0.1677300823562822 0.010000000000000009 0.07874999999999889 -0.10000000000000002 -0.03223684210526375 0.0 0.0 -0.005263157894736847 0.0
65 21 -0.36 -0.34059926470588253 -0.3475 0.09 0.09124999999999944 0.1 0.17089456164550282 0.03 0.12624999999999947 0.0 0.06644736842105237 0.050000000000000044 -0.01249999999999446 -0.015789473684210527 0.0
65 22 -0.09 -0.0719705882352942 -0.05 0.19 0.2 0.2 0.16161231836156092 0.010000000000000009 0.07058823529411642 -0.09999999999999995 -0.03715170278637706 0.0 0.0 0.0 0.0
65 23 -0.0025 0.020733455882352973 0.042499999999999996 -0.30470588235294194 -0.3 -0.29 0.16777410755813527 0.04999999999999999 0.1 -0.1 0.015789473684210527 0.10000000000000005 0.0 0.02105263157894739 0.050000000000000044
65 24 -0.2870588235294103 0.24326736111110928 0.8610477941176442 -0.02 0.015 0.03 0.38873322770985663 0.08 2.5311764705882327 -1.9137254901959466 -1.332198142414859 -0.7816176470588116 -0.09999999999999998 -0.010526315789473687 0.09999999999999998
65 25 2.9375 -2.685956454248365 -2.2171180555555594 -0.14 -0.12 -0.10750000000000001 0.32272174643721724 0.06176470588235271 1.805625000000001 0.0 -2.354934210526315 1.3025735294117313 -0.02333333333332549 0.00619195046439616 0.050000000000000044
65 26 -0.01343750000000125 -0.004562500000000085 0.01 0.03 0.03 0.03 0.157109773215952 0 0.02 0.0 0.010526315789473684 0.0 0.0 0.0 0.0
65 27 0.02 0.018033333333333495 0.02 0.04 0.04 0.04 0.15711484441559498 0.010000000000000002 0.01 0.0 0.0 0.0 0.0 0.0 0.0
65 28 0.0004687499999989596 0.01948660714285695 0.0325 -0.05 -0.05 -0.04088235294117739 0.16515561989971553 0.03 0.07 0.0 0.005263157894736843 0.1 0.0 0.005263157894736838 0.0
65 29 -0.4400274725274732 -0.16053162262040613 0.12463541666666575 0.1214062500000002 0.14 0.1525 0.29935965911845674 0.03 1.5817499999999889 0.6092397265419613 0.8324999999999941 1.0466555183946293 -0.09999999999999995 -0.010526315789473679 0.009375000000001396
