68 0 0.28617647058823514 0.4771425653594775 0.7375 0.01 0.02 0.03 0.2662482024545028 0.060000000000000005 1.2 0.3213235294117578 0.6315789473684211 0.9529411764705821 0.0 0.031578947368421054 0.09999999999999998
68 1 0.48661764705882365 0.5044871323529414 0.55 0.06 0.06 0.07 0.17629455519332277 0.027058823529410782 0.20588235294117851 -0.04999999999999977 0.09783281733746235 0.1529411764705807 -0.09999999999999995 -0.0037151702786372537 0.0647058823529461
68 2 0.46 0.4678529411764705 0.4825 0.09 0.09343749999999973 0.1 0.166845056594588 0.03 0.10999999999999999 0.0 0.057894736842105256 0.10000000000000009 -0.01562500000000279 -0.005263157894736839 0.0
68 3 -0.0050000000000024955 0.1013033088235296 0.2325 -0.3125 -0.3 -0.3 0.198872867500889 0.030000000000000027 0.46 0.03823529411765572 0.2421052631578947 0.22408088235290433 0.0 0.005263157894736847 0.050000000000000044
68 4 0.075 0.08203880288957702 0.11083333333333334 -0.15 -0.14 -0.13 0.17217662289657912 0.04000000000000001 0.16 -0.016666666666666635 0.057894736842105256 0.11176470588234934 -0.050000000000000044 -0.010526315789473694 0.0
68 5 -0.08249999999999999 -0.03977573529411728 0.0025 0.02 0.03 0.03 0.17330482080170295 0.019999999999999997 0.18235294117646986 -0.09999999999999999 0.030185758513932664 0.21176470588234927 -0.0014705882353014885 -0.010526315789473682 0.0
68 6 -0.047352941176470896 0.044029411764706046 0.135 -0.04 -0.04 -0.04 0.19341611424398558 0.020000000000000004 0.42000000000000004 0.1999999999999999 0.22105263157894733 0.2999999999999778 0.0 -0.005263157894736843 0.0
68 7 0.5725 0.6715263157894735 0.76 0.04750000000000001 0.055 0.06 0.18298220167812448 0.030000000000000002 0.2594736842105275 -0.050000000000000044 0.0839335180055408 0.29411764705881693 -0.0911764705882365 -0.015789473684210527 0.0
68 8 0.24911764705882397 0.33166809640522865 0.415 -0.14765624999999855 -0.09 -0.006911764705882537 0.19379041030862565 0.16 0.23647058823529463 -0.3 -0.012383900928792312 0.2500000000000002 0.0 0.08421052631578947 0.18823529411765072
68 9 -0.14970588235294194 -0.022704044117646795 0.06804227941176516 -0.3 -0.29 -0.29 0.18231779382530716 0.019999999999999962 0.29499999999999776 0.0968749999999638 0.15526315789473566 0.19999999999999998 0.0 0.005263157894736847 0.0
68 10 0.1325 0.16815032679738562 0.23161764705882365 0.15 0.1585294117647054 0.17 0.1810389536146318 0.03 0.26 0.0 0.1368421052631579 0.29761029411765705 0.0 0.015789473684210527 0.050000000000000044
68 11 0.15 0.18350000000000005 0.21 -0.4 -0.365 -0.3175 0.1747900036512637 0.09999999999999998 0.1 0.0 0.05263157894736842 0.10000000000000009 -0.10000000000000009 -0.05263157894736841 0.0
68 12 0.3694117647058836 0.8612928921568626 1.2735937500000043 0.0975 0.11388888888888757 0.2225 0.27854998472187376 0.13 0.6358823529411783 -1.21139705882354 -0.3346749226006202 0.49062499999999787 -0.08888888888887558 0.05789473684210527 0.14669117647057375
68 13 -3.048749999999997 -2.8902181372549016 -2.7662959558823523 0.04 0.05 0.07 0.22423700953895592 0.06647058823529461 0.7129411764705895 -0.7834558823529703 -0.16934984520124027 0.2989583333333501 0.0 0.03498452012383927 0.09411764705881731
68 14 -0.054000000000000006 0.10014860309287332 0.22987500000000027 0.09 0.095 0.1 0.19955717577350093 0.010000000000000009 0.5 0.049999999999999975 0.2631578947368421 0.4699346405228505 0.0 0.005263157894736847 0.0
68 15 0.3745588235294127 0.4909534313725493 0.6425 -0.0833823529411774 -0.065 -0.02 0.2108946703516678 0.08749999999999777 0.49235294117646894 0.10000000000000009 0.23289473684210646 0.40000000000000024 -0.049999999999999975 0.04605263157894619 0.10588235294116423
68 16 0.5150735294117645 0.5481834558823533 0.6336764705882355 -0.2025 -0.1782352941176473 -0.14390625000000018 0.20678330289443722 0.12 0.43 0.0 0.18289473684210583 0.4323529411764726 -0.10000000000000009 0.015789473684210527 0.11764705882352705
68 17 -0.0025 0.28122855392156887 0.5835294117647057 -0.22 -0.1583333333333339 -0.13 0.2223868857131676 0.13 0.64 0.0 0.3368421052631579 0.3733455882353197 0.0 0.06501547987616073 0.10000000000000009
68 18 -0.19 -0.19 -0.19 0.3 0.3 0.31 0.1553397216925636 0.010000000000000009 0 0.0 0.0 0.0 0.0 0.005263157894736847 0.0
68 19 -2.8828125000000004 -2.6561950980392166 -2.493088235294117 0.20750000000000002 0.23 0.24906249999999874 0.25208421408095055 0.21764705882353014 0.8876470588235303 -0.800000000000014 -0.3501547987616128 0.20000000000000018 -0.05625000000000824 0.0934984520123843 0.24999999999999994
68 20 0.30156250000000207 0.443435661764706 0.5675 -0.3125 -0.25075367647058877 -0.21281250000000249 0.20082693408762753 0.13444444444444575 0.3644444444444458 -0.34999999999999976 0.04072927416580634 0.47187499999999605 -0.11470588235293136 -0.009150326797385285 0.09999999999999981
68 21 0.4247222222222209 0.6033511846405236 0.7964705882352943 -0.1 -0.09 -0.08 0.23231807555862075 0.03 0.8352941176470581 0.3303308823529333 0.4396284829721358 0.4337418300653742 -0.01764705882351343 0.0 0.017647058823534317
68 22 0.43000000000000005 0.4807867754557966 0.5425 0.009852941176469912 0.05 0.06 0.1909860336673997 0.13 0.14 -0.27812500000000434 -0.02631578947368421 0.14999999999997932 0.0 0.03684210526315789 0.09080882352941214
68 23 0.5075000000000001 0.6261268382352944 0.7712316176470604 -0.6647058823529388 -0.615 -0.5367647058823535 0.21749130579846213 0.32764705882352696 0.31999999999999995 -0.09172794117647404 0.13343653250774046 0.31470588235290475 -0.3 -0.09133126934984576 0.11470588235294621
68 24 0.20234375000000143 0.28711075636394917 0.35019736842105514 -0.08 -0.06 0.0025 0.2115689734766681 0.24294117647058627 0.39 -0.27941176470587137 0.10681114551083486 0.4493464052287566 -0.17647058823530148 -0.12786377708978228 0.0
68 25 0.02 0.04402941176470583 0.0625 0.03 0.03 0.04 0.16241992778611714 0.02 0.04000000000000001 0.0 0.02105263157894737 0.09705882352941789 0.0 -0.010526315789473684 0.0
68 26 0.07 0.0822941176470591 0.1 -0.13 -0.125 -0.12 0.16510215090458272 0.030000000000000013 0.09 0.0 0.04736842105263159 0.10000000000000002 0.0 0.015789473684210534 0.0
68 27 0.16 0.25700531045751723 0.3925 -0.1098774509803905 0.06411764705882156 0.15500000000000003 0.22062918663983505 0.2381249999999997 0.3581249999999997 0.0 0.188486842105263 0.38545751633986103 -0.1406249999999986 0.07993421052631593 0.2527777777777909
68 28 -1.4519117647058823 -1.4531892973856206 -1.41 0.6 0.61 0.6125 0.1856477029933949 0.05529411764705816 0.2959607843137231 0.0 0.15576883384932794 0.21764705882353463 -0.050000000000000044 -0.023839009287925345 0.0
68 29 -0.0525 0.08656392973856235 0.2325 0.05 0.06 0.07 0.20326070882245545 0.060000000000000005 0.4882352941176473 0.049999999999999906 0.2306501547987617 0.40312500000001394 0.0 0.010526315789473682 0.09999999999999998
