69 0 -1.3 -1.1588508492432075 -1.0447523219814248 0.0004411764705873134 0.014705882352941794 0.0625 0.246394543422729 0.16882352941176348 0.8757720588235267 -0.6556249999999841 -0.4609326625386983 -0.10294117647058232 0.0 0.0835913312693492 0.10294117647058086
69 1 2.541599264705882 3.0694035963069415 -2.5370138888888896 0.27 0.27 0.28 0.31998363332296553 0.09176470588235269 1.6979738562091518 -1.1410216718266475 -0.750017199862414 -0.5375000000000063 -0.10000000000000009 -0.04829721362229089 0.0
69 2 -0.71 -0.5104103349673201 -0.345 -0.25 -0.25 -0.09657169117647083 0.2172231860385168 0.22 0.45999999999999996 0.050000000000000044 0.2421052631578947 0.38055555555555426 0.0 0.11578947368421054 0.33235294117647307
69 3 0.5875 1.1168178104575166 1.6605514705882352 -0.052500000000000005 -0.02 -0.01 0.2905435755490748 0.07 1.4631249999999976 0.24999999999999967 0.770065789473683 1.1400735294117403 0.0 0.033223684210525004 0.1
69 4 -3.102083333333334 -2.976352973426213 -2.8925 -0.2363235294117635 -0.024444444444443787 0.07486111111111145 0.23805196059454048 0.43000000000000005 0.45882352941176396 -0.5887082903336838 -6.647334021327833 0.30000000000000027 -0.2922514619883223 -0.2263157894736842 -0.11160130718953491
69 5 1.5412499999999993 1.8780687585999298 2.1877476780185754 -0.03 -0.02 -0.00906249999999986 0.30156027424737986 0.07 1.5844852941176415 -1.0018382352941524 -0.8339396284829691 -0.6746323529411746 0.0 0.03684210526315789 0.1
69 6 -0.0325 -0.01958823529411748 -0.01 0.05 0.13 0.17 0.17043139704987434 0.13999999999999999 0.04 0.0 0.02012383900928767 0.0911764705882131 -0.049999999999999906 0.042105263157894736 0.10000000000000006
69 7 1.4619117647058797 2.065636029411766 2.55625 -0.2927941176470581 -0.22749999999999998 -0.155 0.3364125564706156 0.35000000000000003 1.5849999999999977 0.050000000000001155 0.8078947368421039 1.2477941176470486 -0.2727941176470804 -0.047368421052631574 0.20000000000000004
69 8 0.02 0.019472426470588118 0.03411764705882328 0.01 0.01 0.04014705882353009 0.1660617519663577 0.049999999999999996 0.07235294117646984 -0.09411764705881492 -0.03808049535603677 0.0 0.0 2.921639538487254e-18 0.0029411764706017626
69 9 -0.4275 -0.2903782679738558 -0.05294117647058817 -0.05 -0.035 -0.0275 0.2649335243186899 0.12000000000000001 1.1364705882353014 0.28856209150327616 0.598142414860685 0.6472222222222288 -0.10000000000000002 -0.06315789473684211 0.0
69 10 0.01 0.023794117647058837 0.03147058823529418 0.0 0.01 0.01 0.16242658373564847 0.05 0.04 -0.0794117647058836 -0.021052631578947368 0.0 0.0 0.02631578947368421 0.08437499999999026
69 11 0.9868750000000015 1.7112536764705897 2.431176470588233 0.1475 0.2 0.2925 0.39499742190212167 0.23 2.5 0.7911764705882374 1.3157894736842102 1.63602941176467 0.049999999999999906 0.10526315789473682 0.18529411764705378
69 12 -0.4 -0.3250306372549023 -0.32088235294117634 -0.09 -0.09 -0.08 0.18736640773717902 0.039999999999999994 0.32999999999999996 -0.18749999999998324 -0.15789473684210523 0.0 -0.049999999999999975 -0.010526315789473679 0.0
69 13 -0.16 -0.14961764705882366 -0.14 0.07 0.07500000000000001 0.08249999999999999 0.1615868818207635 0.020000000000000004 0.020000000000000018 -0.08823529411763467 0.010526315789473679 0.10000000000000009 -0.08749999999998335 -2.921639538487254e-18 0.08749999999998335
69 14 0.25 0.24597426470588207 0.28250000000000003 0.1675 0.17 0.18 0.18373145512476138 0.04000000000000001 0.28 -0.19705882352941906 -0.1473684210526316 0.0 -0.049999999999999906 -0.02105263157894737 0.0
69 15 -0.01 -0.010000000000000002 -0.01 -0.08 -0.08 -0.08 0.1544546959308694 0 0 0.0 0.0 0.0 0.0 0.0 0.0
69 16 0.01 0.11729312782805386 0.1817738970588233 0.017499999999999998 0.05 0.0925 0.21704414210441064 0.09999999999999999 0.5764705882352946 -0.5590073529411965 -0.28794504643963015 0.0 -0.093933823529404 0.0523026315789459 0.15
69 17 -0.2810937500000009 -0.18367626633986928 -0.0692647058823524 -0.3125 -0.2455555555555562 -0.0277941176470603 0.20981631538073117 0.26444444444444576 0.18444444444444577 -0.15000000000000002 0.0760233918128662 0.30000000000000016 -0.050000000000000044 0.13918128654970827 0.36862745098040195
69 18 0.5351470588235335 1.1421293300653586 1.6082352941176508 0.1675 0.20500000000000002 0.295 0.3968289158688407 0.22999999999999998 2.52235294117647 -1.4794117647059437 -1.327554179566563 -0.64709967320261 0.049999999999999906 0.09999999999999999 0.1543137254901987
69 19 -0.7838235294117633 -0.7016368464052289 -0.5993749999999992 -0.38514705882352906 -0.3369444444444438 -0.21867647058823664 0.21975260262101398 0.25 0.37 -0.24816176470589535 -0.19473684210526315 0.050000000000000044 -0.10000000000000009 0.13157894736842102 0.2805147058823681
69 20 -2.3425 -2.1521470588235276 -2.0991176470588253 -0.5408823529411747 -0.3732720588235296 -0.10166666666666568 0.3444254931128469 1.01 1.212941176470589 0.10000000000000231 0.6383900928792574 0.38235294117647145 -0.7533088235294457 -0.531578947368421 -0.19183006535949718
69 21 -2.95 -2.9455 -2.94 0.05 0.05 0.052500000000000005 0.1588848959389833 0.009999999999999995 0.040000000000000036 0.0 0.01578947368421066 0.049999999999998934 0.0 0.005263157894736839 0.0
69 22 1.57 2.020833578431373 2.4749583333333303 0.42102941176470654 0.73 0.7424999999999999 0.3279006067986728 0.6799999999999999 1.0717647058823525 -0.050000000000000044 0.3907120743034066 0.9456862745097483 -0.85514705882354 -0.35789473684210527 0.0
69 23 -0.7992738970588218 -0.6239042075163399 -0.4175 0.4275 0.44 0.4628125000000004 0.2037649568470741 0.10000000000000003 0.39999999999999997 -0.402941176470592 -0.18947368421052635 0.09797794117647474 0.0 0.052631578947368446 0.14227941176470138
69 24 -2.8717187500000003 -2.837753676470589 -2.6688235294117657 0.9960937499999998 1.01 1.02 0.2387180208161076 0.24 0.4652941176470575 -0.45625000000000915 -0.11919504643963115 0.24797794117645378 -0.17812500000000453 -0.12631578947368421 0.0
69 25 -0.03279411764705563 0.07950000000000174 0.1505555555555562 -0.16906250000000209 -0.09378676470588065 -0.04 0.27645165310092507 0.27 0.65 -0.4702205882353154 0.3421052631578948 0.8500000000000554 -0.15294117647059705 -0.0052631578947368324 0.2150735294117756
69 26 -2.8225 -2.8124999999999996 -2.7974999999999994 1.1661764705882323 1.17 1.17 0.16599642414797883 0.020000000000000018 0.08000000000000007 -0.10000000000000231 -0.04210526315789478 0.0 0.0 -0.010526315789473694 0.0
69 27 -0.25029411764705856 -0.24184007352941203 -0.11249999999999999 -0.01 0.0 0.0125 0.2564820451156289 0.04 1.1123529411764645 -0.6911764705882611 -0.5854489164086655 -0.09999999999999995 -0.059375000000001385 -0.021052631578947368 0.0
69 28 -0.025 0.41391952614379146 0.6116544117647045 -0.28953124999999996 -0.26437499999999947 -0.1975 0.3602420725739375 0.26694444444444687 2.0669444444444345 0.2968750000000069 1.0878654970760184 1.5801470588234867 -0.19166666666668414 -0.11681286549707788 0.0
69 29 -0.7136121323529421 -0.4443186274509811 -0.2375 -0.1325 -0.095 -0.09 0.2258460256977204 0.05 0.71 -0.7500000000000362 -0.09638157894736946 0.24062499999999876 0.0 0.02631578947368421 0.09705882352941918
