7 0 -0.0742983268881408 -0.0630854591086598 -0.0357047338032908 0.26958981035982454 0.27708599949716456 0.29946112050780455 0.17233313637857903 0.05166174585919997 0.14606660509994981 0.03865904293180001 0.07687716057892097 0.09939650090140004 -0.03316125578799983 0.006420974458673687 0.0336848545636001
7 1 -0.11631291075095695 -0.11361375906273896 -0.10873381847414695 0.43370408955352246 0.43908843029594247 0.44711258153201244 0.16644163781206497 0.09047786842368005 0.022741640153560005 -0.02347467843940007 -0.011969284291347372 0.010995574287600077 -0.03778637830579967 -0.04761993074930529 0.015271630954999948
7 2 -0.02316672478923579 0.008381846769927028 0.04096539857550421 -0.1979973740709225 0.09483833115294206 0.4789678462254475 0.25228172668185983 0.99836323872904 0.10320131867076 0.004799655443000015 0.05431648351092632 0.08141960960583491 0.2814343418849996 0.5254543361731789 0.7163703914834874
7 3 0.002156887585902979 0.01560028614947836 0.02573192245736279 0.2973195530355899 0.3108414914154599 0.31884818935900994 0.16178379050116048 0.030421088862360057 0.04270820679650982 -0.004188790204799988 0.022478003577110432 0.04345869837514907 -0.046076692252800255 -0.005750400588168436 0.03726277953019996
7 4 0.048333548419682154 0.049497683030766154 0.05231289911424216 0.004053866557340766 0.03200967785117921 0.03652571729072921 0.1614674395276827 0.05527457741077019 0.023823744289800004 -0.011257373675400036 0.010949644570442105 0.026703537555600003 -0.009250245035600027 0.02212893772663694 0.046251225178
7 5 0.377811471662196 0.5797094142043039 0.7672467876609559 0.6589641852800325 0.6745237955616125 0.6956597328033324 0.211672060103896 0.08735372906259997 0.40392154879036 -0.42210787959619994 -0.2125902888370316 0.06344271831020043 0.001745329251999772 0.03854421863890523 0.07120943348159992
7 6 -0.3378198698464939 -0.3345674487853919 -0.3299615248893639 0.052303348284763046 0.05296221007739305 0.05886578627228306 0.15777651467646045 0.014940018397120003 0.01769763861528001 0.002792526803200579 0.009314546639621057 0.015620696805400125 -0.01963495408499997 -0.00786316757743158 0.002967059728400008
7 7 -0.9074282879666146 -0.65492539642741 -0.5253364447956446 0.048374321250261657 0.1545557896187942 0.2056066702390961 0.2830758941692856 0.48434632072252 0.8073369520974655 0.07958701389120026 0.4249141853144555 0.8155050929969992 -0.10751228192319995 0.1894784551635464 0.4028219913616
7 8 2.6116442732107306 2.7545282704195886 2.9634153839513306 -0.2677297741912615 -0.05860442321679605 0.10827086989005395 0.27684489672765655 0.59580304675524 0.7976329214565201 -0.6120869686764041 -0.41980680076658955 -0.09258971681860073 -0.43275438803244 -0.3124690517685894 -0.14878931873300005
7 9 -0.023526262615147793 -0.0009949346364254304 0.01620615780670202 0.09890160309564419 0.12146434700087422 0.1343274235881142 0.17536033941675597 0.1132195085771702 0.07466518540049018 -0.0324631240872 0.03929746600025799 0.09756390518714902 -0.08429940287159994 -0.059589215040615894 -0.0061086523819999655
7 10 2.8978215958232876 3.1069189808723454 -2.916145031945903 0.036052781544844106 0.0825570794643841 0.11741566794995409 0.23744854991638187 0.1357866158056 0.7992647229920395 -0.6240424740525974 -0.3231936835223788 -0.1666789435660032 0.023474678439400105 0.0714666398976842 0.09992009967700002
7 11 -0.14930622707985883 -0.14841087317358284 -0.14729473511692884 0.17445802148621015 0.17492926038372658 0.17536995601985655 0.15531364881399898 0.005811946408636415 0.0034208453339200084 -0.0013962634016001507 0.0018004449125894782 0.004625122517799979 -0.001396263401600012 0.0025904360474297036 0.00575958652898223
7 12 -0.4694571592807425 -0.46584520039372845 -0.4631434307116325 0.009145379836381484 0.012217159319901484 0.014913693014241485 0.15678252712264232 0.011554079648240002 0.009616764178520032 -0.013002702927399912 -0.005061454830800016 0.002094395102400226 -0.008290313946999996 0.0011114991552210525 0.005235987755999993
7 13 0.02522025009825995 0.043889164442274455 0.06324661117620996 0.276680986148934 0.288121619395794 0.2896138759062539 0.16399925773908047 0.04094542425192005 0.06215117466373746 0.014835298641999962 0.014798554868282871 0.044854961776487276 -0.03857177646919979 -0.021550223290484238 0.00034906585040017646
7 14 0.2582307227754849 0.3311052003634231 0.4792199493405949 0.5900459327739955 0.6210080737044754 0.6339715067237055 0.27175366678912927 0.5815437067669236 0.47048840646164003 -0.3891211567333999 -0.24762547708507374 0.24155356847679998 -0.1406735377112006 -0.3060756351404861 0.007504915783599908
7 15 0.03342901838413584 0.04351527613144385 0.051384093064085846 0.07159893279306284 0.07415584014724284 0.07577899635160285 0.15868355470562187 0.006300638599720007 0.037629298673119996 0.008813912722600015 0.019804894038484205 0.029670597283999976 -0.01745329252000001 -0.0033161255788000036 0.014486232791600037
7 16 -0.06038101669550226 -0.053031435215330255 -0.04928944929904226 0.5563114141736341 0.5954635126191241 0.6160583977927241 0.17283763987662462 0.17451547190748 0.031450833121039995 -0.022252947962999974 0.00928698880932631 0.038659042931799975 0.02687807048079971 0.0918502483723579 0.11484266478160005
7 17 2.47053372503885 2.458460409938314 2.7559386909721497 -0.387564952961359 -0.298614247633179 -0.263144793909409 0.2662134676818911 0.3782826620793526 1.7836392290796543 -1.2418890292605989 -0.9387574889892919 -0.04677482395359922 -0.010821041362399919 0.19909613793650136 0.3392920065887999
7 18 -0.0258748940118061 -0.018900558320835047 -0.01050290662485101 0.283028215342633 0.339537613199263 0.353927852882003 0.16968582416407568 0.09892526200335999 0.047054076633885084 -0.03735004599280004 0.01225404853772631 0.0337721210262 -0.09730210579899964 -0.05206592737018947 0.016057029118400068
7 19 0.13842056005372794 0.14534340853178596 0.15416779322989793 0.6786024845782685 0.7634734827798986 0.8089131298557185 0.18481375386187598 0.18592992521556007 0.052429690730079984 -0.03368485456359982 0.023157763391010538 0.034732052114799794 -0.24565509221899984 -0.05402253332111575 0.16249015336119998
7 20 -0.1163851479894619 -0.1027855424579128 -0.0711942103320519 0.054880036037074205 0.0826482244363942 0.0867846547636342 0.1820897015333776 0.16261232640884002 0.14983651628454908 -0.03665191429199993 0.051138147083783725 0.1437278639021998 0.01588249619320012 0.08558543495202105 0.15995942594579998
7 21 -0.11531734585673711 -0.08132880400329084 -0.0537159499073971 -0.044483449052583945 -0.030254652325653948 -0.016959606748526496 0.17028480415761724 0.04359832471496 0.12704251625304513 0.04092797095939998 0.06686448223844481 0.07574728953679999 -0.04319689898699998 -0.02294648669208422 -0.0013089969389999852
7 22 -0.1235593238798079 -0.019819571134818113 0.11271026028656211 -0.7337759783377604 -0.5930282641333504 0.06485178079292316 0.27822601787941803 0.8762250976740801 0.18584265875334396 -0.12644910430740006 0.05731110106960267 0.17549285629034522 -0.14922565104599939 0.46117110403898937 0.8802568082435815
7 23 -0.05930124592065705 -0.01580851362545108 0.012933568496475496 0.1733889588381278 0.21801266448933593 0.3296570134166459 0.1862714724784742 0.23247785636709814 0.10796606752872 -0.035517450278287274 0.056824246067747365 0.13447761886651274 -0.18439403547380023 -0.12235676650899902 -0.03159045946120001
7 24 -0.000669964025927076 0.00969467373708231 0.023049060508771948 0.2579955396587779 0.333001064263478 0.4203896999111179 0.18790586620669952 0.3302686543566581 0.033475415053379545 -0.023823744289799983 0.017618639501778707 0.07033676885561047 -0.22628193752180004 -0.17369700434809376 -0.07993607974159989
7 25 -0.4067011795494485 -0.35369727549546925 -0.3052626434232085 0.22017726061237294 0.26366213892595297 0.273213453257523 0.19082973602904263 0.11531390367963998 0.2964965333295855 0.07295476273359996 0.15605080701557136 0.2376265776597998 0.03185225884900014 0.06069152825244208 0.10245082709240003
7 26 0.1604227138988686 0.5289271688430225 0.9235068428118741 -0.21697443598968508 -0.0889938052643532 0.23733040498278493 0.3092055382751688 0.62458352612072 1.153680088863822 0.13892820845919973 0.5419155468022009 0.9199630487291993 -0.49872783375899943 -0.26849594056198844 -0.016580627894000055
7 27 -0.05335966033312915 -0.05028875351423515 -0.04738627096815916 0.2889084235178996 0.29640461265523954 0.29935421909111953 0.15958213172091196 0.04031710572120001 0.009215338450559996 -0.01692969374439999 -0.00030313613324210514 0.017016960206999998 -0.040840704496800107 -0.021219529326947373 0.0037524578917996765
7 28 -0.15493787128093606 -0.10483644977302405 -0.055689723365956054 0.11808388664661015 0.12388274308638016 0.13708179555463015 0.17295524673061924 0.10067059125483639 0.10800097411376 0.011257373675400105 0.05653029587793684 0.09939650090140008 0.003228859116199967 0.052984521713071775 0.07086036763119988
7 29 0.02241211229444866 0.04501499877247466 0.07255105838126122 0.32941126136091503 0.338382253716195 0.35646386476691494 0.16879400996615096 0.04118977034719995 0.11639600781581019 -0.12164944886440002 -0.008405138239894739 0.10367255756880006 -0.04110250388460024 -0.0010747553814947543 0.04747295565440013
7 30 0.07329970766772995 0.09142495194974996 0.11492581032792995 -0.06690215481311705 -0.05852893772664705 -0.051826873398967056 0.16792983315155324 0.06757914863742255 0.04995132319224001 -0.07400196028480001 0.021100112062336848 0.09974556675179998 -0.0551524043632 -0.0355679729670645 -0.0029670597284000427
7 31 -0.06701082229234384 -0.06320513185835783 -0.05796565344385383 0.4646407550700643 0.4666740636486443 0.46776925775427436 0.15631422306286386 0.0064402649398799805 0.014416419621520002 -0.010908307824999963 -0.005226801812568419 0.002356194490199942 -0.004974188368200294 0.0009828959471789476 0.001221730476399785
7 32 -0.1261560364856031 -0.046660652380175506 0.004682570890507088 0.1678709237959684 0.18070345712060026 0.18961772627519025 0.17553361524761418 0.04497713482334187 0.1616174887351302 -0.09337511498199988 -0.08506183617638433 -0.010471975511999994 -0.07155849933199995 -0.02367217622281151 0.00523598775600001
7 33 0.0914972376696618 0.09471824280422778 0.1122884723841118 0.4929151601287366 0.5140292807548066 0.5287816762573365 0.17539073894630053 0.13870131565644 0.09801769079232 0.01492256510459998 0.051560700481452636 0.04904375198120002 -0.0585557964045999 0.04015175873943161 0.0016580627894008382
7 34 -0.464234455419411 -0.18378447923253902 0.058570195370929 0.19594573953519648 0.2561290554672865 0.2710690738644065 0.22521904050208008 0.06574655292283998 0.68933524136992 0.16571901247739995 0.36280802177364213 0.47595128702039996 -0.04258603374879974 0.034603448906757886 0.06902777191660034
7 35 -0.23898395900378705 -0.18563535242275594 -0.1268247379474861 0.097844466864059 0.128304825634589 0.164769117031999 0.18646360789320673 0.08876744575672 0.24567254551117096 -0.02949606435880006 0.11440173949670047 0.2234894107168546 -0.07496189137340001 -0.04671970829301053 -0.015446163880199967
7 36 0.28809228816731103 0.327302855142743 0.378827592655661 0.30538990701508195 0.31667782395239197 0.33036120528807195 0.17080296798880287 0.03824016391131996 0.135699349343 -0.1112647398149999 -0.003582517938315789 0.060562925044400084 -0.026092672317399868 -0.012805205143621068 0.015533430342799526
7 37 -0.02280500530175879 -0.013882882165513848 -0.01101530620442898 0.22438660691763992 0.24827143773125993 0.28278532368955994 0.17693594883489897 0.19069467407421808 0.0624827872216 -0.0013962634016000293 0.03288567748505263 0.05314527572340001 -0.04764748857959994 0.06482520279702007 0.15629423451660004
7 38 0.775547088769399 0.975505970512535 1.197598245164909 0.21601605630505855 0.3004158156086486 0.35079038114449856 0.20820675861566448 0.13042845500196 0.46478117980760014 -0.01466076571679964 0.23608793213501053 0.1997529328914005 -0.06457718232400031 -0.06864655526418947 -0.0021816615649999926
7 39 -0.10380200282171485 -0.06464554105308959 -0.025877415043044846 0.34886567083184494 0.3693471096040649 0.4082286820154949 0.1873926557128304 0.13536773678511999 0.15842353620403998 -0.11955505376226179 0.012208118820568407 0.13430308594139995 -0.17130406608380028 -0.07124617725532631 0.06588617926300028
7 40 -0.07606600605074305 -0.06979416538368105 -0.06329019592610305 0.4514017766505585 0.4684449167963384 0.5228119229961384 0.1712993206986293 0.12287117934080005 0.02031563249328 -0.02513274122880004 -0.0016534698176842064 0.014486232791600037 -0.14381513036479998 -0.014963901850042073 0.03586651612860009
7 41 -0.047349570572634794 -0.033965513203665816 -0.028116042215594793 0.35124581511750397 0.373625299451274 0.376033853819034 0.17362743721102417 0.11794935085015998 0.07709119306084 -0.004014257279600017 0.04057431213728421 0.06265732014680003 -0.0853466004228004 -0.06207860571061052 0.023474678439399654
7 42 -0.2792341604375755 -0.27203118661457154 -0.2708565800279755 0.1314839913485139 0.17235087578426844 0.18543648185131295 0.16594524165680208 0.08428194957942908 0.04429645641576002 -0.01047197551200002 0.02331392442934738 0.0328994564001997 0.01588249619320012 0.04435892083127847 0.0649262481761452
7 43 -0.09359778990567616 -0.061949734579165736 -0.029997991962796153 0.10220459022382185 0.16103963930900364 0.19187088054584542 0.17896799407837669 0.15547392976868363 0.08143706289826065 -0.10035643199000001 0.028522354355052622 0.1622283539731033 -0.11100294042719998 -0.08182838408878086 -0.010995574287600007
7 44 0.021436036910250207 0.019986540966471622 0.029577997870830208 0.18380367785431098 0.186714014382021 0.187708852055661 0.1622767390004341 0.03120648702576001 0.05731661263568 -0.0026179938779999877 0.027511900577578942 0.045029494701600004 -0.0051487212934002435 0.013319617975789472 0.007592182246200091
7 45 -0.20221699842642293 -0.19803955286176092 -0.19322855277862291 0.2813942962757159 0.28550890998730594 0.29106342033179594 0.1577642519722744 0.01830850385348004 0.019076448724360012 0.0010471975511998355 0.008423510126757901 0.01588249619319998 -0.012304571226599836 0.0025169485002526186 0.016929693744399954
7 46 2.194487068523075 2.4872826311739695 2.704267199770366 -0.6110991608015239 -0.589797417280864 -0.549646117838604 0.22190818351168076 0.10250318696995997 0.6212848538344402 -0.02347467843939688 0.3029432284300421 0.5022184922630002 -0.13290682253980057 -0.05132186595223158 0.06483898171180003
7 47 0.08041585136044693 0.5386101585711027 1.0533714595036714 -0.02698647481987705 0.12893251390754296 0.3346588361640875 0.31717321118835773 0.6219655322428945 1.2549266387732145 0.19538960976139996 0.6595691102743235 0.9390744040386001 -0.5161811262790004 -0.3273502801278393 -0.0841248699464
7 48 0.13924571293901783 0.23034579124127147 0.24445416025010144 0.18738562677523993 0.3905681316468199 0.41887737211425996 0.2415279458759078 0.4096636820301381 0.48965212164912353 -0.1115265392028001 0.2577116429732229 0.5179264555309999 -0.3366740127107999 -0.21561246422638847 -0.05174901232180007
7 49 -0.19747993242946044 -0.19236175439797046 -0.18649744811125046 0.16827955593413013 0.17371189323098013 0.17972891582672654 0.16236118756767076 0.06126105674467641 0.01612684228848002 -0.0356919832034 -0.008487811730778958 0.013177235852599861 -0.04014257279600003 -0.032242661444566535 0.0025307274153998915
