70 0 -0.36 -0.32204963235294126 -0.2975 0.04 0.04 0.04 0.1700684885796584 0.010000000000000002 0.16624999999999945 -0.10000000000000009 -0.08749999999999972 0.0 0.0 0.0 0.0
70 1 -0.6005882352941175 -0.3116932598039214 -0.03470588235294597 -0.03 -0.006111111111112427 0.02 0.24026060900242535 0.08 0.5147058823529419 -0.4403921568627653 0.1371517027863804 0.533921568627457 -0.09999999999999998 -0.031578947368421054 0.0
70 2 -1.0704411764705883 -0.7115051879084975 -0.32352941176470584 0.02 0.045 0.10250000000000001 0.2763998156182926 0.41294117647058926 0.9299999999999999 -0.7935416666666462 -0.45356037151702805 -0.18020833333334416 -0.1 0.15727554179566627 0.15000000000000008
70 3 -0.7224999999999999 -0.41671388028895856 -0.07965686274509785 -0.014583333333333334 0.035 0.0625 0.26983162548008466 0.16 1.15 -0.7970588235293979 -0.6052631578947368 -0.4935661764705982 0.05937500000000137 0.08421052631578947 0.10000000000000006
70 4 -0.10044117647058817 -0.05835784313725485 0.005 -0.22 -0.2 -0.1879871323529413 0.18646407894597483 0.07666666666666666 0.14450980392156615 -0.25625000000000475 -0.0760577915376664 0.0843750000000125 -0.08333333333333331 -0.02982456140350877 0.0
70 5 0.017499999999999998 0.13023398692810492 0.30619485294117604 0.04 0.05 0.05 0.2254794571071967 0.049999999999999996 0.7470588235294096 -0.42111928104571994 0.1668730650154787 0.32941176470589223 -0.03915441176468599 0.021052631578947368 0.06562499999998747
70 6 -1.7258823529411744 -1.2968780637254915 -0.8267279411764701 0.06823529411764731 0.095 0.12 0.3467761643008278 0.06117647058823654 2.067426470588236 -1.1948529411764885 -1.08811919504644 -0.933921568627476 -0.10000000000000002 -0.00990712074303341 0.06764705882352694
70 7 -1.7482812500000005 -1.231659313725489 -0.7008823529411776 -0.04 -0.03 -0.02 0.32007857890702435 0.04 1.7686029411764723 0.5088235294116972 0.9308436532507752 1.027022058823528 -0.1 0.021052631578947368 0.09999999999999999
70 8 -0.7742647058823524 -0.7044834558823532 -0.6047058823529419 -0.021764705882353432 -0.013529411764705391 0.0 0.17755392528750719 0.04 0.21000000000000008 -0.15000000000000013 -0.08421052631578949 0.050000000000000044 0.0 0.010526315789473684 0.01470588235293134
70 9 -0.9533006535947711 -0.48452062908496807 0.12264705882353016 0.04 0.06 0.08 0.3043059224856448 0.07 1.3605882352941205 -1.0292279411763832 -0.7160990712074319 -0.30000000000001414 -0.10000000000000006 -0.0368421052631579 0.0
70 10 -0.98 -0.9609329656862744 -0.9460294117647057 0.02 0.02 0.03 0.16349416373531447 0.009999999999999998 0.09187500000000026 0.0 0.04835526315789487 0.10000000000000009 0.0 0.0 0.0
70 11 -0.6825 -0.6343455882352944 -0.6492647058823527 0.03 0.04 0.05 0.18756072815267527 0.020000000000000004 0.3423529411764698 -0.31470588235294583 -0.14860681114551044 0.09999999999999953 0.0 0.005263157894736843 0.0
70 12 -1.500694444444441 -1.1780939542483657 -0.8867830882352971 0.07 0.08 0.1 0.24690897537463405 0.05 0.6637500000000005 -0.9220588235294291 0.04013157894736815 0.9941176470587926 -0.06691176470587243 0.00526315789473685 0.0599673202614457
70 13 -1.7525 -1.643006740196079 -1.4865625000000002 0.09500000000000001 0.14 0.15 0.23012584732785576 0.22833333333333333 0.4716666666666667 -0.5027573529411677 -0.2482456140350877 -0.10000000000000009 0.0 0.12017543859649123 0.20000000000000004
70 14 -0.5325 -0.4512139705882361 -0.3397058823529419 0.11 0.13 0.13999999999999668 0.20939861778243885 0.09 0.5271241830065341 -0.6915032679738939 -0.2774337805297548 -0.20000000000000018 -0.10000000000002209 -0.047368421052631574 0.0
70 15 0.16660845588235412 0.9244002622979005 1.689270833333334 -0.10088235294117637 -0.01874999999999889 0.24343749999999792 0.39926471823717247 0.40117647058823647 1.9601470588235257 -1.8114035087719622 -1.0316563467492241 -0.04062499999999858 -0.38980800653596276 -0.15325077399380868 0.18235294117648654
70 16 -0.19 -0.19200000000000003 -0.19 -0.022187499999999583 -0.02 -0.02 0.1562247474542578 0.009999999999999998 0.010000000000000009 0.0 -0.005263157894736847 0.0 0.0 0.0 0.0
70 17 0.7682291666666685 0.9046736111111106 1.0764705882352936 0.035029411764707 0.05 0.052500000000000005 0.2351793974467607 0.03 0.796249999999995 -0.9758169934640069 -0.41907894736841844 0.0 0.0 0.015789473684210527 0.07333333333332542
70 18 -1.929531249999999 -1.6773110702614376 -1.4541145833333289 -0.2 -0.2 -0.18 0.24375788080416966 0.07999999999999999 0.842941176470589 -0.8156249999999654 0.03726780185758025 0.4562500000000047 -0.09999999999999995 -0.04210526315789473 0.0
70 19 -1.34765625 -1.0017426470588222 -0.68 -0.0025 0.0 0.01 0.2408827005657704 0.05 0.8976470588235302 -0.6976102941176565 0.0074303405572745925 0.050000000000000044 -0.044117647058833365 0.005263157894736839 0.0
70 20 -0.255441176470587 -0.1152067853457178 0.07500000000000001 -0.04 -0.025 0.0025 0.252028626710246 0.12 0.8476470588235294 -0.9030959752321988 -0.44613003095975234 0.04999999999999995 0.0 0.06315789473684211 0.1
70 21 -1.9564062499999995 -1.9065935457516345 -1.8631893382352946 -0.24 -0.23 -0.21515624999999955 0.19793585499243704 0.08000000000000002 0.39779411764705674 -0.34705882352940476 -0.1093653250773996 0.20147058823529962 -0.06562500000000276 -0.0368421052631579 0.0
70 22 -0.3794025735294101 -0.08105195764203191 0.19441176470588356 0.09 0.11 0.1625 0.25363261056177955 0.14 0.98 -0.600326797385623 -0.5157894736842106 -0.4468750000000056 0.0 0.0736842105263158 0.15
70 23 -1.5065789473684204 -1.433519449665831 -1.348125 0.07 0.07 0.08 0.1764627492463321 0.027999999999999997 0.21999999999999997 0.050000000000000044 0.11578947368421051 0.18630952380950583 0.0 0.004210526315789477 0.0
70 24 -0.615147058823529 -0.20769958192607274 0.1385845588235314 0.1175 0.12428308823529377 0.14500000000000002 0.29829562387366626 0.15 1.4727777777777762 -1.0227532679738434 -0.7751461988304085 -0.5991830065359083 -0.15 -0.057894736842105256 0.01470588235294612
70 25 -2.608749999999997 -1.7144372549019586 -0.7073333333333338 -0.08218749999999958 -0.07625000000000112 -0.07 0.3516617457162285 0.04 1.9535294117647055 0.02500000000000613 1.028173374613003 1.9426470588236033 0.0 0.021052631578947368 0.09999999999999995
70 26 -1.0025 -0.9362961601307191 -0.875 -0.05 -0.05 -0.04 0.18051725245983002 0.02249999999999889 0.27 -0.25347222222223464 -0.12631578947368421 0.0 -0.07222222222222877 -0.0013157894736836274 0.024999999999999988
70 27 -0.20791666666666567 -0.1531754493464054 -0.10750000000000001 0.05 0.05 0.06 0.17048389326630298 0.010588235294116413 0.17058823529411643 -0.10294117647058211 -0.08978328173374549 -0.049999999999999906 0.0 0.005572755417956007 0.0
70 28 -0.7225 -0.5602867647058832 -0.4425 -0.03 -0.02 -0.02 0.1995701283669782 0.02 0.49 -0.3939338235294265 -0.2578947368421052 -0.15000000000000013 0.0 -0.010526315789473684 0.0
70 29 -1.3882352941176486 -1.0874928141711235 -0.7975367647058801 -0.14208333333333334 -0.13 -0.12 0.25760693811290225 0.06999999999999999 1.0811764705882327 -0.8275122549019407 -0.5235294117647052 -0.201960784313705 -0.10000000000000002 -0.015789473684210534 0.049999999999999906
