74 0 -1.3360937500000016 -1.2368676470588236 -1.1138235294117647 0.11 0.12088235294117634 0.14 0.19678469865878856 0.05058823529411641 0.4205882352941164 0.09375000000001354 0.09133126934984499 0.30000000000000027 -0.09117647058823647 0.005572755417956007 0.01249999999999446
74 1 -2.07 -1.9923667892156867 -2.0113235294117633 -0.07 -0.06117647058823443 -0.05 0.19874370311925987 0.09 0.3999999999999999 -0.2468750000000075 -0.1947368421052632 0.08666666666665046 0.0 -0.028070175438597314 0.011764705882344358
74 2 -2.210149456521741 -2.141168102121738 -2.0975 0.3823611111111105 0.5046875000000006 0.55 0.2071432248692376 0.32999999999999996 0.18000000000000016 -0.15032679738562038 0.039473684210526175 0.10000000000000231 0.04543269230767699 0.17368421052631577 0.2155870445344199
74 3 -0.1701470588235291 -0.19371633986928175 -0.1425 0.1475 0.15 0.15291666666666567 0.21789113453283446 0.057499999999997775 0.6324999999999934 -0.35000000000000003 -0.3328947368421018 0.0 -0.049999999999999906 -0.03026315789473567 0.0027777777777711343
74 4 -0.69 -0.6548125 -0.625 -0.34 -0.33 -0.3175 0.17035663414337296 0.040000000000000036 0.13 0.0 0.06842105263157895 0.10000000000000009 0.0 0.02105263157894739 0.04999999999999977
74 5 -0.4161764705882355 -0.20113458216619984 -0.00041666666666864 0.26 0.28500000000000003 0.33458333333333135 0.2241086682585539 0.09999999999999998 0.6892857142857111 0.3 0.3627819548872163 0.4519841269841107 0.0 0.05263157894736841 0.09999999999999981
74 6 -0.23015624999999967 -0.1424684640522877 -0.06444117647058804 -0.3275 -0.265 -0.23 0.19677084232228303 0.16 0.20133333333333492 -0.20588235294118504 0.056864035087717014 0.34722222222222887 0.0 0.08421052631578947 0.10000000000000009
74 7 -2.38 -1.9756415478312526 -1.5307352941176477 -0.49069444444444377 -0.4543750000000014 -0.39296874999999876 0.2957600705825946 0.08888888888889152 1.4111111111111088 0.20000000000000018 0.7426900584795311 1.2310828877005497 -0.2411764705882541 -0.028448572411419824 0.0861111111111243
74 8 2.9776470588235293 3.1248366176470594 -2.9775 -0.11 -0.10880514705882607 -0.08750000000000001 0.22501162055123197 0.08 0.7176470588235278 0.0 -2.938080495356038 0.5996527777777572 -0.09999999999999995 -0.027485380116960445 0.01082352941174175
74 9 2.1275 2.4861517973856215 2.9483823529411706 -0.08940257352941304 -0.03 0.12441176470588064 0.3021720826569279 0.51 1.1773333333333307 0.15000000000000124 -2.685614035087721 0.9925490196078135 0.09999999999999998 0.25263157894736843 0.4001838235293899
74 10 -1.922500000000001 -1.6604650735294122 -1.4407352941176492 -0.04 0.035 0.06 0.21684685735301487 0.12000000000000001 0.45294117647058907 -0.3972426470588497 -0.23839009287925741 0.18823529411765128 -0.09999999999999998 -0.06315789473684212 0.0
74 11 -0.052812500000000415 0.4228496323529399 1.099558823529413 -0.2894301470588241 -0.23281250000000042 -0.10750000000000001 0.29498583958482993 0.28 1.3199999999999998 -0.5246323529411643 -0.6947368421052631 -0.22941176470588348 -0.22058823529411653 -0.12972136222910244 0.03764705882352698
74 12 -1.2886764705882356 -0.9051893382352928 -0.5676654411764714 -0.16499999999999998 -0.14 -0.14 0.2676516119466093 0.04999999999999999 1.2035294117647055 0.034375000000012035 0.6334365325077397 1.0422794117647085 0.0 0.005263157894736847 0.020588235294107804
74 13 -0.3841176470588227 0.040938725490199356 0.12691176470588358 0.03 0.04 0.12279411764705914 0.4093915711545881 0.30000000000000004 2.5517647058823445 0.4470588235293971 1.3430340557275497 1.3882352941176508 0.0 0.10588235294117712 0.2970588235294179
74 14 0.10650735294117711 0.09596486928104514 0.1858333333333343 -0.215 -0.19 -0.18 0.22822958229719806 0.23705882352941077 0.42705882352941077 -0.6999999999999945 -0.22476780185758463 0.10000000000000009 -0.20000000000000004 -0.1247678018575846 0.0
74 15 -0.059003267973862523 0.21221160130719002 0.4476143790849669 0.6075 0.8041176470588233 1.3332352941176455 0.35534727221902107 0.7500000000000001 1.0923529411764699 -0.22058823529412255 0.5749226006191946 1.0166666666667106 -0.6055555555555425 -0.013157894736840972 0.18529411764706905
74 16 1.3772242647058828 1.36461580882353 1.491323529411765 0.4089062500000002 0.42 0.42558823529411743 0.2345311634140916 0.15000000000000002 0.754779411764707 -0.07058823529411673 0.3972523219814247 0.7202205882352597 0.0 0.07894736842105264 0.14246323529411214
74 17 -0.34 -0.3355 -0.33 -1.23 -1.23 -1.22 0.15622981865390076 0.010000000000000009 0.010000000000000009 0.0 -0.005263157894736847 0.0 0.0 0.005263157894736847 0.0
74 18 0.8395404411764704 1.3714583333333343 1.8394209558823513 0.021323529411764523 0.05 0.0625 0.32536385015119196 0.060000000000000005 1.841470588235293 0.6336397058823662 0.9691950464396278 1.3147058823529272 -0.09374999999999165 -0.005263157894736847 0.049999999999999975
74 19 -1.5503333333333338 -1.2251600081699354 -0.9695588235294076 -0.39499999999999996 -0.1744444444444438 -0.08 0.30695429409879227 0.40866666666666507 1.2141176470588175 -0.755555555555526 -0.6344478844169223 -0.10294117647058121 -0.30555555555554476 -0.21508771929824475 0.0
74 20 -2.9182352941176513 -2.648516265597148 -2.37 -0.42 -0.1603124999999993 -0.10088235294117462 0.2392551229906659 0.25937500000000135 0.37062499999999865 -0.10000000000000231 0.12072368421052708 0.6266414141414178 -0.19999999999999996 -0.13651315789473756 0.0
74 21 -0.44171568627451074 -0.34890502450980304 -0.2 0.4275 0.44 0.4425 0.22573301444464364 0.18 0.6305882352941166 0.050000000000000044 0.3266253869969034 0.5470179738562342 0.0 0.08421052631578947 0.14444444444445537
74 22 -2.3 -2.1925645424836606 -2.1877941176470586 -0.115 -0.1 -0.09 0.2189632847520107 0.21874999999999883 0.5187499999999989 -0.4468954248366286 -0.21513157894736792 0.10588235294116233 0.0 0.10460526315789412 0.15000000000000008
74 23 -0.8390294117647064 -0.7950125000000001 -0.728749999999999 0.12 0.12749999999999803 0.13 0.18736612393717156 0.05 0.19000000000000006 -0.20000000000000018 -0.06907894736842198 0.19558823529408798 -0.050000000000000044 -0.026315789473684216 0.0
74 24 -1.5536274509803916 -1.4548964460784322 -1.2754136029411753 -0.26 -0.23558823529411616 -0.23 0.22512821752877524 0.08062499999999859 0.55 -0.6376225490196208 -0.2894736842105263 0.1588235294117668 -0.09999999999999995 0.005592105263157136 0.049999999999999906
74 25 -1.62 -1.534987867647059 -1.4816544117647046 -0.57 -0.555 -0.5394999999999989 0.1944488387391502 0.06705882352941073 0.3770588235294108 -0.44529411764707705 -0.18792569659442684 0.0 -0.08823529411765008 0.03003095975232143 0.10000000000000009
74 26 -0.6933823529411767 -0.6552444852941175 -0.6075 0.7639705882352936 0.7989705882352947 0.8208823529411767 0.182821254322452 0.13 0.19000000000000006 0.0 0.06315789473684211 0.1696691176470816 -0.10000000000000009 -0.03684210526315787 0.026470588235290582
74 27 -1.81 -1.8072022058823527 -1.8081801470588221 -0.03 -0.03 -0.03 0.15632886813210392 0 0.02117647058823291 0.0 0.011145510835912057 0.0062500000000087486 0.0 0.0 0.0
74 28 0.75 0.8309272175536877 0.8894999999999988 -0.24 -0.22 -0.20750000000000002 0.19377123345098513 0.09000000000000002 0.355 -0.2749019607843306 -0.1868421052631579 -0.10000000000000009 -0.10000000000000009 -0.047368421052631594 0.0
74 29 -1.0662499999999941 -0.7424264705882361 -0.49 -0.15 0.10437499999999944 0.11955882352941269 0.2738647180333447 0.38 0.9766666666666628 -0.944117647058838 -0.5140350877192962 0.0 -0.09374999999999446 -0.14736842105263157 0.049999999999999975
