82 0 -1.75 -1.64877818627451 -1.5702205882352938 -0.01 0.007352941176469851 0.02156249999999986 0.19479675290911397 0.03 0.4037500000000005 -0.3735294117646992 -0.18432662538699743 0.0 -0.018750000000002775 0.005263157894736839 0.05
82 1 1.03 1.1016203022875817 1.1841666666666657 0.23 0.23781249999999915 0.32 0.1810565000298453 0.12000000000000002 0.1052941176470581 0.0 0.03931888544891676 0.10000000000000009 0.0 0.05789473684210527 0.10000000000000009
82 2 0.8805208333333322 1.0751429738562095 1.248676470588235 0.25 0.28437499999999916 0.33 0.22392239619181178 0.09999999999999998 0.4876470588235269 -0.15000000000000013 0.2566563467492246 0.5434640522875755 0.0 0.05263157894736841 0.10000000000000009
82 3 1.84 1.8455114379084971 1.85 -0.76 -0.76 -0.75 0.15711484441559495 0.020000000000000018 0.010000000000000009 0.0 0.0 0.0 0.0 -0.010526315789473694 0.0
82 4 -0.14500000000000002 -0.05305882352941203 -0.0075 -0.052500000000000005 -0.03 -0.02 0.1854762383869528 0.05 0.3 -0.20000000000000004 -0.15789473684210525 -0.049999999999999906 0.0 0.02631578947368421 0.09999999999999996
82 5 1.2675 1.2852738970588236 1.2825 -0.37 -0.36 -0.35750000000000004 0.17380735207608927 0.020000000000000018 0.18764705882352684 -0.20000000000000018 -0.0987616099071194 0.0 0.0 0.005263157894736847 0.0
82 6 1.1970588235294126 1.2301470588235301 1.3472058823529411 0.145 0.20500000000000002 0.21 0.21791523483830633 0.15 0.57 0.0 0.22105263157894742 0.5499999999999999 0.0 0.06842105263157895 0.15
82 7 1.1918921568627454 1.351999959150327 1.5601562499999986 -0.11 -0.10323529411764731 -0.09 0.22800754815584648 0.03294117647058627 0.7600000000000001 -0.1156250000000103 0.30371517027863887 0.6705882352941372 -0.049999999999999975 0.01733746130030856 0.09999999999999995
82 8 -1.2463235294117645 -1.1553624999999998 -1.0791176470588237 -0.13 -0.12 -0.09500000000000001 0.19339224977507735 0.09000000000000001 0.19999999999999996 -0.17352941176471015 0.10526315789473682 0.366360294117668 0.0 0.047368421052631594 0.10000000000000009
82 9 -3.1025 -2.8656437908496724 -2.817777777777781 -0.4188888888888876 -0.23 -0.21 0.29548698608934193 0.34 1.277647058823527 0.0 0.6724458204334353 1.2506535947711583 -0.21143790849672411 -0.17894736842105266 0.0
82 10 0.58 1.0393116830065365 1.5128186274509794 0.02 0.056764705882352696 0.1325 0.27442732553946286 0.19 1.1800000000000002 0.0 0.6210526315789475 0.7962418300653462 0.0 0.1 0.15
82 11 2.606617647058824 2.5934133126934986 2.64 0.0 0.0 0.01 0.19634056408615075 0.06411764705882328 0.4123529411764695 -0.07941176470588118 0.18885448916408648 0.12368421052632028 -0.02058823529410781 -0.02848297213622278 0.0
82 12 0.9375 0.9689375 1.0025 -0.09 -0.08 -0.05 0.16967255466753217 0.049999999999999996 0.09999999999999998 -0.19999999999999962 -0.042105263157894715 0.09999999999999953 -0.003124999999993064 -0.02631578947368421 0.0
82 13 0.8802777777777773 0.9507044526143791 1.03 -0.42 -0.41 -0.41 0.1853894645263951 0.07 0.28 -0.050000000000000044 0.12105263157894736 0.25882352941176745 -0.09999999999999981 -0.03223684210526405 0.0
82 14 0.4957352941176476 1.0507467320261443 1.5323529411764698 -0.2 -0.173 -0.1418749999999992 0.269010123496638 0.10999999999999999 1.1400000000000001 0.03180147058823496 0.5947368421052632 0.9900326797385545 -0.10000000000000009 0.005263157894736835 0.09999999999999981
82 15 0.9430882352941196 1.09278737745098 1.2177941176470581 -0.5 -0.48 -0.46499999999999997 0.21010547508837812 0.09000000000000002 0.44125000000000114 -0.4476102941176602 0.04473684210526221 0.6558823529411179 -0.10000000000000009 -0.047368421052631594 0.0
82 16 0.8719209558823522 1.0822024101307195 1.34 -0.29 -0.27 -0.2330882352941175 0.2621337709037733 0.1 1.02 0.0 0.528792569659442 0.9990808823529435 -0.17333333333334922 -0.03931888544891562 0.0735294117647095
82 17 -1.3250000000000002 -1.202855392156863 -1.1503124999999992 0.006562499999998752 0.02 0.03249999999999889 0.21021450184114385 0.060000000000000005 0.55764705882353 -0.4465686274509839 -0.2934984520123843 -0.10000000000000009 0.0 0.03157894736842106 0.09999999999999999
82 18 1.3 1.430333333333333 1.5412499999999985 0.1964705882352942 0.2224999999999989 0.24 0.21348904339590052 0.16 0.49352941176470533 -0.5777777777777704 -0.2597523219814239 -0.020588235294128898 0.0 0.05789473684210527 0.09999999999999995
82 19 -1.8793750000000016 -1.6081102941176462 -1.3891176470588251 0.1375 0.14 0.24044117647058733 0.26623631571169265 0.18 1.08 0.39687499999996434 0.5684210526315789 0.6029411764706227 0.0 0.08421052631578947 0.20000000000000018
82 20 0.5068841911764719 0.6775104166666668 0.8243750000000016 -0.5219117647058825 -0.4843750000000014 -0.435 0.2012387363470794 0.12000000000000005 0.33294117647058924 -0.31421568627453544 -0.16996904024767856 0.0 0.0 0.06315789473684214 0.10000000000000009
82 21 1.29 1.3005588235294119 1.31 0.04 0.05 0.05 0.15970953639092877 0.010000000000000002 0.040000000000000036 0.0 0.02105263157894739 0.0058823529411855535 0.0 0.005263157894736843 0.0
82 22 0.54203125 0.8441176470588232 1.1776562499999996 -0.4 -0.385 -0.33453124999999995 0.24101248558809812 0.12 0.8500000000000001 -0.6992647058823542 -0.4473684210526316 -0.2906249999999985 0.0 0.05789473684210529 0.10000000000000009
82 23 0.9849999999999999 1.0751727941176474 1.124852941176471 -0.38 -0.38 -0.34 0.2007024070475426 0.04999999999999999 0.26882352941176335 -0.20000000000000018 0.1414860681114544 0.4499999999999982 -0.050000000000000044 -0.026315789473684206 0.0
82 24 0.405 0.47300723039215614 0.5207812500000005 -0.0625 -0.04 -0.01 0.1939874731325855 0.04 0.37294117647058916 -0.2843750000000128 -0.1962848297213627 -0.0968750000000293 0.0 0.013312693498452792 0.049999999999999975
82 25 0.99 0.9888749999999998 0.99 0.18 0.19 0.19 0.15622569830419084 0.007500000000001117 0.007500000000001172 0.0 0.0013157894736835981 0.0 0.0 0.00394736842105322 0.0
82 26 0.14 0.166 0.2 -0.1625 -0.13 -0.13 0.1650579473996732 0.04999999999999999 0.06999999999999998 0.0 0.03157894736842105 0.09999999999999981 -0.049999999999999906 -0.026315789473684206 0.0
82 27 0.3882628676470612 0.6955586192810445 0.991770833333335 -0.1725 -0.15 -0.15 0.266372621047605 0.07999999999999999 1.1864705882352904 -0.9442810457516687 -0.6244582043343634 -0.3943014705882497 -0.09999999999999981 -0.03684210526315789 0.0
82 28 0.385 0.7039663251265414 0.9974999999999999 -0.17 -0.10020833333333284 -0.07 0.24410406931481057 0.09999999999999999 0.8964705882352946 -0.5591153127917825 -0.4718266253869972 -0.24999999999999994 -0.10000000000000002 -0.05230263157894811 0.0
82 29 0.35 0.36550000000000005 0.38 -0.18 -0.17 -0.16 0.16332016714674022 0.04000000000000001 0.030000000000000027 -0.09999999999999981 -0.01578947368421051 0.0 0.0 -0.02105263157894737 0.0
