86 0 -0.6637500000000001 -0.6081713466183573 -0.620147058823529 0.07 0.07 0.07 0.2002754851712817 0.012941176470589219 0.38777777777777517 -0.10000000000000009 0.2040935672514606 0.6983455882353085 0.0 0.006811145510836431 0.0
86 1 -2.0535937499999997 -1.580300449346404 -1.001498161764711 0.1475 0.1682352941176452 0.18 0.29772797785229876 0.04999999999999999 1.4100000000000001 -0.049999999999998934 0.7421052631578948 1.167830882352983 -0.06290849673201426 0.005263157894736847 0.09999999999999981
86 2 -1.2091176470588225 -1.0751368464052284 -0.9374999999999999 -0.06 -0.05 -0.0275 0.20312049758830988 0.03 0.36065359477124015 0.0 0.1898176814585474 0.4496323529411572 -0.04967320261437952 -0.011111111111111802 0.0
86 3 -1.4915716911764711 -1.3059792892156865 -1.1367187500000007 0.0 0.022 0.042499999999999996 0.210972597635384 0.03499999999999778 0.5700000000000001 -0.5447916666667008 -0.15000000000000582 0.19999999999999907 -0.02812500000000416 0.01842105263157778 0.08437500000001247
86 4 -0.5702941176470644 -0.45875502450980443 -0.36749999999999994 -0.26 -0.25 -0.23 0.21119928167948587 0.03 0.5862352941176473 -0.0823529411764734 -0.10947368421052629 0.34999999999999976 0.0 0.015789473684210527 0.09999999999999995
86 5 -1.5920588235294098 -1.1703095996732034 -0.9368198529411724 0.07833333333333432 0.1702777777777771 0.225 0.33595742755046215 0.29 1.78 -1.5376225490196318 -0.917192982456142 -0.39705882352939814 -0.20588235294118254 -0.1526315789473684 -0.09999999999999981
86 6 -0.5719607843137249 -0.40246503267973804 -0.22808823529411748 -0.08 -0.07 -0.06794117647058817 0.21624133146153984 0.06 0.5311764705882328 -0.702757352941171 0.05263157894736842 0.60823529411763 0.0 0.031578947368421054 0.09999999999999995
86 7 -0.86 -0.5988632761437903 -0.39411764705882274 -0.02 0.01 0.04 0.23779175246937598 0.1 0.49823529411764733 -0.5444444444444552 0.17356037151702775 0.8027573529411716 -0.1 -0.05263157894736842 0.0
86 8 -0.18124999999999947 -0.13255408281733744 -0.08 -0.13 -0.13 -0.12 0.17757924290077676 0.020000000000000018 0.19000000000000003 -0.17812500000000414 -8.764918615461762e-18 0.15139318885446618 0.0 0.010526315789473694 0.01562500000000966
86 9 -1.7482812500000005 -1.231659313725489 -0.7008823529411776 -0.04 -0.03 -0.02 0.32007857890702435 0.04 1.7686029411764723 0.5088235294116972 0.9308436532507752 1.027022058823528 -0.1 0.021052631578947368 0.09999999999999999
86 10 -1.0325 -0.8680199754901956 -0.7198437500000003 0.03661764705882537 0.07 0.1 0.20473362144532312 0.06999999999999999 0.45000000000000007 0.0 0.23684210526315788 0.45567401960782683 -0.09999999999999995 -0.03684210526315789 0.0
86 11 -1.6488235294117657 -1.3263899999999986 -1.209843750000005 -0.02 -0.01 0.07734374999999813 0.31007050921736135 0.13 1.402499999999999 -0.13752941176470634 0.7381578947368415 1.655882352941242 -0.05 0.05263157894736842 0.11764705882353434
86 12 -1.3033455882352971 -1.0957792634158918 -0.8748713235294141 0.0015624999999991679 0.04088235294117672 0.052500000000000005 0.24173557684906652 0.13 0.48235294117646976 -0.8963235294116922 0.12333591331269089 0.6999999999999634 -0.09411764705883825 0.06842105263157894 0.16907894736843607
86 13 -1.5071874999999995 -1.14455444716392 -1.0114988687782789 0.1375 0.19205882352941164 0.2 0.2834892013850334 0.10999999999999999 1.1571323529411786 -0.06875000000000298 0.6090170278637782 1.3657410990712449 -0.05309597523218364 -0.036842105263157884 0.0
86 14 -0.7441176470588222 -0.6127810049019604 -0.46350980392156915 0.26 0.27 0.28 0.20674044545218795 0.06647058823529459 0.27 -0.3176470588235475 0.10526315789473682 0.502916666666662 -0.09999999999999981 -0.034984520123839256 0.0
86 15 -1.7963235294117676 -1.3355566176470588 -1.182187500000012 -0.04 -0.025 -0.015 0.33865730094646485 0.04 1.407176470588233 -0.6998161764705668 0.7406191950464385 2.0755514705883638 -0.04999999999999999 0.01578947368421053 0.09999999999999999
86 16 -1.8685937499999974 -1.7068220996732026 -1.506029411764706 0.08955882352941183 0.09911764705882366 0.10161764705882366 0.21875771219189924 0.04647058823529461 0.49308823529411483 -0.6117647058822917 0.08575851393188534 0.4500000000000004 -0.10000000000000002 -0.024458204334365585 0.0
86 17 -1.6 -1.555045955882353 -1.465 0.06 0.06 0.06797794117646826 0.18629563163879673 0.030000000000000006 0.1747058823529377 -0.050000000000000044 0.08049535603715223 0.3082720588235299 -0.010835913312723724 -0.010526315789473686 0.0
86 18 -1.9436764705882366 -1.624927941176469 -1.1023437500000015 -0.21426470588235164 -0.2 -0.15343749999999792 0.2896786549026723 0.18 1.3058823529411767 0.29999999999999916 0.6873065015479877 0.8825367647058835 -0.2959558823529286 0.005263157894736847 0.20882352941176346
86 19 -0.52 -0.46120288312693425 -0.33129934210526585 0.09 0.13 0.13 0.24496055390437158 0.07 0.93 0.04999999999999977 0.48421052631578954 0.8712074303405765 -0.058823529411767134 -0.005263157894736841 0.0
86 20 -1.1025 -0.8803623366013072 -0.6466360294117701 0.0075 0.010588235294118262 0.0225 0.22820257050160722 0.028749999999998888 0.7300000000000001 -0.04705882352939783 0.3842105263157895 0.7000000000000006 -0.043749999999994446 0.005921052631579532 0.009007352941175677
86 21 -1.4 -1.181056308049535 -0.8980974264705899 -0.0025 0.005018382352941221 0.01 0.22830234859187676 0.02 0.7676470588235271 0.0 0.40402476780185637 0.6472426470588316 -0.04687500000000694 -0.005263157894736842 0.0
86 22 -1.01 -0.7437162990196075 -0.533676470588235 -0.19 -0.18 -0.18 0.23701069440433883 0.020000000000000018 0.5 -0.050000000000000044 0.20804953560371478 0.9974264705882416 -0.009375000000001465 0.0027863777089779415 0.0
86 23 -1.0629411764705883 -0.98841544117647 -0.97 -0.12 -0.12 -0.11 0.2140377232959749 0.023529411764705382 0.4570588235294107 -0.31580882352942097 0.2405572755417951 0.2500000000000002 0.0 0.012383900928792307 0.0
86 24 -1.9 -1.813622671568627 -1.7880055147058824 -0.03 -0.020882352941178437 -0.02 0.19367355500991684 0.03 0.3312499999999974 -0.10000000000000009 0.17434210526315652 0.403124999999972 -0.04999999999999999 -0.010526315789473684 0.0
86 25 -0.65 -0.4935560049019604 -0.4044117647058838 0.1942187500000006 0.20264705882352807 0.21 0.21270710377261465 0.01999999999999999 0.4247058823529397 -0.135294117647069 0.22352941176470514 0.6485294117647084 -0.023529411764719316 -0.0052631578947368324 0.0
86 26 0.5649999999999994 0.6407647058823533 0.77 0.0375 0.06 0.06125 0.2304811906151991 0.17294117647058627 0.6382352941176466 0.014705882352931132 0.32167182662538574 0.748529411764721 -0.10000000000000009 -0.09102167182662436 0.050000000000000044
86 27 -0.23 -0.2730918003565071 -0.2175 -0.11 -0.1 -0.1 0.20867631650331436 0.03 0.5733333333333334 -0.09411764705881731 -0.3017543859649123 0.0 0.0 -0.010526315789473679 0.0
86 28 -1.4312254901960795 -1.2612998366013068 -1.1333823529411766 -0.02 0.0 0.0225 0.21722320598893965 0.06 0.3999999999999999 -0.413725490196063 0.12171052631578805 0.599999999999935 -0.1 -0.03157894736842106 0.0
86 29 -0.3903125000000085 -0.17302638888888855 0.11281249999999932 -0.020156250000000764 0.08 0.11220588235294088 0.2770100128053008 0.26823529411764657 0.8 -0.5415441176470548 0.06934984520123866 0.4000000000000003 0.0 0.14117647058823504 0.30000000000000004
