1 0 -2.4971550307383295 -2.4662189962871177 -2.4499999999999997 0.09 0.0997479031871552 0.11 0.1633678021039845 0.020000000000000004 0.05000000000000071 -0.09088244740645068 -0.026315789473684584 0.0 -0.10000000000000002 -0.010526315789473686 0.0
1 1 1.1999999999999997 1.2112302690125307 1.2400000000000007 -0.02443744980394293 -0.01 -0.01 0.1756124152651074 0.08 0.14000000000000057 -0.10000000000000675 -0.07368421052631609 0.0 -0.08708366797371381 -0.042105263157894736 0.0
1 2 -1.2240525235130506 -0.7164220385445226 -0.25459394618833986 -0.12635084117101675 -0.07716175687956345 -0.03 0.31591560106077565 0.15000000000000002 1.6799999999999997 0.66844911686324 0.8842105263157893 1.1461261571786956 0.0 0.07894736842105263 0.1665310775077209
1 3 1.1600000000000006 1.1764527116746062 1.1940543379984254 -0.36188671416724694 -0.19 -0.179315203456626 0.19727226677278883 0.23 0.2294167889483898 -0.2151376146789119 -0.12074567839388936 -0.05401156833372611 -0.01442638623327594 0.12105263157894736 0.18531358331723202
1 5 -0.7881392421833604 -0.7616539565277273 -0.6805280799112109 -0.09 -0.08 -0.08 0.1952303769732861 0.03479740980573426 0.42439222941720267 -0.0391752991639599 0.2020163491985972 0.35605864123394504 -0.005611659398688726 0.007197409434735012 0.010679936438918528
1 6 1.2454310307398397 1.308225425405628 1.4 -0.1625 -0.15 -0.14 0.18105553282930786 0.03999999999999998 0.2600000000000007 -0.20000000000000018 -0.13684210526315824 -0.03861987194687111 0.0 0.021052631578947358 0.06907966701460516
1 7 -0.9499999999999997 -0.9472205421467675 -0.9493454833597457 -0.2125 -0.21 -0.2 0.16792510332288998 0.05000000000000002 0.06374489843786713 -0.013090332805080762 -0.012497314967298936 0.013090332805080762 -0.09999999999999995 -0.021052631578947375 0.049999999999999906
1 9 -2.315 -2.3022999508665967 -2.28 0.05 0.06 0.06 0.16404392352925812 0.020000000000000004 0.040000000000000036 -0.02766681714158281 -0.014740827109836749 0.021432680385236047 -0.03548917106828326 -0.005263157894736842 0.04211419051534434
1 10 -0.6304554632011201 -0.513273105577966 -0.3725273522809623 -0.06 -0.05 -0.019989344591877525 0.19519250344009434 0.07 0.3800000000000008 -0.30003615177400716 -0.19971588172974974 -0.09756702381508386 -0.1 -0.036557986992907264 0.00021310816244950181
1 11 -0.8799999999999994 -0.8568500298128177 -0.8320674720502653 -0.4125 -0.39 -0.35500000000000004 0.1753447794611125 0.15321288295364904 0.05169677926158667 -0.09999999999999787 -0.01668251540083531 0.04151610369206027 -0.19999999999999962 -0.054322569975604765 0.04999999999999977
1 12 1.27 1.608816633801793 1.862039910865834 -0.04 -0.024029663297648707 -0.01 0.2675925838982 0.03783373659527388 1.235667473190548 -1.0280230932299683 -0.6503513016792358 -0.37877554005950387 0.0 0.014649335050144149 0.04887204999988232
1 13 -2.4425 -2.434941444457745 -2.4200000000000004 0.02 0.025 0.03 0.16332523834638318 0.02 0.0699999999999994 0.0 0.01578947368421066 0.049999999999998934 0.0 0.005263157894736842 0.012783032387505971
1 14 2.106309161032256 2.4365505197803117 2.5429105501849847 0.10712006395995402 0.1147078535830902 0.12 0.27417401301282757 0.06929440734952683 1.2582106175531962 -0.980186683782589 -0.6622161145016822 -0.10292146416909675 -0.09393912981399422 -0.024516539919180146 0.03202696601894199
1 15 2.3699999999999997 2.376844297499575 2.3799999999999994 -0.07 -0.07 -0.07 0.15799987017728917 0.010000000000000009 0.020000000000000462 0.0 -0.005263157894737198 0.0 -0.00915480320613185 -0.005263157894736839 0.0
1 16 -1.0532557134317182 -1.0503363618663204 -1.0499999999999994 -0.12 -0.11923324026539364 -0.11 0.1596029284130121 0.02804541406945646 0.021954585930543002 0.0 0.01155504522660158 0.026136743020631625 0.0 -0.0094975863523455 0.0
1 18 1.0700000000000007 1.0865000000000002 1.1025 0.14 0.14 0.14 0.16028482043440873 0.009684797045579119 0.049999999999998934 -0.049999999999998934 -0.02631578947368365 0.0 0.0 0.002667532100809903 0.0
1 19 1.6792461858213046 2.2806421492941507 2.6961473280766226 -0.08 -0.06 -0.01213721413721502 0.31497478973430926 0.08698474328521694 1.7026908368851679 0.050000000000003375 -2.4797230317952894 1.0048247224183893 -0.09999999999999995 -0.04051828593958787 0.0
1 20 -2.4357809635725247 -1.7433464980385427 -0.9197477483987265 -0.2337237739672807 -0.18513664004381059 -0.14768715957048503 0.3742358263777885 0.15000000000000002 1.6957006546139646 -0.5385200186389283 0.8924740287441919 2.2125228712666463 -0.15173714504486083 -0.03157894736842105 0.07785730206266148
