4 0 0.06000000000000005 0.08556158184909365 0.11921063618290187 0.08 0.08910873985599338 0.0925 0.17309102747758762 0.039238996461373604 0.13076100353862627 -0.15640825944563969 -0.020652103400723192 0.14576514324969864 -0.05566761193433016 0.015388945505986107 0.09999999999999995
4 1 0.22584285347538716 0.22593883868622422 0.25 0.05752856042616149 0.07 0.08162037037037129 0.17597189881424138 0.09358982926258863 0.13282034147482283 0.0 0.0699054428814857 0.13568811344069676 -0.10000000000000002 0.017678857506625595 0.10000000000000005
4 3 0.05348444117905603 0.1290853612129928 0.21136014484801932 0.04 0.06717511405760013 0.07 0.19324016678070324 0.04370401791774253 0.37000000000000055 -0.16239568389806072 0.07309891907724898 0.12948280026222536 0.0 0.023002114693548698 0.05598784413177613
4 5 -0.04999999999999938 -0.05088244694191264 -0.03796119489349258 0.22913528626272722 0.23151067159458005 0.24 0.1686125832664837 0.03 0.129999999999999 -0.049999999999998934 0.057894736842104964 0.09999999999999787 -0.03391815792988612 -0.005263157894736847 0.0
4 6 0.001175969497822782 0.01826619858473454 0.10000000000000009 0.48 0.52 0.54 0.20019910955645254 0.07000000000000006 0.3799999999999999 -0.36537435815783176 -0.19999999999999996 -0.015034960013082799 -0.10000000000000009 -0.010526315789473665 0.0830967286835349
4 7 0.1710733563640319 0.1785141288661996 0.20000000000000018 0.275 0.3016492025068804 0.34 0.18753028962716015 0.2030627009646297 0.16959405144694434 -0.08248856389194537 0.05768107970891804 0.09999999999999787 0.03400346117685665 0.10687510577085774 0.1596855991709835
4 8 -0.28031516213245306 -0.09985545726535058 0.1342110272924604 0.465670261107474 0.7698690802016681 1.12172274319868 0.306601642278924 0.94 0.5519507568425526 -0.40000000000000036 -0.242105263157895 0.0388234542500121 -1.0034487024236547 0.00526315789473687 0.7341499399678
4 10 0.05750000000000011 0.06749935762366424 0.0900000000000003 0.14 0.15 0.16 0.17412228945419853 0.07506790470211028 0.14766976175527563 -0.050000000000001155 0.05140513776593441 0.0 -0.09999999999999995 -0.01845679194847909 0.03007847646461101
4 12 -0.017036110625653217 0.017706766539821964 0.05707382695965119 0.21406663802476275 0.23 0.24091115592589318 0.1739903151676559 0.08000000000000002 0.08408636545381715 -0.11865084655379901 -0.012677034449377648 0.11557779042781552 0.0 0.04210526315789474 0.10000000000000009
4 13 -0.16375324416051443 0.0703954467117627 0.35348764430014445 -0.03436196656768136 0.059982771772120705 0.10159125193477385 0.2620535047648635 0.1630473965287043 0.8695710947930568 0.2147998536084289 0.45043606452630724 0.6029745263496253 -0.18748918613161863 0.08581441922563386 0.31427075145341193
4 14 -0.0900000000000003 -0.03668377878372038 0.010000000000000231 0.2832841289782245 0.3617346239769004 0.4007019076862776 0.18812948190335746 0.12315852513677095 0.11604671983208698 -0.1507575266753973 -0.06107722096425631 0.0 -0.08485749569399029 0.036708371500930224 0.1999999999999999
4 15 0.10000000000000009 0.1215861015622888 0.1499999999999999 -0.17692456356454112 -0.135 -0.08750000000000001 0.19192966974631748 0.27 0.1499999999999999 -0.09999999999999787 0.03157894736842108 0.10000000000000009 -0.03956312886340664 -0.06842105263157895 0.10000000000000009
4 16 -0.36894368360064245 -0.1299568140779237 0.12575700302403336 0.2959538610682084 0.3484233188557716 0.4164462619513898 0.2216161730159855 0.12 0.5499999999999994 -0.49732372875886444 -0.289473684210526 0.0 -0.13361053361053588 -0.06315789473684211 0.012265721809155972
4 17 0.028863839485209427 0.038443968088116155 0.1975 0.18 0.20426558966074015 0.34974834110871883 0.256884846288751 0.1794895132568279 0.8790317076569766 -0.2935422154614254 0.35272615567994464 0.8058874941452432 -0.1861595715354715 0.07296112971684077 0.3451892424080094
4 18 -0.10603367515713906 -0.10062409250838822 -0.10000000000000009 -0.07094078218821882 0.10201773734031924 0.13 0.17766199703312144 0.24000000000000002 0.019999999999999574 0.0 0.01052631578947346 0.01672287531316853 0.0 0.10526315789473686 0.16825100621743
4 19 -0.09801141280830772 -0.09022721453574355 -0.08000000000000052 -0.06 -0.06 -0.06 0.16042613313441778 0.02734855041107679 0.0273485504110762 -0.03756265551188 -0.006658657678380499 0.025213417365581997 0.0 -0.009130816005829883 0.0
4 20 -0.029999999999999805 -0.021043696769280446 -0.01366922114374364 0.16271918057387108 0.17 0.18102167804094751 0.16011127047283602 0.03408671216379003 0.02363507591518735 0.0 0.005263157894736731 0.030273836693390548 -0.04103917639598276 -0.017940374823047382 0.0
4 21 -0.014295459409331288 -0.000856144001060284 0.040000000000000036 -0.14320454059066887 -0.10500000000000001 -0.07908730631704439 0.19963347966612888 0.21 0.2999999999999998 -0.10000000000000009 0.09622008545403951 0.323216652022269 -0.22425861099831412 -0.09622008545403966 0.025131230279472755
4 22 -0.10999999999999988 -0.0712243470646835 -0.02070770822555515 0.17500000000000002 0.26 0.28 0.191734925628448 0.22999999999999998 0.13999999999999924 -0.14622124518543403 -0.02105263157894785 0.015545341280276834 0.0 0.10526315789473686 0.20000000000000004
4 23 0.02000000000000013 0.2745526030880671 0.5625000000000002 0.27 0.3430151056468554 0.38 0.24340276042286693 0.15 0.6000000000000001 -0.6791398218939105 -0.11578947368421014 0.050000000000001155 0.0 0.021052631578947392 0.09736450871739855
4 24 -0.18000000000000016 -0.12038172708054744 -0.06273859200430802 0.10655822153029008 0.12 0.1568789765835323 0.17853581579553957 0.06000000000000001 0.08630987447319335 -0.18115980208888394 -0.043578411678050884 0.07288180843596712 -0.09999999999999995 -0.021052631578947364 0.04133243607000153
4 25 1.4956648803862536 2.1446542783085425 2.82115972697124 -0.4975676287967789 -0.4722287128712879 -0.45 0.40312514891884055 0.21000000000000002 2.5787554459792807 -2.1999999999999975 -1.3572397084101475 -0.5424174901845014 -0.19709208970507291 -0.0894736842105263 0.0
4 26 0.013964783970389492 0.026375049013937057 0.07000000000000028 0.13 0.3293473272864169 0.40103521602961056 0.21325983517495117 0.3207249919125849 0.19799886076400627 -0.2585195997667243 -0.10420992671789804 0.10000000000000009 -0.1472248874455867 0.020671056888113205 0.34173711458203687
4 27 0.14934812170661244 0.17830226086064507 0.20708976328468864 0.10801785649933304 0.13 0.15824206189710688 0.1801042488142322 0.14735850963482244 0.13999999999999968 -0.09999999999999787 0.021052631578947382 0.049999999999998934 -0.16971111950117454 -0.07755711033411708 -0.019563001122644627
4 28 -0.5624999999999996 -0.3669667406200731 -0.1868799834781851 0.34 0.35 0.356761816679835 0.2061727482699463 0.02999999999999997 0.5400000000000009 0.0 0.28421052631578997 0.550000000000006 -0.09999999999999953 -0.01578947368421051 0.011380279606470756
4 29 -0.6706051141964049 -0.503396005154874 -0.28249999999999975 0.09 0.10882636225809297 0.1378774565872922 0.2105776947202895 0.08000000000000002 0.5400000000000009 -0.21005451507956518 -0.036842105263158044 0.3142099919939756 -0.09999999999999995 0.005263157894736847 0.10000000000000002
4 30 -0.020000000000000018 -0.01581504897446288 -0.010000000000000231 -0.01 -0.0017851217434210736 0.0 0.15827722324230714 0.02 0.023199594098823856 0.0 -0.012210312683591504 0.0 0.0 0.010526315789473684 0.014414372516431576
4 31 -0.34690229459659394 -0.33132683514051886 -0.32000000000000073 -0.08 -0.07 -0.06 0.16568253393097282 0.04000000000000001 0.05636154870711185 -0.09999999999999787 0.0 0.09999999999999787 -0.05855770647641173 -0.021052631578947375 0.01621328283761478
4 32 -0.052499999999999325 0.02027862828330739 0.07949676637025153 0.2975 0.3267960693079623 0.45724838318512573 0.2006075415278196 0.24 0.2800000000000007 -0.20670430991351657 -0.12105263157894736 0.017960693079622468 -0.2614779275996648 -0.09999999999999999 0.053687151963620616
4 33 -0.30956675585964993 -0.16338078310421128 -0.059999999999999165 -0.03 0.04109985153471679 0.19674684612419463 0.22114700018730327 0.39 0.33000000000000007 -0.08793712346789939 0.13157894736842105 0.3015618044676227 0.018265274533748113 0.20526315789473684 0.3609595821260614
4 34 -0.03249999999999975 0.0035696872754085868 0.03745205331021714 0.15832677664974687 0.17362543390222682 0.2025 0.17368882564316557 0.06 0.09326940441362194 -0.12248609216578421 -0.04908916021769576 0.0 0.0 0.031578947368421054 0.07267272089030094
4 37 0.329508322685361 0.36037830124897574 0.3967991423157472 -0.24 -0.23098335462927821 -0.22160042884212638 0.17126257803907463 0.03 0.1599999999999997 -0.1002179632221728 -0.08421052631578932 -0.00983354629278177 -0.020503071906957937 -0.015789473684210527 0.0
4 38 0.202374034222876 0.22757798664676746 0.2624788867982312 -0.009520964684096992 0.06469277315335362 0.08338408730857275 0.1916090531521038 0.17 0.2122555859754482 -0.14599378960480427 0.05381872946076204 0.13007895201128578 -0.1158268948191726 0.029607973620653302 0.16375852134845853
4 39 -4.440892098500626e-16 0.1586343089118226 0.23093742648788354 0.0479474397949453 0.09959573658165029 0.2512203695963687 0.23800341308578268 0.23436689265979416 0.423408861803415 -0.3229786829082512 -0.22023666368963632 -0.024796003965530083 -0.39595736581650276 -0.07138584596852939 0.19105120410109416
4 40 1.759341678210964 1.8630748171034515 1.9689892454466613 -0.2657282568150482 -0.26 -0.25 0.21195036420433283 0.2 0.389122831367104 -0.34561415683551866 -0.20480149019321264 -0.049999999999998934 0.0 0.10526315789473684 0.0789986146843541
4 41 -0.012500000000000178 0.08485234036226437 0.15703542661097808 -0.3325 -0.32 -0.20080547877564192 0.19997428261168027 0.2762623183564383 0.1337376816435617 -0.10000000000000009 -0.06841822075926389 0.0990154045534282 -0.307882509115818 -0.12961174650338858 0.0
4 42 -0.4524999999999997 -0.4286708928025287 -0.399999999999999 0.69 0.765 0.7825 0.17925784242226434 0.14 0.120000000000001 0.01592420975364106 0.06315789473684263 0.09999999999999787 -0.16800531778862982 -0.0736842105263158 0.0
4 43 0.27811686332173113 1.056780895320863 1.7694774520397625 -0.4089754418575386 -0.35026689348926676 -0.23080431208076813 0.41230293223837705 0.2724808870356888 2.474250678983807 -2.0976294791058825 -1.3022371994651616 -0.5657358950462186 -0.12269270853437042 0.14341099317667833 0.3455708247162015
4 44 0.268180648302726 0.27310675324631783 0.33572682519041747 -0.03 0.015 0.11621603798316973 0.22317676765228792 0.3115182711927309 0.27823208400996596 -0.28392189771129756 -0.14643793895261367 0.10000000000000009 -0.29686661513027557 0.04340681495452645 0.36041219496123766
4 45 0.020000000000000018 0.026767049662281096 0.03000000000000025 0.35750000000000004 0.36 0.39 0.16823623438544982 0.11561528251801217 0.04000000000000048 0.0 0.02105263157894762 0.09890161284856949 0.0 0.06085014869369061 0.10000000000000009
4 46 -0.1982193925980521 0.03856699601307147 0.2446723061111576 0.44437422218069994 0.455 0.5 0.2220821987870823 0.05071127103839057 0.6738370488708153 0.26918524435407376 0.3546510783530607 0.3563232729824638 -0.10000000000000009 -0.020151299773991223 0.058395676266188024
4 48 0.010000000000000231 0.031229605309921547 0.07131202258385923 -0.01 -0.01 0.0 0.17134262496764774 0.022373213692256085 0.16237321369225574 -0.10000000000000009 0.03282800720645034 0.14586731523303453 -0.05 0.0026341501043729834 0.0859411901673215
4 49 -0.028429725213516513 0.06806601056560803 0.1746152490348504 0.4985231308411224 0.5905810958886912 0.6542316209876764 0.2447790310905585 0.22644973959533543 0.7599999999999998 -0.5776885998472563 -0.3999999999999999 -0.05404696663059899 -0.19741999765438695 -0.08947368421052634 0.17889711461102492
4 50 -0.4225000000000003 -0.39392768217141017 -0.3674999999999997 0.03 0.06 0.07 0.1762069770169333 0.10330180211282058 0.14291491491491387 0.019808334492839308 0.07521837627100729 0.09999999999999787 0.0 0.05436936953306346 0.1
4 51 0.1029813599916695 0.11371843639183776 0.13000000000000034 -0.23 -0.22 -0.21 0.16417367267687458 0.04000000000000001 0.07000000000000028 0.0 0.03684210526315804 0.08293038432163738 -0.029980436837807184 -0.02105263157894737 0.0
4 52 -1.5841564025098802 -1.454222758483605 -1.3199921872402642 -0.17207820125494006 -0.095 -0.08 0.22139549996447014 0.18 0.5800000000000001 0.19999999999999574 0.3052631578947369 0.40000000000000036 0.0 0.09473684210526315 0.17299784168214136
4 53 -0.062499999999999556 -0.03462496190269855 -4.440892098500626e-16 -0.021504995333079615 -0.02 -0.008556273062730622 0.1646504553431644 0.04 0.07000000000000028 -0.09723337169047397 -0.036842105263158044 0.0 0.0 0.010526315789473684 0.04999999999999999
4 55 0.16000000000000014 0.2253726319700961 0.30812703528722135 0.03 0.05 0.22957724807010782 0.22031196632293967 0.45 0.27 -0.049999999999998934 0.10526315789473693 0.3111273384797139 0.0 0.23684210526315788 0.5007204030892531
4 56 0.18999999999999995 0.210616572678697 0.24172501297566462 0.03 0.055 0.07 0.1742999012610997 0.06 0.10631643665292714 -0.13050870183434385 -0.055956019291014285 0.0 -0.06763694290576293 -0.010526315789473675 0.017636942905762953
4 57 -0.17680366343582032 -0.05799814769173737 -0.025495528081022095 0.5758766871969602 0.62 0.697996044585673 0.2342235501907446 0.3936061581282097 0.5069347088127668 -0.44016564063954794 -0.22968096940620567 -0.01938389632462706 -0.3198314533339125 -0.20716113585695245 -0.019383896324626226
4 58 -0.0105745240222704 0.0001814249605953118 0.020000000000000018 0.21 0.22 0.22 0.16244128368906366 0.04000000000000001 0.04592659530098784 -0.08850951955459449 -0.02417189226367781 0.0 0.0 0.010526315789473679 0.030933767964490266
