42 0 0.5186495000000002 0.5323650200000001 0.5460774000000003 0.45428735 0.5740704999999999 0.6388565500000001 0.18335960531494583 0.26809320000000025 0.043897199999999525 -0.045216000000001255 -0.01735263157894722 0.007849999999998136 -0.21885800000000177 -0.14110168421052646 -0.05966000000000138
42 1 -0.5803190999999999 -0.4269615 -0.29255379999999986 -0.07970890000000014 -0.05656709999999998 0.06955099999999997 0.20974052022258913 0.21681699999999982 0.4110887999999999 0.06782399999999855 0.21636252631578942 0.2942179999999994 -0.14585300000000134 -0.11277557894736834 0.003453999999999402
42 2 -0.24881360000000008 -0.14879204000000001 -0.08270759999999999 -0.00995380000000018 0.1462926 0.17377544999999994 0.23036307732768477 0.35720640000000015 0.5096220000000002 0.10518999999999945 0.26822210526315804 0.3793119999999983 -0.27380800000000094 -0.1880033684210527 -0.051181999999998506
42 3 0.21279780000000004 0.38605671999999996 0.6623516000000003 -1.2868308750000002 -1.2710500200000001 -1.1723268500000001 0.321929985393035 0.43206714 1.3780204 -0.7086980000000032 -0.676389052631579 -0.04741400000000118 -0.44682200000000005 -0.13629252631578953 0.04692729999999923
42 4 -1.165411 -0.89065472 -0.5689365999999998 0.11723974999999992 0.13682549999999993 0.1509947499999999 0.2570064088875574 0.06911140000000038 1.049388 -0.8569059999999973 -0.008164000000000025 0.33378199999999913 -0.11194100000000207 -0.010428105263157943 0.07426099999999991
42 5 0.1859664999999998 0.24524655999999992 0.32048410000000005 -0.08667184999999994 0.04920380000000002 0.10376914999999998 0.2371429699302324 0.5310054 0.28109280000000014 -0.28762399999999966 -0.015138105263157994 0.08791999999999689 -0.464249000000001 -0.27947652631578945 -0.11806399999999884
42 6 0.04899969999999998 0.10307363999999997 0.15012340000000013 -0.15753380000000006 -0.14809810000000012 -0.13071034999999992 0.17269894737609232 0.043049399999999904 0.12553719999999968 -0.09765399999999813 0.03863852631578951 0.19185399999999797 -0.009105999999999836 0.02107105263157897 0.042546999999999446
42 7 -2.428476 -2.2379888420000005 -1.9712919999999998 -0.92059305 -0.905262 -0.6517619499999999 0.28888509158018943 0.43451320000000004 0.83307968 0.23989600000000055 0.43846298947368423 0.5450411999999982 -0.42358599999999913 -0.2099998947368421 0.06232899999999986
42 8 -0.8882432 -0.602252 -0.3759678999999999 0.028393450000000153 0.05064820000000014 0.1307810000000001 0.26150655113405413 0.13059259999999973 0.6709552000000003 -0.21979999999999889 0.35313431578947385 0.9853319999999988 -0.01114700000000246 0.06873294736842091 0.16312300000000057
42 9 -0.0016642000000004487 0.05299377999999997 0.09969499999999976 0.01908335000000011 0.0348383000000001 0.062164150000000196 0.18905260001558288 0.07021040000000012 0.30037240000000054 -0.14161400000000324 0.058668421052631675 0.05683400000000116 -0.06751000000000174 -0.008511052631578914 0.051495999999999764
42 10 -1.5860140000000003 -1.09456946 -0.6975510000000001 0.088862 0.12914820000000005 0.13899994999999987 0.31898981323150644 0.10889520000000008 1.7252416000000004 -1.0789040000000027 -0.320313052631579 1.0201860000000018 -0.14867900000000045 -0.04941368421052639 0.043960000000001775
42 11 0.18303060000000004 0.20397439999999997 0.22049079999999988 0.24945730000000016 0.2749384 0.33142699999999997 0.17182423668755736 0.13316740000000027 0.045718399999999715 -0.042704000000000075 0.008097894736842286 0.04584399999999933 0.029987000000001318 0.07008810526315803 0.10032299999999883
42 12 -0.4774684000000001 -0.40032488 -0.3724510999999999 0.24950440000000002 0.3962837 0.42999945 0.22365126315634706 0.32696820000000004 0.46340119999999985 -0.333781999999998 -0.23473978947368415 0.012246000000002422 0.04003499999999938 0.17169189473684218 0.2756920000000007
42 13 0.07955190000000023 0.11387838000000006 0.15429959999999998 0.10468759999999988 0.28007230000000005 0.7059661999999998 0.21984845803023248 0.6398063999999997 0.08597319999999975 -0.07190599999999714 -0.045249052631578815 -0.015699999999996272 -0.48575799999999836 -0.33674021052631553 -0.03563899999999953
42 14 0.17287269999999977 0.1782358199999999 0.1849930999999999 -0.11636839999999998 -0.11448440000000004 -0.11177614999999985 0.15807477623278024 0.01686180000000026 0.024052399999999974 -0.027003999999999362 -0.012560000000000057 0.0 -0.015386000000000566 -0.007387263157894876 0.00047099999999966613
42 15 -1.0166378 -0.946239 -0.8941778 -0.8535933000000001 -0.7772756000000001 -0.7035798 0.20003032215634714 0.35541659999999986 0.1420536000000001 -0.05212400000000006 0.05344610526315787 0.1695599999999975 -0.29139199999999976 -0.11246157894736837 0.10267800000000049
42 16 -0.20149380000000017 0.11100528000000001 0.45294499999999993 0.16408855000000006 0.18683000000000005 0.2442763 0.265991861580551 0.3945096000000001 0.8664516000000004 0.14192800000000005 0.4190412631578949 0.7485760000000008 0.05495000000000139 0.20763663157894743 0.27663400000000227
42 17 0.5536919000000002 0.56965252 0.5855786000000001 0.07572109999999993 0.0936034 0.1201521000000001 0.16444814805571023 0.032624600000000115 0.02989279999999983 -0.042704000000002296 0.008362315789473756 0.07598799999999573 -0.03563900000000175 0.012973157894736801 0.057776000000000494
42 18 -1.1606225000000001 -0.8803900600000001 -0.5294982 0.19898180000000004 0.2981115999999999 0.40736005000000003 0.2783634017442453 0.2805589999999998 0.7470688000000001 -0.30803400000000036 0.39319410526315796 0.8798279999999992 -0.258579000000001 -0.14766263157894724 -0.04364599999999941
42 19 0.34470920000000005 0.35235823999999993 0.35767740000000015 -0.11320484999999997 -0.10762349999999998 -0.10603780000000018 0.15785778056144267 0.012026200000000209 0.02499439999999975 0.0006279999999958541 0.01315494736842092 0.027004000000001582 -0.011461000000000388 -0.000760210526315796 0.005809000000001063
42 20 0.25476390000000004 0.34654924 0.4198965000000001 -0.7380491499999999 -0.4249048000000001 0.13979280000000005 0.31300844081367196 1.3485358 0.2670256000000002 -0.06656800000000018 0.04891789473684218 0.3366080000000027 0.45341600000000093 0.7097556842105264 0.8770020000000001
42 21 0.11293010000000014 0.12415559999999999 0.13698249999999978 -0.023314499999999905 -0.0040192000000000005 0.0024884499999999754 0.1609981601455191 0.030583600000000155 0.0352935999999997 -0.05243800000000132 -0.01556778947368416 0.010675999999998353 -0.027945999999999804 -0.015336421052631772 0.0009419999999993323
42 22 -0.6206523999999999 -0.38060881999999996 -0.20285969999999987 0.3521510000000001 0.38171410000000017 0.39788510000000005 0.24718316120093306 0.10007180000000027 0.9141168000000004 -0.6521779999999988 -0.4811141052631581 -0.17269999999999897 -0.11351099999999836 -0.05266936842105277 -0.010205000000000908
42 23 -0.8453508000000002 -0.5842629400000001 -0.37943760000000026 0.013180150000000002 0.01899700000000004 0.042264399999999924 0.24239261895252542 0.09576999999999991 0.8883688000000003 -0.6188940000000009 -0.46756252631578965 -0.307719999999998 -0.0007849999999998136 0.05040526315789469 0.06405600000000011
42 24 0.5468310000000003 0.56484204 0.5899432 0.2887465499999998 0.31591539999999996 0.3477864 0.17032297535762106 0.08672680000000033 0.07981879999999997 -0.05557799999999613 0.014972842105263062 0.0540079999999965 -0.09875300000000142 -0.006246947368420948 0.07331900000000058
42 25 -0.44649229999999995 0.41405924 1.2983586000000003 -0.18188450000000006 0.05220250000000004 0.07272240000000013 0.40568633474424487 0.9024674 1.9408339999999997 0.07473199999999958 1.0214915789473682 1.7329660000000002 -0.8069799999999994 -0.4749828421052632 0.005337999999999177
42 26 0.5507560000000002 0.5652471 0.5893152000000004 0.1704235 0.17730009999999996 0.18406679999999992 0.1720257584588949 0.08958420000000022 0.10405959999999981 -0.1522900000000016 -0.05476821052631569 0.024492000000002623 -0.08164000000000282 -0.02797905263157906 0.057618999999999865
42 27 0.14571170000000022 0.23025934 0.3182233000000001 0.3238046500000002 0.6287536 0.7987924500000001 0.27635245492641086 0.6436999999999999 0.7414168000000001 -0.607276000000001 -0.3902193684210527 -0.176782000000002 0.19028399999999945 0.3387894736842105 0.4038039999999987
42 28 -0.08759030000000012 -0.054171279999999974 -0.02069260000000006 -0.07163125000000004 -0.06531200000000004 -0.0575562 0.1678183884639905 0.01774100000000023 0.1304356000000002 -0.106132000000001 -0.0686503157894738 -0.029202000000001505 -0.004867000000000621 0.001206421052631503 0.01836899999999919
42 29 -0.7840265999999999 -0.7567148800000001 -0.7367381999999999 0.048120500000000066 0.050318500000000044 0.05400800000000011 0.16646516391239802 0.014381200000000094 0.11844080000000012 0.02731800000000062 0.062337263157894805 0.0973399999999991 -0.018369000000000302 0.0012890526315788517 0.018997000000000597
42 30 -0.4078389000000002 -0.30744368 -0.22149560000000001 -0.07730679999999995 0.02728660000000005 0.2599134999999999 0.24785133839201598 0.47137680000000004 0.5668956000000005 -0.4245279999999996 -0.2849136842105267 -0.12685599999999964 0.03799400000000008 0.24809305263157894 0.376957
42 31 -0.7075048000000003 -0.34745670000000006 -0.034744099999999944 0.18123295 0.30274310000000015 0.35683745 0.3059454101525255 0.3606918000000001 1.3338091999999997 -1.1781280000000005 -0.5285115789473681 0.09388599999999858 -0.05463599999999791 0.08385452631578948 0.32373399999999886
42 32 0.35058100000000025 0.41558842 0.4735591 0.7371385500000001 1.0676314000000002 1.1184287499999999 0.27294597697418155 1.0929398 0.1772844 -0.19342400000000204 -0.012427789473684439 0.13627600000000184 0.03689500000000123 0.5708850526315787 0.8759030000000001
42 33 -1.0412083 -0.7649919199999999 -0.34510169999999973 -0.007645899999999928 0.001978200000000041 0.006915849999999946 0.2993285455155828 0.03246760000000015 1.58413 -1.0738799999999982 -0.8337526315789474 -0.4144799999999993 -0.04851299999999781 -0.01708821052631587 0.015542999999997864
42 34 -0.09058900000000003 -0.08697172000000004 -0.08245639999999999 0.024311450000000068 0.03340959999999993 0.03698134999999997 0.15745055635125155 0.02062979999999981 0.013187999999999978 -0.0009420000000015527 0.0069410526315789355 0.0273179999999984 0.0006279999999969643 0.0101471578947367 0.014600999999999642
42 35 2.9844758000000002 -2.97872646 -2.71622874 0.00887050000000017 0.028417000000000026 0.040537399999999946 0.2521635374404235 0.05601759999999989 1.0309876000000004 -0.7635223999999985 -0.47986471578947404 -0.3107971999999992 -0.023864000000001218 -0.0004792631578946698 0.04552999999999918
42 36 1.9814656 2.3976412 2.8057626999999994 -0.03331540000000005 -0.024680400000000047 0.00534584999999993 0.30842512057354465 0.07284800000000025 1.6064867999999999 0.6823219999999974 0.8455193684210525 1.0440499999999986 -0.10204999999999909 -0.038341052631579074 0.04741400000000007
42 37 -0.18229269999999997 -0.08113445999999995 0.019420900000000296 0.14299560000000006 0.1534989 0.1783206000000001 0.18289342671813058 0.04477640000000016 0.2619387999999998 -0.2838560000000001 -0.13607768421052632 -0.013502000000003012 -0.05290899999999987 0.0006445263157894843 0.026689999999999214
42 38 -0.8860923000000002 -0.4845051400000001 -0.044195500000000165 -0.10148479999999999 -0.03887320000000005 0.07407259999999999 0.2699136735423344 0.32254080000000007 0.9582024000000002 0.11052800000000529 0.4983675789473684 0.8000720000000006 -0.23518599999999945 -0.08752336842105261 0.026846999999998733
42 39 -0.0891917000000001 0.44132071999999994 0.8105595999999997 -0.9433423500000001 -0.6742208000000001 -0.3603777999999999 0.3194842592092135 0.7639306000000001 1.1106180000000005 -0.2301619999999982 0.47318147368421054 1.2032480000000034 -0.6027230000000006 -0.4020687368421053 -0.14538200000000057
42 40 0.5621541999999998 0.57011724 0.5897234 0.6968209500000002 0.8815707000000002 0.9703306500000002 0.21121247219902234 0.5259500000000004 0.10675999999999997 -0.05463600000000346 0.0530825263157894 0.17521200000000237 0.1483649999999992 0.2768157894736844 0.3408469999999997
42 41 0.5598463000000001 0.5716150200000001 0.5879650000000003 0.1000718000000001 0.11481410000000003 0.1202934000000001 0.16391045340093297 0.021760199999999896 0.042515599999999765 -0.07002199999999847 -0.0004627368421054805 0.07033599999999751 -0.012873999999998276 0.00892421052631589 0.039093000000001155
42 42 0.31866289999999964 0.33449792 0.35017279999999995 0.3188356 0.3987957 0.40512280000000006 0.18211973268437262 0.2551878000000003 0.02957880000000035 -0.036423999999997125 -0.011436210526315552 0.020724000000000853 -0.27584900000000134 -0.1343093684210528 -0.009733999999999021
42 43 -0.041338100000000044 -0.03036694000000002 -0.0007693000000001948 -0.03067780000000009 -0.020315799999999995 -0.016587049999999937 0.17406339360857648 0.058969200000000166 0.16208679999999998 -0.05589199999999961 0.05374357894736819 0.13439200000000096 -0.06970799999999944 -0.031036421052631668 -0.01240300000000083
42 44 -0.5509443999999999 -0.35263455999999993 -0.18813310000000005 0.004191899999999971 0.027600600000000086 0.10995495000000005 0.24685002120093313 0.3567353999999998 0.632396 -0.6845199999999996 -0.013683789473684328 0.6506080000000014 -0.2796169999999998 -0.18540873684210513 -0.01852599999999871
42 45 -0.5490761000000002 -0.4544804600000001 -0.35693949999999997 0.13946310000000006 0.28994759999999997 0.45968030000000015 0.23767825523469097 0.6025974000000001 0.2631319999999997 0.10048000000000279 0.13849052631578931 0.23769800000000174 0.1770959999999988 0.31555347368421044 0.4749250000000005
42 46 -0.8954652000000002 -0.7651049600000001 -0.6427423000000001 0.30262535000000007 0.3137959 0.3286795 0.20212291923787573 0.10264659999999992 0.2234423999999997 -0.20755399999999868 0.0625025263157895 0.37334600000000107 -0.034068999999999905 0.031581789473684146 0.06358500000000045
42 47 0.2759902999999999 0.30329574000000015 0.33370349999999993 -0.07745594999999994 -0.024413499999999977 0.09627239999999987 0.18804442644106048 0.25116859999999996 0.06845199999999974 -0.11775000000000313 -0.020195157894736627 0.07253400000000187 -0.29044999999999876 -0.07179031578947374 0.12434399999999957
