5 0 1.760003562733802 1.938810219602853 2.001778487644053 -0.01 -0.00023966723887276949 0.0 0.23366339401065656 0.04 0.8553658042640506 0.08823778178207342 0.4501925285600267 0.8009437669279906 -0.06267460840674943 -0.015789473684210527 0.0
5 1 0.8942792220484752 1.3445862273957911 1.7600000000000002 -0.18244179463464122 -0.17 -0.15862516212710814 0.25782162980819645 0.04623595140648229 1.0981179757032413 0.20000000000000018 0.556904197738548 1.043516787370684 -0.05968212767065689 -0.0013655462847797068 0.09999999999999995
5 3 -0.105974143817156 0.07324967109246858 0.29500000000000004 0.06103998369525205 0.11807836450174375 0.14042243145146813 0.24380340470160985 0.18818102727371755 0.6554903201787075 -0.5632236049272638 -0.3449949053572144 -0.19306677536498756 -0.050000000000000044 0.09904264593353554 0.3417008276181963
5 5 -0.8149999999999995 -0.6564439649226131 -0.46116568175266665 0.18 0.20292676892627595 0.22 0.22612589697432073 0.05462756052141468 0.7200000000000006 -0.5802989491523441 -0.378947368421053 -0.1426228373711383 -0.09999999999999995 0.004498072404748003 0.10000000000000009
5 7 -0.22927482009236744 -0.06761152715352733 0.15699401425006743 0.08 0.12174257390179968 0.16 0.2413324572320116 0.06598032254792643 0.8760787098082943 0.25000000000000133 0.461094057793839 0.5999999999999961 -0.10000000000000002 -0.03472648555154023 0.0
5 8 -0.9742581385291833 -0.8815307656824045 -0.7974999999999994 -0.8907379969024278 -0.8648341602516881 -0.8428525512648082 0.19249473654189758 0.16037995326505683 0.24468213296398955 -0.2681998374769162 -0.11562710345657719 0.027017242763961447 -0.19013662159281686 0.07910973864868585 0.181797912095909
5 10 -0.6876347263991146 -0.35446036719232443 0.03336096295227999 0.066670120369035 0.10505635447496878 0.1725 0.3233356736148882 0.1916859307596088 1.659444697212761 -1.2285204411216437 -0.8733919459014533 -0.4691565223655117 -0.015421738817245484 0.10088733197874147 0.22123397478997225
5 13 0.1200000000000001 0.12477849633716664 0.13000000000000034 -0.06746955978769886 -0.06 -0.06 0.15887982473934034 0.020000000000000004 0.029999999999999805 -0.041790042077475276 -0.015789473684210423 0.0 0.0 0.008215848747811475 0.0
5 14 -1.3308466868788704 -1.1315456151730294 -0.9063048946484082 0.1525 0.18 0.19644609856262474 0.23404853123283112 0.06729991173874578 0.5239169538532009 -0.03819032168990155 0.14115283801734044 0.6752892038911329 -0.09999999999999995 -0.026315789473684206 0.09642094513044167
5 15 1.1600000000000006 1.2298874886572808 1.2928585686712726 -0.5843295476434041 -0.52 -0.49780411260220386 0.18385581764674028 0.16000000000000003 0.16000000000000014 -0.19532611353988427 -0.07894736842105235 0.0 0.006531376004695333 0.08421052631578949 0.19723575169936725
5 16 1.7887113402061847 2.0379005845830998 2.3550947760699357 0.21623711340206148 0.27174784012152514 0.31148230526391096 0.28315128523182986 0.18000000000000002 1.2799999999999994 0.36021453438927487 0.6736842105263153 0.8146523692762031 0.0 0.09473684210526317 0.20468200246089016
5 19 -0.9706383534792542 -0.7741402840502639 -0.5506275084633367 0.03 0.04 0.04 0.2305989394033969 0.02 0.8301890137559169 0.37859784750204684 0.4369415861873247 0.474273059282021 0.0 -0.005263157894736844 0.0
5 21 -0.4064569739356222 0.05950111932274005 0.31584977320181784 -0.15341502267981824 -0.10944879379361613 -0.0775 0.3567814270553254 0.29000000000000004 1.9833459752596467 -1.482283329726771 -1.043866302768235 -0.49203643172992084 -0.228006566269395 -0.1 0.10000000000000002
5 22 -0.8859197980931005 -0.5359023882897411 -0.22996380036285205 -0.001137345424567213 0.012924951334815513 0.05 0.24769210219626298 0.09 0.9345597307908011 0.12194608256106187 0.4918735425214743 0.8663574474341464 -0.0788747386493154 -0.026315789473684206 0.0
5 23 -1.9587585241654621 -1.4758235030360454 -1.0599999999999992 0.11 0.13896574322311644 0.18 0.3073336015581722 0.16 1.58 -1.4499999999999957 -0.8315789473684211 -0.00021620542833389322 0.0 0.08421052631578947 0.10000000000000009
5 25 0.3500000000000001 0.4819743313371725 0.5806453846325538 -0.0625 -0.04175916515426485 -0.04 0.20960802457270966 0.04000000000000001 0.3412212202292453 -0.372387731289939 0.12324475337390879 0.3434679024836057 -0.015903452553236372 -0.0036435524589818525 0.04831180101058787
5 26 0.24665660067852244 0.6297098432780757 0.8426117283615775 0.12 0.1432032474804027 0.1825 0.3314826464835007 0.09000000000000001 1.9095851560597294 -1.3520046363499527 -1.005044818978805 -0.36439436171221945 -0.09999999999999995 -0.026315789473684223 0.0
5 27 -1.1818156726357842 -0.8580569623909972 -0.6224999999999992 -0.08485081840443418 -0.035 -0.01 0.262453052085789 0.09313442453924556 1.0762023878817482 0.425990280440825 0.5664223094114464 0.6979004180445092 -0.14217127444369693 -0.0037298094668894136 0.05227610521565426
5 28 -0.8849999999999998 -0.40538994129549055 0.04999999999999982 0.23249999999999998 0.275 0.29 0.31336323927396337 0.11000000000000001 1.4199999999999995 0.0 0.7473684210526313 1.509415765414256 -0.12458179931309099 -0.05789473684210528 0.0
5 32 -3.0826435020703786 -2.701071600394432 -2.2601580645166086 0.14 0.15 0.15403619956178377 0.32220708394373604 0.15936118197279334 1.6999999999999993 0.6998441730763627 -2.410526315789474 0.98670171894371 -0.017192189602240476 0.08387430630147018 0.09855038753591186
5 33 -1.8536391648668114 -1.6963250836305819 -1.5539362833741088 -0.13 -0.11065169071592884 -0.07963187658828208 0.21735974019829227 0.17 0.5249475416580984 -0.3032660221716199 -0.2762881798200518 -0.17012525849117832 -0.15334127458217217 -0.04212366959364946 0.09673397782837337
5 34 -0.9537838072384003 -0.7766526679036849 -0.619226199543031 -0.5939902772182969 -0.2643934889661657 -0.011742744915164466 0.25881987320879624 0.6730003348588023 0.35092055237283004 -0.049999999999998934 0.1846950275646474 0.3508520773401269 -0.5199104643019831 -0.21413849308585348 0.1793463204966388
5 36 -1.79880391135847 -1.6528612411777448 -1.5019285310076187 0.33 0.3376620436242197 0.34 0.19715459474255687 0.020000000000000018 0.44045784381479147 0.13854716663862843 0.2318199177972587 0.23631136371188743 -0.04140085331166943 -0.010526315789473694 0.0
5 38 0.12247555141106141 0.15491313817309244 0.16652862012922598 0.021246499136774795 0.03 0.03 0.17069732458616504 0.04289158423224173 0.14000000000000012 -0.10900892525102998 -0.07221528296451815 0.0 0.0 0.015789473684210527 0.008309994245165285
5 39 2.598569498069498 2.877598337172463 3.1375 0.14631847091107653 0.19 0.21 0.2525256460576737 0.0900668993600918 0.9798662012798163 0.014600281852545915 -2.789544104589571 0.7542322120038847 -0.049999999999999906 0.021087841768469368 0.0
5 42 2.0783513581913278 2.298355748454413 2.535 0.06401497892698495 0.12000000000000001 0.2125 0.26496188964984435 0.2778755379465769 0.9617122287881825 -0.692627678540243 -0.5061643309411488 -0.4083983187542972 0.039377689732884386 0.1317541991753493 0.2
5 45 1.5291998004527043 1.5418148074904094 1.5646127640940493 0.1575 0.20500000000000002 0.2590675539735324 0.18126663052835726 0.16570347656405499 0.06711042969216452 -0.06812744053650732 -0.027836615951492415 0.08062538320047774 -0.1462977560801941 -0.007524486018918422 0.0
5 47 -0.09604187170084032 0.12338922703668306 0.4123696941323346 -0.08313426381557423 0.085 0.12 0.291937866700414 0.22 1.2200000000000002 -1.2335979558930208 -0.6421052631578948 -0.08446852425179813 -0.19057664284227435 -0.09473684210526313 0.03275419614370938
5 49 0.3545793360262578 0.3476986591232354 0.3999999999999999 0.18985926681606852 0.203185002874388 0.22 0.19299963156839478 0.07022781469219605 0.34374545704234205 0.0 0.18091866160123266 0.20841327947485028 -0.09999999999999995 -0.03696200773273477 0.0
5 50 0.6810380874684072 0.8606357682524193 1.1075000000000002 -0.03 -0.01 -0.008352422613283318 0.21653767851479058 0.05 0.6499999999999995 -0.5180146393538543 -0.3421052631578945 -0.04927896666994391 0.0 0.021052631578947375 0.058926897267756684
5 51 -1.9375 -1.8765285469885882 -1.8001165897498188 0.0 0.02401134078110194 0.135 0.19704537532225988 0.2275914109549741 0.24722576713507838 -0.2129488057233453 -0.130118824807936 0.0 0.0 0.1197849531341969 0.19076561943286785
5 52 -0.3400000000000003 -0.3339143269254806 -0.32000000000000073 -0.036422456555829694 -0.015 0.0 0.16392505585904524 0.06 0.03664538326661482 0.0 0.0 0.002237048140388831 -0.0580742377548377 0.010526315789473686 0.05374451159543435
5 54 1.5958470402597915 2.04793119127489 2.6269065508166793 0.19408663081060373 0.21 0.22 0.2880322539405002 0.20305842382253625 1.2804696555859185 0.07606117558449088 0.6739313976767993 1.0119666178320197 0.0 0.10687285464344012 0.10000000000000009
5 55 2.1856584116238507 2.919337945883518 -2.6440707702726427 -0.017775885468499557 0.07610825808230387 0.18008038577378066 0.43561691326184127 0.31 2.8862609114857856 -1.6221756983764024 -1.3382816534235793 -1.3823509022900038 -0.23647526352447573 -0.15898287451243817 -0.10120079781030887
5 57 2.5141075996656523 2.6414940965872495 2.8217848758591666 -0.23176897295722837 -0.05 0.11127587778836967 0.26824933386158256 0.59049289184931 0.6664467679925257 0.21592607201911473 0.19607741603030063 0.49921792897982264 0.1345214232930425 0.28293595401249233 0.4327194204862207
