55 0 -0.02592070000000024 -0.012076440000000032 -0.0030143999999998616 0.2927422 0.29553680000000015 0.29737369999999996 0.16173231132004143 0.016893200000000164 0.06512360000000017 -0.06688199999999922 -0.028425263157895 0.012874000000000496 -0.0149150000000009 0.005090105263157949 0.016642000000002266
55 1 -0.40978570000000014 -0.37195811999999995 -0.3713364 0.03216145000000015 0.06163820000000009 0.07641975000000012 0.18236083346335347 0.07824879999999967 0.23769799999999996 -0.10770199999999841 -0.11201536842105254 -0.0021979999999999222 0.018840000000001078 0.04118357894736825 0.06578300000000148
55 2 0.11168980000000006 0.18056256 0.23874990000000007 0.269569 0.2723008 0.27359605 0.1771896736060287 0.025025800000000098 0.23185760000000055 -0.17113000000000156 -0.12203031578947397 -0.07787200000000105 -0.012560000000000349 0.00946957894736837 0.015699999999999603
55 3 -0.1484591999999999 -0.10870052000000005 -0.0642758000000001 -0.21571800000000008 -0.19353389999999993 -0.17508639999999992 0.17973500510730248 0.10095100000000001 0.18482040000000044 -0.125286 -0.09727389473684234 0.006593999999999767 -0.10016599999999931 -0.027598947368421046 0.0422329999999993
55 4 0.08751180000000025 0.06853678000000005 0.0898825000000002 0.16601179999999993 0.1675504 0.16927739999999997 0.17398029312195215 0.03475980000000001 0.18230840000000015 -0.05306599999999939 -0.09595178947368428 0.0 -0.021508999999999556 -0.01829463157894737 0.007222000000000062
55 5 -0.05722649999999985 0.03730633999999995 0.13294759999999972 0.3743350999999999 0.4038982 0.43065885000000026 0.2006049304703599 0.07287940000000015 0.3925628000000003 -0.2336159999999987 -0.20661200000000016 -0.14129999999999754 -0.09906699999999824 0.010857789473684343 0.17819499999999877
55 6 -0.07546990000000009 -0.07297987999999997 -0.06967659999999987 -0.009263000000000021 -0.007771500000000042 -0.0051417500000000005 0.15693125122449997 0.01620240000000006 0.01142960000000004 -0.027945999999998694 -0.006015578947368442 0.001884000000000885 -0.00047100000000077635 0.008461473684210527 0.014287000000000605
55 7 -0.1467008000000002 -0.12180060000000008 -0.12056030000000006 0.12327640000000006 0.1621182 0.18269304999999997 0.1888100634404235 0.10113939999999988 0.2213071999999996 -0.12748399999999993 -0.09496021052631587 0.06374199999999997 -0.08258199999999993 0.04009284210526306 0.12512899999999938
55 8 -0.00043959999999998445 0.0029641600000000377 0.00830529999999996 0.04804199999999992 0.052312399999999815 0.05828624999999987 0.15711454494424523 0.012811200000000023 0.014381199999999872 -0.014443999999997903 -0.00756905263157888 0.0 -0.00015699999999951864 0.005982526315789596 0.013973000000001567
55 9 -0.02965730000000011 0.010415379999999997 0.05542099999999983 0.12873999999999997 0.12980760000000002 0.13041989999999992 0.1660530015302325 0.002700399999999936 0.1259768000000001 -0.0945140000000011 -0.06630357894736848 -0.028888000000000247 -0.0050240000000001395 0.0006280000000000612 0.007535999999999099
55 10 -0.016092500000000176 -0.016092500000000176 -0.016014000000000195 0.2913606000000002 0.2913606000000002 0.2928050000000002 0.15474093146271656 0.0029201999999999284 0.00031399999999992545 0.0 0.0001652631578946976 0.0 -0.007222000000000062 -0.001536947368421015 0.0
55 11 -0.09261430000000015 -0.08268876000000003 -0.06749430000000001 0.07815460000000007 0.0798502000000001 0.08113759999999992 0.16298655338755733 0.0068766000000000105 0.08848520000000004 -0.07253399999999965 -0.0434972631578946 0.0 -0.0056520000000004345 -0.0020162105263158018 0.0037680000000006597
55 12 -0.06860900000000014 -0.04970619999999999 -0.01946799999999982 0.1661845 0.1745996999999999 0.1813664000000001 0.1809542451321434 0.15831879999999998 0.14098600000000028 -0.1142960000000004 -0.07212084210526337 -0.014443999999997903 -0.06845200000000218 -0.0833256842105263 0.01114700000000024
55 13 -0.1301059000000001 -0.054793 0.011963399999999957 0.06502154999999998 0.0847329 0.13560090000000014 0.18304229854806703 0.0823307999999996 0.23009920000000017 -0.15511599999999737 -0.12100568421052647 -0.011932000000001164 -0.07410399999999928 -0.04333199999999979 -0.00047099999999966613
55 14 0.0023079000000000294 -0.022576599999999968 0.005793300000000001 0.13579714999999987 0.1370924 0.13976140000000026 0.17534604339392681 0.012120400000000364 0.2222491999999998 -0.02857400000000343 -0.11697326315789464 0.0 -0.014129999999999976 -0.00404894736842126 0.010048000000000279
55 15 -0.20055179999999995 -0.15580680000000002 -0.15924510000000003 -0.05446329999999999 -0.05245370000000005 -0.05156665000000016 0.1844999834232261 0.016453599999999957 0.3178936000000001 -0.3620420000000002 -0.16731242105263164 0.04709999999999992 -0.014600999999999642 -0.008659789473684188 0.012089000000000683
55 16 -0.3252098 -0.19333921999999998 -0.08094920000000005 0.21157319999999985 0.21790029999999994 0.22008260000000007 0.19609443511940441 0.009419999999999984 0.4507783999999999 -0.40663000000000116 -0.15181073684210517 0.11492400000000069 -0.024491999999998182 0.0035862105263157794 0.019154000000001226
55 17 -0.018321900000000113 0.031604099999999954 0.06752570000000002 0.03367650000000011 0.0372247 0.03873974999999996 0.16523289883469106 0.00857220000000014 0.10675999999999997 -0.08226799999999868 -0.05136378947368403 0.026690000000000325 -0.013187999999999533 0.00451168421052639 0.022765000000000146
55 18 -0.09627240000000004 -0.02439151999999998 0.04664469999999987 -0.09159380000000011 -0.08664830000000001 -0.05316805000000013 0.17819816293278012 0.057901599999999886 0.19599879999999947 -0.1742699999999986 -0.10315726315789446 -0.02857399999999899 -0.02731799999999951 0.015799157894736782 0.029044999999998655
55 19 0.16359400000000024 0.16499444000000013 0.16623160000000026 0.10365139999999995 0.10374559999999988 0.10374559999999988 0.15530507598373564 0.0016327999999998788 0.0051496000000001985 -0.002511999999996739 0.0 0.002511999999996739 -0.0006279999999991848 0.0 0.0007849999999987034
55 20 -0.22790120000000003 -0.10491682000000005 0.023754099999999778 0.08254275 0.09032209999999996 0.11230995000000016 0.18869619247864014 0.04587540000000012 0.3408156 -0.31902399999999886 -0.1329046315789475 -0.011931999999998943 -0.03720900000000027 -0.023599578947368405 0.004710000000001102
55 21 -0.08941149999999998 -0.03520568000000006 -0.01579420000000009 0.055892 0.07870410000000005 0.08522745000000004 0.1870388969690859 0.07645899999999983 0.29321319999999984 -0.39030199999999793 -0.1477452631578945 0.002197999999997702 0.003140000000001475 0.04024157894736833 0.07598800000000128
55 22 -0.08088640000000002 -0.054457019999999946 -0.006138699999999941 0.2558628999999999 0.26668020000000003 0.28950799999999993 0.17897709339456377 0.10057420000000006 0.17703320000000033 -0.11680800000000158 -0.08910989473684212 -0.026375999999999067 -0.061387000000003855 -0.05293378947368424 -0.040349000000001745
55 23 -0.09730859999999986 -0.09124526 -0.08349260000000014 0.335666 0.3443638 0.34659320000000005 0.15793226612641081 0.014255600000000035 0.021414800000000067 -0.03077199999999891 -0.011270947368421089 0.005023999999997919 -0.015228999999998827 -0.007502947368421071 0.0012559999999983695
55 24 0.003469700000000242 -0.019163419999999865 0.020378600000000247 -0.00973399999999991 -0.0058874999999999345 0.0037444499999998992 0.1786366954295955 0.023518599999999612 0.24466880000000035 -0.1849460000000014 -0.12877305263157912 0.0 -0.021352000000002258 -0.003619263157894509 0.0021980000000010325
55 25 0.11410760000000009 0.12039702000000001 0.12555289999999986 0.23385934999999985 0.23586109999999993 0.23831029999999992 0.15680956614615602 0.005808999999999953 0.013753199999999577 -0.026689999999998104 -0.005519789473684115 0.004396000000002065 -0.011774999999999425 -0.0008428421052631448 0.01350199999999857
55 26 0.03458710000000009 0.051813139999999966 0.06939399999999996 0.3071783500000002 0.30878759999999994 0.310389 0.159200448513035 0.006437000000000026 0.04552999999999985 -0.022607999999999517 -0.01824505263157887 0.0034539999999982918 -0.013973000000000457 -0.002264105263157848 0.007064999999998323
55 27 -0.004301800000000022 0.04280761999999998 0.09721439999999992 0.18865904999999988 0.19653259999999995 0.20303240000000006 0.17703879902322617 0.0333467999999999 0.22187240000000008 -0.14569600000000404 -0.11677494736842109 -0.08477999999999986 0.0 0.01626189473684203 0.029516000000001652
55 28 0.022733599999999576 0.028338499999999912 0.03183959999999997 0.07001415000000005 0.07336609999999988 0.07510880000000014 0.15733344285379927 0.007724400000000076 0.022482399999999902 -0.027945999999998694 -0.011832842105263107 0.0 -0.005495000000002026 0.0004792631578946698 0.013972999999999347
55 29 0.0667093000000003 0.07978426000000001 0.09511060000000016 0.08131815000000003 0.08906609999999993 0.09690825000000008 0.16098146138373562 0.02609339999999971 0.04477640000000083 -0.0373660000000009 -0.009386947368421255 0.014444000000000123 -0.030458000000000984 -0.007007157894736861 0.014443999999999013
55 30 0.0043960000000002886 0.005520120000000217 0.007598800000000239 -0.21254660000000003 -0.21235820000000016 -0.21235820000000016 0.15551672273150632 0.0027631999999999657 0.006656799999999574 0.0 0.0035035789473681967 0.0012559999999983695 0.0 0.000776736842105219 0.0009419999999993323
55 31 -0.07846860000000022 -0.00016641999999997826 -0.03885749999999999 0.005918900000000005 0.03224780000000005 0.11745954999999991 0.2807645842977483 0.9450771999999998 0.5312880000000004 -0.4151079999999996 -0.27370884210526353 0.02480599999999722 -0.4578120000000019 -0.4974090526315788 -0.05965999999999916
55 32 -0.005589200000000183 0.011646259999999953 0.0002825999999999107 0.0777542499999998 0.07981879999999997 0.08058025000000008 0.16808708806653824 0.03231060000000019 0.12176920000000013 -0.05589199999999739 -0.058866736842105215 0.0009419999999993323 -0.02119500000000274 -0.01700557894736852 0.00015699999999951864
55 33 -0.12979190000000007 -0.018648459999999978 0.09002379999999988 0.04442315000000013 0.049172400000000005 0.05403154999999987 0.18528355116399042 0.019216799999999923 0.3284440000000002 -0.2634460000000005 -0.1710473684210527 -0.05432199999999776 -0.0149150000000009 0.004263789473684227 0.01601400000000086
55 34 0.02243530000000038 0.02313866000000011 0.02411519999999978 0.2609339999999998 0.26244120000000004 0.2638699000000001 0.15549504598437258 0.007598800000000017 0.0038935999999996085 -0.005337999999999177 -0.0001652631578946976 0.0 -0.0004710000000018866 0.0038506315789474826 0.014129999999997755
55 35 0.04154219999999986 0.04226440000000002 0.04226440000000009 0.06258019999999997 0.064056 0.06547685000000014 0.15593949902704785 0.004333200000000259 0.010990000000000055 -0.00031399999999903727 -0.0028755789473684863 0.0 -0.00015700000000173908 0.001536947368421015 0.007222000000000062
55 36 -0.1632800000000003 -0.15780384000000003 -0.1522272 0.3365766000000001 0.3371103999999999 0.33769914999999995 0.15660401626016882 0.005306600000000383 0.012873999999999608 -0.001255999999996149 0.006775789473684004 0.027946000000000915 -0.007850000000001467 -0.001057684210526462 0.0023549999999983307
55 37 0.0984233000000001 0.10113625999999998 0.1037769999999999 0.19561414999999988 0.20124260000000005 0.2013682000000001 0.1558812556283216 0.006970799999999944 0.005526399999999931 -0.013816000000002049 -0.0028755789473682526 0.0018839999999986645 -0.0007849999999998136 0.0036688421052631284 0.013030999999997794
55 38 -0.16296600000000006 -0.09909212000000003 -0.05487150000000007 -0.30268815 -0.27696370000000003 -0.26719045 0.1904730399620795 0.1702193999999999 0.23512319999999987 -0.231418000000001 -0.111817052631579 -0.016955999999999083 -0.0857220000000003 0.05767684210526314 0.15558700000000036
55 39 -0.037177600000000144 -0.03443323999999992 -0.015495900000000007 0.04198179999999996 0.05140179999999994 0.05810570000000015 0.1650523651327803 0.02389540000000001 0.08992960000000005 -0.07284799999999869 -0.04733136842105266 0.0006279999999980745 -0.02213700000000096 -0.012576526315789479 0.0
55 40 -0.05796440000000003 -0.01905351999999998 0.0032970000000002164 0.11693360000000008 0.11869199999999991 0.12364534999999999 0.17631981132641084 0.010864399999999774 0.22494959999999997 -0.15888400000000136 -0.10877621052631559 -0.013815999999999828 -0.012559999999999238 0.005189263157894603 0.02088100000000037
55 41 0.09548739999999989 0.09666489999999998 0.0981721000000001 0.13817569999999985 0.14195940000000007 0.14367069999999993 0.15636579390348085 0.014600999999999864 0.004333199999999593 -0.005024000000006801 -0.002280631578947154 0.0003140000000012577 -0.0014129999999989984 0.007684736842105191 0.015228999999998827
55 42 -0.09308530000000004 -0.092473 -0.08881489999999992 0.05039699999999997 0.05381959999999997 0.05763469999999993 0.16002219699520062 0.009639799999999754 0.0501144 -0.04333200000000037 -0.026243789473684383 0.0 -0.007536000000001319 0.0012725263157894286 0.014129999999999976
55 43 0.09476520000000033 0.0946678600000002 0.09478090000000028 -0.05824699999999994 -0.05689680000000008 -0.055577999999999905 0.155202253390742 0.0041447999999999485 0.0027004000000001582 -0.0003140000000012577 3.305263157884603e-05 0.0003140000000012577 -0.007692999999999728 0.001487368421052629 0.012560000000001459
55 44 -0.03507379999999993 -0.0031871000000001314 0.01778809999999964 -0.11493185000000006 -0.11175259999999998 -0.10719960000000006 0.16841960724997762 0.014286999999999939 0.13910199999999984 -0.14255600000000035 -0.07321157894736834 -0.014129999999998866 -0.027789000000000286 -0.007519473684210494 0.0003140000000001475
55 45 -0.08146730000000002 -0.056749220000000065 -0.03168260000000023 0.01057395000000011 0.01885569999999992 0.021870099999999948 0.16584667696781208 0.019813400000000092 0.10895799999999989 -0.0866639999999963 -0.05119852631578956 -0.028888000000000247 0.00015700000000062886 0.007337684210526257 0.01617099999999927
55 46 -0.1255058 -0.11944246 -0.09168799999999999 0.15926079999999987 0.16177279999999983 0.1652817499999999 0.1748267689289586 0.02411519999999978 0.19857360000000002 -0.19593599999999878 -0.10451242105263159 -0.0015699999999996272 -0.017113000000001932 -0.012692210526315674 0.011461000000002608
55 47 0.005243800000000021 0.005589199999999872 0.008650699999999789 0.13577359999999983 0.1371237999999999 0.1375712500000002 0.15604769258182477 0.002857399999999899 0.01369039999999977 -0.0015699999999996272 -0.007205473684210405 0.0 -0.007222000000000062 -0.0006279999999998275 0.0014130000000034393
