64 0 -1.1513602941176615 -1.10662867647059 -0.905 0.0275 0.05 0.06 0.24141628741053803 0.06 0.7870588235294096 -0.4678308823529592 -0.4142414860681103 0.1470588235294068 -0.09999999999999996 -0.02631578947368421 0.0
64 1 0.9650000000000001 1.2951632352941187 1.6225000000000016 0.2681893382352948 0.3130555555555562 0.35 0.24666241901985336 0.14 0.76 0.0 0.3351973684210516 0.8075367647059151 -0.20187499999997222 -0.047368421052631574 0.09999999999999981
64 2 -1.4225980392156872 -1.496443423202615 -1.41 -0.010882352941176347 -0.01 0.0 0.22827931239880475 0.08 0.7488235294117713 -0.23529411764705466 -0.394117647058827 0.0 -0.017647058823526955 -0.0368421052631579 0.0
64 3 -1.17 -1.1656397058823527 -1.16 -0.18 -0.18 -0.18 0.15533972169256363 0 0.010000000000000009 -0.01875000000000293 0.0 0.0 0.0 0.0 0.0
64 4 0.5425 0.6310569852941181 0.76 -0.3 -0.28250000000000003 -0.2545588235294116 0.21488299151049597 0.07500000000000004 0.5700000000000001 -0.10000000000000009 0.22105263157894742 0.5222426470588293 -0.10000000000000009 -0.00789473684210524 0.050000000000000044
64 5 -0.89 -0.8542677696078428 -0.82 0.03 0.04 0.05 0.16773282742823434 0.039999999999999994 0.10999999999999999 0.0 0.04736842105263162 0.10000000000000009 -0.017647058823526962 -0.010526315789473682 0.0
64 6 -1.0717647058823518 -1.066163602941175 -0.9575 -0.1125 -0.09147058823529276 -0.09 0.21612668975530666 0.020000000000000004 0.6523529411764731 0.10000000000000009 0.34334365325077537 0.31562499999997107 -0.02352941176469482 -0.010526315789473686 0.0
64 7 0.8955882352941186 0.9657050653594782 1.01 -0.12 -0.12 -0.1175 0.18716543244936726 0.03 0.3400000000000044 0.0970588235294223 0.17894736842105494 0.15000000000000013 0.0 0.015789473684210527 0.0
64 8 -2.184411764705885 -1.8010596405228771 -1.2455882352941192 0.02235294117646887 0.03093750000000014 0.08382352941176452 0.27339423783402994 0.13 1.1999999999999997 -0.6617647058823439 -0.6315789473684209 -0.21764705882352686 0.0 -0.0263157894736842 0.10000000000000005
64 9 0.9517647058823517 1.2135522058823547 1.338281250000014 -0.2034374999999979 -0.1765625000000003 -0.13 0.30319976952198247 0.13999999999999999 1.266250000000004 -0.029411764705862264 0.6664473684210549 1.002941176470581 -0.010000000000000009 0.04210526315789472 0.20000000000000018
64 10 -2.0433823529411717 -0.8244123366013024 0.20750000000000624 -0.07250000000000001 0.0 0.0225 0.42746515241698246 0.1 2.8987500000000033 0.7968750000000071 1.5256578947368438 2.147058823529393 -0.10277777777779096 -0.047368421052631574 0.05277777777779095
64 11 -1.36 -1.3524999999999998 -1.35 0.07763888888888856 0.08 0.08 0.15799479897764612 0.009999999999999995 0.020000000000000018 0.0 0.010526315789473694 0.0 0.0 0.0 0.0
64 12 -0.7178594771241806 -0.5270494281045729 -0.5591176470588216 0.1 0.12218749999999862 0.15691176470588256 0.2759232891134344 0.17411764705882746 1.0823529411764825 -0.3016339869281337 0.5696594427244644 1.2977532679738553 -0.10000000000000009 0.09164086687306709 0.21468545751633386
64 13 -0.7574999999999981 -0.06988051470587706 0.6961029411764761 -0.1101470588235301 -0.04 0.0225 0.46099511653739744 0.15062499999999862 3.097169117647044 1.297058823529392 1.6751741486068192 1.981617647058778 0.09999999999999999 0.07927631578947296 0.2
64 14 -1.1955882352941174 -1.1670588235294113 -1.1375 0.02 0.020937500000000137 0.030735294117646566 0.16509660811846774 0.03 0.09000000000000008 0.0 0.04736842105263162 0.09705882352939676 -0.08529411764706865 -0.01052631578947368 0.03437499999999028
64 15 0.3152941176470566 0.5221029411764696 0.7324999999999999 0.45 0.46 0.48 0.2430928131590366 0.23 0.6329411764705892 -0.6235294117646972 -0.3331269349845206 0.050000000000000044 -0.179411764705871 -0.12105263157894738 0.0
64 16 -1.36 -1.3479375 -1.35 -0.27 -0.27 -0.2675 0.162550840804901 0.010000000000000009 0.07125000000000181 0.0 0.037500000000000956 0.0 0.0 0.0 0.0
64 17 2.518749999999999 2.882253482972137 -3.0882352941176445 -0.13 -0.11029411764705808 0.031093749999999795 0.3571097625284866 0.63 1.660000000000001 0.10000000000000009 -2.4315789473684206 1.1999999999999567 -0.3058823529411826 -0.3 0.10000000000000009
64 18 -1.0793749999999984 -1.0077381535947711 -0.95 0.05 0.06 0.07 0.19188772762394518 0.02866666666666509 0.3803137254901999 -0.2382352941176502 -0.0961403508771946 0.15000000000000013 -0.049999999999999975 -0.0045614035087710985 0.017647058823526962
64 19 -0.9 -0.8999999999999998 -0.9 -0.09 -0.09 -0.09 0.1553397216925636 0.009999999999999995 0 0.0 0.0 0.0 0.0 -0.005263157894736839 0.0
64 20 -3.0941176470588276 -2.7878602941176487 -2.4909999999999988 0.0275 0.10218749999999958 0.19720588235294073 0.3282759857474052 0.27588235294117675 1.6494117647058841 -1.0919117647058973 -0.707120743034058 -0.21637254901963887 -0.1352941176470687 0.08204334365325089 0.1577205882353085
64 21 -2.315 -2.188157679738562 -2.1091176470588247 0.02 0.038823529411765076 0.04 0.20832617353525956 0.03 0.32411764705882185 -0.15000000000000124 0.12507739938081053 0.40555555555556344 -0.06176470588236523 -0.01052631578947368 0.0
64 22 2.695065359477133 -2.5086064133986947 -1.259237132352943 -0.02 -0.015 -0.009305555555556212 0.3924658160522045 0.08 2.5500000000000007 -1.8443014705882643 -0.7687306501547896 0.0 -0.04411764705883581 -0.008978328173376297 0.038235294117671646
64 23 -0.4039062500000002 -0.3985937500000001 -0.39 -0.08 -0.08 -0.08 0.15710977321595196 0 0.02999999999999997 -0.009375000000001465 -0.01578947368421051 0.0 0.0 0.0 0.0
64 24 -1.8755882352941142 -1.5477290591675241 -1.1112499999999985 -0.02 -0.01 0.0 0.2842709424101147 0.02 1.4129411764705893 0.223529411764688 0.7436532507739944 1.0202302631578897 -0.06764705882351342 0.0 0.08437500000001248
64 25 -1.053823529411765 -0.9953835139318885 -0.9468749999999991 -0.03338235294117776 -0.02 0.0 0.18190529993429744 0.07 0.2400000000000001 -0.20000000000000018 -0.09529085872576053 -0.050000000000000044 -0.09999999999999999 -0.0368421052631579 0.0
64 26 0.72 0.7200000000000001 0.72 0.22 0.23 0.23 0.1553397216925636 0.010000000000000009 0 0.0 0.0 0.0 0.0 0.005263157894736847 0.0
64 27 -0.98 -0.9715000000000001 -0.9675 -0.13 -0.12 -0.12 0.15711484441559498 0.010000000000000009 0.020000000000000018 0.0 0.010526315789473694 0.0 0.0 0.0 0.0
64 28 0.99 0.9883529411764705 0.99 0.05 0.05 0.05 0.1562211677839216 0.009999999999999995 0.010000000000000009 0.0 0.005263157894736847 0.0 0.0 -0.005263157894736839 0.0
64 29 -2.4573913043478246 -2.4300409562375673 -2.4075 0.0 0.01 0.03 0.17480766120382465 0.07 0.15750000000000064 -0.1823529411764513 -0.04605263157894779 0.005882352941182223 -0.05625000000000832 0.015789473684212726 0.1
