74 0 -0.9492647058823523 -0.5103964460784297 -0.06367647058823284 0.1552941176470595 0.18617647058823444 0.2025 0.2790936241912584 0.10000000000000789 1.2417647058823527 0.3470588235293972 0.6535603715170276 0.8500000000000134 -0.04411764705883087 0.05263157894737257 0.10000000000000009
74 1 0.6879963235294029 1.2906482843137228 1.8843014705882322 -0.06437499999999918 0.075 0.11718750000000291 0.3708233759015216 0.31 2.1518750000000044 -1.3974264705881816 -1.1325657894736865 -0.8825367647059251 0.09999999999999988 0.16315789473684206 0.25
74 2 0.35328125000000016 0.4303515114379074 0.4462316176470589 0.59078125 0.63 0.6503125000000003 0.22614680714007185 0.21000000000000002 0.5364705882352974 -0.49117647058825653 -0.2823529411764722 -0.02434640522877979 -0.2062500000000056 -0.1105263157894737 0.0
74 3 1.7734742647058832 1.8053723447712429 1.9325 0.07926470588235239 0.15343750000000123 0.19 0.23298173352973464 0.13 0.7211764705882364 -0.062499999999988676 0.3374613003095981 0.546691176470554 -0.10000000000000002 0.008668730650156477 0.10000000000000009
74 4 -0.69 -0.6892857142857142 -0.69 -1.21 -1.21 -1.2085294117647059 0.15622692082553336 0.010000000000000009 0.005714285714285672 0.0 -0.0022556390977443294 0.0 0.0 -0.005263157894736847 0.0
74 5 2.2013461538461563 2.464015216609794 2.8644345238095203 -0.08249999999999999 -0.04095238095238208 0.05500000000000001 0.32647696055036846 0.20347826086956589 1.7226086956521707 -0.050000000000001155 0.7250572082379814 1.8717391304348052 -0.20000000000000004 -0.06498855835240311 0.049999999999999975
74 6 1.15 1.232470588235294 1.33 -0.5924999999999989 -0.5105555555555543 -0.400294117647057 0.24217661723754183 0.5493750000000013 0.4193750000000015 -0.050000000000000044 0.08635835913312595 0.3499999999999992 0.15032679738562177 0.24827786377708957 0.49944852941176426
74 7 2.1527941176470615 2.331157475490197 2.496047794117651 -0.052500000000000005 -0.03 -0.017499999999999998 0.22327573399151573 0.11 0.5662500000000037 -0.10000000000000009 0.29802631578947564 0.5989583333333393 0.0 0.04736842105263158 0.1
74 8 0.508483455882343 0.838237949346403 1.1726562499999995 -0.02 -0.02 0.02 0.268929729398923 0.05 1.2370588235294149 -1.2735294117647036 -0.651083591331271 -0.09687500000000848 0.0 0.02631578947368421 0.04999999999999999
74 9 1.79 1.793 1.8 -0.73 -0.73 -0.73 0.1553397216925636 0 0.010000000000000009 0.0 -0.005263157894736847 0.0 0.0 0.0 0.0
74 10 -1.0826470588235293 -0.5899938549582494 -0.008201754385959593 0.09 0.1 0.1122058823529418 0.2935773618772931 0.09000000000000001 1.4476470588235268 0.10588235294116427 0.7272934658627963 1.224303405572789 -0.049999999999999975 0.04736842105263159 0.10000000000000009
74 11 -1.46 -1.4545 -1.45 -0.33 -0.33 -0.32 0.1562247474542578 0.010000000000000009 0.010000000000000009 0.0 0.005263157894736847 0.0 0.0 0.0 0.0
74 12 -0.5352777777777822 -0.29580739379085036 -0.1 -0.02 -0.015 -0.01 0.21075536052981253 0.01 0.5647058823529418 -0.5764705882352901 -0.2242690058479518 0.11764705882352698 0.0 0.005263157894736842 0.0
74 13 -1.049999999999999 -0.8002365429505115 -0.6260294117647003 -0.22249999999999898 -0.14 -0.03470588235293828 0.2965277634094933 0.5 1.1310714285714312 0.2916666666666867 0.5953007518797007 0.9127100840336075 0.10000000000000009 0.2631578947368421 0.3038194444444367
74 14 -1.9746875000000028 -1.7194129901960795 -1.476985294117649 -0.1617647058823524 -0.07500000000000001 -0.06 0.24640949055535566 0.2 0.8422222222222211 -0.5675857843137244 -0.44327485380116893 -0.30069444444445703 0.0 0.08947368421052632 0.1999999999999999
74 15 -1.4 -1.3501764705882355 -1.3144117647058837 0.6 0.61 0.62 0.18105491736506504 0.050000000000000044 0.25 -0.29999999999999916 -0.11052631578947367 0.17647058823530126 -0.08235294117647285 -0.01578947368421054 0.0
74 16 -1.8923897058823553 -1.479882148692813 -1.0908639705882366 0.1185937500000009 0.13 0.15 0.3072875700140426 0.08 1.6358823529411741 -1.0990604575162977 -0.8609907120743023 -0.6874999999999909 0.0 0.03157894736842106 0.10000000000000009
74 17 -0.29 -0.2814411764705884 -0.2775 -0.16 -0.16 -0.15 0.1654474817019183 0.04999999999999999 0.07411764705882157 -0.035294117647053924 -0.02321981424148505 0.09999999999999953 -0.049999999999999906 -0.026315789473684206 0.0
74 18 -1.5 -1.1741470588235283 -0.7367647058823441 0.45529411764706124 0.5 0.5810294117647054 0.25272205270825937 0.16999999999999998 0.9279779411764707 -0.028125000000004396 0.4275541795665607 0.8898897058822913 0.0 0.07368421052631584 0.15000000000000013
74 19 1.065 1.2054834558823526 1.335 -0.4234374999999979 -0.39088235294117635 -0.35562500000000086 0.2093397599875786 0.23 0.3400000000000001 -0.3068014705882216 -0.17894736842105266 -0.050000000000000044 -0.11249999999999455 -0.06842105263157894 0.10000000000000009
74 20 2.1360294117647047 2.1989338235294116 2.250588235294118 -0.5066176470588236 -0.3822794117647052 -0.2269117647058828 0.22488646611940916 0.44588235294117673 0.26812499999999995 -0.03235294117647225 0.05164473684210527 0.21764705882352908 -0.35000000000000003 0.008049535603717 -0.011764705882344323
74 21 1.2865257352941146 1.3745786356209142 1.5325 0.12941176470588278 0.2 0.22 0.21080330125504226 0.12 0.5156250000000053 -0.44871323529413476 -0.27138157894737125 -0.10000000000000009 0.0 0.047368421052631574 0.09999999999999981
74 22 -0.7825 -0.7089724264705881 -0.645 -0.7995312500000014 -0.78 -0.76 0.18458747941514084 0.06000000000000005 0.28 -0.20000000000000018 -0.10131578947368299 -0.09062499999999862 -0.05312499999999165 -0.010526315789473694 0.0
74 23 0.5075000000000001 0.542753676470588 0.583823529411764 0.17937500000000028 0.18 0.18 0.1774724831263289 0.01999999999999999 0.23000000000000004 -0.20000000000000018 -0.12105263157894738 -0.10000000000000009 0.0 -0.010526315789473679 0.0
74 24 -0.7383823529411799 -0.6981470588235296 -0.6375 -0.8925 -0.885 -0.88 0.17494900067536445 0.030000000000000027 0.14 -0.11764705882352677 -0.06315789473684216 0.04999999999999949 0.0 0.005263157894736847 0.0
74 25 -2.4225000000000065 -2.115973039215688 -1.8186764705882368 -0.1225 -0.07 -0.04750000000000001 0.27207255815108167 0.13 1.1682352941176473 -0.7942810457516458 -0.6148606811145513 -0.499999999999996 0.0 0.06842105263157895 0.1999999999999999
74 26 -0.5909375000000001 -0.46439522058823596 -0.34 -0.10250000000000001 -0.1 -0.09 0.192175145453938 0.06 0.23999999999999994 -0.09999999999999981 -0.047368421052631636 0.19999999999999962 -0.023529411764719455 -0.005263157894736837 0.07058823529411638
74 27 -0.9739705882352925 -0.5243839869281024 -0.024999999999999998 -0.01 -0.001111111111112427 0.0 0.2817765291092163 0.03 1.3900000000000001 0.2999999999999793 0.7315789473684211 1.1006535947711993 -0.019934640522908643 0.005263157894736842 0.09999999999999999
74 28 -2.9281249999999996 -2.6671307324963465 -2.427272727272726 -0.0025 0.0035294117647074806 0.01 0.22571871111964437 0.03 0.7233823529411803 0.14999999999999902 0.38072755417956855 0.5739591291061785 -0.1 -0.01578947368421053 0.014705882352925196
74 29 0.5071875000000007 0.6085091911764694 0.605 0.1225 0.17 0.1804411764705882 0.2492111423391786 0.19816176470588245 0.853970588235307 -0.5941176470588139 -0.4494582043343722 0.043750000000014055 -0.15882352941176334 -0.04671052631579095 0.18823529411767653
