81 0 1.8757352941176473 1.9022334558823524 1.9221874999999997 0.04 0.05 0.06 0.18286695372756673 0.049411764705883585 0.270588235294116 -0.20588235294116242 -0.1424148606811137 -0.043749999999994627 -0.09999999999999998 -0.026006191950465045 0.008823529411746273
81 1 -3.03 -2.966294526143791 -2.968097426470588 0.04705882352940974 0.05 0.0625 0.1905333538501477 0.07 0.3393750000000013 -0.3972426470588508 -0.15756578947368488 0.0 -0.09705882352939822 -0.031578947368421054 0.0
81 2 -0.4862499999999971 -0.04142401960784007 0.420073529411771 0.2930882352941174 0.33 0.34426470588235236 0.3544200860845357 0.177058823529415 1.937058823529415 0.8349264705882504 1.01950464396285 1.0996323529411782 -0.13823529411765068 -0.09318885448916578 0.09999999999999981
81 3 -2.905882352941176 -2.356594158496728 -1.7017647058823444 -0.0925 0.005 0.0225 0.3840499230600948 0.4 2.2173529411764745 0.5238970588235325 -2.1382352941176457 1.6808823529411843 -0.26470588235293135 -0.1894736842105263 0.0
81 4 0.915 0.9375000000000002 0.96 -0.2907352941176476 -0.27 -0.27 0.1668095581970871 0.04999999999999999 0.08999999999999997 0.0 0.04736842105263156 0.10000000000000009 0.0 0.021052631578947358 0.038235294117634766
81 5 -1.585 -1.4143843954248365 -1.2668198529411772 0.16900735294118052 0.3572222222222198 0.46691176470588036 0.2512354835050904 0.5412500000000011 0.348749999999999 -0.15000000000000013 0.09342105263158151 0.5000000000000004 -0.596936274509827 0.016447368421053238 0.452287581699341
81 6 0.6167647058823486 0.7380612745098032 0.8767647058823524 -0.11 -0.11 -0.1 0.19369772690933737 0.009999999999999995 0.39 -0.18823529411765072 -0.02167182662539205 0.39981617647058987 0.0 0.005263157894736839 0.0
81 7 0.8194117647058837 0.8666611304609557 1.0658333333333299 -0.03 -0.025 -0.02 0.2409462610343341 0.03 0.5617647058823578 -0.42843137254904806 -0.2956656346749252 0.20000000000000018 0.0 0.005263157894736841 0.0
81 8 -0.14033333333333373 0.004685171568624985 0.1719117647058807 0.04750000000000001 0.08 0.10600000000000166 0.2948465466419927 0.17 1.42676470588236 -1.1064338235294429 -0.7509287925696633 -0.24666666666667453 0.0 0.08947368421052633 0.15
81 9 -0.87 -0.5708497957516351 -0.2880392156862733 0.0075 0.01 0.01 0.24799385633112436 0.02 1.0376470588235311 -1.0535416666667015 -0.5461300309597533 -0.15000000000000013 0.0 -0.010526315789473684 0.0
81 10 0.6525 0.6924264705882357 0.7324999999999999 0.0775 0.09750000000000111 0.1 0.18573535282424086 0.07 0.28352941176470947 0.10000000000000009 0.14922600619195237 0.20000000000000018 0.0 0.03157894736842106 0.09999999999999995
81 11 0.9996874999999996 1.0169080882352943 1.01 0.01 0.01 0.01 0.18567290696675448 0.06 0.29470588235294204 0.0 -0.12879256965944316 0.050000000000000044 0.0 0.031578947368421054 0.05
81 12 -2.244362745098039 -2.046244281045752 -1.81 -0.18 -0.17 -0.16421875000000064 0.2409943457018906 0.04000000000000001 0.9147058823529459 0.050000000000000044 0.3854489164086649 0.7639705882353143 0.0 0.007430340557277607 0.050000000000000044
81 13 2.815277777777778 2.9147276913637667 3.0425000000000004 -0.05 -0.035 -0.03 0.2068722956777805 0.06 0.5308333333333315 0.0 0.25833333333333236 0.5259057971014469 -0.09999999999999996 -0.015789473684210527 0.0
81 14 2.0535294117647074 2.5588954248366043 3.1136764705882394 0.0075 0.024411764705881737 0.10250000000000001 0.34470987712738704 0.13 2.024669117647062 0.9027777777778101 -2.2396478328173366 1.23952205882351 -0.10588235294118262 -0.057894736842105256 0.0
81 15 3.0930882352941174 -3.03739950980392 -2.872647058823521 -0.13382352941176454 -0.12625000000000167 -0.11 0.22128021576217288 0.07125000000000167 0.5037500000000006 0.0 -2.97720588235294 0.5386029411764803 -0.10000000000000009 -0.036842105263157905 0.05625000000000831
81 16 0.002352941176470957 0.2925984477124173 0.5432720588235276 0.13 0.165 0.19 0.23874172202287638 0.0462500000000039 0.8611764705882365 -0.8477941176470633 -0.4111455108359139 0.08529411764705391 -0.0812500000000195 -0.024342105263159948 0.049999999999999906
81 17 1.1314705882352936 1.4273955882352931 1.5715257352941205 -0.07514705882352905 -0.055 -0.0239705882352967 0.2799203152327885 0.1 1.3005882352941163 -1.4544117647058052 -0.4035990712074269 0.6000000000000005 -0.0764705882353113 0.026315789473684206 0.09999999999999998
81 18 0.79 0.7899999999999998 0.79 -0.03 -0.03 -0.02 0.1553397216925636 0.009999999999999998 0 0.0 0.0 0.0 0.0 0.0 0.0
81 19 2.851176470588233 3.117244076797384 -2.8834803921568617 0.1 0.10468749999999861 0.11 0.2537443777977364 0.03 1.0870588235294152 -0.646875000000009 -0.5089783281733732 -0.4000000000000181 -0.0031250000000138806 0.0 0.0031250000000138806
81 20 0.7175 0.8339648692810468 0.9185386029411774 -0.05029411764705926 -0.03352941176470539 -0.02805555555555621 0.20711478564976715 0.03687499999999945 0.540555555555558 0.10000000000000009 0.2845029239766095 0.45608660130719625 -0.011111111111124262 0.003618421052631287 0.0852941176470539
81 21 3.033529411764703 3.0509999999999993 3.1 -0.10147058823529695 -0.02 -0.01 0.20637308109665942 0.37 0.16000000000000014 -0.23823529411767685 -0.08421052631578956 0.07647058823531117 -0.29705882352939816 -0.19473684210526315 0.0
81 22 1.1475 1.5732922794117639 2.2575 -1.11 -1.0482352941176476 -0.5582352941176462 0.3506829232194013 1.01 1.155000000000002 -0.3294117647058903 -0.5894736842105265 0.10000000000000009 -1.0294117647058707 -0.4981424148606792 0.0
81 23 -1.523125000000001 -1.5055299019607842 -1.47 -0.61 -0.5649999999999973 -0.4575 0.19571677731825463 0.24000000000000443 0.18999999999999995 -0.10000000000000009 0.06315789473684204 0.21249999999999436 0.0 0.12631578947368655 0.24490196078433724
81 24 1.275147058823526 1.9928372140522845 2.7063235294117653 0.02 0.02 0.052500000000000005 0.3630193659568581 0.06 2.227058823529414 -1.5864991830064645 -1.1721362229102181 -0.856617647058831 -0.1 -0.031578947368421054 0.049999999999999975
81 25 -0.5335294117647065 -0.2243268790849653 0.1322647058823539 -0.01 -0.005 0.0325 0.2950555319960218 0.06 1.5050000000000023 0.5839215686274539 0.7921052631578961 0.9057598039215764 0.0 4.382459307730881e-18 0.05
81 26 2.404411764705883 2.503093370681607 2.5650420168067254 0.024218750000002082 0.03455882352941275 0.042499999999999996 0.20512527338501138 0.0672222222222209 0.4977777777777832 0.1411764705882379 0.2619883040935701 0.3956932773109112 -0.06305147058820174 0.016959064327486756 0.10000000000000002
81 27 -1.3307352941176465 -1.3251470588235292 -1.31 0.09 0.09 0.09 0.16064480506308573 0.009999999999999995 0.06000000000000005 0.0 0.03157894736842108 0.10000000000000009 0.0 0.005263157894736839 0.0
81 28 -0.24161764705882577 -0.17518651960784373 -0.1 -0.04220588235294179 -0.01 0.01 0.18578157622407301 0.08 0.16799999999999785 -0.22370098039214742 -0.08842105263157782 0.0 -0.1 -0.02631578947368421 0.0
81 29 -2.44 -2.205492647058824 -2.03 0.0 0.018823529411765075 0.09 0.22246379667898916 0.09 0.43999999999999995 -0.14999999999999902 -0.08452012383901095 0.03823529411763449 -0.011764705882365235 0.04210526315789474 0.05
