87 0 -0.8395588235294155 -0.6130648692810465 -0.43908823529411967 -0.024852941176471816 0.035 0.09483333333333255 0.25477646388637026 0.12117647058823652 0.9 -0.6091666666666673 -0.2157894736842062 0.5001633986927878 -0.10333333333334915 0.015789473684210513 0.19062499999998053
87 2 -2.0875000000000004 -1.5825578431372536 -1.22367647058823 -0.0632352941176473 -0.05 -0.021893382352940395 0.34731552518790715 0.21823529411764758 1.3956985294117696 -0.349632352941176 0.7345781733746156 1.738235294117666 -0.15000000000000002 0.004953560371517662 0.1757352941176668
87 3 -0.052500000000000005 0.14856985294117914 0.2711764705882391 -0.13220588235294087 -0.13 -0.1175 0.24874628487423736 0.07 0.9900000000000119 0.09999999999999996 0.5210526315789537 0.8444852941176235 0.0 0.0368421052631579 0.09999999999999995
87 4 -2.0396405228758216 -0.3934883169934701 1.7040624999999987 -0.06 -0.03352941176470478 -0.011093749999999793 0.20054369710871486 0.1 3.078750000000007 -3.183823529411801 -2.3002708978328186 -0.9650735294117574 -0.05392156862742102 0.04736842105263159 0.10000000000000006
87 5 -0.56 -0.4419356617647054 -0.32156249999999875 -0.34 -0.2832352941176452 -0.02906249999999875 0.21752960158111273 0.41000000000000003 0.2735294117647099 0.0 0.14396284829721576 0.2937499999999918 0.0 0.2157894736842105 0.3525735294117762
87 6 -0.7789154411764728 -0.6911600816993471 -0.6075 0.13 0.14 0.14 0.1771165374670836 0.010000000000000009 0.245 -0.19399999999999973 -0.12894736842105262 -0.09889705882350996 0.0 0.005263157894736847 0.0
87 7 -0.3601102941176468 -0.3295441176470584 -0.29 0.08 0.08 0.09 0.16774022475556824 0.05 0.08999999999999997 0.0 0.04210526315789474 0.10000000000000009 0.0 0.02631578947368421 0.09999999999999995
87 8 -0.25 -0.24941176470588236 -0.25 -0.03 -0.025 -0.02 0.15622474745425777 0.009999999999999998 0.010000000000000009 0.0 0.0 0.0 0.0 -0.005263157894736841 0.0
87 9 -2.9928513071895426 -2.9685371732026145 -2.93 0.25 0.25 0.3258915441176492 0.19731128636363754 0.31411764705881906 0.08999999999999986 -0.10000000000000009 -0.03374613003095734 0.10000000000000009 0.0 0.16532507739937843 0.2716299019607585
87 10 -0.42097426470588556 0.20261703431372263 0.9568749999999964 -0.21411764705882366 -0.16 -0.1275 0.3353465588872776 0.15000000000000002 1.7799999999999998 -1.414705882352946 -0.9368421052631579 -0.3470588235294314 -0.10000000000000009 0.008049535603716976 0.0
87 11 -0.30294117647059027 -0.16339093137254992 -0.20823529411764657 -0.05294117647059027 -0.025625000000000835 0.012352941176470896 0.2455050327550367 0.08 0.8864705882352946 -0.6970588235294167 -0.41455108359132997 0.10000000000000009 -0.04999999999999999 0.025696594427246137 0.1
87 12 -0.4057352941176432 -0.13366850490195975 0.2628768382352938 -0.3425 -0.315 -0.2547242647058843 0.33441142485336267 0.64 1.3131250000000005 -0.42352941176470954 0.328618421052628 1.252941176470594 -0.09999999999999981 0.3368421052631579 0.5604779411764685
87 13 2.6175 2.6435 2.6825 -0.16 -0.15 -0.1475 0.17129554140127393 0.03 0.15000000000000036 -0.10000000000000231 -0.07894736842105282 -0.049999999999998934 -0.050000000000000044 -0.010526315789473679 0.0
87 14 -0.625 -0.553208129084968 -0.53357843137255 -0.17125000000000057 -0.14147058823529313 -0.13 0.1991657712916804 0.056111111111112444 0.41333333333333333 -0.41666666666665075 -0.2175438596491228 0.050000000000000044 -0.09999999999999995 -0.015789473684210527 0.050000000000000044
87 15 -0.47028125000000254 0.052962254901957495 0.7407352941176447 -0.13 -0.11312499999999973 -0.046718749999999865 0.3579901973227624 0.2929411764705905 2.0188235294117716 -1.4117647058823617 -1.062538699690406 -0.6177450980392283 0.07647058823528056 0.15417956656346865 0.18051470588233115
87 16 -0.45 -0.4814981617647054 -0.42 -0.10624999999999835 -0.1 -0.09 0.20320790276274756 0.04562500000000083 0.505 -0.09999999999999981 0.23947368421052637 0.14999999999999986 -0.02812500000000412 0.010526315789473684 0.046874999999984776
87 17 -0.47 -0.4668529411764707 -0.46 0.11 0.11 0.11 0.1562247474542578 0.009999999999999995 0.009999999999999953 0.0 -0.005263157894736818 0.0 0.0 0.0 0.0
87 18 -1.2210937499999988 -0.9551433823529388 -0.9593382352941098 0.02 0.035 0.0493106617647052 0.29947841912398615 0.07437499999999918 1.5347058823529438 0.17647058823531014 0.8077399380804967 0.7279411764706208 -0.1 -0.002302631578946935 0.07187499999999583
87 19 -0.305147058823527 -0.24189705882352902 -0.17308823529411618 -0.4769117647058838 -0.2710661764705944 0.25 0.24750513674972383 0.75 0.24 -0.06764705882351327 0.08684210526315672 0.24117647058824118 -0.5325367647059074 -0.3368421052631556 0.1999999999999999
87 20 -0.37 -0.37 -0.37 0.02 0.02 0.02 0.1544546959308694 0 0 0.0 0.0 0.0 0.0 0.0 0.0
87 21 0.6119117647058838 0.6511507352941176 0.7120312499999988 -0.13 -0.125 -0.1175 0.1815902698295839 0.03 0.2764705882352946 -0.18529411764704962 0.056037151702786656 0.10000000000000009 0.0 0.0 0.0
87 22 3.033529411764703 3.0509999999999993 3.1 -0.10147058823529695 -0.02 -0.01 0.20637308109665942 0.37 0.16000000000000014 -0.23823529411767685 -0.08421052631578956 0.07647058823531117 -0.29705882352939816 -0.19473684210526315 0.0
87 24 -0.9750000000000001 -0.8622297794117653 -0.7611764705882387 -0.27 -0.24 -0.24 0.1881578060175389 0.04000000000000001 0.31999999999999995 -0.050000000000000044 0.01710526315788945 0.2999999999999997 0.0 0.01578947368421054 0.050000000000000044
87 25 -1.0058823529411764 -0.5448454248366048 -0.3018198529411822 -0.18600000000000233 -0.17 -0.02994281045751546 0.3771007213603822 0.20611111111111244 2.167777777777775 -1.7438888888888164 -1.1409356725146182 -0.3323529411764614 -0.32354166666664674 -0.08216374269005917 0.09999999999999995
87 26 -0.35 -0.34699999999999986 -0.34 -0.05 -0.04 -0.04 0.1562196762546148 0.010000000000000002 0.009999999999999953 0.0 -0.005263157894736818 0.0 0.0 0.005263157894736843 0.0
87 27 -0.35 -0.3514999999999999 -0.35 -0.1725 -0.16823529411764732 -0.16 0.1586585682989166 0.037499999999997785 0.010000000000000009 0.0 0.005263157894736847 0.0 0.0 0.015789473684210527 0.017647058823526962
87 28 -0.35 -0.3487986111111109 -0.3465624999999988 -0.07 -0.06 -0.057499999999999996 0.15888348727241586 0.030000000000000006 0.010000000000000009 0.0 -0.005263157894736847 0.0 0.0 -0.010526315789473684 0.0
87 29 -0.40649999999999764 -0.3028211092246732 -0.11 -0.1619999999999988 0.08680645161290586 0.225 0.29142041480272296 0.66 0.8987499999999984 0.049999999999999975 0.44144736842105187 0.6976470588234871 0.16000000000002368 0.34736842105263155 0.47428842504743085
