15 0 -0.2462059826086298 -0.11803249299987939 -0.03544002213658616 0.2602933018014566 0.26893268159885664 0.27268513949065665 0.18958215236064127 0.03860668305424003 0.33430036492860365 0.06867870606620018 0.17594756048873875 0.1805543111196618 -0.019634954084999934 0.02031930687065265 0.04625122517799979
15 1 -0.011377413542855718 0.05371115025195585 0.0932376218219981 0.1403204963885761 0.17081139842101611 0.17886609291864705 0.18193165295493197 0.06773622826977094 0.23129103247504 -0.08525933396019993 0.09608496829431579 0.20821777976360006 -0.006021385919399991 0.0055115660589473685 0.07304202919620001
15 2 -0.2917578674470681 -0.2613254339445701 -0.21591022147827804 0.08391373358831489 0.0902754587118549 0.0948307680595749 0.17253543295105883 0.024399702942959997 0.18003071234380003 0.039880773408200176 0.09411917639995789 0.13491395117959992 -0.021554816262200002 -0.012566370614399998 -0.0003490658503999683
15 3 -0.8708750332591084 -0.7633269720862426 -0.8047968677783884 0.3572605106069411 0.4089746163437011 0.42338667264209107 0.2319715166242051 0.24249604627288 0.59985221061988 -0.04223696789840026 0.31571168979993686 0.42498767286200045 -0.16257741982380003 -0.12762949803835788 -0.01588249619319998
15 4 0.025976995773048104 0.0296552771716381 0.032216547848948104 0.0739495519258331 0.08015856073982311 0.08424263118950309 0.1570994821451243 0.013159782560079991 0.012775810124639998 -0.019722220547599995 -0.0016259119873894728 0.016842427281800014 -0.01178097245099985 0.0001561610383368407 0.008464846872199908
15 5 3.0559788238781107 -2.9993362555232195 -2.772548213175889 -0.16280722150870483 -0.11045170727183484 -0.07792749666081483 0.25334813862280076 0.2577502239358836 0.8661980998062404 -0.6205518155486001 -0.33900269216812584 0.09712757287379858 -0.2093522437776617 -0.1141904627979579 -0.01841322360860001
15 6 -0.125050659244235 -0.12392055855356501 -0.12309589048199501 -0.09898644548999379 -0.09673060743178379 -0.0953823405846138 0.15562018497959368 0.0057072266540399985 0.0060737457969599895 -0.00698131700799999 0.0024159031225052573 0.012653637077000082 -0.011170107212800026 -0.0008634786825684266 0.005846852994200041
15 7 -1.5609481125703115 -0.9910466245793408 -0.2591070235035115 -0.020982639155810844 0.07970976871519916 0.17295834732629825 0.3496797034256797 0.45439647075767636 1.4975448580937518 0.024085543677599963 0.7881815042598694 1.458920721747672 -0.3296926957027999 -0.1494369277446507 0.10585421913379991
15 8 -0.8492558337398629 -0.4762213767221469 -0.174171205712523 0.0037775227591119414 0.046171570290174054 0.08067672960221406 0.26020205104911687 0.14669492363042547 0.9591282371440799 -0.8470955524582002 -0.43816950168631585 -0.11658799403359996 -0.15358897417591277 0.01685620619694738 0.08080874436759998
15 9 -0.21620697593287402 -0.18016156355615348 -0.13891943333153312 0.05190284370283595 0.05298494783907595 0.06244026906178595 0.17123990718551274 0.021642082724799998 0.16200146117029096 0.010733774899799736 0.08249895795882681 0.1504473815224 -0.03621558197899999 0.0006522019836421055 0.02530727415399999
15 10 -0.031316588212682156 -0.014900021268380892 0.0016308647418915576 -0.3628040156818395 -0.2884268096078595 -0.09875751646971495 0.19308007463962784 0.33923964671141454 0.09122836000204 -0.05611233545180003 0.011133363439073686 0.06370451769800002 0.05724679946560007 0.1785471824796919 0.22567107228360006
15 11 -0.08141015573896015 -0.08067275412999014 -0.07827292640849015 0.05785344682471616 0.05944605976716616 0.06042344414828616 0.15691723502395324 0.013770647798279995 0.012932889757319987 -0.001832595714599955 0.006659808987894729 0.011868238913600032 -0.011519173063200064 0.003224266144484208 0.021816615649999996
15 12 -1.038310819462885 -0.5201286731963254 -0.016259099460716298 -0.0620590600642701 -0.036066744178860105 0.07823923185774989 0.29887580883565296 0.2935818334792691 1.349785283619589 0.23884830813619928 0.7104133071682046 1.0745119539938002 -0.22837633262419996 -0.13438116646075213 0.030455995447399853
15 13 -0.2817020559999035 -0.17746139375948933 -0.021805077084404587 0.0631864942796552 0.0702158078420852 0.0808012297554652 0.21287809904790048 0.05152211951904001 0.6074443928662545 0.16161748873519996 0.319413625002955 0.4167846253775126 -0.06047565858179997 -0.024802047265263166 0.02207841503779999
15 14 0.29104877895843245 0.28447499633072215 0.39912829288853247 -1.1753433094656227 -1.1583219859354925 -1.1032437580655026 0.2484579368926976 0.36789795302908 0.6638010744131599 -0.1559451686662 0.27052603406 0.47411869130579987 -0.03813544415619874 0.19363050159425263 0.4016875273477988
15 15 0.191750161938667 0.20170813798595297 0.212729019547707 0.18866597122510448 0.1913450516269245 0.21040404705876448 0.16205189838384634 0.03113667385568003 0.04743804906936 0.0015707963268001002 0.017434920633136848 0.042149701435799936 -0.012828170002199962 0.014752625151115797 0.025481807079199975
15 16 0.1418673613746795 0.21816355696123352 0.1855791324910195 0.08945487366580596 0.09671980667725597 0.13697582587463597 0.2280939665295937 0.24389230967430547 0.6010041279262 -0.13159782560080005 -0.31631796206642104 0.0019198621771998603 -0.23657938010859997 -0.11733205545146604 0.01919862177199999
15 17 -0.08312329336261194 -0.08121215783168939 -0.03921517270542195 0.07935250951366594 0.09889147048980595 0.12348315965048594 0.18087190102372816 0.08590510578344 0.21022490840357455 -0.24818581963439998 -0.11064468863346026 0.02967059728400001 -0.028361600344999904 0.04521321357023158 0.13351768777800005
15 18 0.13732803242338285 0.30065507116128076 0.47736180394480643 -0.01777826313042357 0.05783812671252879 0.17772915635623693 0.22092213951377973 0.22286109218857814 0.532831567343656 0.12269664641560041 0.2521265893668505 0.4125085687101998 0.021816615650000083 0.1168635723369148 0.16397368322539996
15 19 -0.038395498214748 0.018636625752856 0.069413489681292 -0.015061173336048575 0.058329921710512156 0.07873718398952215 0.18559378426365664 0.15831881644892 0.15467107831224 -0.16894787159359997 -0.010765925701810534 0.058817595792399965 -0.08648106443659993 -0.005621797380126314 0.12147491593922619
15 20 -0.7424021227205025 -0.6251072703398426 -0.5790131247945225 0.1939473375416565 0.20589411627159648 0.21759654890625646 0.20954424707272276 0.06291911953477458 0.55438638360528 -0.43807764225199997 -0.28314752033498947 -0.07260569688319951 -0.041364303272399955 0.009966748623355042 0.06850417314099994
15 21 0.07629997713332484 0.09063523894462684 0.11053024708817485 0.017227951121034583 0.02206687647220895 0.029458345854428948 0.16478181364115682 0.03199188518917745 0.08450884238184002 0.008639379797399996 0.044478338095705276 0.11711159280920001 -0.01378810109079998 0.011969284291356555 0.03351032163840001
15 22 -1.8295164204966659 -1.6185235672248293 -1.333328040806307 0.336035270686324 0.40690436496378396 0.460302713428724 0.25101157368739685 0.25530676298256 0.7441560331682588 -0.12034045192539922 0.3898973689496941 0.5306673590706001 0.06632251157600022 0.1331869938144632 0.18570303241280006
15 23 -0.2894847700233619 -0.14929207052066554 0.04167400225181621 0.18214416062444944 0.18416874255676946 0.18611478467274944 0.21548098667864715 0.013543754995519991 0.6749537283341381 0.18168877513354909 0.3552388043863885 0.4778711491976 -0.01684242728179991 -0.0029578737849684116 0.01553343034280022
15 24 -0.19182545350353747 -0.18279337462439385 -0.17560698142928385 0.12293953806989484 0.14100369582809485 0.16335700022308483 0.16477540369243646 0.04326671215760358 0.030927234345614535 -0.02460914245320009 0.015064947227881334 0.06754424205327264 -0.023736477827200064 0.02277195376715978 0.05541420375100005
15 25 -1.4725584336331377 -0.8973886692950679 -0.3086812586138076 0.042710873271724896 0.0866408105445649 0.15696885275390488 0.30411171463687714 0.17624334786734397 1.5247719944242364 0.34548792543340007 0.802511576012756 1.0472848176626002 -0.11117747335240007 -0.08933329987228898 -0.04223696789839991
15 26 -0.3595211968023501 -0.24008308010039117 -0.11622229907389911 0.04595098006524911 0.0929657867909991 0.12163281975509913 0.19798263333277435 0.06202900161608001 0.33594097442461096 -0.2220931473152548 0.010683252210926303 0.3306526267914002 -0.10183996185420008 -0.020016170737410532 0.03909537524479999
15 27 -1.4354314988975483 -0.6390028546253274 0.15941546499553513 -0.006824916114475495 0.05859002425046705 0.10125896113873706 0.34309950610390305 0.12629202467472 2.010043339656076 0.2926044490978009 1.0542799135885033 1.502292153658999 -0.1315105591382 -0.06570705336607503 0.018675022996400018
15 28 -0.13674727411477983 -0.13396521928709182 -0.13174254248466985 -0.051386904983416894 -0.04972447887088689 -0.04696249532959689 0.1566590421524077 0.00836012711708 0.010786134777360012 -0.007592182246200091 -0.0013319617975789486 0.00794124809659999 0.002007128639799974 0.004400066903726316 0.014660765716800021
15 29 -0.055785910400269104 -0.03550605715666575 -0.01282026753919401 0.031237612064029155 0.03595000104442916 0.05128271852324916 0.16291759391836608 0.030054569719440004 0.0614006830853251 -0.05279620987300006 0.0022138123670086872 0.03551745027819998 -0.020594885173600003 0.0031691504838947376 0.02836160034500001
15 30 0.11706029952171905 0.12357648628406107 0.13166870536095907 -0.1193265125928018 -0.1153733418370218 -0.1135800160305918 0.1615648692480017 0.05255186377771999 0.027785641691840002 -0.0005235987755999871 0.012805205143621054 0.024085543677600033 -0.03717551306759992 -0.01877606837414737 0.012566370614399969
15 31 0.20751906628683353 0.629797988149727 1.0078267048221745 0.5303700713219245 0.5459514982191545 0.6207475833136145 0.2716778990795542 0.17247343668263998 0.8463276075878435 -1.0213666782704003 -0.44543558294097024 -0.13386675362839884 -0.06283185307200012 0.026786211046484223 0.13936454077219995
15 32 -0.18136375604177093 -0.12295194930023234 -0.0658273228821519 -0.2625851253322011 -0.036185378086589205 0.11921437518836078 0.2204668815126935 0.25602234797657814 0.1643751089533949 -0.1495747168981454 0.08651321523862891 0.2545562714059453 0.04590215932759989 0.134748604198199 0.3398156053678905
15 33 -0.31297210209983894 0.17075549940291684 0.618824278957921 0.4128636462494701 0.4487999755481501 0.5440382295066601 0.26957180234140987 0.14526375364395994 1.10039518680096 -0.7086036763119996 -0.5649171491552423 -0.034295719801800406 -0.18840829275340004 -0.0534346329414947 0.06649704450120003
15 34 -0.004017990344946495 0.055872982937419546 0.11822487046511607 0.13119538176416784 0.23766919278295146 0.26134022076320146 0.18796099753624942 0.1621410875113236 0.14468779499078255 -0.19320794819631282 -0.004932851622757895 0.09922196797628728 -0.11239920382880006 -0.08485974542120192 -0.0017453292519999802
15 35 -0.20058041288212652 -0.10122667254749651 -0.11522944913637106 -0.037716225766220794 -0.018028911803625886 0.0608948769717792 0.21719433155308468 0.1603433983811702 0.50703560099852 0.0072431163957999145 0.2668608426308 0.3547381704689999 -0.05061454830834907 0.06759935771295274 0.15908676131976507
15 36 -0.018353785451270567 0.07074178220499996 0.1294756021931818 -0.2648411573174349 0.04498969149830321 0.056303788374393204 0.26259202220986105 0.7517656687146582 0.44083526247085814 -0.357617963734451 -0.22877592116384107 -0.021729349187400035 -0.7894996871425494 -0.3956661414287675 -0.005672320068999988
15 37 -3.00869365406224 -2.663740663913068 -2.3400187477128696 -0.04965724700105723 -0.04341333160202723 0.11960478385790277 0.27544680209019845 0.21064378742388 1.1716307189062407 0.2949606435880048 -2.688615411101979 0.7058984159713955 -0.06222098783380002 -0.10183536888248425 0.03560471674079999
15 38 -0.05182556440202805 -0.05532233155841006 -0.04283275543109805 0.13133908053919102 0.14987884051856099 0.155088648335781 0.16763460684777168 0.06094689747984 0.07379252077456 -0.07984881327899998 -0.03883816882871579 0.003141592653599992 -0.0546288055876 -0.03207731446307369 -0.021293016874400078
15 39 -0.1390848032781601 -0.028796575179514495 0.0935632226903099 0.06600558887271585 0.09540566012265585 0.17189035126855676 0.23974851190017005 0.1816887751337236 0.7831117820798801 0.19696040608820004 0.41216409583151575 0.5424483315233455 0.04607669225279998 0.09562567112301244 0.12889256526019993
15 40 -1.7018339017109079 -1.324692684963236 -0.9976895416377681 0.11770941655941689 0.22091946187678596 0.2683269676842359 0.31542077350184167 0.15425219929210907 1.58372921655732 -0.9927432785376 -0.8335416929249052 -0.3906919530601999 -0.21406463275779997 -0.06295127033679426 0.08499753457239995
15 41 -0.9198576017529765 -0.6820076219489205 -0.3425943149771066 0.19643370450465303 0.22664971717990304 0.25934846071612305 0.28129937176209785 0.25068164046441094 0.6465572214033999 -1.0930124440649984 -0.2601734758126105 0.5575454295514004 -0.21781709064960006 -0.1319377055075847 -0.05811946409159996
15 42 -0.9004426561172405 -0.36615984750104313 0.009545835936967142 0.03581832564871695 0.07902831460510695 0.11712885217626695 0.2706338230977652 0.11501719770681745 1.11135585450352 0.13779374444539944 0.584924133949221 0.7897614865300004 -0.13238322376420017 -0.0016993995348421026 0.1522799772370001
15 43 0.1255171954496458 0.219824316252692 0.327150720610774 0.1903170526974965 0.19817103433149647 0.2022201981961365 0.18966981411899314 0.02577851305221454 0.3437775027672079 0.02984513020919982 0.17786742266606734 0.2223549467048 -0.04712388980400009 -0.013567638448533969 0.021467549799600028
15 44 0.40458123476586005 0.576013582549682 0.7078234656546001 0.136363010791073 0.15003766548049302 0.159776602706653 0.24434008760518178 0.08463101542948001 0.9252863029477998 0.17453292519999997 0.4869927910251579 0.6831218692328012 -0.014049900478599955 0.04454263969972633 0.09276424974379999
15 45 -0.743310033302089 -0.7051728438166369 -0.7274449904014091 0.38523256315994403 0.40176519449951403 0.40229751992137397 0.18319432210196143 0.0816814089936001 0.23741713814956 -0.0036651914292001875 0.12495638849976842 0.16266468628639952 -0.09555677654699973 -0.04299021525978953 0.002879793265799513
15 46 -2.2757210167749253 -2.2214744382935128 -2.161598300309775 0.019327140525084465 0.031631711751684465 0.06673464633253447 0.18001894364111248 0.05544911033609236 0.23134339235260004 -0.017278759594798743 0.10140362954120001 0.21223203704319848 -0.056985000077800024 -0.023929382639263155 0.014224433403800018
15 47 -0.10053334050221804 -0.06534052146489092 -0.03927664708014805 -0.02042098250617914 0.09129754291435394 0.11894355826603395 0.19984988012232 0.3282091658386 0.17324138155352 -0.14398966328999996 -0.037102025520156574 0.1747074581252 -0.2527236756896001 -0.1727416662308421 -0.03717551306759999
15 48 0.1799404885183464 0.3132173208595703 0.4900418633676209 0.11500081100435905 0.12436886576446905 0.1817378382775345 0.20853991197759944 0.16187928812282548 0.3769736651401781 -0.2769837522924 0.03405229230086319 0.3158173281528906 -0.10323622525580001 -0.061068151933045 0.01047197551200009
15 49 -0.030822078258007 0.050305188698082995 0.128997721347633 -1.4907486914297947 -1.1145167912224148 -0.6530910069017846 0.28692685362818854 1.18541017466588 0.23720769863932 -0.16746434172939995 0.020594885173599996 0.15934856070760006 -0.9420414637670005 -0.6099007141396843 -0.30037116426919863
