2 0 0.7972050297361103 1.0378399622273244 1.3029421944155621 -0.1627185166327231 -0.13 -0.0375 0.21986968000971133 0.16 0.5407450093506712 -0.446766832415772 -0.2635500049214059 0.001013958388206282 -0.10565641209086103 -0.047355755911058395 0.05165708265660304
2 1 0.08000000000000007 0.11549443194596234 0.18000000000000016 -0.042499999999999996 -0.005 0.01 0.18393381090659602 0.08 0.2199999999999993 -0.2001686380258963 -0.11578947368421016 0.0 0.0 0.042105263157894736 0.1
2 2 -1.1500000000000008 -1.1449985293961036 -1.1399999999999992 0.02 0.02 0.02 0.15799065428071768 0.01 0.02995277689704201 0.0 0.010506148636607418 0.0 0.0 0.005263157894736842 0.0
2 3 -0.7975646035910987 -0.4339916118031578 -0.18750000000000033 0.03750367827366378 0.095 0.2525 0.3415381872606668 0.4 1.25 -0.3993258035331221 0.6578947368421053 1.5508776485252311 0.0 0.21052631578947367 0.5499876219700026
2 4 0.06000000000000005 0.07600000000000015 0.0900000000000003 -0.158342612208701 0.0013225564884982778 0.052500000000000005 0.1889759463585988 0.23628289797930135 0.04999999999999982 -0.09999999999999787 -0.026315789473684115 0.0 -0.34695373729395784 -0.12435941998910596 0.11489403885976261
2 5 2.397500000000001 2.517533656653441 2.6650251122907314 -0.29 -0.29 -0.28 0.20923330609617255 0.03995038588754091 0.5799503858875412 0.20000000000000462 0.30523704520396905 0.3502965864850216 -0.001011295588377592 -0.021026518888179423 0.0
2 6 -0.0900000000000003 0.04792157654526718 0.08606673641476134 0.1401759771705296 0.155 0.1625 0.23843412872089015 0.10538199491279124 0.8200000000000003 0.0 0.43157894736842123 0.7677666785587001 -0.08216015219646926 0.021052631578947364 0.10000000000000009
2 7 2.8200000000000007 2.8220048611506114 2.8200317591590878 0.1275 0.13 0.1325 0.15711547445821322 0.020000000000000018 0.009999999999999787 0.0 0.00526315789473673 3.2953000788094045e-05 0.0 -0.005263157894736847 0.0
2 8 -0.2324595211437422 -0.22354867255034572 -0.06999033717105328 0.017501278826889646 0.09517488079634671 0.3125 0.26376224506968177 0.31999999999999995 0.8799747038239404 0.09983518390006732 0.4631445809599686 0.7492159994126488 0.0 0.16842105263157894 0.2499004727544027
2 9 0.08905193380704915 0.14576728218218574 0.20401591179189157 -0.11750000000000001 -0.11 -0.07846117464054371 0.18991806885893567 0.19 0.20999999999999996 -0.17721333010681725 -0.10740243089136706 -0.02191962045526949 0.0 0.05263157894736842 0.19343941194594386
2 10 -0.07600634717944796 0.004699566269192298 0.08250000000000013 -0.05951269435889676 0.2023965872932622 0.22 0.22078042586160632 0.48 0.28038902476306904 -0.0019451238153440908 0.1275863675876225 0.1918559928773443 0.0 0.24736842105263154 0.41506431749181705
2 11 2.5675 2.7277161326450443 2.9942580544539017 -0.2975 -0.05101234902971845 0.4797163271073218 0.364905352646863 0.6699999999999999 1.3199999999999994 -1.0929330467746956 -0.3707525929550596 -0.1473102378512725 -0.8999999999999998 -0.3368421052631579 0.1369673210437529
2 12 0.10000000000000009 0.12305896668205767 0.1330744147739301 0.12 0.17125225306442676 0.2025 0.17318321807689738 0.12000000000000001 0.08000000000000007 -0.050000000000001155 0.010948716305847312 0.10485037064153623 -0.15 -0.05263157894736843 0.0433676033813038
2 13 0.11999441678686057 0.1400005070881923 0.1625000000000001 0.0675 0.08 0.09 0.16512573079933948 0.03 0.08000000000000007 0.0 0.03684210526315781 0.10000000000000009 -0.00014910344294287448 0.0 0.050000000000000044
2 14 1.18760059358036 1.2345162595594008 1.2799999999999998 -0.14250000000000002 -0.13 -0.11 0.18724824424869635 0.14 0.23002257636122336 -0.19976528940258587 0.05264250871411346 0.10089170914709622 -0.10026752394227227 -0.03157894736842106 0.04979810274745186
2 15 0.22999999999999998 0.3298708900122228 0.447079937221333 0.0201685236768815 0.034931873923916536 0.05 0.21120701495324437 0.07994738688179787 0.539973693440899 -0.3947484492884665 -0.2841966807583679 -0.1515011852001094 -0.049999999999999996 0.04207757204305151 0.10000000000000002
2 16 -0.11251810622317535 -0.09405958903484575 -0.08000000000000052 0.02 0.02 0.02 0.16507280915299977 0.019745888941849574 0.09999999999999964 -0.10085440772993164 -0.036842105263158044 5.1155512763301214e-05 0.0 0.0 0.0
2 17 0.12332490203802426 0.7738369620632012 1.259150921488739 0.0482377456809879 0.08305030716291302 0.11670039184790428 0.28614774065957754 0.21000000000000002 1.2326436071649167 0.09737477889469687 0.648759793244693 0.5803433587754014 -0.050000000000000044 -0.047368421052631574 0.06574815800937238
2 18 -1.6950000000000003 -1.4400004437682257 -1.1774999999999998 0.0 0.03 0.04 0.27730085601849974 0.09 1.3000000000000007 -0.8499999999999996 -0.6842105263157898 -0.549955623177385 -0.10000000000000002 -0.047368421052631574 0.0
2 19 0.002775843757376181 0.35769815116256265 0.7254195836647974 0.04527584375737602 0.28526325826585447 0.4125 0.2922513012763955 0.58868368309361 0.9200000000000008 0.19999999999999796 0.46842105263157946 0.7521669680530524 -0.14892549162750152 0.2044960985279991 0.35253076017942653
2 20 0.03000000000000025 0.16871889824777705 0.31998906803105664 -0.03 -0.02 -0.02 0.20396036277065635 0.03 0.5299999999999998 7.287979295750313e-05 0.27894736842105256 0.5999999999999983 0.0 -0.010526315789473682 0.0
2 21 -0.03999999999999959 0.1640298749265913 0.32772429643673706 0.034975584587668376 0.09999977203300858 0.1225290446033983 0.24313601111324457 0.1 0.8299999999999996 0.0 0.43684210526315775 0.7500105289426395 -0.14992347203121847 -0.05263157894736842 0.09974502499379014
2 22 0.020000000000000018 0.023499700983291294 0.03000000000000025 0.0275 0.04 0.06 0.16510036778879653 0.05 0.020000000000000018 0.0 0.005263157894736963 6.4735394143290714e-06 0.0 -0.015775806754242238 0.09980708375216449
2 23 1.8199999999999998 1.8909208565182776 1.9375000000000004 -0.21338360212224888 -0.185 -0.07754839778482482 0.1979248129032561 0.26 0.16999999999999993 -0.344219688845222 -0.08947368421052627 0.09155381403473717 -0.26396198262605686 -0.12631578947368421 0.09999999999999995
2 24 -0.06749999999999945 -0.05849999999999964 -0.03999999999999959 0.135 0.22 0.25 0.18718543309573699 0.30000000000000004 0.07000000000000028 0.0 0.026315789473684584 0.09999999999999787 0.0 0.13157894736842105 0.24999999999999994
2 25 -0.32000000000000073 -0.3000315898723275 -0.27 0.1475 0.22 0.28250000000000003 0.1887001491769671 0.14 0.0600000000000005 -0.10003262004176311 0.01051863813219922 0.15311483518162333 -0.3000259178805166 -0.05788705918483005 0.09999999999999995
2 26 -2.7075 -2.7124927726990213 -2.6575000000000006 -0.05500000000000001 0.019956822810590386 0.05244125734283171 0.20233659484840796 0.14 0.37999729559181583 0.0 0.1895192668576009 0.250000000000008 -0.20037290384262788 -0.06842105263157897 0.09994113194853171
2 27 1.547446361327612 1.6613421688306484 1.7923289449297712 0.0 0.01 0.01 0.20950391816359445 0.029801215778496593 0.5798591009834304 -0.4497762586715748 -0.3051890005175949 -0.1510173764292866 -0.09683707667519344 -0.010607886064141064 0.04823116128314285
2 28 -2.9825000000000004 -2.7567317774800393 -2.4650000000000003 -1.142532400975877 -1.0350228544576874 -0.8675 0.4065749989213832 0.5200457089153745 1.229954291084626 0.49991589656336544 -2.657918794165986 0.8751727765703743 -0.049771455423127664 0.2737082678501971 0.6998103266596417
2 29 1.839999999999999 2.1684049800636287 2.459941934806496 -0.03010144442834358 -0.01505073153055201 -0.01 0.26506984337896655 0.04 1.2000933436041519 -0.7026133026536119 -0.6316280755811325 -0.5005681818181884 -0.049837983516160395 0.005214029682025475 0.05003601576490092
2 30 -0.059999999999999165 -0.036497390355465995 -2.7177398666910117e-05 0.04 0.06 0.07250000000000001 0.16953864049720768 0.05 0.05003417419848111 -0.00035205365018802653 -0.00526315789473673 0.0 -0.04985705319343076 0.02631578947368421 0.10000000000000002
2 31 -0.059999999999999165 -0.057999999999999295 -0.059999999999999165 0.07 0.07006717876903851 0.08 0.15888489593898342 0.020000000000000004 0.030000000000001137 0.0 -0.01052631578947346 0.0 0.0 0.005306803594351911 0.0
2 32 0.05750000000000011 0.06000569202614816 0.060021335004326666 0.13 0.13 0.13 0.15797034525737388 0.00966980921317058 0.029999999999999805 0.0 0.015789473684210423 0.0001425025282701664 0.0 0.0 0.0
2 33 -0.13499999999999934 -0.10590245712766985 -0.069873460564242 -0.04 0.2306213708470525 0.2625 0.223146788772747 0.61 0.16000000000000014 -0.049999999999998934 0.06315789473684169 0.1499999999999968 0.02313094679813256 0.3210526315789474 0.6410289761794801
2 34 0.3616483708572231 0.6050670687872639 0.7661041374981942 0.07 0.08 0.086797074218226 0.23663624938028816 0.013211227402473949 0.8999999999999999 0.29984005865389435 0.47368421052631576 0.6999999999999984 -0.01605613701236977 0.0 0.01605613701236977
2 35 0.19500000000000017 0.5415016228040945 1.0525000000000002 -0.02000851677148869 -0.01 0.0225 0.2939602318495794 0.060000000000000005 1.4201064385839888 -1.1494389951205048 -0.7474244413599942 -0.34982612876266583 -0.1 -0.010526315789473682 0.09999999999999999
2 36 -0.0050000000000003375 0.000500442634938348 0.010000000000000231 0.1349833809336222 0.26 0.32 0.18817697829115632 0.33 0.04999999999999982 -0.0001450699611665017 0.026315789473684115 0.09999999999999787 -0.050000000000000044 0.1368421052631579 0.2502280156181964
2 37 0.0900000000000003 0.09300000000000022 0.10000000000000009 -0.07 -0.07 -0.06 0.1766210735725239 0.2 0.04999999999999982 -0.09999999999999787 -0.026315789473684115 0.0 0.0 0.10526315789473684 0.040425755188831375
