27 0 2.9275 -3.0149999999999997 -2.8575 0.09 0.12 0.1325 0.2509756501277943 0.09 0.9900000000000002 -0.9499999999999975 -0.38947368421052647 -0.10000000000000009 -0.15 -0.02105263157894737 0.10000000000000009
27 1 0.345 0.4170000000000001 0.44 0.16 0.17 0.1725 0.17929120045437955 0.03 0.23000000000000004 0.0 0.12105263157894738 0.24999999999999994 0.0 0.015789473684210527 0.049999999999999906
27 2 0.885 0.8795 0.89 0.02 0.03 0.05 0.16946463548216967 0.1 0.07000000000000006 0.0 0.036842105263157926 0.0 -0.09999999999999999 -0.03157894736842106 0.0
27 3 0.765 0.7944999999999999 0.8225 0.17750000000000002 0.21 0.23500000000000001 0.18193106414053314 0.12000000000000002 0.12 0.0 0.06315789473684211 0.10000000000000009 0.0 0.06315789473684212 0.1999999999999999
27 4 0.8474999999999999 0.9940000000000001 1.0875000000000001 0.03 0.055 0.1125 0.2100693253275996 0.11 0.5100000000000001 -0.49999999999999933 -0.26842105263157895 -0.10000000000000009 -0.10000000000000003 -0.05263157894736842 0.0
27 5 1.7075 1.9105000000000003 2.1175 -0.16749999999999998 -0.08 -0.03 0.2676663880887663 0.3 0.6699999999999999 -0.7500000000000007 -0.3526315789473684 0.30000000000000027 -0.2499999999999999 -1.0225738384705389e-17 0.2499999999999999
27 6 0.37250000000000005 0.6885 0.9225000000000001 -0.17 -0.125 -0.08750000000000001 0.2851038094851718 0.17 1.31 -0.8999999999999997 -0.6894736842105262 -0.3 0.0 0.08947368421052632 0.15
27 7 -1.12 -0.7090000000000002 -0.29000000000000004 0.23 0.235 0.26 0.2879588948841739 0.04999999999999999 1.4000000000000001 0.0 0.7368421052631581 0.8500000000000003 -0.09999999999999967 -0.0052631578947368324 0.10000000000000009
27 8 0.35000000000000003 0.51 0.6325000000000001 0.12 0.12 0.14 0.1963754635076473 0.04000000000000001 0.41999999999999993 -0.1999999999999999 -0.04736842105263156 0.19999999999999962 0.0 0.021052631578947375 0.0
27 9 0.31 0.626 0.9125000000000001 0.14 0.16 0.1625 0.23513139681122974 0.03 0.8400000000000001 -0.44999999999999984 0.18421052631578946 0.65 0.0 0.0 0.049999999999999906
27 10 -0.21 0.298 0.8150000000000001 0.27999999999999997 0.575 0.6725000000000001 0.33616186457868463 0.76 1.34 0.049999999999999906 0.7052631578947369 1.0500000000000003 -0.6000000000000003 -0.39999999999999997 -0.09999999999999953
27 11 1.8375000000000001 1.982 2.1125000000000003 0.0375 0.09 0.1625 0.20951899874234248 0.15000000000000002 0.33000000000000007 -0.6499999999999995 -0.05263157894736835 0.49999999999999933 -0.1999999999999999 -0.021052631578947354 0.0999999999999999
27 12 2.0900000000000003 2.225 2.32 0.2575 0.44 0.66 0.24915001825631866 0.63 0.4500000000000002 -0.3000000000000025 -0.236842105263158 -0.10000000000000231 0.2499999999999998 0.331578947368421 0.4500000000000001
27 13 0.5275000000000001 0.706 0.84 -0.3425 -0.29000000000000004 -0.1875 0.20371186660716464 0.21 0.33999999999999997 0.0 0.16315789473684206 0.34999999999999976 -0.19999999999999976 -0.08947368421052633 0.0
27 14 0.7550000000000001 0.7659999999999999 0.8 0.23 0.265 0.31 0.18311529068116358 0.07999999999999999 0.17999999999999994 0.0 0.08947368421052633 0.20000000000000018 -0.049999999999999906 0.03157894736842106 0.14999999999999986
27 15 0.7775 0.7995000000000001 0.82 -0.26 -0.25 -0.18250000000000002 0.18535452959552115 0.26 0.08999999999999997 0.0 0.03157894736842108 0.10000000000000009 -0.20000000000000004 -0.1368421052631579 0.0
27 16 0.9525 1.2354999999999998 1.4925 0.4175 0.625 0.7424999999999999 0.36583487362570494 0.9700000000000001 0.9199999999999999 -0.7499999999999996 -0.18421052631578952 0.5499999999999999 -0.2500000000000002 0.2894736842105263 0.65
27 17 1.065 1.1295000000000002 1.1925 0.15 0.18 0.21 0.18681767211651593 0.09 0.24 0.0 0.11052631578947367 0.20000000000000018 -0.09999999999999995 0.005263157894736847 0.10000000000000009
27 18 -2.485 -2.2685 -2.0700000000000003 -0.0225 0.005 0.02 0.23260309951722172 0.18 0.6899999999999997 -0.6000000000000005 -0.2736842105263157 -0.049999999999998934 -0.1 -0.09473684210526316 0.0
27 19 0.74 0.8014999999999999 0.87 -0.052500000000000005 -0.035 -0.02 0.19360374863077612 0.16 0.22999999999999998 0.0 0.09999999999999998 0.29999999999999916 -0.049999999999999975 0.08421052631578947 0.1
27 20 0.7275 0.8099999999999999 0.8975 0.0 0.015 0.1325 0.19840678323664243 0.17 0.33000000000000007 0.10000000000000009 0.17368421052631583 0.30000000000000027 0.0 0.08947368421052633 0.10000000000000009
27 21 -1.6675 -0.7809999999999999 0.0325 -0.5325 -0.505 -0.4 0.4316756785265121 0.45 2.62 1.3 1.3789473684210525 1.7499999999999993 0.0 0.23684210526315788 0.4499999999999999
27 22 0.68 0.6904999999999999 0.7 0.3 0.31 0.31 0.15711484441559498 0.010000000000000009 0.019999999999999907 0.0 0.010526315789473635 0.0 0.0 0.0 0.0
27 23 0.94 1.0785000000000002 1.155 -0.1125 -0.065 -0.05 0.22136917522009011 0.07 0.64 -0.6000000000000005 -0.3368421052631579 0.0 -0.10000000000000002 -0.0368421052631579 0.0
27 24 0.27 0.5199999999999999 0.7350000000000001 0.16 0.23 0.28750000000000003 0.2523424398555723 0.17 0.82 0.30000000000000016 0.431578947368421 0.5000000000000004 -0.15 -0.047368421052631574 0.050000000000000044
27 25 0.3075 0.5195 0.7024999999999999 -0.6475 0.055 0.16 0.321435709359406 1.13 0.52 0.050000000000000044 0.27368421052631575 0.6999999999999995 -0.8999999999999997 -0.5947368421052631 0.0
27 26 0.7175 1.3475000000000004 1.955 0.26 0.33999999999999997 0.38250000000000006 0.36782095825388456 0.29 1.71 -1.7999999999999998 0.16315789473684217 1.9999999999999996 -0.35000000000000003 0.021052631578947344 0.35000000000000003
27 27 1.7525000000000002 1.9765000000000001 2.2725 0.03 0.035 0.15000000000000002 0.29401005314617223 0.29 1.31 -1.4999999999999991 -0.6894736842105263 0.0 0.0 0.15263157894736842 0.30000000000000004
27 28 -0.42 -0.3215 -0.255 0.6174999999999999 0.74 0.75 0.22762764412349376 0.4 0.21 -0.1999999999999999 0.10526315789473684 0.44999999999999984 -0.3 -0.21052631578947367 0.0
27 29 0.145 0.35850000000000004 0.5325 -0.12000000000000001 0.065 0.14750000000000002 0.30158399123696716 0.77 0.51 -0.4000000000000001 0.17368421052631577 0.9499999999999997 -0.55 -0.4052631578947368 -0.20000000000000004
27 30 0.7525 0.8999999999999998 1.0550000000000002 0.23 0.245 0.26 0.21171503103574185 0.07999999999999999 0.45000000000000007 -0.10000000000000009 0.1789473684210526 0.5499999999999999 0.0 0.021052631578947358 0.15
27 31 0.16 0.9955 1.8275000000000001 -0.21500000000000002 0.1 0.175 0.3647611992372916 0.36 1.77 -0.15 0.8842105263157896 1.7500000000000004 -0.1999999999999999 0.1894736842105263 0.4500000000000002
27 32 0.7075 0.8714999999999999 0.7925000000000001 0.1275 0.255 0.4525 0.3022162684084547 0.61 1.06 -0.6499999999999995 -0.5578947368421051 0.0 -0.55 -0.3 0.049999999999999975
27 33 0.77 1.3655 1.9525000000000001 -0.0125 0.06 0.14 0.3005113310884824 0.15000000000000002 1.12 -1.3 -0.5894736842105264 0.0 -0.10000000000000002 0.02105263157894737 0.19999999999999998
27 34 0.75 0.756 0.77 -0.07 -0.055 -0.05 0.1624300701854031 0.049999999999999996 0.020000000000000018 0.0 0.0 0.0 -0.049999999999999975 0.0 0.0
27 35 0.5375000000000001 1.0875 1.885 0.0075 0.04 0.08249999999999999 0.325675029412958 0.13 1.54 -1.450000000000002 -0.8105263157894737 0.0 -0.20000000000000004 0.06315789473684211 0.30000000000000004
27 36 -0.22000000000000003 -0.2619999999999999 -0.085 0.0375 0.05 0.1925 0.29996952411862543 0.45999999999999996 1.21 0.0 0.631578947368421 0.6000000000000001 -0.34999999999999987 -0.2210526315789474 0.0
27 37 0.365 0.614 0.97 -0.22999999999999998 0.03 0.1725 0.3258606353198914 0.59 1.1700000000000002 -0.40000000000000036 0.4421052631578948 1.2 0.0 0.2894736842105263 0.55
27 38 0.92 1.4330000000000003 2.0549999999999997 0.075 0.29500000000000004 0.3225 0.28684627368250243 0.25 1.0899999999999999 -0.7500000000000018 -0.5736842105263157 0.049999999999998934 0.0 0.13157894736842105 0.19999999999999984
27 39 -0.025 0.06899999999999999 0.06 0.057499999999999996 0.07 0.15749999999999997 0.2407131648342731 0.36 0.63 0.0 0.3315789473684211 0.35 0.0 0.18947368421052632 0.35000000000000003
27 40 0.7775 0.8139999999999998 0.85 0.24 0.24 0.26 0.16863539291654833 0.020000000000000018 0.14 0.0 0.0736842105263158 0.10000000000000009 0.0 0.010526315789473694 0.0
27 41 1.3025 1.6495000000000002 2.0425 -0.0125 0.095 0.12 0.2787869203618808 0.19 1.22 -0.7999999999999996 -0.6421052631578947 -0.49999999999999933 0.0 0.09999999999999999 0.1999999999999999
27 42 0.9625 1.052 1.14 -0.04 0.01 0.03 0.19522916954034647 0.12000000000000001 0.32999999999999996 -0.10000000000000009 0.12631578947368427 0.30000000000000027 -0.2 -0.047368421052631574 0.0
27 43 0.875 0.897 0.985 -0.052500000000000005 0.025 0.19 0.2189398677431133 0.28 0.45000000000000007 0.09999999999999953 0.23684210526315794 0.2500000000000002 -0.25 -0.13157894736842105 0.0
27 44 2.6175 2.7199999999999998 2.85 -0.065 0.245 0.8200000000000001 0.3364925067954076 1.25 0.6600000000000001 -0.15000000000000124 0.16315789473684214 0.5000000000000004 -1.15 -0.6473684210526316 -0.3500000000000001
27 45 0.6425000000000001 0.7415000000000002 0.92 -0.6375000000000001 -0.48 -0.3375 0.2749999513164835 0.62 0.48000000000000004 -0.4999999999999999 -0.23684210526315788 0.19999999999999962 -0.6000000000000002 -0.16842105263157894 0.35000000000000003
27 46 0.7 0.7555 0.84 -0.51 -0.49 -0.21500000000000002 0.23220774879305447 0.56 0.31999999999999995 0.0 0.16315789473684209 0.30000000000000027 -0.4500000000000001 -0.2894736842105263 0.0
27 47 -0.20249999999999999 0.129 0.615 -0.315 -0.25 -0.19 0.33890538358554095 0.30999999999999994 1.79 0.3500000000000002 0.9421052631578949 1.5500000000000003 0.049999999999999906 0.16315789473684209 0.24999999999999994
27 48 0.0325 0.2805 0.3175 0.015 0.03 0.065 0.2894859345206704 0.13999999999999999 1.09 -0.2500000000000001 0.5736842105263158 1.2999999999999998 -0.04999999999999999 0.07368421052631578 0.20000000000000004
27 49 0.7975000000000001 0.8085000000000001 0.83 -0.1 -0.03 0.065 0.189650241389103 0.14 0.12 -0.09999999999999953 0.04736842105263156 0.14999999999999958 -0.20000000000000012 -0.01052631578947368 0.3
27 50 0.2775 0.36049999999999993 0.4725 -0.05 -0.035 -0.03 0.1821136273276807 0.020000000000000004 0.29000000000000004 -0.20000000000000018 0.015789473684210523 0.10000000000000009 0.0 0.010526315789473684 0.0
27 51 2.3725 2.3869999999999996 2.4325 0.02 0.05 0.07250000000000001 0.1861330601647125 0.12000000000000001 0.23999999999999977 0.0 0.11052631578947367 0.20000000000000018 -0.09999999999999996 -0.05789473684210527 0.0
27 52 0.02 0.11549999999999998 0.2025 0.12 0.125 0.14 0.19527744736094768 0.04000000000000001 0.42 -0.40000000000000024 -0.2157894736842105 0.0 -0.049999999999999906 -0.02105263157894737 0.0
27 53 2.2249999999999996 2.3259999999999996 2.42 0.057499999999999996 0.125 0.3025 0.20590262485293523 0.27 0.20999999999999996 -0.20000000000000018 -0.08421052631578956 0.09999999999999787 -0.10000000000000002 -0.005263157894736812 0.20000000000000012
27 54 0.955 0.96 0.99 -0.2725 -0.225 -0.17 0.18119310316848555 0.16000000000000003 0.14 0.0 0.057894736842105256 0.14999999999999958 -0.15 -0.026315789473684223 0.10000000000000009
27 55 1.8975 2.1827499999999995 2.4625 -0.14 -0.035 0.0625 0.3721486186052172 0.5700000000000001 1.9300000000000006 -1.299999999999999 -0.7894736842105261 -0.5000000000000004 0.19999999999999998 0.3 0.4000000000000001
27 56 0.41500000000000004 0.4595000000000001 0.49 0.17750000000000002 0.20500000000000002 0.24 0.19099938334212344 0.10999999999999999 0.30000000000000004 -0.35000000000000003 -0.0526315789473684 0.15000000000000013 -0.049999999999999906 0.031578947368421054 0.10000000000000009
27 57 0.5425 1.1480000000000001 1.6724999999999999 0.004999999999999999 0.03 0.08249999999999999 0.36319135867580826 0.43 1.92 -1.4999999999999996 -1.0105263157894737 -0.4999999999999999 0.0 0.16842105263157894 0.5000000000000001
27 58 0.7275 0.7369999999999999 0.75 0.2375 0.275 0.28250000000000003 0.18286173069901415 0.24 0.08000000000000007 0.0 0.04210526315789478 0.10000000000000009 0.0 0.1105263157894737 0.15000000000000013
27 59 0.52 0.5279999999999999 0.54 0.12 0.12 0.12 0.15887982473934034 0.01999999999999999 0.030000000000000027 0.0 0.010526315789473694 0.0 0.0 0.010526315789473679 0.0
27 60 2.5475 2.5519999999999996 2.57 -0.02 -0.02 -0.017499999999999998 0.16335566554424116 0.04 0.06000000000000005 -0.049999999999998934 -0.03157894736842108 0.0 0.0 0.01578947368421053 0.05
27 61 0.065 0.1015 0.14 -0.20750000000000002 0.21 0.23 0.21881552192786727 0.51 0.18000000000000002 0.0 0.07894736842105264 0.10000000000000009 -0.40000000000000013 -0.2578947368421053 0.0
27 62 0.59 0.6994999999999999 0.8975 0.1 0.11499999999999999 0.1625 0.21787471297010008 0.08 0.35 -0.4000000000000001 -0.14210526315789473 0.2500000000000002 0.0 0.042105263157894736 0.10000000000000009
27 63 0.1425 0.5199999999999999 0.935 0.225 0.27 0.3025 0.2771460830053958 0.35000000000000003 1.03 0.20000000000000018 0.5421052631578948 0.8000000000000005 -0.20000000000000018 -0.18421052631578946 -0.09999999999999995
27 64 1.1425 1.703 2.0324999999999998 -0.0225 0.01 0.1325 0.27904818856748753 0.21 1.16 -0.6500000000000006 -0.6052631578947368 -0.09999999999999898 0.0 0.1105263157894737 0.25
