33 0 -2.9672159090909163 -2.3168208874458895 -1.6275 -0.11852272727272843 0.11468614718614711 0.21 0.38876376149861686 0.41000000000000003 2.2814285714285734 -1.9435064935064583 -0.9885509227614527 -0.13095238095238382 -0.36904761904763106 -0.21578947368421056 -0.049999999999999906
33 1 -1.1454816017316019 -1.1207813852813855 -1.1 0.2351136363636369 0.24 0.25 0.16951060455980235 0.030476190476191017 0.13047619047619086 -0.050000000000008926 -0.021303258145364618 0.10000000000000009 -0.050000000000000044 -0.005513784461153172 0.015909090909087265
33 2 -1.5501785714285705 -1.519614718614718 -1.3375000000000001 0.1462662337662337 0.215 0.2425 0.2411179488260906 0.2504761904761911 0.7395238095238086 0.0 0.3892230576441098 0.17781385281384843 0.09999999999999988 0.1318295739348374 0.16190476190476769
33 3 -1.36 -1.2940465367965366 -1.2275 0.12 0.175 0.2804383116883119 0.1978097513027741 0.2500000000000017 0.18047619047619112 0.0 0.09498746867167954 0.20909090909090322 -0.18495670995670344 -0.13157894736842196 -0.09047619047618582
33 4 -1.1647619047619044 -0.6738614718614702 -0.36345238095237464 0.08071428571428445 0.22555194805194792 0.2803409090909091 0.37266955367354776 0.25 1.95 0.025000000000003908 1.0210526315789483 1.2409090909090892 -0.1431818181818184 0.010526315789474603 0.1686147186147019
33 5 -1.23 -1.221845238095238 -1.2075 0.06602272727272722 0.29476190476190445 0.33 0.19184727623494155 0.26952380952380894 0.10000000000000187 0.0 0.0526315789473694 0.10000000000000009 -0.15000000000000013 -0.11553884711779241 0.06590909090909251
33 6 -1.38 -1.3597824675324675 -1.3310227272727273 0.483214285714285 0.515 0.5425 0.1695550389459351 0.08000000000000007 0.05047619047619101 -0.09761904761904416 0.016040100250626837 0.10000000000000009 -0.10000000000000009 -0.036842105263157926 0.0
33 7 -1.2667857142857142 -1.2431190476190472 -1.2175 0.36 0.37 0.38 0.17656933479049372 0.10318181818181854 0.050000000000000044 -0.08095238095238377 0.015789473684211474 0.10000000000000009 -0.13495670995670367 -0.05263157894736756 0.050000000000005596
33 8 1.9225324675324673 2.110132034632035 2.4235227272727284 1.0778571428571422 1.1606818181818181 1.2042045454545456 0.30764242705962447 0.20999999999999996 1.4409523809523819 -0.05238095238094598 0.7110275689223082 1.280627705627695 -0.17727272727272592 0.01578947368421054 0.13409090909090704
33 9 -2.769166666666668 -2.206286796536798 -1.6644480519480527 -0.0125 0.060000000000000005 0.12 0.31536327878484516 0.2300000000000017 1.590952380952384 -1.304545454545445 -0.8373433583959914 -0.4690476190476289 -0.19999999999999996 -0.12105263157894827 -0.09318181818181853
33 10 0.7682142857142851 0.8301742424242423 0.9225000000000001 -0.01 -0.01 0.0 0.1784436049757646 0.02 0.25000000000000167 -0.2500000000000002 -0.13157894736842193 0.0 0.0 -0.010526315789472796 0.0
33 11 -1.36 -1.3498333333333334 -1.3403571428571421 0.37940476190476197 0.39 0.39 0.15888503758968456 0.010000000000000009 0.030000000000000027 0.0 -0.005263157894736847 0.0 0.0 -0.005263157894736847 0.0
33 12 -1.18 -1.176931818181818 -1.17 0.36 0.37 0.37 0.15888489593898336 0.020000000000000018 0.030000000000000027 -0.050000000000000044 -0.01578947368421054 0.0 0.0 0.010526315789473694 0.0
33 13 -2.357261904761906 -2.092591991341992 -1.886266233766234 0.07 0.08785714285714334 0.09329545454545438 0.2864279400631611 0.22000000000000003 1.2799999999999998 -0.7419913419913582 -0.6736842105263157 -0.4273809523809491 -0.16590909090908726 -0.10526315789473686 0.0
33 14 0.6174999999999999 0.6439036796536792 0.6970238095238097 -0.0925 -0.07 -0.0675 0.18739851705406757 0.09000000000000169 0.24000000000000837 -0.12142857142857177 -0.12631578947368863 0.0 0.0 0.04736842105263247 0.06190476190475261
33 15 -1.22 -1.2138809523809526 -1.21 0.51 0.51 0.51 0.15710977321595196 0.020000000000000018 0.010000000000000009 0.0 0.0 0.0 0.0 -0.005263157894736847 0.0
33 16 0.06821428571428499 0.2230865800865797 0.38 -0.2904383116883119 -0.1102705627705623 0.04477272727272702 0.2660652143988256 0.600476190476191 0.6709523809523837 -0.46904761904761616 -0.35313283208020196 -0.13538961038961486 0.1349567099567034 0.25814536340852073 0.4702380952381019
33 17 2.3742045454545453 2.619785714285715 2.9097727272727267 -0.23059523809523808 -0.22 -0.22 0.2371384656332104 0.18 0.7528571428571436 0.1857142857142846 0.35288220551378574 0.477597402597425 -0.13809523809523896 -0.09473684210526315 0.0
33 18 1.56 1.5700952380952384 1.58 -0.12 -0.11 -0.04285714285714244 0.16602426602837186 0.07999999999999999 0.030000000000001803 0.0 0.015789473684211474 0.09523809523809823 -0.09999999999999998 -0.042105263157894736 0.0
33 19 -1.4929383116883121 -1.367577922077922 -1.1885714285714282 0.12 0.13749999999999962 0.16000000000000042 0.22747089665642392 0.17047619047619103 0.6504761904761911 0.10952380952381269 0.3370927318295742 0.6674242424242427 -0.18333333333333882 -0.05814536340852071 0.09999999999999995
33 20 -1.26 -1.2482500000000003 -1.23 0.39 0.4 0.4048863636363639 0.16734395638575128 0.07999999999999996 0.050000000000000044 -0.024999999999996136 -0.010526315789473694 0.0 0.0 0.010526315789473665 0.06818181818182001
33 21 0.6346428571428558 0.9140313852813844 1.3107954545454548 -0.06147727272727157 -0.04 -0.005838744588744846 0.31895427685824423 0.20047619047619103 1.3695238095238125 -1.3488095238095452 -0.7208020050125329 -0.10000000000000009 -0.09761904761904475 0.031328320802004705 0.10000000000000002
33 22 -1.7469047619047622 -1.5934686147186143 -1.48 0.15547619047619018 0.21159090909090927 0.22 0.20837824976753203 0.1509523809523821 0.3490476190476197 0.0 0.18370927318295774 0.4214285714285704 -0.10000000000000009 -0.005764411027568618 0.10000000000000009
33 23 -1.1825 -1.0541277056277059 -0.9079761904761903 -0.35130952380952496 -0.011222943722943517 0.2525 0.2459699466860938 0.4222294372294365 0.23952380952380892 -0.17500000000000182 -0.12606516290726785 -0.0023809523809470434 0.0 0.2205513784461147 0.7086580086580055
33 24 -2.3262012987013017 -1.7556033549783532 -1.2114285714285726 0.1399188311688305 0.27 0.27625000000000066 0.37776694511946235 0.410476190476191 2.151904761904764 -0.08538961038960569 -2.1989974937343337 2.0990259740258956 0.006818181818189495 0.21604010025062687 0.42067099567100363
33 25 -1.138095238095238 -1.119754329004329 -1.0875000000000001 0.29 0.29 0.3 0.17659226476694237 0.019999999999999962 0.21999999999999997 -0.18409090909090375 -0.11578947368421051 0.0 0.0 -0.005263157894736818 0.0
33 26 -1.25 -1.2432748917748915 -1.24 0.13 0.15 0.1725 0.16424648696267025 0.06 0.030000000000000027 0.0 0.005263157894736847 0.08127705627706594 0.0 0.026315789473684206 0.09999999999999995
33 27 -1.25 -1.2416904761904761 -1.23 0.22904761904761922 0.2324999999999996 0.26238095238095227 0.17054441761883335 0.14095238095238205 0.030000000000000027 0.0 -0.010526315789473694 0.0 -0.10000000000000009 0.026817042606516867 0.0
33 28 -1.889285714285715 -1.7268235930735933 -1.5721428571428575 0.1 0.11 0.11857142857142791 0.20733471350500704 0.030000000000001692 0.4700000000000015 -0.3999999999999926 -0.24736842105263243 -0.06904761904761636 -0.06309523809524327 -0.01578947368421142 0.009523809523813917
33 29 -1.4621428571428585 -1.3674577922077926 -1.2624999999999988 0.18 0.195 0.22702380952380985 0.19954453711880515 0.05952380952380895 0.4304761904761911 -0.3464285714285664 0.021303258145362748 0.36428571428572254 -0.08495670995670335 -0.03132832080200471 0.0
33 30 -1.7 -1.6889090909090907 -1.68 0.3375 0.34 0.34761363636363574 0.1588915807021491 0.019999999999999962 0.020000000000000018 -0.00681818181819005 0.0 0.015909090909093093 0.0 -0.005263157894736818 0.0
33 31 -1.49 -1.4839772727272726 -1.48 0.57 0.57 0.5735714285714285 0.157109773215952 0.020000000000000018 0.010000000000000009 0.0 0.0 0.0 0.0 -0.010526315789473694 0.0
33 32 -1.4439285714285715 -1.0464826839826848 -0.83288961038961 0.19206168831168807 0.23250000000000043 0.2425 0.34616859377008724 0.24047619047619104 1.9538095238095283 -1.530303030303029 -0.891478696741857 0.0785714285714334 0.0 0.12130325814536373 0.13095238095238382
33 33 1.5569047619047618 1.7886655844155839 1.9858766233766239 -0.04349025974025953 -0.02472943722943772 0.04 0.25649421925022237 0.11 1.0414285714285765 -0.8090909090909282 -0.5481203007518824 -0.32380952380951067 -0.17619047619048628 -0.047368421052631574 0.06504329004329626
33 34 0.5814772727272728 0.7346590909090913 0.8667857142857167 0.03 0.05 0.05352272727272722 0.20303007037859191 0.049999999999999996 0.47047619047619094 -0.5380952380952619 0.005012531328322292 0.5187229437229429 -0.04318181818181853 -0.01578947368421053 0.09761904761904477
33 35 -0.9492857142857134 -0.1442803030303014 0.658452380952383 -0.15928571428571503 0.015 0.04079545454545436 0.3671598649913889 0.29000000000000004 1.9495238095238108 0.35313852813853297 1.0260651629072688 1.947727272727254 -0.3083333333333398 -0.15263157894736842 0.0
33 36 -2.79 -2.791353896103896 -2.79 -0.2 -0.2 -0.2 0.15788425604579204 0.01999999999999999 0.018636363636363562 0.0 0.00526315789473673 0.0 0.0 -0.005263157894736847 0.0
33 37 -1.21 -1.1967651515151514 -1.16 0.08741883116883234 0.10500000000000001 0.12238095238095308 0.17475258486750347 0.1 0.10952380952380913 -0.10000000000000009 -0.05764411027568902 0.0027056277056225486 0.0 0.05263157894736842 0.08809523809524732
33 38 -1.32 -1.316159090909091 -1.3175 0.3 0.3 0.3 0.15888835357510359 0.010000000000000009 0.030000000000000027 0.0 0.01578947368421054 0.015909090909093093 0.0 0.0 0.0
33 39 2.392775974025973 2.9983636363636377 -2.557142857142855 0.5075000000000001 0.5613636363636363 0.818587662337663 0.39262082643485424 0.49047619047619107 2.151428571428573 0.5142857142856982 -2.1939849624060157 1.557142857142848 0.02142857142856669 0.07919799498746716 0.32034632034632665
33 40 -1.25 -1.242840909090909 -1.24 0.2 0.2 0.21 0.15888835357510356 0.020000000000000018 0.020000000000000018 0.0 -0.005263157894736847 0.0 0.0 0.010526315789473694 0.0
33 41 2.615773809523809 2.811059523809524 2.9500811688311694 -0.0225 -0.006590909090909275 0.07964285714285757 0.2543175300894734 0.24047619047619107 0.8957142857142868 -0.6214285714285728 -0.2600820232399207 0.17142857142856682 -0.26980519480519943 -0.1213032581453637 -0.015909090909092743
33 42 -0.9607954545454542 -0.6808430735930727 -0.3154761904761869 -0.06571428571428573 -0.05 0.06543831168831193 0.26809542756546745 0.24 1.039523809523809 0.23409090909090682 0.5471177944862152 0.5202380952381167 -0.23333333333333905 -0.1105263157894737 0.0
33 43 -1.11 -1.1105 -1.11 0.25 0.25 0.25 0.1553397216925636 0 0.010000000000000009 0.0 0.0 0.0 0.0 0.0 0.0
33 44 -1.0475 -0.877902597402597 -0.7554761904761877 0.28773809523809385 0.42309523809523836 0.4425 0.26311451070612046 0.2800000000000017 0.9304761904761909 0.10000000000000009 0.4897243107769425 0.6335497835497703 -0.18365800865800447 -0.14736842105263245 0.015909090909087265
33 45 -1.32 -1.28895670995671 -1.2603571428571432 0.27 0.29 0.3371428571428576 0.1695427273569442 0.07 0.0695238095238091 -0.10000000000000009 -0.010275689223057397 0.09318181818181892 -0.09999999999999953 -0.026315789473684233 0.0
33 46 -1.8969318181818178 -1.7058290043290039 -1.5310714285714284 0.14 0.15 0.17095238095238055 0.20166096615153317 0.040476190476191026 0.27095238095238217 -0.4499999999999982 0.06265664160400934 0.4187229437229423 -0.049999999999999906 -0.016040100250626865 0.049999999999999906
33 47 -1.24 -1.1552142857142853 -1.058214285714285 0.12 0.14976190476190449 0.1725 0.19032888469259937 0.08000000000000002 0.3200000000000017 0.10000000000000009 0.16842105263157983 0.25508658008656426 -0.08333333333332416 -0.01578947368421053 0.0
