41 0 -1.3379545454545452 -1.2802792207792209 -1.2075 -0.4731818181818177 -0.40714285714285664 -0.3750000000000009 0.19278820489016443 0.13 0.18999999999999995 -0.13095238095238382 0.024401913875597512 0.09999999999999898 -0.08333333333333914 0.06842105263157894 0.08095238095238377
41 1 -0.9199134199134207 -0.7085454545454548 -0.538647186147186 -0.5265909090909102 -0.45238095238095266 -0.27319264069264076 0.28381722951020166 0.36 1.0971428571428572 -0.8703463203463389 -0.5702665755297329 -0.23809523809523503 -0.30649350649350815 -0.1631578947368421 0.0
41 2 2.316590909090909 3.028194805194804 -2.6597943722943724 -0.375 -0.32071428571428573 -0.25642857142857145 0.40994365315239906 0.33662337662337927 2.2542857142857144 -1.5538961038961108 -0.9594212804739123 -0.8376623376623371 -0.0064935064935078834 0.17717019822283117 0.29978354978354105
41 3 -2.355043290043291 -2.025720779220779 -1.7587662337662338 -0.23586580086580144 -0.08 -0.0375 0.3160745140415385 0.47 1.2442857142857144 -1.1415584415584512 -0.45823650034176305 0.18095238095238386 -0.4456709956709928 -0.2473684210526316 -0.03636363636363486
41 4 0.24603896103896017 0.9669740259740243 1.7679437229437234 -0.22 -0.20500000000000002 -0.11511904761904776 0.3735985897283938 0.21 2.230129870129872 -1.5716450216450295 -1.1737525632262484 -1.0292207792207941 -0.1818181818181825 -0.11052631578947367 -0.049999999999999906
41 5 -1.0221428571428568 -1.0083636363636368 -0.9737012987012984 -0.64 -0.435 -0.3419372294372296 0.21845181434904384 0.38 0.31714285714285706 -0.15952380952379608 0.11237183868762768 0.3690476190476166 -0.261904761904761 0.09999999999999999 0.15000000000000013
41 6 1.0195562770562765 1.3481666666666674 1.7033333333333334 -0.28159090909090956 -0.17 -0.15 0.30028301966099435 0.27 1.3857142857142857 0.35454545454547515 0.7187969924812029 1.1142857142857066 0.0 0.10526315789473684 0.2632034632034641
41 7 -1.1 -1.0858181818181818 -1.0790909090909089 -0.4225 -0.42 -0.41 0.16100397508289116 0.020000000000000018 0.040000000000000036 0.0 -0.00861244019138709 0.0 0.0 0.007177033492823422 0.0
41 8 -1.0 -1.0 -1.0 0.62 0.62 0.6224999999999999 0.15533972169256363 0.010000000000000009 0 0.0 0.0 0.0 0.0 0.0 0.0
41 9 -1.07 -1.0705000000000002 -1.07 -0.52 -0.515 -0.51 0.15740478180318324 0.010000000000000009 0.020000000000000018 0.0 0.005263157894736847 0.0 0.0 0.005263157894736847 0.0
41 10 -1.21 -1.2041363636363636 -1.2 -0.35 -0.35 -0.34 0.15799802610469169 0.019999999999999962 0.010000000000000009 0.0 -0.0033492822966502424 0.0 0.0 -0.005263157894736847 0.0
41 11 -1.1 -1.100655844155845 -1.0350000000000001 -0.4025 -0.2934199134199124 0.04336580086580144 0.2640869603326019 0.5171428571428571 0.5798701298701379 -0.2813852813852863 -0.3051948051948094 0.06666666666666154 -0.049999999999999975 0.25974025974025927 0.5831168831168889
41 12 -1.11 -1.0360952380952384 -0.9544047619047624 -0.41 -0.385 -0.34 0.18274764373979288 0.06999999999999995 0.1357142857142858 -0.13333333333333586 0.03602187286397723 0.23571428571428854 -0.09523809523808935 -0.031578947368421054 0.0
41 13 -0.13316017316017326 0.20855844155844205 0.6659415584415574 -0.14942640692640702 -0.08690476190476162 0.19336580086580143 0.3880238046506073 0.857272727272729 1.697142857142857 -0.6500000000000061 0.6367737525632254 1.7281385281385524 0.202380952380955 0.45119617224880476 0.7051948051948085
41 14 -1.370119047619048 -0.9228225108225097 -0.31376623376623114 0.2561363636363623 0.5616233766233754 0.8541666666666672 0.4094747840207614 1.0042857142857142 1.4300000000000002 0.050000000000000044 0.7526315789473685 0.9837662337662261 -0.5811688311688075 0.16015037593984965 0.9214285714285775
41 15 -1.1049134199134207 -0.8732142857142863 -0.5846428571428575 -0.1522619047619045 0.1382900432900438 0.2625 0.30473116968778263 0.7871428571428571 0.7964935064935074 -0.6380952380952409 -0.4192071086807933 -0.23354978354978795 0.18809523809523887 0.3879699248120301 0.5887445887445817
41 16 1.895714285714285 2.2075865800865806 2.311071428571429 -0.15607142857142856 -0.14 0.08354978354978515 0.2970596603093288 0.49 1.5366666666666733 -0.6489177489177322 -2.496491228070172 1.069480519480508 -0.09999999999999981 0.18564593301435317 0.5809523809523793
41 17 2.1399999999999997 2.1828701298701296 2.2426190476190477 -0.12678571428571375 -0.006709956709956208 0.03 0.19882185395085078 0.14 0.254285714285714 -0.21861471861471582 0.014217361585781662 0.23181818181818192 -0.05000000000000001 0.06842105263157895 0.16861471861471677
41 18 -1.2111363636363632 -1.1469329004329003 -1.0775000000000001 -0.32 -0.31 -0.28392857142857086 0.18220590679603657 0.06 0.22999999999999998 -0.21818181818181737 -0.08947368421052627 0.10000000000000009 -0.09285714285714286 -0.005263157894736847 0.0
41 19 -0.7860714285714285 -0.6284458874458869 -0.6126731601731588 -0.6425 -0.595 -0.535 0.24908300736094266 0.14 0.777272727272729 0.0 0.40909090909091006 0.5320346320346444 -0.1214285714285751 0.04401913875598132 0.23333333333332817
41 20 -1.36 -1.3570000000000004 -1.35 -0.22 -0.21 -0.21 0.15711484441559498 0.010000000000000009 0.020000000000000018 0.0 0.010526315789473694 0.0 0.0 -0.005263157894736847 0.0
41 21 -0.7823809523809522 -0.7742380952380952 -0.77 -0.51 -0.51 -0.51 0.1581633753132069 0.0019047619047610764 0.040000000000000036 0.0 0.01578947368421054 0.050000000000000044 0.0 0.0 0.0
41 22 -1.0025 -1.0003095238095239 -0.9990476190476192 -0.5 -0.5 -0.48545454545454525 0.16216337513758092 0.06714285714285717 0.020000000000000018 0.0 0.005263157894736847 0.0 -0.08636363636362665 -0.03533834586466167 0.0
41 23 -1.1324999999999998 -1.0499155844155839 -0.9713636363636367 -0.7072727272727266 -0.6635714285714286 -0.5190476190476196 0.19606794830297616 0.2076190476190482 0.15999999999999992 -0.10000000000000009 0.07368421052631574 0.1670995670995623 -0.2547619047619104 -0.015379357484620137 0.01818181818182274
41 24 -1.220595238095238 -1.2016190476190476 -1.18 -0.62 -0.62 -0.61 0.1615363509386066 0.017142857142857126 0.06000000000000005 -0.08809523809523934 -0.02105263157894739 0.0 0.0 -0.0037593984962405883 0.0
41 25 -1.6529437229437236 -1.53084632034632 -1.3575 -0.0125 0.015000000000000808 0.058636363636363306 0.23539541473397607 0.15 0.7479220779220788 0.10000000000000009 0.39364319890635724 0.7380952380952499 -0.12272727272726612 0.05263157894736842 0.2
41 26 -1.1796428571428568 -1.1457943722943715 -1.1275 -0.21893939393939418 -0.14 0.01422077922077913 0.23947425374440048 0.551904761904762 0.3481818181818226 -0.09999999999999898 0.18325358851674872 0.30194805194804997 -0.421428571428567 0.04914559125085303 0.5196969696969757
41 27 -1.15 -1.1489999999999996 -1.15 -0.43 -0.43 -0.43 0.15597188295091657 0.007142857142857173 0.010000000000000009 0.0 -0.005263157894736847 0.0 0.0 0.0037593984962406173 0.0
41 28 -2.0056601731601735 -1.5200887445887434 -0.9256818181818178 -0.17809523809523836 -0.12590909090909114 -0.1142965367965371 0.351028732055924 0.3136363636363645 1.865064935064936 0.6683982683982737 0.9816131237183875 1.414285714285709 -0.30238095238096185 -0.16507177033492867 0.0
41 29 -1.1949999999999998 -1.1296493506493506 -1.1301190476190477 -0.3325 -0.295 -0.27773809523809556 0.19648040441038947 0.10077922077922169 0.36857142857142866 -0.22272727272727666 -0.14736842105263154 0.10000000000000009 -0.10000000000000009 -0.05304169514695879 0.0
41 30 -2.06 -1.9291406926406924 -1.8455735930735928 1.3029545454545453 1.34 1.34 0.21679150791955742 0.15000000000000013 0.56 -0.5285714285714249 -0.27894736842105256 0.0 0.0 0.0789473684210527 0.13636363636363447
41 31 -1.23 -1.23 -1.23 -0.2 -0.19 -0.19 0.15533972169256358 0.010000000000000009 0 0.0 0.0 0.0 0.0 0.005263157894736847 0.0
41 32 -1.0308658008658016 -0.8995432900432903 -0.7793181818181817 -0.7024999999999999 -0.69 -0.6425000000000001 0.20964334950704758 0.15714285714285714 0.39 -0.2720779220779185 -0.20526315789473687 0.050000000000000044 0.021428571428575016 0.08270676691729323 0.12272727272726602
41 33 -1.2670454545454548 -1.1205367965367963 -0.9966341991341986 -0.315 -0.21090909090909113 -0.055573593073593 0.2260024376904768 0.41000000000000003 0.38363636363636455 0.17186147186146972 0.20191387559808663 0.2857142857142819 -0.2690476190476194 -0.2157894736842105 -0.11428571428571672
41 34 -0.814642857142856 -0.6981277056277055 -0.58 0.06410173160173123 0.6541991341991349 0.9001190476190475 0.3166992124344178 1.5042857142857142 0.20285714285714285 -0.01818181818182274 0.10485304169514648 0.34047619047618993 0.5190476190476223 0.6907723855092248 1.22272727272727
41 35 -1.5668073593073595 -1.491415584415584 -1.380952380952381 -0.5933658008658014 -0.07067099567099645 0.43385281385281405 0.32718540786927425 1.58 0.5371428571428571 0.1090909090909109 0.2544771018455224 0.41904761904761667 -1.0872294372294142 -0.831578947368421 -0.6569264069264047
41 36 2.517954545454545 2.778099567099567 3.0438636363636364 -0.5024999999999992 -0.48 -0.39626623376623415 0.24724292723198518 0.22000000000000003 0.8142857142857141 -0.10000000000000009 0.2070403280929584 0.8833333333333337 -0.2136363636363653 -0.011961722488037355 0.0
41 37 -2.990909090909091 -2.307950216450217 -1.6542207792207788 -0.2675 -0.1817099567099562 -0.019134199134198553 0.389237151545671 0.7809090909090936 1.8999999999999997 -1.7748917748917648 -0.9928229665071766 -0.10454545454545161 0.23333333333333622 0.4110047846889966 0.46926406926406705
41 38 -1.054426406926407 -1.0337835497835495 -0.9289285714285709 -0.5 -0.49642857142857166 -0.4851190476190477 0.22150813047335408 0.22714285714285715 0.5399999999999999 -0.10000000000000009 0.24210526315789468 0.4339826839826799 -0.19761904761904509 -0.10902255639097742 0.0
41 39 -1.07 -0.9301948051948056 -0.7875000000000001 -0.34 -0.30909090909090886 -0.12159090909090889 0.22121405510242043 0.28 0.4636363636363645 -0.4142857142857159 -0.24401913875598136 0.0 0.0 0.12966507177033448 0.24999999999999994
41 40 1.5278571428571426 1.6678160173160173 1.8361471861471856 -0.22 -0.21 -0.2 0.21508055146451632 0.06 0.4542857142857142 -0.6190476190476335 -0.0857826384142183 0.5036796536796506 -0.09285714285714286 -0.015789473684210527 0.0
41 41 1.1482142857142845 1.3773246753246746 1.6754545454545449 -0.2 -0.2 -0.19068181818181773 0.25569981042622003 0.027142857142857135 0.6514285714285715 -1.1980519480519791 -0.24039644565960586 0.6690476190476202 -0.049999999999991857 0.0037593984962405883 0.016666666666661084
41 42 -1.22 -1.2087207792207793 -1.195454545454545 -0.2325 -0.21 -0.20818181818181825 0.16419145416843345 0.04999999999999999 0.06000000000000005 -0.07207792207791774 -0.026315789473684233 0.0 -0.07445887445887367 -0.026315789473684206 0.0
41 43 -1.16 -1.1595238095238094 -1.16 -0.54 -0.54 -0.54 0.15618260337036755 0.010000000000000009 0.009523809523809046 0.0 0.0 0.0 0.0 0.005263157894736847 0.0
41 44 -1.2 -1.1985800865800864 -1.1976623376623379 -0.1125 -0.10818181818181825 -0.1 0.16161953968786708 0.01999999999999999 0.05714285714285716 0.0 0.016199589883800887 0.01818181818182274 0.0 -0.0019138755980865896 0.0
41 45 -0.3057792207792221 0.00022943722943603585 0.4159523809523804 -0.7456818181818177 -0.6509523809523813 -0.4777380952380955 0.3521770570690462 0.5700000000000001 1.4274025974026008 -1.287012987012981 -0.7512645249487373 -0.021428571428575016 -0.6658008658008518 -0.16985645933014262 0.22727272727271763
41 46 -1.15 -1.1256103896103895 -1.1276190476190477 -0.7725 -0.75 -0.73 0.17409270008934097 0.050000000000000044 0.1399999999999999 -0.1476190476190442 -0.06315789473684204 0.0 -0.050000000000000044 0.026315789473684233 0.10000000000000009
41 47 -0.92 -0.9199523809523811 -0.92 -0.48 -0.4738095238095239 -0.47 0.15887982473934037 0.019999999999999962 0.029999999999999916 0.0 0.010526315789473635 0.004761904761910185 0.0 -0.010526315789473665 0.0
