43 0 -2.83580308 -2.8130126460000002 -2.7889558500000002 0.29694195000000007 0.4189859 0.43792010000000015 0.19064522234615602 0.22460419999999992 0.18257215999999987 -0.16943440000000143 -0.09609061052631572 -0.02813439999999945 -0.18431799999999887 -0.1178161052631579 -0.015699999999998493
43 1 -2.68899866 -2.710651158 -2.6777260600000004 0.22234340000000002 0.38389640000000014 0.4232091999999999 0.23329645064621968 0.6166018 0.2696192399999999 -0.09847039999999918 -0.1419048631578947 0.03271880000000005 -0.40945600000000026 -0.3245272631578947 -0.04992600000000347
43 2 -2.63291041 -2.627348214 -2.5982432400000004 0.24499850000000006 0.3732518 0.37563820000000003 0.20819146219239804 0.38631420000000016 0.14353567999999983 -0.08038400000000001 -0.07554509473684201 0.06782399999999855 -0.45639900000000067 -0.2033232631578948 0.000628000000000295
43 3 1.7996124999999998 2.8194452500000002 -2.53455776 -0.49676370000000014 -0.4055624 -0.04717850000000001 0.21024298428564658 0.6288164000000003 3.0286556 -0.7168620000000003 -2.004414042105264 1.8467909999999987 -0.849527000000001 -0.1338135789473683 0.362513000000001
43 4 -1.7961742 -1.59188266 -1.395416 -0.02531625000000004 0.14629259999999988 0.19031540000000008 0.2789332906123982 0.4397255999999998 0.8653212000000001 -0.5064820000000003 -0.4554322105263159 -0.3158839999999996 -0.5551519999999988 -0.2314345263157894 0.0728479999999998
43 5 -2.57253763 -2.496101866 -2.5207747300000003 0.5076202499999999 0.5405667000000001 0.60940335 0.21672170777424524 0.21910920000000011 0.41488192 -0.04622079999999862 0.2183589052631579 0.22714759999999945 -0.1455390000000012 -0.11532063157894742 -0.06531199999999737
43 6 0.4297717999999998 0.48624784000000004 0.5457477000000004 -0.42809190000000014 -0.3225722 0.019114749999999903 0.2180799583416974 0.5408964000000003 0.14613559999999914 -0.17426999999999637 -0.005420631578947344 0.07661599999999824 0.05165300000000039 0.28258347368421066 0.47665200000000074
43 7 -2.64861512 -2.6415165220000003 -2.63732368 0.1994056999999999 0.21895220000000015 0.23880485 0.16299159435513688 0.03670659999999981 0.023556279999999763 -0.006782400000002742 0.012398042105263032 0.025371199999999483 -0.05840399999999968 -0.019319263157894638 0.027004000000000472
43 8 0.5783094999999999 0.63937936 0.7198450000000001 -0.0053301499999999224 0.051009300000000035 0.1805892500000002 0.18623768329456378 0.20482219999999973 0.1424932000000001 -0.020724000000003073 0.07370736842105266 0.04615799999999837 0.01240300000000083 0.10595021052631583 0.16689100000000012
43 9 0.09876870000000004 0.26079584 0.4252187999999998 -0.10740369999999999 -0.007645899999999983 0.19659540000000003 0.2541217072162199 0.4301485999999999 0.5993632000000004 -0.5407079999999964 -0.030309263157894832 0.6537479999999962 0.06374199999999997 0.22639399999999993 0.38543499999999953
43 10 0.6714261999999996 0.6972056 0.7326718999999999 0.05695174999999997 0.18604500000000013 0.2244628999999999 0.1929031502678121 0.23914239999999976 0.12283679999999952 -0.037994000000001193 0.06465094736842081 0.10267800000000049 -0.11994799999999972 0.02497126315789484 0.19342399999999982
43 11 -2.58708996 -2.5491044379999996 -2.4930972000000002 -0.2392837000000001 0.10760780000000003 0.17838340000000014 0.22995088492698404 0.4955862 0.12018664000000001 -0.25120000000000253 -0.059835178947368284 0.12459519999999724 -0.44556599999999946 -0.26083484210526314 0.08226799999999979
43 12 -2.6742406600000006 -2.68004966 -2.66271372 -0.2547403500000001 0.29079540000000015 0.32250940000000017 0.262618164697621 0.9797427999999998 0.18627736000000006 -0.05099359999999997 -0.09804071578947371 0.08038400000000001 -0.8456019999999997 -0.5156541052631578 -0.06829500000000155
43 13 0.7909346 0.79725228 0.8031492000000002 -0.16663979999999995 -0.16014000000000006 -0.11607795000000004 0.18922620698437254 0.35962420000000006 0.024303600000000092 -0.0037679999999995495 0.01279136842105268 0.025747999999998772 0.018055000000000154 0.18927589473684214 0.1769390000000004
43 14 2.9264486 -3.122394962 -2.87447218 -0.1988169500000001 -0.029437500000000005 0.15632490000000004 0.2984022494508695 0.8193516000000002 0.7995947200000009 0.13709240000000067 -2.949484631578947 0.5932088000000002 -0.5829410000000002 -0.43123768421052644 -0.2055130000000005
43 15 -2.51082093 -2.4850305400000003 -2.4626549000000004 0.008595749999999847 0.2930404999999999 0.3461850000000001 0.2265102834473026 0.6885706000000003 0.10509579999999996 -0.10236400000000145 0.0070269894736840754 0.0848114000000022 -0.5411790000000005 -0.3624055789473686 -0.06279999999999952
43 16 -0.5273473 0.22356800000000013 1.0659829000000003 0.0696138 0.11723190000000006 0.19787494999999994 0.4166246241308693 0.14274439999999977 2.7060519999999997 1.0726239999999976 1.424237894736842 1.8588800000000005 -0.08478000000000097 0.07512863157894725 0.147737
43 17 0.9934959999999999 1.0210966000000001 1.0514918 0.034265249999999914 0.03629839999999984 0.040678699999999846 0.1632097173206784 0.008258199999999993 0.0904948000000001 0.009105999999996506 0.04762884210526321 0.07410400000000372 0.00015700000000062886 0.004346421052631576 0.014444000000000123
43 18 1.0236243 1.4586430400000003 1.9189482 -0.20479079999999994 0.02212130000000001 0.07500675000000012 0.327776346578003 0.3852152 1.5080791999999992 -0.7338179999999994 0.202083789473684 1.5235279999999962 0.035168000000000976 0.20274484210526314 0.288565999999999
43 19 -3.07103461 -2.8892490199999994 -2.5644034600000003 -0.1421635 0.4501661000000001 0.5553560999999998 0.35900783534851277 0.9101290000000002 1.283004000000001 -0.13156600000000074 -2.8982100842105263 0.9739966000000022 -0.41416599999999804 -0.3800556842105265 -0.05165299999999817
43 20 0.7262348999999999 0.9755163600000001 1.1284532 -0.051268350000000074 0.19009559999999992 0.3278395499999998 0.235596207190742 0.43165580000000014 0.4856951999999999 -0.024492000000000402 0.25139831578947397 0.32781600000000743 0.04929800000000095 0.22718726315789486 0.3782130000000006
43 21 0.0881712 0.28320602000000006 0.45366720000000016 -0.5042055 -0.4035371 -0.051174149999999974 0.28076042685825786 0.6071818 0.5355583999999998 -0.6920560000000009 -0.10454547368421067 0.33598000000000017 -0.10361999999999982 0.31956936842105266 0.605078
43 22 2.6441626000000005 2.73384728 2.8546211 0.08273899999999995 0.16940299999999997 0.20994039999999997 0.2106526334423343 0.14619839999999962 0.4141659999999998 -0.19405199999999567 -0.0137829473684211 0.3300140000000029 -0.20488499999999799 -0.05779252631578933 0.05039700000000091
43 23 -2.83411533 -2.840449652 -2.76083715 -0.33360929999999994 0.23620649999999999 0.30355950000000004 0.2729197895472389 0.7561434 0.52485728 -0.2962275999999986 -0.015157936842105254 0.060350799999997484 -0.8624010000000004 -0.3773784210526316 -0.012717000000002088
43 24 -2.9142183 -2.6526475080000003 -2.3704488 0.10110800000000003 0.10782760000000013 0.12261699999999981 0.22612800764965924 0.10738800000000004 0.6970423200000004 0.1436549999999981 0.36141069473684223 0.5628449999999985 -0.10942900000000089 -0.05652000000000002 0.012560000000000349
43 25 -2.9909614700000002 -2.906909636 -2.8361343500000005 -0.24829550000000006 0.32555520000000004 0.36796874999999996 0.29084773355503035 1.1396944 0.1974369199999999 -0.3896740000000021 -0.03577286315789475 0.3133091999999982 -0.9542460000000019 -0.5998391578947369 -0.06955099999999881
43 26 2.6200631 2.7868661799999996 3.0238984999999996 0.07152920000000007 0.1312991 0.22202154999999996 0.2645639266436083 0.18607639999999992 0.6130536000000006 -1.0980579999999973 -0.20383557894736823 0.6763560000000046 -0.1993899999999993 -0.04133231578947364 0.06358500000000045
43 27 -2.52598556 -2.486869952 -2.4470334000000005 0.34749595000000005 0.35430190000000006 0.37680785 0.1708240867795955 0.05630019999999991 0.12873372000000005 0.011680800000000158 0.06068132631578945 0.11457859999999709 -0.05934600000000123 -0.02963168421052627 -0.0003140000000001475
43 28 0.44446700000000017 0.4393488 0.45913080000000006 -0.19736470000000006 -0.18932630000000006 -0.040529550000000136 0.18829189284042355 0.22535780000000027 0.11329119999999948 -0.04929800000000206 0.018773894736842277 0.04553000000000251 0.006907999999999914 0.118130105263158 0.25433999999999957
43 29 -1.7417737 -1.64312118 -1.5525102 0.01647714999999994 0.12806490000000004 0.1387252 0.21234806071749363 0.24287900000000007 0.39633079999999987 -0.36172800000000005 -0.2085951578947368 0.03359800000000024 -0.2829140000000008 -0.12783105263157898 0.015700000000000713
43 30 0.4993855999999999 0.57532964 0.6605775000000002 -0.285269 -0.1315503 -0.040600200000000086 0.21155133569711138 0.3961424 0.24988119999999991 -0.00125600000000059 0.12328631578947387 0.21257800000000326 0.11272599999999966 0.20849600000000001 0.296573
43 31 -2.56351641 -2.4656460640000004 -2.4598760000000004 0.16824119999999998 0.35061239999999994 0.36719944999999987 0.24921613618539173 0.48349719999999996 0.5940817200000001 0.0034226000000003864 0.31267458947368426 0.5274886000000012 -0.4417979999999988 -0.25447221052631575 -0.01978200000000152
43 32 2.9329798000000005 3.00658768 3.0927901 0.3002939 0.40666140000000006 0.4372999499999999 0.1943411549092134 0.2491589999999999 0.15555560000000046 -0.06625399999999892 0.02227747368421094 0.11712200000000283 -0.1763110000000001 -0.13113631578947363 -0.04788499999999862
43 33 0.8114074000000003 1.0372205000000003 1.3516130000000004 -0.2607299 -0.13903920000000003 0.23681880000000005 0.2633154503512516 0.5465169999999999 0.6901720000000005 -0.031714000000002684 0.3168755789473685 0.7680439999999988 -0.0003140000000001475 0.2595457894736843 0.3826090000000004
43 34 -2.6716187600000003 -2.6593043080000007 -2.65141757 -0.0024962999999999513 0.4440902 0.4578434 0.24125914340233437 0.8956535999999999 0.049568040000000035 -0.03884180000000015 -0.010061221052631677 0.02213700000000207 -0.9379179999999987 -0.47139663157894734 0.0
43 35 -2.4805372 -2.4500478 -2.4170778 -0.40153535 0.21801019999999993 0.29035580000000016 0.2632654072943933 1.0534700000000004 0.09250439999999971 -0.06154399999999782 0.013915157894736718 0.001884000000000885 -0.9046339999999992 -0.5544578947368421 0.0
43 36 2.6651378 2.777271282 -3.12191831 0.20779734999999988 0.3112368 0.3642086000000001 0.3482284056878122 0.19515100000000007 1.7125560000000002 -2.4278480000000036 -4.120526147368421 0.2620329999999993 -0.22356800000000066 -0.0843503157894738 0.025119999999998477
43 37 -2.98974472 -2.960316954 -2.79325608 -0.0652570500000001 0.13880369999999997 0.20698095 0.28153602162959546 0.4669179999999997 0.9505659199999998 -0.5519805999999994 -0.34988193684210595 -0.016202400000000505 -0.405530999999999 -0.18296284210526317 -0.08399499999999893
43 38 -2.82852299 -2.8698485299999996 -2.77366719 0.3129167 0.3190554 0.3273920999999999 0.2346036613852006 0.1359306 0.7319654 -0.21191860000000062 -0.17552600000000085 0.006185799999998132 -0.031713999999999354 0.07060042105263155 0.004082000000000807
43 39 -2.51224649 -2.5032952920000002 -2.487822 -0.13396809999999998 0.3542234000000001 0.38251479999999993 0.2519444854985126 0.9948775999999999 0.08668283999999993 -0.06553180000000047 -0.045622547368421015 0.019468000000000263 -1.0592789999999996 -0.5236197894736841 -0.008477999999999541
43 40 -2.52872678 -2.446150432 -2.4302972 -0.18209644999999997 0.19797699999999996 0.2822232000000001 0.25575732978583754 0.6104788000000001 0.4847469200000001 -0.26784199999999814 -0.17848421052631572 0.07579959999999941 -0.46911600000000053 -0.30967010526315797 -0.015228999999999937
43 41 0.8180013999999998 0.8254714599999999 0.8363860999999998 0.34203235000000004 0.34609080000000003 0.3482024500000002 0.1586559568155827 0.013816000000000273 0.033221199999999396 0.005652000000002655 0.01748484210526284 0.025748000000000992 -0.011460999999999277 0.0013716842105263173 0.005966000000000582
43 42 0.6065852000000003 0.6749681200000002 0.7305367 0.08138095000000012 0.1413628 0.1746232499999999 0.1991514151620796 0.3118647999999997 0.16585479999999952 0.02982999999999958 0.08603599999999986 0.15071999999999974 -0.05165300000000039 -0.08957263157894714 0.14302700000000224
43 43 0.43653849999999983 0.48480029999999996 0.5488249000000001 -0.07411185000000009 0.08616160000000006 0.23468359999999988 0.22342169935379935 0.5216481999999998 0.2356883999999999 -0.24931599999999943 -0.12404652631578943 0.04364599999999941 0.026532999999998585 0.19071368421052637 0.42688300000000123
43 44 -2.2738624 -2.21702212 -2.1832734 0.09688469999999993 0.10338449999999988 0.13280630000000015 0.1775110536404236 0.05834120000000009 0.11630560000000001 -0.02857400000000121 0.06121347368421053 0.16579199999999794 -0.0422329999999993 0.006594 0.06813799999999981
43 45 -2.5041390100000003 -2.4678946180000003 -2.4109391000000002 -0.3652369500000001 0.13732789999999984 0.20543450000000013 0.2492985429378757 0.6761362000000002 0.3293860000000004 -0.06060200000000293 0.1467867368421054 0.30954120000000085 -0.7086979999999998 -0.3139834736842107 0.08776299999999959
43 46 0.4525054000000003 0.67044338 0.9430048000000002 0.33589365000000015 0.3463577000000001 0.37254529999999986 0.20844186317609226 0.05787019999999976 0.5088055999999996 -0.007849999999998136 0.26610673684210534 0.5121339999999996 -0.06876600000000122 0.0036688421052631284 0.040034999999997156
43 47 -2.5178718 -2.431159758 -2.4695628999999997 -0.32400874999999996 0.015291799999999967 0.11917870000000003 0.2646808145330987 0.5454808000000002 0.6929037999999998 0.020786799999998884 0.3646862105263157 0.2285920000000008 -0.3573320000000002 -0.2668008421052632 -0.10393400000000108
