47 0 0.5878394 0.9046811 1.1533220000000002 0.07555624999999994 0.13985560000000008 0.35861940000000014 0.2645198961162198 0.42923800000000023 0.8329792 0.15386000000000344 0.4384101052631579 0.5027139999999997 -0.37805599999999884 -0.20421568421052647 0.03187099999999998
47 1 2.0014516999999996 2.408681754 2.7859336000000003 0.13243734999999995 0.15891540000000004 0.1804401000000001 0.3473897490614427 0.2552506000000001 1.8911340799999996 -1.1996998000000025 -0.8478594947368423 -0.6060200000000027 -0.12952500000000144 0.08805221052631566 0.15433099999999866
47 2 -0.43686820000000004 -0.30646399999999996 -0.15492759999999994 0.26648394999999997 0.26812459999999994 0.3147535999999999 0.2120746477652644 0.16365680000000027 0.4893375999999998 0.01475799999999916 0.2575461052631578 0.24397800000000025 -0.0020409999999992934 0.08613515789473698 0.16783299999999945
47 3 0.383551 0.4198179999999999 0.47737419999999975 0.20357405 0.24523400000000006 0.2714294499999999 0.19264327204106052 0.09190779999999976 0.28059040000000035 -0.24335000000000218 0.06118042105263168 0.32530400000000403 -0.08666399999999741 -0.023880526315789415 0.13345000000000162
47 4 0.8714284999999996 0.9844559399999999 1.1472147 0.06774550000000007 0.09046339999999997 0.26294360000000017 0.260951088202207 0.4435878 0.6313284000000001 -0.016955999999996862 -0.05569368421052618 0.46848800000000246 -0.3673800000000005 -0.12707084210526298 0.027632000000001877
47 5 -0.36391030000000013 -0.29731404 -0.22669230000000007 0.4276915500000002 0.4323937 0.45898165000000013 0.18016351394806687 0.03934420000000016 0.2233168000000001 -0.19970399999999833 -0.11029663157894741 -0.0015699999999996272 -0.05416499999999713 -0.014625789473684127 0.02229400000000159
47 6 -0.4433679999999999 -0.41841127999999994 -0.38052090000000005 0.04749249999999999 0.0547458999999999 0.05795655000000005 0.17672610712641085 0.052971800000000346 0.19059800000000005 -0.16453599999999957 -0.09244821052631585 -0.004081999999998587 -0.060130999999999935 -0.027879894736842287 0.020252999999997856
47 7 0.4087181 0.46532916 0.5972437000000002 0.26500815 0.28087300000000004 0.28307099999999985 0.21054408872641084 0.05931459999999977 0.5704123999999999 -0.6138699999999986 -0.3002170526315789 -0.019468000000002483 -0.052752000000001464 -0.03121821052631567 0.0010989999999999611
47 8 -0.14673219999999998 0.18952412000000002 0.3803481999999999 0.2985826000000002 0.38507389999999997 0.40355280000000004 0.2967347255098504 0.2129547999999999 1.3633880000000005 0.14883600000000108 0.7175726315789476 1.0123360000000003 -0.22890599999999872 -0.11208147368421047 0.02354999999999996
47 9 -0.223568 0.030238200000000014 0.03855920000000013 0.36661855 0.3795632 0.38092909999999996 0.2766709873155829 0.09036920000000004 1.2978876000000001 -1.065716000000001 -0.6740753684210528 0.02229400000000048 0.00031399999999903727 0.04690168421052637 0.07033600000000084
47 10 -0.5637399 -0.52813544 -0.5475688999999997 0.35400360000000003 0.37664300000000006 0.38084274999999995 0.19333124008500951 0.07400979999999979 0.35821119999999995 -0.009420000000002204 0.18853221052631577 0.07567399999999891 0.0 0.03895252631578936 0.04427400000000081
47 11 -0.3278788 -0.18144176000000006 -0.09721439999999992 0.17950595000000003 0.21587500000000015 0.30684865 0.21929360049265284 0.18924779999999997 0.4321267999999998 0.005651999999998214 0.22743515789473676 0.4659760000000013 0.0332840000000012 0.09960410526315788 0.1273270000000004
47 12 -0.34568260000000006 -0.33523582 -0.3069507 0.44023584999999976 0.4467749000000001 0.45062139999999995 0.17112829468564655 0.03212219999999988 0.15379720000000008 -0.028888000000000247 0.06693157894736843 0.16516399999999987 -0.006123000000000101 0.01626189473684203 0.03454000000000068
47 13 -0.4910646000000002 -0.48637971999999985 -0.4826807999999998 0.21577295000000013 0.2188894 0.22162119999999996 0.15700024302768473 0.011303999999999759 0.017458399999999763 0.0 0.007403789473684182 0.01727000000000478 0.0 0.005023999999999906 0.013187999999998423
47 14 0.2727560999999997 0.2870211199999999 0.30793979999999965 0.60119225 0.6056903 0.6104002999999999 0.17313341895571008 0.050082999999999434 0.15059440000000013 -0.10110800000000086 -0.07869831578947384 -0.03202800000000172 -0.030144000000000837 -0.026359473684210228 0.004553000000000473
47 15 0.2597250999999997 0.39094255999999994 0.531445 0.4611090000000001 0.47456390000000015 0.4903267000000002 0.2251270253047548 0.14246179999999997 0.6050779999999998 0.11618000000000128 0.28273221052631586 0.47005799999999764 -0.10974299999999881 -0.07497989473684209 0.04443100000000033
47 16 -0.9424866999999999 -0.80065918 -0.6095054 0.24640365000000014 0.3188042000000001 0.3550711999999999 0.20653988000985027 0.07517159999999978 0.3378011999999999 -0.1648499999999986 0.14873684210526292 0.38151000000000046 -0.12151800000000046 -0.039563999999999884 0.04992600000000014
47 17 -0.2620800999999999 -0.25629308 -0.2520949 0.07949695000000007 0.0820481999999999 0.0855963999999999 0.15779497268182496 0.010644600000000226 0.02499440000000064 -0.0009419999999993323 0.011105684210526623 0.03108600000000239 -0.005338000000000287 0.005238842105263223 0.015857000000001342
47 18 1.7873036999999998 1.88435168 2.0278120000000004 -0.16000655000000003 -0.14663800000000016 -0.12505049999999995 0.214887424778003 0.07269099999999984 0.5360608000000004 -0.008163999999997174 0.23404568421052604 0.5397659999999993 -0.1469520000000002 -0.0382584210526315 0.07928499999999894
47 19 0.9721439999999999 0.9722444800000002 0.9972953999999998 0.029845699999999975 0.043661700000000025 0.050946500000000006 0.17660026798309875 0.06842059999999983 0.18061280000000046 -0.05557800000000501 0.027632000000000358 0.0009419999999993323 -0.054007999999999834 -0.02179821052631557 0.031243000000000798
47 20 1.0604722 1.1027554400000001 1.1651440999999998 0.051857100000000156 0.05912620000000002 0.07281660000000001 0.1859041946830987 0.13737500000000002 0.2201139999999997 -0.1585700000000001 0.03437473684210551 0.0015699999999974068 0.00989099999999965 -0.03607694736842111 0.041605000000001224
47 21 -0.31519319999999995 -0.08742702 0.11451579999999983 0.08353185000000007 0.13729650000000004 0.13993410000000023 0.26096147473214326 0.15822460000000005 1.0414123999999996 0.0012560000000028104 0.5481117894736839 1.129458000000001 -0.16437900000000005 -0.07658294736842103 0.010047999999999169
47 22 -0.20588980000000012 -0.19817795999999993 -0.19279599999999997 0.6786795999999999 0.6872361 0.6963735 0.16031116356972291 0.03626700000000005 0.029892800000000275 -0.0006279999999980745 0.015733052631579092 0.0320279999999995 -0.028103000000001543 -0.017782315789473622 0.0014130000000012188
47 23 0.3091957999999999 1.16189106 1.9171112999999997 -0.1159445 -0.053128799999999976 0.13045129999999994 0.4398993278684491 0.6688828 2.6023064 0.34634199999999726 1.3696349473684208 1.9320420000000005 -0.7265959999999994 -0.2909457894736842 0.10628900000000052
47 24 1.7513821000000003 1.85766168 1.8884116999999998 0.01919324999999994 0.032750200000000174 0.0407807500000002 0.21942956160348073 0.028888000000000025 0.6806263999999995 -0.7353879999999968 -0.22621221052631593 0.15009199999999723 -0.042704000000000075 0.015204210526315803 0.04914100000000032
47 25 -0.1969879000000001 -0.17995026 -0.16758180000000011 0.3486656 0.35017280000000006 0.35283395000000006 0.16018376234870393 0.016924600000000067 0.040380400000000094 0.0028259999999979968 0.019666315789473688 0.03202800000000172 -0.0010989999999999611 0.008808526315789579 0.015699999999999603
47 26 -0.27550359999999996 -0.2707056800000001 -0.26812460000000016 0.2179316999999999 0.21948599999999985 0.2210245999999998 0.15663259686908593 0.004741399999999674 0.016579199999999794 -0.027631999999999657 -0.008725894736841997 0.0 -0.0017269999999991459 -4.957894736838591e-05 0.0009420000000015527
47 27 2.1014293 2.12481916 2.1483095 0.21849690000000016 0.21995699999999996 0.22225704999999996 0.1623254518308694 0.009357200000000399 0.07937919999999998 -0.06280000000000285 -0.04177852631578947 -0.020410000000001816 -0.011775000000000535 -0.002859052631578946 0.0012559999999994798
47 28 0.2892724999999998 0.7198104599999999 1.0696409999999998 0.0440856 0.08964700000000003 0.21683269999999993 0.34506659144233426 0.2886601999999998 1.7972731999999998 0.5978559999999988 0.9459332631578947 1.2899119999999997 -0.24790300000000043 -0.03729989473684204 -0.0003140000000012577
47 29 0.19753739999999975 0.20160998000000002 0.20535599999999965 0.4581652500000001 0.48396820000000007 0.5064819999999999 0.16099840674997765 0.05111920000000003 0.00916880000000031 -0.0043959999999998445 0.0037680000000001337 0.016642000000000046 0.0 0.026904842105263175 0.05212400000000006
47 30 -0.33685920000000014 -0.33656404000000006 -0.3362469000000001 -0.220742 -0.22023959999999998 -0.21839485000000003 0.15599429794488218 0.011712200000000061 0.00427040000000023 -0.0031399999999992545 -0.0007932631578948758 0.0006279999999980745 -0.021980000000000333 -0.004412526315789501 0.011617999999999906
47 31 -0.29607059999999996 -0.2785023000000001 -0.26041590000000026 0.32413435 0.3287580000000001 0.33387619999999996 0.1646748523652643 0.06323959999999973 0.04308079999999981 -0.010361999999999316 0.022674105263157794 0.056206000000000866 0.006907999999999914 0.033283999999999855 0.04458799999999985
47 32 -0.006279999999999841 -0.005337999999999998 -0.005290899999999987 0.29220055 0.29360569999999997 0.2936213999999999 0.15557244394934078 0.0028887999999998026 0.006342800000000093 -0.005023999999997919 0.000760210526315796 0.005023999999997919 -0.008321000000000023 0.000793263157894642 0.014129999999999976
47 33 0.6657584999999998 1.16483952 1.7505657000000001 0.1272013999999999 0.15312209999999982 0.19088845000000004 0.370881959678003 0.1945543999999999 2.241018 0.894585999999995 1.1794831578947367 1.3323019999999985 -0.16296600000000105 -0.07311242105263145 0.052594999999998615
47 34 -0.30737460000000005 -0.3049411000000001 -0.3005765 0.24969279999999983 0.2514041 0.25255020000000017 0.1575422161206783 0.008415200000000178 0.025496799999999542 -0.009419999999999984 0.012692210526315674 0.03077199999999891 -0.014443999999999013 -0.0014047368421052802 0.00863500000000128
47 35 -0.3025703999999999 -0.27956990000000004 -0.2795228000000002 0.2762964500000001 0.2846096 0.28741205 0.17273196594870385 0.09376040000000008 0.11391919999999978 -0.024177999999999145 -0.04290231578947373 0.032970000000001054 -0.03453999999999957 -0.039762315789473895 0.023236000000000923
47 36 1.0688403 1.2521597800000002 1.6348253000000001 -0.54665045 -0.1097901 -0.03433590000000003 0.34290351354424514 0.5363120000000001 1.4429556000000003 -1.2277400000000016 -0.759450315789474 -0.021665999999997965 -0.486857 -0.26680084210526317 0.03579600000000016
47 37 -0.07790339999999984 -0.06520524000000001 -0.032624600000000115 0.3516721500000001 0.36646939999999995 0.3686595500000001 0.17389326147290762 0.03623559999999992 0.18356439999999985 -0.02354999999999885 0.08626736842105248 0.1522900000000016 -0.0003140000000001475 0.018707789473684115 0.03720899999999805
47 38 3.13874086 -2.7576142540000004 -2.2919488 0.6892143000000002 0.7409301000000001 0.7819071 0.3485585006562197 0.532073 1.6027188000000008 0.013187999999999533 -2.953966568421053 1.1445300000000014 -0.3366080000000027 -0.2800384210526316 0.008791999999997469
47 39 -0.5089626000000002 -0.48606258000000013 -0.4579219000000001 0.2517652000000002 0.31913389999999997 0.335823 0.17343623220220697 0.11564619999999959 0.04879560000000005 -0.038936000000000526 0.025681894736842133 0.06970799999999944 -0.11570899999999829 -0.06086642105263136 -0.023078999999999184
47 40 -0.11630560000000012 -0.11456604000000001 -0.10833000000000004 0.14312120000000017 0.15321629999999997 0.1600144 0.1594349447888312 0.024115200000000003 0.032153600000000004 -0.0006280000000025154 0.016922947368421055 0.027946000000000915 0.0 0.00732115789473695 0.016956000000000193
47 41 1.2094966 1.23096478 1.3081554 -0.011021399999999959 -0.003563899999999953 0.020158800000000032 0.19866068940220696 0.14484819999999998 0.3555736000000005 0.07912800000000164 0.17911221052631565 0.17772400000000577 -0.12497199999999986 -0.0762358947368421 0.012088999999999572
47 42 1.3586779999999994 1.6513448399999997 1.9518239999999993 -0.08656194999999994 -0.0819069 -0.053427100000000005 0.3012107493945636 0.13071819999999978 1.5272332000000004 -0.979994000000004 -0.8038069473684213 -0.6700759999999972 0.006593999999999767 0.06879905263157883 0.09796799999999939
47 43 -0.1724017 0.15387884 0.41058640000000013 0.24342064999999996 0.32519409999999993 0.34181254999999994 0.27076436341558274 0.18796040000000014 1.1312792000000003 -0.7485759999999986 -0.595410105263158 -0.41008400000000167 0.03705199999999964 0.09892652631578955 0.15841299999999836
47 44 -0.36067609999999994 -0.35937928 -0.3575832000000001 -0.022356799999999954 -0.02116359999999995 -0.020362899999999906 0.15668402620602864 0.015417400000000026 0.006091599999999975 -0.0006280000000025154 0.0001652631578946976 0.00031399999999903727 -0.016327999999999898 -0.008114421052631592 0.0028260000000002172
47 45 -0.5154624000000001 -0.4424825200000001 -0.35080080000000025 0.03424170000000004 0.07693000000000005 0.08720564999999986 0.18815533314297145 0.15351460000000006 0.2272104000000006 -0.21226399999999757 -0.09416694736842122 0.03862199999999927 -0.03972099999999812 0.05630515789473694 0.08666400000000074
47 46 -1.7759526 -1.2375839000000002 -0.6639843999999998 0.06717245000000005 0.318553 0.34280950000000004 0.32584939132067836 0.39843459999999986 0.7112099999999997 -0.44462400000000013 0.3402768421052633 0.8813979999999999 -0.07222000000000062 0.17342715789473673 0.4213879999999981
47 47 0.6982732000000001 0.7813952800000001 0.8587271999999997 0.061018049999999935 0.08131029999999995 0.14174744999999989 0.18805616527545532 0.12198900000000013 0.2591756000000003 0.007535999999999099 0.12731873684210523 0.23392999999999775 -0.0985960000000008 -0.06420473684210533 -0.02245099999999889
