5 0 1.355223799186795 1.60663336476803 1.8634133364927112 -0.09796322472542693 -0.07191421210222179 -0.05905600268276319 0.2649424437967446 0.15366411948593287 0.7660346120606123 -0.041718058600199726 0.4031761116108486 0.8798609618828757 -0.11278548862000415 0.07053264390211422 0.20096901613795015
5 1 2.7425000000000006 2.8168446776040668 2.9121464985242835 0.0075 0.059542672028596734 0.07226645930533954 0.21412772621967888 0.15000000000000002 0.3100000000000005 -0.21035533519265348 -0.042105263157894306 0.10239921562113175 -0.1046708138932094 -0.07368421052631581 0.054713353009561566
5 2 -3.0800000000000005 -2.95134231367315 -2.8317323055700094 -0.19 -0.18790101943016402 -0.16643531258061736 0.19892564927846482 0.06 0.4299999999999997 -0.3985155197619705 -0.22407833474010916 -0.057846996054098376 0.0 0.03157894736842105 0.09999999999999995
5 3 1.2600000000000002 1.266736833048628 1.27 0.017499999999999998 0.08499999999999999 0.11 0.17185136410694116 0.13 0.03999999999999915 -0.049999999999998934 0.007986979104126607 0.05868942933449306 -0.09999999999999998 0.010526315789473682 0.054501025290985064
5 4 0.8824147313641754 0.9628993884744409 1.06 0.09152062585547767 0.10742008215019191 0.14373403464263818 0.22574536628693945 0.08496626005709979 0.6697855042781937 -0.6474924811135063 -0.35251868646220724 -0.07513368983956603 -0.12447540593001641 -0.026315789473684216 0.047781536824729465
5 5 -1.2183202850547028 -1.1882400170887142 -1.1529800814623492 0.02 0.03 0.03 0.16566157537143025 0.016026558050202006 0.10000000000000142 0.0 0.0 0.08846554417635155 -0.030132790251010035 0.0 0.030132790251010035
5 6 3.0904645112127165 3.096518666845445 -3.1199999999999997 0.05923674308715437 0.061643137254902086 0.14304890331244408 0.19977348618741214 0.14 0.3532862745098031 -0.06643137254901843 -3.1263157894736846 0.37575750049593903 0.0 0.0736842105263158 0.1482897193465424
5 7 0.6875 0.8082424139804172 0.9403167470256015 -0.0325 -0.02 -0.014661491803047225 0.2034317650679987 0.04 0.5126496619489477 -0.39108213750959964 -0.2698156115520777 -0.19510165748258257 -0.05488123917315502 -0.021052631578947368 0.0
5 8 -0.7725 -0.632417427867427 -0.5025 -0.6124195515695052 -0.3536546540632806 -0.22 0.24361289479343753 0.6203479166261333 0.396106312975528 -0.2774602351313893 -0.10709267550899737 0.17526816143497853 -0.37045646076345207 0.1636973951199926 0.35550101216477104
5 9 0.7917933105520424 0.9817954876094589 1.164415161989655 -0.19834693340352785 -0.16714857289571677 -0.1475 0.2141817369451574 0.06000000000000001 0.5443993492593551 0.07152151615996638 0.2865259732943974 0.4785776839670419 -0.04248045831381775 -0.021052631578947354 0.07829976661768018
5 10 1.6700000000000004 1.6563601692843501 1.7240964909050738 -0.11 -0.09372503098153681 -0.08750000000000001 0.21141496249846586 0.06 0.5704178872038328 -0.23039201237933793 -0.30021994063359625 0.0 -0.07376110492685689 -0.005263157894736839 0.04021436472517376
5 11 2.2375000000000007 2.326584477617383 2.317810829559436 0.43395144045432255 0.48 0.51 0.23605006133568107 0.16000000000000003 0.3921760613262215 -0.12728176355562448 0.12952074068998765 0.2512841969115698 -0.22108975489332217 -0.052631578947368446 0.1789039702891465
5 12 0.1200000000000001 0.13713996607369155 0.1499999999999999 0.01 0.03819842190763584 0.05 0.16506348184535055 0.039999999999999994 0.05949893786196778 0.0 0.012418086102296734 0.0 -0.07111240778560593 -0.010526315789473684 0.0
5 13 -0.9942716785174217 -0.8221893637483179 -0.6746548062041035 -0.39432408065427793 -0.37760499769235834 -0.35868606233611033 0.22931614607010986 0.2157030626257471 0.6263967980545151 -0.4304050396440118 -0.2962583221698732 0.04240219232279019 0.0025366246932373437 0.11352792769776163 0.1212925642807447
5 14 -1.103733490727432 -0.7287599419324544 -0.19975595516113923 -0.18 -0.16 -0.12064123969529483 0.3851270032224507 0.09714031526929406 2.3863824810831495 0.09999999999999787 1.2559907795174472 2.526828040383224 -0.08149941435759339 0.05112648172068109 0.10000000000000009
5 15 0.5665173420890336 1.0785543668383821 1.426035153487057 -1.3405175767435282 -1.2226261050442002 -1.0993834344876832 0.49968022801529216 0.45228407546168925 2.6334056638470096 -1.7103720817120205 -1.3860029809721102 -0.8159122006195287 -0.17606936835613318 0.13273584844789307 0.30717061944184887
5 16 1.3900000000000001 1.5048794681604458 1.5792431384248262 0.2 0.22 0.23 0.2261761507519684 0.03 0.6100000000000003 -0.09999999999999787 0.32105263157894753 0.7217124105011585 -0.09638126491647317 -0.010526315789473679 0.09638126491647317
5 17 2.9475 2.9806762215557643 3.0125 -0.1260121218641055 -0.10500000000000001 0.03635727286515955 0.18803424377334768 0.27275749963056095 0.1067681917211325 0.0 0.026315789473684115 0.09999999999999787 -0.21029927589739117 -0.1303631131135143 -0.030737152195053213
5 18 -1.1647745931153684 -0.9650507323720131 -0.8041275886237598 -0.19178949893157748 -0.17 -0.15 0.21682555731358277 0.09294209632740644 0.575974887147897 0.17864513942788152 0.30314467744626156 0.44896347769661116 0.0 0.048916892803898125 0.10000000000000009
5 19 -0.4594505058694964 -0.39095934795536424 -0.3221257690279489 -0.09 -0.084067355840694 -0.08 0.1833739720548718 0.009999999999999995 0.3161058767459778 -0.19521271267741613 -0.16637151407683037 -0.13730689861847195 0.0 0.005263157894736839 0.01981091463010301
5 20 2.8192726379710673 3.071116948917588 -2.8935610669276244 0.17250000000000001 0.23 0.25342915645624947 0.24008319935634576 0.18677646651969276 0.6600000000000001 -0.5242553327781696 -0.17847447209535738 0.13545275942133506 -0.2168726447620798 -0.09830340343141726 0.049028503077522545
5 21 -0.9331697347358793 -0.6748150976389675 -0.5231095069332723 -0.7225 -0.6837210386896985 -0.6254907957923624 0.2782269055463914 0.2638536768854659 1.039235784590311 -0.7992431252081855 -0.5469662024159533 -0.18989629911521366 -0.10000000000000009 0.13887035625550836 0.24374751968586073
5 22 0.5 0.6841061204962908 0.888767027009685 0.03871878724899886 0.055 0.06516289378912807 0.2175757555103903 0.04088706299339522 0.6349939202734236 0.049999999999998934 0.14626179806645354 0.5239281291469494 -0.05000000000000001 -0.021519506838629063 0.049999999999999975
5 23 2.0900000000000003 2.1625 2.225 0.09 0.1 0.10250000000000001 0.19766882226459478 0.18 0.28999999999999915 -0.2999999999999936 -0.15263157894736798 0.0 0.0 -0.09473684210526315 0.0
5 24 -0.11822127584137672 -0.029597413908809784 0.057960716604687226 -0.11719446892904468 -0.09141698409141824 -0.054448567213555454 0.20902073337428392 0.1718880639293916 0.42433580821182526 -0.44999999999999707 -0.07070305695359225 0.22050520557297082 -0.19999999999999993 -0.09046740206810085 0.01467483674747
5 25 0.8809265825424965 0.9576391743961425 1.0606065521174983 -0.14085467062355486 -0.12177328448640279 -0.11 0.20282531987756736 0.03597687201084998 0.4879306160325496 -0.1848262573351256 0.17062776510903643 0.3978664638333451 -0.03748812000568251 -0.0189351957951842 0.0
5 26 0.43921070114472605 0.7278154426391793 1.0296487208034526 0.029210701144726056 0.065 0.09 0.23212712422226678 0.08 0.7999999999999998 -0.6374321441851916 -0.4210526315789473 -0.17720987502603203 -0.0842140228945211 -0.042105263157894736 0.0
5 27 -1.765934307556999 -1.4081343567865994 -1.0859765252621547 -0.27 -0.25 -0.24 0.24138701745725463 0.04000000000000001 0.9292690863757376 -0.6493689779178735 -0.48908899282933554 -0.22995573532719804 0.0 0.010526315789473694 0.048760409584716335
5 28 1.72449255936098 2.0235293315532985 2.4100000000000006 0.04 0.06 0.07 0.2223647743360056 0.04000000000000001 0.7100000000000009 -0.349999999999997 -0.3600052215010672 0.017150408343065138 0.0 0.021052631578947368 0.008575204171532638
5 29 -0.26499999999999924 -0.17658269836726545 -0.007375453886169419 -0.12065191173115154 -0.12 -0.10915132815169107 0.22262368596408771 0.04260764692460618 0.6999999999999997 -0.0007417499899796745 0.3684210526315788 0.5562327506899737 0.0 0.022425077328740096 0.09999999999999995
5 30 -0.3910627534976982 -0.350433880686326 -0.3250000000000002 0.06 0.07 0.07 0.1701491220542518 0.010000000000000009 0.16685022775171596 -0.1700855229536198 -0.0878159093430084 0.0 0.0 0.0 0.0
5 31 0.6271111424142094 0.7381931894540346 0.8117734257373128 0.4775 0.48147691207366683 0.49 0.20735915174229258 0.03999999999999998 0.5468376231029066 -0.4284314716243043 -0.28780927531731926 -0.1357956744206068 -0.0645242753788064 -0.021052631578947358 0.014385021987296798
5 32 2.137147599591419 2.292479061196991 2.4794843986452406 -0.07479060415849345 -0.06 -0.05 0.226188641108563 0.06694586112200875 0.6977834444880355 -0.18019324897767808 0.1753708433311236 0.5969903158254986 -0.09999999999999995 -0.017035273138478187 0.05072885548227171
5 33 1.1188171511185503 1.3264636445346223 1.5282047116165742 -0.1036828488814494 -0.08499999999999999 -0.08 0.2185374064744189 0.07 0.44392857020315324 -0.006844331627520184 0.2336466158963964 0.5093502519798665 0.0 0.03157894736842106 0.09999999999999995
5 34 -2.297034036839874 -2.196377398100671 -2.059999999999999 -0.08 -0.06 -0.02225582055650283 0.20646881450115562 0.09 0.49704462983053377 -0.1611882993693814 0.10571679895737666 0.5145987369254534 0.0 -0.010526315789473691 0.09999999999999995
5 35 -0.4699999999999993 -0.37023862892028025 -0.24623188245691613 0.04 0.04 0.05 0.1819919499961825 0.03 0.27999999999999936 -0.1504635024334261 -0.14466396904408285 0.0 -0.04911696634936392 -0.010526315789473682 0.0
5 36 -1.1575000000000006 -1.03038959695937 -0.8874999999999993 -0.28 -0.23348260217204858 -0.17 0.2144155850493376 0.13449765314003995 0.544497653140039 0.25780439296579916 0.2865777121789678 0.3495340754589782 0.0 0.07078823849475788 0.12248826570019966
5 37 1.875 2.011969916152939 2.119835727735092 0.059326476082895145 0.13 0.16069240843711258 0.20758542352356307 0.08702283965151844 0.43271889195689006 -0.4626724589286102 -0.11963468649030581 0.13625329236172212 -0.11395136507371398 -0.036693123852598875 0.08652952165790297
5 38 -1.1612690267527679 -0.7413966167778352 -0.388995089022954 -0.12468196365298923 -0.10493463853590407 -0.08750000000000001 0.3062536602174071 0.06 1.6223727056293686 -1.1378830387963423 -0.8538803713838782 -0.43474139963879666 0.0 0.005263157894736841 0.09999999999999995
5 39 2.275 2.4010964775184 2.5225 0.08 0.1588664576401329 0.16 0.21542987548190845 0.27 0.39999999999999947 -0.024324331212426387 0.047368421052631504 0.29999999999999805 0.0 0.14210526315789473 0.19999999999999996
5 40 2.9212170879410233 3.0041444414665643 3.0773413417951048 -0.14250000000000002 0.1 0.18767066164637755 0.21955700456328386 0.42 0.1964551223934734 -0.25000000000000355 -3.2525524177119975 0.037688051267068534 0.09999999999999981 0.17020761645227456 0.2005042437794724
5 41 -2.250743797441091 -1.8218726377550447 -1.5001442662630442 -0.061563541849447366 -0.056785943037704664 -0.045636695561009744 0.35366858013202035 0.0661612933110987 2.1676110543676166 -2.2671591767657793 -0.6781494104912088 -0.23987841778161711 -0.0865856124122168 0.003242785953209835 0.09999999999999995
5 42 -0.8225000000000007 -0.7690321519324731 -0.757553215876343 0.01 0.01 0.02 0.18280374276301112 0.04 0.27996590560833556 -0.24542251545021376 -0.08947368421052627 0.09999999999999787 -0.09050926702968487 -0.01578947368421053 0.0
5 43 0.16830182734719598 0.26252554335331374 0.3700000000000001 -0.052500000000000005 -0.033301827347195834 0.02 0.20325182141092935 0.11000000000000001 0.2438029943311208 -0.3818550416231944 -0.12831736543743197 0.08242821473158163 -0.09999999999999998 0.03157894736842105 0.15000000000000008
5 44 0.08911911457860888 0.15137089605332266 0.2206261390030375 0.0058109539822195355 0.03 0.05500000000000001 0.1922328115943398 0.18 0.2400000000000002 -0.15000000000000124 0.02631578947368436 0.24816377858180783 0.0 0.09473684210526316 0.18300316639537328
5 45 -3.0262639524899835 -2.584012341477666 -2.181923071904029 0.018684472907159817 0.10215386371418828 0.14705867318996224 0.39812267021697706 0.16540610015324744 2.583845785355203 -1.809514092189084 -1.2494512659342465 -0.5605026940009505 0.0 0.07512889346664017 0.1709566807926582
5 46 -2.7425000000000006 -2.504343214096642 -2.4864148465459395 -0.02525550690929088 0.155133388406336 0.18092977071673627 0.2779245177874497 0.2039304748643586 0.751177512239019 -0.2998958112105443 0.39535658538895735 0.7025500282636443 -0.15054477209243033 -0.10733182887597822 0.0
5 47 0.55 0.6668526886533627 0.7968397844194056 -0.09 -0.09 -0.08 0.1980435948120522 0.020000000000000004 0.46969540819236144 -0.08529955178430693 0.17273282021741285 0.40000000000000036 -0.06617231290253996 -0.010526315789473686 0.01618223720418574
5 48 1.982727707468003 2.2060713028312344 2.5005314440839452 -0.03653845281306686 0.024454837832939544 0.10206653065338625 0.28664084575364757 0.16395394019807658 0.9541842392076936 -0.36992877960412507 -0.11553236883852865 0.8298663621515079 -0.04970775493185933 -0.00013589484062018355 0.19978430892257537
5 49 -0.059999999999999165 -0.0043351657684142664 0.012520397111912218 0.03 0.04 0.05 0.18025229421071853 0.020000000000000004 0.2600000000000007 -0.1500000000000079 -0.12988679148207338 0.0 0.0 0.005263157894736839 0.0
5 50 1.94 1.9424430417837217 1.9499999999999997 -0.04 -0.03 -0.02 0.16154274876588515 0.04 0.040000000000000036 0.0 0.01052631578947346 0.03458648127301123 -0.04847507247580053 -0.02105263157894737 0.0
5 51 -2.8925 -2.837757665526932 -2.8125000000000004 0.02 0.045 0.15000000000000002 0.19873692333298745 0.25 0.25 -0.25925966973288306 -0.08421052631578956 0.09999999999999787 -0.20000000000000012 -0.13157894736842105 0.0
5 52 -3.0413141175623624 -3.0113273170480888 -3.0019560265683687 -0.8925 -0.8054246174437446 -0.7248535888357579 0.24189303519306152 0.4642946156451082 0.12814967152679335 -0.2577268705109992 -0.03155295448894047 0.19907866129664997 -0.23712223708769076 0.24436558718163592 0.7074649554533752
5 53 -0.7686466019640324 -0.6003400991215498 -0.47344190140845027 -1.233345684504543 -1.1102430445776483 -0.7580735925679769 0.31133292510566135 0.5966650660264101 0.5705477749459423 -1.0148610074357856 -0.01754470209136277 1.0018806122460506 -0.5000000000000004 0.1487217878643517 0.9186307315185233
5 54 2.7825802462905 3.0981932982561333 -2.8092940856058473 0.10372993842737505 0.12332705247897338 0.14 0.27234968199291865 0.08713925327951577 1.1399999999999997 -0.9108974436446959 -0.5094927090926806 -0.15000000000000568 -0.14604578590446082 -0.045862764883955666 0.0371592561266787
5 55 0.7393043540945792 0.7772870976576749 0.8104685325999038 -0.023315296194643127 -0.015786439981343638 0.0006956459054209782 0.17511684701117722 0.09638119695593059 0.10261485602094167 -0.07334745051214564 0.022544051595070277 0.11539257335827502 -0.206101280194736 -0.05072694576627926 0.06342843069730765
5 56 0.7299305757921417 0.99517224307892 1.3801393180251338 -0.05206766673861461 0.035 0.11455125367741724 0.3277160736710914 0.2559627437325906 1.6855513095349097 -0.050000000000003375 0.7745823896913836 1.3191751357115278 -0.2 0.04736842105263159 0.18934468368754004
5 57 -2.8853673269481934 -2.431375056089759 -2.043572915918719 -0.11142708408128076 -0.030815736134144008 0.06 0.26228464233012977 0.2 1.0300000000000002 -0.8893591369974629 -0.5421052631578948 -0.19102708985353933 0.0 0.10000000000000002 0.2266524366934249
