55 0 0.09971069999999982 0.10001214000000003 0.10796890000000015 0.5850919 0.5865362999999999 0.5932166500000001 0.17804055223405402 0.2196115999999999 0.03893599999999964 -0.016955999999999083 0.019897684210526314 0.036424000000001566 -0.023864000000000107 0.10433063157894712 0.03140000000000143
55 1 -0.10999420000000004 -0.07493609999999999 -0.034681299999999915 0.030717050000000024 0.10175169999999989 0.31958135 0.20926801779392668 0.3202172000000001 0.12961920000000005 -0.18337600000000176 -0.0362256842105265 0.13659000000000088 -0.28071599999999974 -0.008114421052631592 0.46456299999999895
55 2 0.00924730000000018 0.015558700000000059 0.020928100000000227 0.08622440000000009 0.08766879999999988 0.08766879999999988 0.15679437556080578 0.002857399999999899 0.022105600000000614 -0.00031399999999903727 0.01018021052631613 0.027631999999999657 -0.007064999999999433 0.0 0.013815999999999828
55 3 -0.3407842 -0.14369896 0.014663799999999894 -0.20688675 -0.19480560000000002 -0.1601243 0.2501340504659012 0.35227659999999994 0.6624144000000003 -0.6006820000000013 -0.27245284210526316 0.1940520000000001 -0.34194599999999964 -0.18540873684210524 -0.023864000000000107
55 4 -0.019656399999999907 0.08832819999999988 0.16464590000000023 0.18098174999999994 0.36183790000000016 0.3783229000000002 0.19705867629583762 0.24944160000000015 0.1559952 -0.11272600000000299 -0.07631852631578945 0.10989999999999833 -0.1502490000000012 -0.12921926315789473 0.01365900000000031
55 5 -0.05028710000000014 -0.04871709999999998 -0.03443009999999991 0.24399370000000004 0.24650569999999994 0.2499596999999999 0.1638288492786402 0.01328219999999991 0.06185799999999997 -0.04804199999999703 -0.03255684210526314 0.03987799999999764 -0.018212000000000783 -0.005701578947368353 0.020410000000001816
55 6 -0.08879920000000008 -0.04834658000000005 -0.0004082000000000807 -0.06534340000000005 -0.04042750000000006 -0.015645049999999938 0.18753118029137889 0.057022399999999696 0.2539004 -0.24178000000000033 0.031333894736841866 0.31148799999999977 -0.035167999999998756 -0.014113473684210495 0.0010989999999999611
55 7 -0.15654469999999987 -0.13948822 -0.10520570000000018 -0.11077135000000005 -0.09889429999999999 0.0906753500000001 0.18847299847035992 0.2613736 0.07121520000000015 -0.028888000000000247 0.024359789473684085 0.029202000000001505 -0.11194099999999874 -0.11844410526315785 0.013973000000000457
55 8 -0.05193560000000019 0.0016484999999999417 0.01887139999999987 0.13100080000000008 0.18965600000000005 0.2765162500000001 0.1972860654633535 0.12384159999999977 0.2800252000000003 -0.1890280000000022 -0.14738168421052647 -0.013502000000000791 -0.12638499999999886 -0.03601084210526319 0.017741000000000007
55 9 0.004003500000000382 0.058281540000000055 0.12001079999999964 0.13069465000000002 0.13494150000000005 0.13891359999999975 0.17002707334934078 0.013627600000000184 0.15982600000000025 -0.15982599999999625 -0.08035094736842129 0.0 -0.0043959999999998445 0.0009750526315788795 0.01491499999999979
55 10 0.18174320000000022 0.18480156000000006 0.1888396000000001 0.24333430000000011 0.2597408000000001 0.2678106 0.15863991361112412 0.03234199999999987 0.010110800000000086 -0.0034540000000027327 0.005321473684210572 0.021666000000002406 0.0 0.016327999999999957 0.03187099999999998
55 11 -0.17813219999999996 -0.062030700000000084 0.052799099999999766 0.08748824999999982 0.11530079999999998 0.14669295 0.19119320333723883 0.06813800000000003 0.2994303999999999 -0.2373840000000027 -0.15085221052631584 -0.044902 -0.06907999999999803 -0.03057368421052642 0.03108600000000017
55 12 0.03102320000000025 0.07080386000000008 0.11467280000000035 0.31578979999999995 0.3228548000000001 0.34140434999999997 0.17842944678309874 0.08713499999999974 0.13068680000000032 -0.1905979999999996 -0.02680568421052617 0.12371599999999816 0.008791999999999689 0.025318315789473658 0.05840399999999857
55 13 0.007567399999999891 0.03284753999999994 0.06374199999999963 0.1136680000000001 0.16425339999999988 0.2931661000000001 0.1879782495932897 0.17364200000000007 0.06744719999999971 0.017897999999998415 0.03549852631578932 0.10675999999999908 -0.1552729999999991 0.06479968421052643 0.2041000000000015
55 14 0.06609699999999985 0.09262057999999988 0.12032479999999968 0.16150590000000004 0.1870655 0.18957750000000012 0.17250027240475468 0.08556500000000011 0.054950000000000276 -0.14475400000000027 -0.027400631578947034 0.07033599999999529 -0.0912170000000001 -0.04503421052631585 0.01884000000000219
55 15 0.11889609999999984 0.12806804000000002 0.17125560000000017 0.06314540000000018 0.08229940000000002 0.10240324999999995 0.18385068894424522 0.07658459999999967 0.2003319999999995 -0.1896560000000025 -0.10543789473684184 0.0373660000000009 -0.1416139999999988 -0.01389863157894741 0.0681379999999987
55 16 0.6026758999999999 1.3028017000000003 1.8760087000000003 0.2585946999999999 0.2689723999999999 0.28215255000000006 0.33078017415252536 0.049235200000000034 1.8804832 0.38465000000000193 0.9897279999999998 1.544565999999996 -0.03846500000000086 0.02402926315789469 0.088391000000001
55 17 0.11949270000000012 0.12737095999999998 0.14042080000000023 -0.05286975000000005 -0.04064729999999994 -0.030450150000000065 0.1641832699385127 0.0606962000000002 0.034477199999999986 -0.04050600000000015 -0.005982526315789362 0.025748000000000992 0.012559999999999238 0.031945368421052736 0.06468399999999819
55 18 -0.6935946000000001 -0.09866821999999995 0.3124614000000002 -0.28886430000000013 -0.07331900000000002 -0.03239695000000009 0.2834185667671751 0.2321715999999998 1.181896 -0.9586420000000007 -0.6220505263157895 0.0015700000000018477 -0.18949899999999964 -0.11750210526315792 0.04113399999999934
55 19 0.11481409999999959 0.11620198000000004 0.11825240000000026 -0.028542599999999974 -0.02722380000000002 -0.02722380000000002 0.15556689168755733 0.004333200000000037 0.0055264000000008195 -0.0018839999999986645 -0.0013882105263157403 0.0006279999999936337 -0.013187999999999533 0.001487368421052629 0.013972999999999347
55 20 0.1124276999999998 0.16539007999999997 0.2175862999999998 0.23503685000000002 0.24735350000000011 0.30777495000000005 0.183067205357621 0.09781099999999965 0.10600640000000006 -0.13376399999999844 -0.013386315789473545 0.10770200000000063 -0.08007000000000097 0.04739747368421047 0.09027500000000077
55 21 -0.1789957000000002 -0.15773476000000003 -0.13757909999999984 0.16879855 0.1765622 0.18640610000000007 0.1649536604837357 0.048889800000000205 0.040882799999999886 -0.03359799999999913 0.010510736842105291 0.03611000000000253 -0.06672500000000081 -0.018245052631578985 0.04694300000000151
55 22 0.06218770000000018 0.07785944000000011 0.09784239999999989 0.4278642499999997 0.5130603 0.5274807500000002 0.18308200058628352 0.18130360000000012 0.0951420000000005 -0.1095859999999993 -0.050074736842105526 0.020096000000000558 -0.16453599999999735 -0.09489410526315782 0.008164000000001614
55 23 -0.311331 -0.23411211999999998 -0.14709329999999987 0.1684924000000001 0.1806913 0.19096695000000008 0.18295664984297128 0.043112200000000156 0.26438799999999985 -0.30803399999999703 -0.10510736842105245 0.054949999999998056 -0.043489000000001 -0.018906105263158012 0.018212000000001893
55 24 0.3434061000000005 0.47123236000000013 0.5564708000000005 0.11587385000000006 0.13297900000000007 0.14323109999999994 0.2447415760945637 0.1410802 0.8858568000000004 0.16767600000000105 0.46624042105263186 0.6458979999999981 0.03234200000000076 0.07425273684210526 0.08917600000000081
55 25 0.1023326 0.10693583999999993 0.1149239999999998 0.1555241999999999 0.15709420000000007 0.15854645000000012 0.15816660180220704 0.010048000000000279 0.018274799999999924 -0.01350199999999857 -0.005288421052631726 0.026690000000002545 -0.0072219999999989515 -0.005288421052631726 0.0
55 26 0.019907600000000247 0.02825057999999996 0.03877900000000023 0.35332065 0.36430280000000004 0.37774984999999994 0.16024107616653818 0.03676940000000006 0.014444000000000123 -0.017897999999998415 0.0071393684210524794 0.019467999999998042 -0.0010989999999999611 0.01622884210526307 0.03092899999999954
55 27 0.10011890000000001 0.09938413999999993 0.11066929999999964 0.2730543999999998 0.2858498999999999 0.28675264999999994 0.1626013190818248 0.019781999999999966 0.04791640000000008 -0.037679999999999936 -0.024855578947368177 0.00502400000000236 -0.022607999999999517 -0.0072715789473684475 0.01240299999999972
55 28 0.08765309999999993 0.09076484000000003 0.0937133 0.22909439999999998 0.2388127 0.24008440000000003 0.16612050652895857 0.10261520000000002 0.029013599999999418 -0.032970000000001054 0.013981263157894408 0.028259999999999952 -0.000628000000000295 0.03963010526315793 0.04317499999999974
55 29 0.1903153999999998 0.37830092000000004 0.5597835000000001 0.03797829999999991 0.10073120000000002 0.27747395000000014 0.2572727220958377 0.39520040000000023 0.7716235999999999 0.17709600000000325 0.40611768421052624 0.5780739999999995 0.11633699999999969 0.2080002105263159 0.2887229999999985
55 30 0.028888000000000136 0.046782860000000114 0.06876600000000022 0.09675125000000001 0.12184770000000011 0.1342428499999999 0.16583108962067838 0.07714979999999994 0.043018 -0.000628000000000295 0.020955368421052657 0.036424000000001566 0.006908000000002135 0.03979536842105263 0.06405600000000122
55 31 0.08658549999999976 0.09452969999999983 0.09930249999999974 0.23842020000000008 0.26435659999999994 0.27946 0.16907809684042355 0.13969859999999978 0.01934239999999976 -0.031399999999996986 -0.00998189473684212 0.0009419999999993323 0.014443999999999013 0.0735255789473683 0.09796799999999939
55 32 0.06595570000000017 0.11739204000000006 0.1611290999999997 0.0927556 0.10705829999999994 0.11455504999999999 0.18120865003150638 0.07206300000000021 0.19103760000000003 -0.05338000000000065 0.06521284210526282 0.08509400000000333 -0.051338999999999135 -0.02857400000000004 -0.012246000000000201
55 33 -0.07606649999999981 -0.053678300000000026 -0.025496799999999875 0.24707090000000004 0.3480532999999999 0.41062565 0.1856786535187675 0.21160460000000025 0.08176560000000022 -0.10990000000000277 0.012493894736842131 0.08007000000000097 0.018840000000001078 0.10780115789473693 0.12811200000000134
55 34 -0.14979370000000003 -0.07632397999999996 -0.00557350000000012 0.2717356 0.28938240000000004 0.2925067 0.1862009618378758 0.052846200000000065 0.23053880000000015 -0.07473199999999736 0.021186736842105282 0.20190199999999825 -0.07269100000000028 -0.001487368421052629 0.03972099999999923
55 35 0.01916970000000029 0.08317232000000005 0.14539770000000019 0.15496685 0.1628090000000001 0.20483790000000007 0.19822842895953183 0.10475039999999969 0.2933387999999999 -0.507738000000002 -0.14939789473684192 0.04113399999999601 -0.10063700000000009 0.006974105263157899 0.08069800000000127
55 36 -0.017599699999999996 0.00991926000000003 0.02177590000000007 0.2672454000000001 0.27054240000000007 0.27152365000000017 0.16261362524360828 0.00624860000000016 0.08057239999999988 -0.08760599999999785 -0.041051368421052746 -0.0031399999999992545 -0.012088999999999572 0.0027268421052632115 0.014130000000001086
55 37 0.0930696000000002 0.13406230000000005 0.1665299 0.24685109999999988 0.25193790000000005 0.2612087500000001 0.16806120877227068 0.03771139999999984 0.11586600000000002 -0.09734000000000353 -0.05800736842105265 0.001255999999996149 -0.007222000000000062 0.00867631578947361 0.039092999999998934
55 38 0.08405780000000018 0.09195176000000009 0.0996478999999999 0.055986199999999986 0.06099449999999995 0.06225049999999993 0.1584155819588949 0.01083299999999987 0.02009599999999967 -0.026690000000000325 0.006544421052631614 0.02731800000000062 0.00015699999999951864 0.005701578947368353 0.014443999999999013
55 39 -0.01687749999999999 -0.012983900000000048 0.016422199999999942 0.08629504999999998 0.08677390000000007 0.08890910000000002 0.17072004687991404 0.02832279999999976 0.14475400000000027 -0.11460999999999943 -0.07618631578947382 -0.0009419999999993323 -0.008006999999998765 0.014113473684210611 0.014600999999998532
55 40 -0.08182840000000002 -0.07477596 -0.06707039999999997 0.13341860000000016 0.13475310000000018 0.13480020000000015 0.15653747961876752 0.002951599999999832 0.017646800000000074 -0.027004000000001582 -0.00928778947368425 0.0 -0.01365900000000253 4.957894736838591e-05 0.01365900000000142
55 41 0.06815370000000032 0.08313464 0.09515769999999979 0.2201140000000001 0.2312767000000001 0.26894100000000004 0.1658634170073026 0.06823220000000019 0.04553000000000029 -0.05934600000000012 0.010477684210525978 0.052437999999999096 -0.009420000000001094 0.03240810526315787 0.09121699999999788
55 42 -0.041134000000000004 -0.036750559999999946 -0.033645100000000094 0.13393670000000013 0.1513951 0.15426819999999997 0.15895966283723884 0.03648680000000026 0.01444399999999968 -0.01601400000000197 -0.007436842105263028 0.0 0.0006280000000014052 0.01920357894736856 0.028730999999998508
55 43 0.03909299999999993 0.04669493999999992 0.05997399999999975 0.12106270000000008 0.1306554000000002 0.13246090000000016 0.16511002476972292 0.06474679999999977 0.05287759999999997 -0.027004000000001582 0.016889894736842444 0.05651999999999768 -0.013973000000001567 0.025119999999999996 0.035482000000003344
55 44 -2.2649134 -2.1170979 -2.1656423 -0.11767935000000007 0.006295699999999904 0.08788075000000006 0.27358762538118797 0.3304222000000001 0.9145563999999999 -0.06719600000000048 0.48134547368421055 0.5648860000000022 -0.17850899999999892 0.07773978947368426 0.24272199999999966
55 45 0.0663638999999997 0.16545601999999998 0.25617690000000004 0.02698829999999991 0.029845699999999975 0.034241699999999986 0.1801657200143089 0.04220160000000006 0.24316159999999964 -0.027945999999998694 0.0887793684210525 0.279145999999999 0.00047100000000077635 0.022211368421052664 0.024334999999999773
55 46 -0.25462260000000003 -0.1634684000000001 -0.10057420000000017 0.2613265 0.2668372 0.28826770000000007 0.1811276736627166 0.05083660000000023 0.24818560000000023 -0.18997000000000153 -0.06527894736842098 0.03579600000000127 -0.02606200000000003 0.01588178947368425 0.05212400000000117
55 47 -0.02041000000000004 -0.01877719999999996 -0.01770959999999988 0.21433639999999987 0.2158121999999998 0.21633815 0.15513339316844904 0.00442739999999997 0.003077199999999891 -0.0009419999999993323 9.915789473677181e-05 0.0009419999999993323 -0.0014130000000012188 0.002264105263157848 0.013345000000000162
