68 0 -3.114375 -2.3386190767973836 -2.014947916666655 0.011764705882353588 0.03 0.04 0.25813405824835783 0.06 1.9917647058823553 -1.625000000000012 -2.2043343653250758 2.499999999999991 -0.09705882352940809 0.010526315789473684 0.08506944444443648
68 1 -0.36 -0.32837765522875817 -0.3054411764705882 0.14 0.15 0.15 0.17046480730634583 0.009999999999999981 0.16999999999999998 0.0 0.0894736842105263 0.18888888888889538 0.0 0.0 0.0
68 2 -0.36 -0.318281862745098 -0.29897058823529443 0.1346875000000002 0.15764705882353008 0.1725 0.18616386969124973 0.08 0.17 -0.1294117647058879 0.05386996904024923 0.10000000000000009 0.0 0.042105263157894736 0.09980392156863173
68 3 -0.49 -0.48561764705882365 -0.48 -0.3 -0.29 -0.2714062499999999 0.1624490312517153 0.03812500000000013 0.04999999999999999 0.0 -0.010526315789473665 0.002941176470591944 0.0 0.0009868421052630783 0.0
68 4 -0.28500000000000003 -0.2680226715686274 -0.23124999999999876 -0.17 -0.16937500000000044 -0.16 0.16867057436407162 0.010000000000000009 0.15 0.0 0.07894736842105263 0.1470588235294082 0.0 0.0 0.0
68 5 -0.6570588235294118 -0.5723880310457524 -0.43250000000000044 0.08 0.09 0.1 0.22968306302888777 0.12 0.734705882352943 -0.30000000000000027 -0.3866873065015489 -0.20882352941175408 -0.097058823529408 -0.06315789473684212 0.0
68 6 -0.38250000000000006 -0.30384497549019607 -0.23249999999999998 -0.0623529411764704 0.01 0.014375000000000419 0.19918412488150242 0.21588235294117636 0.29 -0.3 -0.08881578947368352 0.15833333333333505 0.020833333333337752 0.11362229102167175 0.19705882352941853
68 7 -0.7182352941176464 -0.6255059232026142 -0.5325 0.1 0.11 0.11 0.18472655026573087 0.01999999999999999 0.24312499999999976 0.0 0.12796052631578936 0.29999999999999943 0.0 -0.005263157894736839 0.0
68 8 -0.3025 -0.23001127450980383 -0.16323529411764565 -0.15 -0.135 -0.12 0.1787123558287772 0.05 0.14250000000000054 -0.038235294117642815 0.07500000000000029 0.20666666666668318 -0.049999999999999906 -1.460819769243627e-18 0.049999999999999975
68 9 -0.24 -0.2326764705882351 -0.22 -0.25 -0.24 -0.23 0.17114695560268234 0.05941176470588164 0.12941176470588162 0.0 0.06811145510835875 0.10882352941176537 -0.09999999999999995 -0.020743034055727166 0.0
68 10 -0.9226562500000002 -0.6296365196078425 -0.37867647058823467 0.13 0.13941176470588268 0.14 0.23096699320396075 0.04937499999999723 0.7587500000000027 0.39944852941176473 0.3993421052631594 0.49999999999998906 0.0 -0.004934210526315436 0.005882352941173341
68 11 -0.38250000000000006 -0.20013419117647063 -0.04 0.03 0.045 0.1 0.19734164594248843 0.09 0.39 -0.10000000000000006 0.08452012383900857 0.2531250000000043 0.0 0.005263157894736841 0.09999999999999998
68 12 -0.525 -0.5340900735294115 -0.48 0.29874999999999996 0.3 0.31 0.20256500677996572 0.15000000000000002 0.3994117647058817 0.0 0.19969040247677983 0.17812499999999787 0.0 0.07894736842105264 0.10000000000000009
68 13 -0.56 -0.5300588235294119 -0.4989062499999999 -0.07418198529411693 -0.06 -0.05 0.17043536276309 0.04 0.10999999999999999 -0.1987132352941104 -0.057894736842105256 0.050000000000000044 -0.023529411764704015 0.010526315789473686 0.05753676470588574
68 14 -0.9225000000000001 -0.6607744397759097 -0.4147058823529408 0.08 0.12777777777777713 0.1525 0.21725813522845536 0.07 0.6160000000000003 0.09999999999999981 0.32421052631578956 0.46196078431371856 -0.08013538748833059 -0.036842105263157905 0.0
68 15 0.5276797385620895 0.6788905228758165 0.8343749999999999 0.4275 0.48611111111111166 0.5404411764705883 0.25117437127106157 0.31687500000000035 0.7574632352941186 -0.694485294117651 -0.39866486068111506 -0.1463235294117604 -0.0856209150326731 0.12467105263157909 0.29934640522875117
68 16 -0.44 -0.35952941176470565 -0.28264705882352803 0.05 0.061249999999999444 0.0925 0.19758779874669122 0.19 0.2958823529411776 0.0 0.15572755417956713 0.33235294117647984 -0.21111111111110453 -0.1 0.0
68 17 -0.43029411764705916 -0.2513488562091505 -0.1175 -0.1577941176470592 -0.060000000000000005 0.05 0.21621429132689224 0.32 0.31882352941176534 -0.40000000000000824 -0.15932232542139624 0.0 -0.3 -0.16842105263157894 -0.09999999999999988
68 18 -0.2495882352941185 0.13641090686274554 0.46 -0.28 -0.27 -0.07049999999999941 0.2668745960271348 0.25 1.0063749999999991 0.18437500000000134 0.5010526315789474 0.7529411764705957 -0.16948529411765426 -0.11578947368421054 0.07003676470588849
68 19 -0.52 -0.45344117647058824 -0.39735294117647046 0.12 0.1346874999999996 0.15 0.17831996429875452 0.05 0.21000000000000002 0.10000000000000009 0.1105263157894737 0.19705882352940796 -0.050000000000000044 -0.02631578947368421 0.0
68 20 -0.4225 -0.34952941176470576 -0.34494485294117694 -0.49 -0.46499999999999997 -0.46 0.18905072118425043 0.03999999999999998 0.24875000000000055 -0.04374999999999435 0.13092105263157924 0.3529411764705917 0.0 0.021052631578947358 0.050000000000000044
68 21 -0.5037683823529435 -0.4476740196078435 -0.3654411764705888 -0.09 -0.09 -0.08 0.19700716045473776 0.01999999999999999 0.4477777777777791 -0.45000000000000095 -0.23567251461988376 -0.04999999999999977 -0.049999999999999975 -0.0011695906432741617 0.04183006535948747
68 22 -1.6975 -0.943341911764705 -0.11 -0.03514705882352892 0.025 0.042499999999999996 0.3279370418741414 0.22749999999999945 1.1061764705882378 -0.20000000000000012 0.581578947368423 0.6882352941176422 -0.005882352941182639 0.11447368421052602 0.20882352941177393
68 23 3.012794117647059 3.087801062091504 -3.090718954248365 0.02 0.025 0.04 0.26160088056907205 0.039999999999999994 1.1517647058823526 0.19411764705882684 -2.6990712074303405 0.8465073529411637 -0.1 -0.00526315789473684 0.09999999999999998
68 24 -0.28 -0.24888786764705903 -0.225 -0.0325 0.01 0.01 0.17446603785116901 0.09 0.13250000000000056 0.0 0.0 0.16562499999999508 0.0 0.0444444444444441 0.11176470588234681
68 25 0.05455882352941173 0.11419199346405215 0.2 0.40911764705882314 0.5262500000000006 0.6429411764705882 0.20913593022909535 0.36000000000000004 0.22388888888888955 -0.2088235294117654 -0.11783625730994185 0.0 0.10000000000000009 0.18947368421052635 0.27916666666668005
68 26 -0.42999999999999944 -0.3617426470588237 -0.32062500000000027 -0.14 -0.14 -0.13 0.1739151202888555 0.020000000000000018 0.2 -0.1588235294117757 -0.07337461300309557 0.0 0.0 -0.010526315789473694 0.0
68 27 -0.92044117647059 -0.32246098856209154 0.3304411764705914 0.08187500000000042 0.09 0.1 0.30370837585829624 0.03 1.1647058823529408 -0.958823529411782 0.3080688854489107 1.394117647058764 -0.08437500000000132 -0.004276315789472585 0.05937500000001039
68 28 -0.2076562500000007 -0.12160845588235288 -0.05 -0.22671875000000136 -0.13088235294117698 0.14 0.2035552485096389 0.38 0.12705882352941228 0.0 0.06687306501548015 0.09999999999999995 -0.3043154761904908 -0.18421052631578946 0.024999999999994332
68 29 -2.6278125000000006 -2.1253171568627467 -1.6645220588235308 -0.08812499999999956 -0.07 -0.04593750000000049 0.3432663605194558 0.14 1.9929411764705913 -1.0974264705882408 -1.0489164086687324 -0.9678308823529436 -0.1305147058823669 -0.07368421052631577 0.0
