75 0 -2.1533235294117663 -2.106908150093371 -1.974062500000001 0.0 0.0 0.13741176470588354 0.23779369695708233 0.27 0.5543000000000013 -0.7910714285714193 -0.29173684210526385 0.1166666666666738 0.0 0.13157894736842107 0.23529411764705654
75 1 1.2444577205882306 1.7321531454248356 2.2144117647058827 0.07 0.12 0.15156250000000004 0.32611544106046303 0.08625000000000027 1.838602941176474 -1.108888888888886 -0.9676857585139336 -0.7000000000000117 -0.10000000000000009 -0.045394736842105404 0.0
75 2 2.65 2.7380688316993473 2.7050000000000005 -0.329062499999999 -0.32 -0.3 0.2249964659926877 0.03941176470588165 0.7435294117647109 0.0 -2.913931888544889 0.10000000000000231 -0.10000000000000009 -0.020743034055727184 0.050000000000000044
75 3 -2.0910937500000015 -1.8634946895424847 -1.7274999999999998 0.27156249999999893 0.46411764705882347 0.5207352941176475 0.27101558457686287 0.28312499999999974 0.8968750000000003 -0.5974264705882426 -0.47203947368421073 -0.20000000000000018 -0.308823529411765 -0.14901315789473668 0.10000000000000009
75 4 2.0375 2.0799926470588233 2.120588235294117 0.7426470588235294 0.8387500000000008 0.85 0.21871590724779372 0.4235294117647061 0.3135294117647063 -0.19705882352940796 -0.1650154798761612 -0.011764705882346682 -0.06470588235293895 0.19659442724458215 0.3852941176470698
75 5 -0.48 -0.390584150326797 -0.36073529411764566 0.31761029411764785 0.47205882352941225 0.5529411764705883 0.22177205848774062 0.30999999999999994 0.41117647058823675 0.0 0.21640866873065093 0.4581290849673275 0.09742647058824133 0.16315789473684206 0.20294117647059212
75 6 0.12812499999999885 0.23233823529411715 0.3607812500000003 -0.0810937500000001 -0.07 -0.057499999999999996 0.19983448287299269 0.12374999999999972 0.38999999999999996 -0.2781249999999979 -0.19999999999999996 -0.19558823529412267 -0.10000000000000009 -0.06513157894736828 0.0
75 7 -1.5854358552631593 -1.2607218932748543 -1.0387843137254908 -0.3225 -0.245 -0.12845098039215772 0.3044217565178323 0.6011764705882346 1.0823529411764694 -0.8007843137254989 -0.5498452012383888 -0.40194465944273894 -0.6382352941176556 -0.23219814241486036 0.18125000000001043
75 8 -2.8724999999999996 -2.7684742647058824 -2.728823529411765 0.1046691176470596 0.17 0.18 0.20634901702603517 0.12 0.45999999999999996 -0.265624999999996 -0.19473684210526299 0.10000000000000009 0.0 0.06315789473684211 0.09999999999999981
75 9 -2.86 -2.6512529761904764 -2.331785714285716 0.11 0.135 0.33899999999999997 0.24621607243988677 0.32 0.6699999999999999 -0.3272321428571412 -0.33808049535603635 0.0 0.0 0.15913312693498385 0.3623529411764795
75 10 -1.2080882352941174 -0.5472187721141071 0.13676470588235407 -0.6742647058823541 0.15794117647058628 0.882885338345866 0.4671779698092597 1.7 1.9406250000000007 0.5166666666666602 1.0161184210526322 1.4415441176470511 -1.745404411764703 -0.8947368421052632 -0.050000000000000044
75 11 -0.435 -0.33882352941176486 -0.2375 -0.06 -0.04 -0.019852941176470927 0.1866862448710695 0.07 0.19 -0.20000000000000018 -0.1 0.09705882352941855 -0.05 -0.010526315789473682 0.049999999999999975
75 12 -0.2695128676470589 0.17280465219209412 0.46843749999999995 0.11 0.12 0.13 0.3288186136435105 0.08 1.8458552631578975 0.6834558823529582 0.9715027700831039 1.210171568627453 -0.11666666666667005 0.000554016620499236 0.08749999999999716
75 13 1.3650000000000004 1.475101960784314 1.6545588235294115 -0.2025 -0.175 -0.16 0.21478657387474856 0.08000000000000002 0.5700000000000001 0.18529411764706127 0.30000000000000004 0.3500000000000103 -0.09999999999999981 0.02105263157894737 0.09999999999999981
75 14 1.9175 2.089189950980392 2.2427941176470583 -0.16 -0.14500000000000002 0.0576470588235296 0.2277259151988731 0.36 0.4733333333333334 -0.050000000000001155 0.15438596491228063 0.42647058823531814 -0.3735294117646937 -0.18421052631578946 0.0
75 15 -0.7662500000000001 -0.6125018382352947 -0.4375 0.63 0.64 0.67 0.2068240328623597 0.09999999999999998 0.4931249999999997 -0.3987132352941164 -0.2595394736842103 -0.17334558823530244 -0.10000000000000009 -0.05263157894736841 0.0
75 16 2.02 2.2269411764705875 2.277647058823529 0.16382352941176534 0.22 0.2425 0.2998749948515919 0.5358823529411776 1.151764705882355 -1.0029411764706064 -0.6061919504643974 -0.10000000000000231 0.014705882352928218 0.2820433436532514 0.5411764705882451
75 17 3.0520588235294133 -2.7866904003267985 -2.351597222222222 0.0775 0.12 0.1625 0.3396403045987769 0.14 1.926874999999999 -1.611764705882306 -4.036126160990709 -0.5652941176470283 -0.1125000000000028 0.05263157894736843 0.1882352941176429
75 18 0.034999999999999996 0.35230494281045843 0.6594117647058831 0.0375 0.055 0.08 0.2937927722787166 0.12000000000000001 1.4276470588235308 0.6 0.7513931888544899 0.8968749999999979 -0.10312499999999242 -0.06315789473684211 0.0
75 19 -0.6742647058823531 -0.3706198529411772 -0.12555147058823718 -0.1 -0.09 -0.08 0.26802150406411906 0.03 1.2511764705882347 -1.2515073529412035 -0.6133126934984512 0.0499999999999895 0.0 0.005263157894736839 0.0
75 20 -1.679466911764707 -1.5112759395424844 -1.3710294117647064 0.1275 0.16 0.19 0.24218603787190418 0.09 0.8364379084967326 -0.7374999999999987 -0.440230478156175 -0.16672794117645884 -0.1411764705882347 -0.026315789473684206 0.08124999999999029
75 21 -1.5009375000000005 -1.4801600816462943 -1.47 -0.18718749999999923 -0.027316176470589204 0.18602941176470716 0.24539541366459341 0.78 0.22588235294117975 -0.10000000000000009 0.1188854489164104 0.2500000000000002 0.1258928571428737 0.4105263157894737 0.8062499999999805
75 22 2.010294117647055 2.1922017973856205 2.3925 -0.19808823529411837 0.05382352941176409 0.36772058823529385 0.30613640200923875 0.83 0.8725000000000009 -0.8692810457516165 -0.45921052631579 -0.049999999999998934 -0.6499999999999946 -0.4368421052631579 -0.2500000000000001
75 23 -1.75 -1.525674264705883 -1.3678529411764713 0.06411764705882453 0.15187499999999987 0.3801470588235306 0.2794678041155434 0.31000000000000005 0.8747058823529408 -0.7270588235294367 -0.4235294117647056 -0.03749999999999698 0.0 0.1631578947368421 0.37941176470587745
75 24 2.4779411764705888 -2.888029411764703 -2.073970588235288 -0.2325 -0.1600000000000011 -0.12691176470588109 0.4774659897205908 0.23 2.9952941176470547 -0.10000000000000009 -1.5764705882352925 3.400000000000001 -0.19999999999999993 -0.10000000000000002 0.0
75 25 1.5657352941176481 1.9182167075163405 2.299531250000001 -0.23 -0.21027777777777712 -0.1875 0.2642683074722545 0.09 1.1388235294117652 0.39724264705881973 0.5678018575851396 0.894281045751647 -0.09999999999999995 0.00526315789473685 0.050000000000000044
75 26 -1.7672058823529406 -1.259019444444443 -0.6178308823529389 0.5605882352941188 0.84 0.8817187499999997 0.4012757447927955 0.71 2.101360294117648 0.7215277777777649 1.1059791021671834 1.4979779411764538 0.0 0.36677631578947306 0.4735294117647043
75 27 -0.12 0.07028341503267897 0.19281249999999897 -0.06 -0.03 0.01203124999999948 0.24123885048498528 0.15000000000000002 0.8049999999999989 -0.8490196078431412 -0.41315789473684156 0.0 -0.050000000000000044 -0.021362229102166463 0.1
75 28 -1.8145772058823546 -1.567723651960785 -1.3752604166666669 -0.6408823529411766 -0.5965624999999999 -0.55 0.2613748505380821 0.17000000000000004 0.9270588235294133 -0.7752655228758132 -0.48792569659442814 -0.16470588235293793 -0.29930555555555793 -0.08947368421052633 0.07777777777777661
75 29 -1.6171875000000002 -1.592110294117647 -1.56 0.7710294117647059 0.8864705882352939 0.92 0.19156974659469828 0.32000000000000006 0.06875000000000031 -0.06948529411765492 -0.03618421052631595 0.0 -0.32941176470588196 -0.168421052631579 0.0
