9 0 -1.7972415980451486 -1.569483984644186 -1.4161533191993145 -0.1585194323500862 -0.1287222986953162 -0.09780815431926622 0.26243554688899023 0.20127136934064 0.9843482448302441 0.2175552912617995 0.5180780235948653 0.7017096257666006 -0.00951204442340009 0.10593229965296842 0.23169245819950945
9 1 -0.028498657172688895 -0.006923769624076409 0.012542760188126011 0.17245661364788606 0.17567674611765152 0.1790408682508815 0.1647926634429757 0.01699950691430549 0.09494591130880001 -0.02103121748659998 0.015717149211431584 0.09485864484618255 -0.035779249666000046 -0.008947108902266047 0.0247836753783999
9 2 0.014203247045933507 0.02280422959977729 0.030247186194926053 -0.048052162559204054 -0.03451713420994405 0.01484950368286286 0.16793608423699996 0.10622073827672002 0.02609267231738254 -0.040142572796 -0.0009461521734526294 0.040229839258512715 -0.10890854532480007 0.009038968336673682 0.11257373675391277
9 3 -2.6027135688839866 -2.509364633840767 -2.4117789120383164 -0.15822515044567118 -0.09608270242821115 -0.04031943282682424 0.19704070342816998 0.20713567562736002 0.19511035708107993 -0.21162117180500095 -0.10268966162162102 -0.005934119456798559 -0.15769049791820006 -0.10901877664597892 -0.010559241974600064
9 4 0.495259428202963 0.506155518723199 0.549168285474113 0.2799048516844124 0.5421711150593225 0.6933166282825224 0.235685401396116 0.718377520123776 0.19264944283576008 -0.007243116395800053 0.10139444359776846 0.16554447955220014 0.07600908892460012 0.37441905427146105 0.5242969073010617
9 5 2.677896438331298 -2.992661688262768 -2.488435227221382 -0.4779398472960195 -0.3638433107696495 -0.13978230472119407 0.18638119306772175 0.36629225011724 1.3598993853194807 0.252112810451397 -2.5895266393055367 0.5334598858737993 -0.2061233846612004 -0.19278539479854734 0.06832964021579964
9 6 -0.2856346221734606 -0.2845036488181646 -0.28364058350305055 -1.150092176736477 -1.1486828233654869 -1.146653878110037 0.15570808197646752 0.007871434926520093 0.002652900463040009 -0.005585053606400603 -0.0012125445329684206 0.003316125578800011 -0.013351768777800643 0.0009737100037473932 0.009075712110400147
9 7 0.13381119398060284 0.16056970940785026 0.17971335330872648 -0.9726212806277801 -0.8835614922213502 -0.87470830959058 0.1763052229967474 0.15995942594580004 0.07604399551016358 -0.05192354524699988 -0.004896107849031574 0.08107054375801795 -0.12452924213019967 -0.08418917155042108 -0.008639379797399926
9 8 0.9618848392540914 1.0712663688061834 1.1606822043800213 -0.4444762132151105 -0.42051284258515054 -0.12316982456834506 0.2331946313356672 0.5354146546358655 0.26209609377283993 -0.1384046096835989 0.06239092778728426 0.22174408146660052 -0.005235987756000149 0.2817971866504555 0.5160065933538002
9 9 0.689293401949628 0.883976153363968 1.030265287943478 -0.31624561255548744 -0.04660533309069422 0.051617433888727055 0.2828886615501778 0.6250373117264145 0.8306021910268 0.21711895894879873 0.43715904790884214 0.5534439058092006 0.031066860685599954 0.315463669327376 0.48389253511700037
9 10 1.6149690587641468 1.7607372125610616 1.9177313241068412 -0.7773023082210754 -0.7727295455808354 -0.7658965815592556 0.2067970093459771 0.019041542139320078 0.5668305811702947 -0.418617221092199 -0.2983318848264709 -0.19931660057840195 -0.02818706741980037 -0.010021864283852672 0.0010471975511999743
9 11 -0.08645454512832079 -0.00034698115164530434 0.05913209442725921 -0.642514990374012 -0.6097682502833621 -0.5909230576848921 0.1766859461452429 0.059306287982960115 0.1621410875108 -0.13491395117960006 -0.08455660928768421 -0.002879793265800068 -0.07819075048960067 -0.014973087793473658 0.05576326960139988
9 12 -0.02993884469368121 0.16491756698165166 0.35361907504966694 -1.180289814972825 -1.1394971070304551 -1.122528143377885 0.21250326453973167 0.12025318546279995 0.5322207021055781 -0.4025601919738 -0.2801161590029359 -0.0452912940894 -0.08534660042280096 -0.05326010001629478 0.04005530633340082
9 13 0.218614269785451 0.240159486736765 0.278204173771861 -0.920468806361723 -0.899254329303663 -0.870975632098133 0.18437803489830018 0.13760175822767995 0.19912461436068002 -0.25028021473680007 -0.10480242861088422 0.07286749627099992 0.0325503905497998 0.0724219780145684 0.09756390518679936
9 14 0.5409248530098826 0.6098836844210285 0.6834266231125525 0.8057934507812805 0.8353244217251204 0.9475316393362005 0.1976304598166474 0.28541369257955995 0.19223056381528003 -0.08700466321219957 0.05798167494012635 0.0568977336151999 0.004886921905600805 0.15021773293661048 0.22034781806500092
9 15 0.5553299279912645 0.5755513127049364 0.5896867343168846 0.503428102398148 0.511465343603608 0.5454643574325679 0.16866912225981748 0.05094616086588 0.08415977653144002 -0.0889245253894011 -0.020484653852421125 0.04694935687880042 -0.07391469382220045 -0.026777025103052642 0.02539454061660007
9 16 -1.4192395461309195 -0.5985560612433151 0.03139086166870595 -0.27846791241419155 0.27433894821802846 0.4322737922315085 0.23600447493037108 0.5888915429173199 1.39488459149092 -1.4734942210010005 -0.699638195522779 0.2770710187550961 -0.7736171909490006 -0.3099429173249052 0.2069960492872
9 17 0.4546101766280581 0.46185416568848403 0.46688856791587807 0.4499207193349686 0.47311178177091856 0.4954519961965186 0.17040159059778634 0.11014772909371995 0.06997024971268001 0.001308996938999829 0.036826447217200006 0.06859143960360026 0.01745329251999994 0.05797248899669471 0.08133234314320004
9 18 -0.6918266019136381 -0.15876988709715484 0.32570471532549194 -0.47183580064418396 -0.280534624655594 -0.219413194250554 0.33748880300594686 0.62610196256996 1.4296864567758 -1.0032152540496 -0.7520623746868 -0.4262966698010004 -0.09093165402920003 0.262782283747179 0.5066690818555999
9 19 -0.8660150185133919 -0.8141176532051718 -0.7717236056740919 -1.3411294686374686 -1.2690124639448286 -1.1157987355580083 0.19153467198077756 0.27810076301368003 0.0909491073217199 -0.1144063324686001 -0.04563576696808414 0.02687807048079971 -0.249494816573399 -0.08011979861023152 0.02260201381339977
9 20 0.022302883772139414 0.3514318381264561 0.7240954126780306 -0.7278274599146315 -0.5003499718552115 -0.40824458390404145 0.2691927039038313 0.36201619344984 0.9281137363358479 -0.7241371066539272 -0.4837868967674357 -0.053668874499000305 -0.2910336527710006 -0.1905348386578105 -0.03202679177420037
9 21 -1.7785131970682762 -1.721368499363918 -1.684597030018156 -0.13184740768383602 -0.103930866298096 -0.09651758030022599 0.19053128543346304 0.13768902469028 0.2551496833498801 0.021991148575200015 0.13428930702625266 0.1969604060882013 -0.002443460952799986 0.06754424205239999 0.09564404300960005
9 22 0.19765974982260162 0.3795885077279551 0.572076507607727 0.12457655994545706 0.1900264068952825 0.2490185356128825 0.2304518275419127 0.10646508437182545 0.6630854894190721 0.2220058808544001 0.3467234348245432 0.48781952593400013 -0.18561576595020002 0.001993349724652643 0.17566738921380012
9 23 -1.2487679536185676 -1.2333226624029936 -1.2175614665928076 -0.9531067542611681 -0.941395594980248 -0.8945771377953482 0.1679040363943604 0.08653342431416 0.06511823439211972 -0.05864306286719967 -0.023892638865536824 0.00872664625999997 -0.0678933079027999 -0.039609788076968404 0.00034906585040017646
9 24 -1.4962492904927511 -1.368819311145727 -1.1772860063666213 0.006582509273918 0.406611973832318 0.6689611403466981 0.2710887137790703 0.4611683482559601 0.5106658858426802 0.010122909661600676 0.26877151886456857 0.4827580711031998 -0.6424556976611999 -0.17880438889568417 0.27401669256400085
9 25 0.7237859561063469 0.781638384822391 0.8518625799412368 0.44218915315564306 0.453634149725633 0.467958939561423 0.18120542444592833 0.03888593573456006 0.25206045057383997 0.06675884388900044 0.13266339503886312 0.18343410438519947 -0.06702064327680002 -0.014991459680336853 0.03700098014239983
9 26 0.46178158908100353 0.5318041986712435 0.6226965827922735 0.7698880041133115 0.8131459896241316 0.8541961336311715 0.18974234856767672 0.09096656061424013 0.20113174300047998 0.012130038301400026 0.10585881210551577 0.17078046730819946 -0.0782780169521996 -0.0223494003690316 0.08621926504880029
9 27 0.5046599169977575 0.5887874049380355 0.6369951442075276 0.47982582099632803 0.49663770501621807 0.5433645324153881 0.23705344822236976 0.6009168614628321 0.34028684426244005 0.05829399701680005 0.17909833908549477 0.19800760363939962 -0.4283037984408003 -0.3162720323488591 0.01937315469720008
9 28 0.20108044971282454 0.20894839398084053 0.2154445094567845 0.26592243726905956 0.26958326537512955 0.2847938098063096 0.16662477224788985 0.08306021910268002 0.05422737985964002 -0.016144295581000112 0.014963901850042116 0.038659042931799975 -0.03979350694560041 0.024765303491536855 0.0511381470835999
9 29 0.6374904298645385 1.2147057200854727 1.800106604497553 0.01993461742123466 0.03958266147560721 0.07066261213059721 0.37091738775523536 0.09508553764896 2.2502180980166404 -1.4773339453554002 -1.1843253147456003 -0.7541567697891982 -0.14556045961680003 -0.03745109137054737 0.020507618710999993
9 30 -0.16186338623427893 -0.08857701094283116 -0.030208837432788946 -0.6157815398140936 -0.5252818547747635 -0.49627884592965354 0.18695079569344938 0.17317156838344 0.19277161588359373 -0.003665191429199962 0.10145874520189146 0.13700834628287273 -0.03525565089039978 0.0637871911888842 0.17654005383979932
9 31 -0.6684126221475011 -0.541591762709425 -0.450704614576151 -1.074972720916328 -1.045197403877208 -1.0146803219059881 0.2128407108683755 0.27351054708092004 0.3879168795495201 -0.27026423467220007 -0.20416677871027375 -0.09730210579899978 0.04756022211700017 0.1439529195162737 0.12191124825220001
9 32 -0.8028861200980055 -0.3171915325283513 0.11526614953206996 -0.28739483520585857 -0.14981053027087304 -0.03896903279948305 0.30806203385501096 0.3045250478887855 1.43207755785104 -1.046761218887 -0.7537250304479158 -0.4121595028598002 0.02836160034508716 0.1602763409940976 0.23361232038020013
9 33 -1.262881461653099 -0.992339719629831 -0.723836522172899 -0.457530694244235 -0.210252445820875 0.020453901355094103 0.2888294825254055 0.7113612965305092 0.6008121417084801 -0.45649086586059984 0.01987838158593684 0.3856304982294001 0.05558873667619903 0.372949303322289 0.486074196682
9 34 -1.1534741884945399 -0.6508577611620664 -0.2314341979553727 0.1924284162783475 0.22568566517520752 0.35203877637374753 0.3233133708039742 0.29681069259494547 1.63671741264804 -1.1413580643453995 -0.8614302171831789 -0.25045474766199893 -0.17636552091460006 -0.1417207352624 -0.0015707963267999614
9 35 2.922290675604014 3.105749173941192 -3.0061128278956857 -0.8883841278334165 -0.21604403005493378 0.12724041719772894 0.3897215766375474 1.13540649159608 1.1003689255470794 0.17706365261540125 -2.726121618133116 0.7261442352946013 -0.16057029118400012 0.5971230668263579 1.0752100856945996
9 36 0.8696900031787564 0.8943436515278824 0.9358728884145966 -1.085493662610896 -0.725100625365416 0.0003367515828222069 0.29349558307464846 1.6404349639548 0.09957103382659993 -0.09669124056079892 -0.014376001470421016 0.08779006137560053 0.21589722847240034 0.8633868231341052 1.3685126664931997
9 37 0.48967815614385746 0.4756788702135656 0.5508039498720274 -0.06766481521483415 0.007798858318463485 0.02689276033539584 0.22094298931627157 0.37346555334243636 0.30260518571176004 -0.15315264186300026 -0.1592658872167158 0.0644026493987998 -0.04633849164059997 0.17740812549377827 0.34129913522598204
9 38 0.8100600535813172 0.8225217044405969 0.8386878166372469 0.0962120991997191 0.1187224832273891 0.40447651501074006 0.19762158640249522 0.3904301536720509 0.055571283383680115 -0.08124507668059999 -0.014541348452189462 0.05829399701680005 -0.005497787143800073 0.20548955456423731 0.39906953346979995
9 39 0.22076650316020147 0.37807826463070004 0.5319587087918014 0.6200696683427349 0.670330787477205 0.753364826641105 0.21691850311821506 0.11894418852379995 0.38357100971204 0.1005309649152003 0.20187947879581053 0.4024729255112 -0.07382742735960013 0.0626022044862105 0.1516691119987995
9 40 -0.43833469046611295 -0.3509914333790075 -0.25817307842841297 -0.2380102107264389 -0.22037365863497893 -0.2145660755489489 0.1827098585607168 0.04593706591263999 0.27195720404698903 -0.23439771854360011 -0.13269095286934166 -0.005672320069000092 -0.03577924966599991 -0.024177403111915786 -0.01431169986639988
9 41 0.7653872363047166 1.0617877765253545 1.3783599595765066 -0.23167408376409804 -0.061303768830467106 0.0044951439698953715 0.3506133358622918 0.907536304454611 1.3071294366951238 0.4102396406826003 0.6879628614184863 0.8829620685868 -0.04782202150480003 0.4456284877525558 0.7722209275473995
9 42 0.25823678294611097 0.49119198686291554 0.927644727581321 -0.300133411640371 -0.15613065838080642 0.11284203264508812 0.267193507919288 0.2625847859630509 0.6240773806376401 -0.18701202935354544 0.32846177928296855 0.25743606467000024 -0.020245819323200243 0.1382025189279216 0.35150931135280006
9 43 1.4471186599012533 2.0038097507866794 2.5704256564630796 0.08417718134255311 0.1771595972426786 0.339195964998184 0.3544183927595355 0.399331332857251 1.8121230024792756 -1.0997319616851997 -0.9537489486733027 -0.6211626807867998 -0.36730454108340016 -0.10465545351597896 0.05742133239079998
9 44 0.7152245828294621 0.772599663995084 0.8044807207767419 0.477712324235668 0.533253064357438 0.589465756241228 0.19979793701307905 0.24378758991935995 0.14709634935855997 -0.019285888234599757 0.07741913124134736 0.2036799237083997 -0.061522856133000015 0.003150778597031571 0.16685347649120053
9 45 -0.24350586468868457 -0.10264557674783734 0.048801878435751844 -0.7094895278709019 -0.6294487283741819 -0.28769144421693194 0.2375869339132154 0.5743180436638181 0.37580429454011643 0.05890486225499987 0.19779173396848232 0.2720968303865382 0.07810348402700007 0.30227265455990426 0.49602257341839995
9 46 0.5262108547508966 0.5979787935931367 0.7077207336357665 0.515323684802199 0.5915203966213891 0.5951986780199789 0.194622559020232 0.18479546120176005 0.2547308043294001 0.01466076571679964 0.1340688443838948 0.1394518072348 -0.21354103398220026 -0.09726076905355792 0.01771509190779952
9 47 -2.9386492834101796 -2.69489223675273 -2.349225415071 -0.4136779452117436 0.05614287281083194 0.07888887628752193 0.1661030169948939 0.4786740006533455 0.6541494036495998 0.04319689898699908 0.34428915981557884 0.13491395117960048 -0.03351032163840029 -0.25193368455439236 0.03892084231959997
9 48 -1.9127760919516335 -1.5430455432100474 -1.2032168478776541 -0.6706008286971961 -0.6328711735920861 -0.5796255414366961 0.26576659140188913 0.21067869400891992 0.992219679758509 -0.6906267850164016 -0.46581000547009976 -0.26110125609919876 -0.06134832320780048 0.10874319834303153 0.30150562828299976
9 49 -0.20558204170428956 -0.09546921919590015 0.045754097229446844 -1.0407704247112661 -0.9849286152935259 -0.9040675110483659 0.20139532468828536 0.1803448716091599 0.2679953066440764 -0.21938788697640002 -0.14105016139161916 -0.03185225884900014 0.054977871437998926 0.09491835347850522 0.14791665410699983
