0 0 -2.323224017149796 -2.256684236514154 -2.147002877932233 0.3019002272481338 0.33033141471184463 0.39 0.2103546203545846 0.12 0.4899999999999993 0.09668585288155951 0.2578947368421049 0.3429351410322812 -0.10234400600295318 -0.005263157894736847 0.057599431818178004
0 1 1.7799999999999998 1.8327508651207485 1.8499502978898212 -0.32 -0.30853152234020553 -0.28853119187095694 0.20299018301583827 0.27454535024516974 0.25770962479608484 -0.10000000000000231 -0.012792015471447931 0.0973119798231814 0.0 0.14449755276061566 0.08171847956330469
0 2 2.814903200316081 2.9454910648165447 3.1118361912369656 -0.08710825619979143 -0.04814515047176175 0.09796122208894557 0.2366067491875371 0.42 0.5099999999999998 0.0 -3.0368421052631587 0.3109416226063444 -0.3346701025925425 -0.22105263157894733 -0.049936135010174756
0 3 -2.961298937453911 -2.6950803513307044 -2.47537612628344 -0.2625 -0.11297319446815957 -0.09 0.2641554832408619 0.3319939091730519 0.8315368107417309 0.21583697661403445 0.43765095302196366 0.832919562146055 -0.31731916605215515 -0.05789473684210527 0.10132294022841173
0 4 0.27271595967910167 0.5384708110698073 0.8309138538368931 -0.665 -0.5516860881608475 -0.21310551395506988 0.3234610746045358 0.59 1.3317211929672998 0.2992454989432086 0.7009058910354209 1.0168645383163328 0.10000000000000009 0.31052631578947365 0.33240942112813865
0 5 0.3619743775183388 0.46895488311837186 0.4937100069252091 -0.0880256224816614 -0.03 -0.03 0.20855443015247405 0.1405775651569782 0.47315984280061457 0.06444552983500967 0.2490314962108498 0.3361770059801225 0.0 0.07398819218788326 0.13367218223953004
0 6 0.48833233346664895 0.5313570255002488 0.593480532723003 0.16414234085972748 0.32023300604229676 0.4212428145574485 0.22862811066959582 0.4635322446477827 0.2105967339433481 -0.33633700038376596 -0.11084038628597269 0.154199101896349 0.10027609900904566 0.0860696024462014 0.3472551419316051
0 7 0.020000000000000018 0.06426846459376666 0.1200000000000001 -0.23 -0.20790610538886412 -0.13336093894706857 0.18363340582600018 0.17581221077772824 0.1200000000000001 0.0 0.0578947368421052 0.10000000000000009 0.0 0.0925327425145938 0.175553929365389
0 8 1.7725 2.2291849363953 2.8507331687123236 -0.7925 -0.77 -0.5825 0.3376151895244494 0.6563805084536168 1.1709775582830977 -1.549999999999998 -0.5725898868304128 0.33820306266903355 -0.5132936936936916 -0.3454634255019036 -0.10000000000000009
0 9 0.15336705003665713 0.22271180179837216 0.2670107109535947 -0.17431855835393653 -0.10500000000000001 -0.07347319054434333 0.21482458594618326 0.1299264254955984 0.43957543796925436 -0.33477523782567586 -0.21030286208908125 0.15104275107439225 -0.06637639090469133 0.054042990168150375 0.22936746987951956
0 10 0.5469724678766213 0.8486716265394975 1.2425282220131697 -0.2700141110065848 -0.09435523783337876 -0.004736233938310595 0.25429613767916354 0.3214368503937018 0.8114368503937015 -0.5914436648739163 -0.42707202652300075 -0.057184251968508126 0.0661749508846847 0.1691772896808957 0.2518525137884947
0 11 -1.37813362052254 -1.323692918462216 -1.1099999999999999 -0.435 -0.2794805214382997 0.2209088672058884 0.34958347195304035 0.7737393082154632 1.4373930821546326 0.11483168877767569 0.7542662672006596 0.5040045007944527 -0.46344406031839214 -0.4072312148502437 -0.10000000000000009
0 12 -0.01943008727481426 0.06765430440453545 0.15789002783546202 -0.058159470094315824 0.06942407345831457 0.2320296163483979 0.23192346842830844 0.4590728150565285 0.3670492013874015 -0.36516522681033164 -0.04055221125652662 0.2992076631174739 0.10000000000000009 0.24161727108238337 0.3499248827598117
0 13 0.13397789870797747 0.2597819109070472 0.3881268317331995 -1.33 -1.31 -1.2555491945278492 0.22230248600100763 0.3410131420142154 0.43000000000000016 0.08438859202187232 0.22271835191048836 0.40142958594498956 -0.29575996360640344 -0.16369112737590283 0.0
0 14 -2.8574049754598554 -2.6507593865977017 -2.4140502286972723 -0.28 -0.27 -0.27 0.25247279411798934 0.15362590846584137 0.9534595249002025 -0.5739210239766046 -0.501820802579054 -0.394166924927406 -0.1270015246484829 -0.06612614908779059 0.0
0 15 2.7567747449247926 2.806353756668109 2.8768604418006225 -0.12154642967119514 -0.020989089608769596 0.06162522520651804 0.2137526311071428 0.34 0.3099999999999987 0.059073764264074846 0.16315789473684142 0.29972975974531746 -0.2500000000000001 0.0105263157894737 0.3075519337831686
0 16 -0.6074999999999999 -0.2788438120495608 0.061480333730631845 0.1175 0.1554378683779162 0.27 0.27420444683137846 0.14905670470756152 1.0299999999999994 -0.8499999999999996 -0.08947368421052626 0.7181640591576732 -0.10000000000000009 0.05789473684210527 0.10000000000000009
0 17 1.6600000000000006 1.8261383550623376 1.9731679996319857 -0.02 -0.008291470549422015 0.0 0.214832986791908 0.019999999999999997 0.6499999999999995 -0.43253448797823 -0.34210526315789447 -0.26404675050606286 -0.040031124312412805 -0.010526315789473684 0.0
0 18 1.0694307742739348 1.1270758950362878 1.2971308702426 -0.33767266715650257 -0.325 -0.30421956941760986 0.21705017695738263 0.09000000000000002 0.6122388360552201 0.0828138104556908 0.3222309663448527 0.3618488747804549 -0.08448444771001706 -0.047368421052631594 0.0
0 19 1.1800000000000002 1.27247953417082 1.373888028222296 -0.19 -0.19 -0.18695283003609592 0.1901519498954416 0.010000000000000009 0.3930710132158599 0.1667537194295765 0.20687948063992626 0.29843840845475644 0.0 0.005263157894736847 0.0
0 20 3.000615506233288 -3.115889821808275 -2.9496211058097104 -0.7913089905362775 -0.7351922045585207 -0.668473402169651 0.24436601516037665 0.20537996297385352 0.4578910451453515 -0.6331327486681837 -0.16069251750652488 0.3000000000000025 0.0 0.1031281158591872 0.20000000000000018
0 21 -0.2440641295714342 0.035999255072350786 0.49061562477570997 -0.2801857454883989 -0.265 -0.2564803243131588 0.35911624510973816 0.07999999999999999 2.21 -1.7613028146958025 -1.1631578947368422 -0.5580618011596343 -0.04999999999999977 0.026315789473684206 0.10187174085713097
0 22 2.33074765153593 2.5530736289162594 2.785 -0.07250000000000001 -0.06268480066445214 -0.06 0.21595381726088184 0.04233646461876026 0.6399999999999988 -0.5058278009718764 -0.3263157894736838 -0.1309533546690811 0.0 0.005263157894736848 0.02684800664452154
0 23 1.5025 1.6298026955682983 1.8000000000000003 -0.22 -0.145 0.05827575964594349 0.2324787501692615 0.39 0.3000000000000007 -0.3275809879564817 -0.07368421052631562 0.13275759645943852 -0.3655151929188697 -0.1631578947368421 0.0
0 24 1.6974999999999998 1.8444078410186102 1.962864333652925 -0.19103498024592688 -0.14758344716472238 -0.1305785340695119 0.2270990324118161 0.23616518870550118 0.5917516681321997 -0.41742661439171935 -0.3114482463853683 -0.10000000000000675 -0.1482441430755592 -0.11285688367230537 0.0019422347140196639
0 25 2.8575221170395864 2.8988627122692607 2.97 -0.22732485231630228 -0.2 -0.1159029922619641 0.20527136791420583 0.22 0.34652532431686556 -0.3496090176706268 -0.18238174964045556 -0.015579898245248192 0.03464885419470355 0.11578947368421055 0.16452452056262312
0 26 0.28052805599597813 0.2737489384164438 0.33000000000000007 0.13 0.155 0.23 0.21063490951969369 0.18700824408659994 0.45168040681099997 -0.09999999999999787 0.2114107404268422 0.24001126357876143 0.0 0.09842539162452628 0.11785209582311738
0 27 0.2800701251384455 0.37324288925293486 0.46001320439268356 -0.34 -0.33372623652462086 -0.33 0.1905765953867761 0.02999999999999997 0.3768609428741233 0.17245377595074912 0.19834786467059123 0.21381167447517446 -0.013924999128707982 0.005263157894736818 0.0014039914399058273
0 28 0.14000000000000012 0.5271432927518017 0.9724999999999997 0.2225 0.5349999999999999 0.693156796938712 0.3339859970004892 0.5900000000000001 1.4500000000000002 -1.5500000000000003 -0.7631578947368421 -0.08944411097770666 -0.6 -0.31052631578947365 0.0
0 29 -2.0573314660083573 -1.9887831087326666 -1.9298960489181582 -0.33 -0.3216990337025687 -0.312551975540921 0.1763575399324636 0.02635914869836531 0.13000000000000078 -0.13445689327762134 -0.026315789473684584 0.19999999999999574 -0.05800248276794456 0.005263157894736847 0.0487860805175136
0 30 -0.693231730120142 -0.36416945112708315 -0.052500000000000546 0.04 0.06 0.16765628080310271 0.2599104655289567 0.17591328709870085 0.980646330571026 -0.7499999999999951 -0.5161296476689611 -0.26709808161849535 -0.1 0.0591543102177793 0.21382703292155059
0 31 -0.5599999999999992 -0.4710993221005312 -0.4176859667185365 0.08348988348528355 0.19 0.2125 0.21121680674217588 0.14 0.4570020542855893 -0.4254318338133159 -0.2005823887965211 0.049999999999998934 -0.06268833433518636 0.06315789473684211 0.16647902232486328
0 32 0.02841273208119201 0.5207052767104325 1.150947630790289 -0.27578183139019796 -0.255 -0.1870633289604188 0.32871487620916906 0.33664979504544723 1.5265223214285726 -1.3087098842651612 -0.7280790552392382 0.10000000000000009 0.0 0.17718410265549855 0.2966273774141187
0 33 1.117907395693981 1.95759546366806 2.5718499404019224 -0.11 -0.0849180999497637 -0.02922713346286088 0.3356297954371162 0.09000000000000001 1.8946948050845493 0.2973634571288475 0.9972077921497627 1.2314261292102202 -0.047864287443113995 0.04736842105263159 0.14773659750728363
0 34 0.874601350816326 1.4365571953859682 1.9961999024414145 -0.0924918583132862 0.04261060953679749 0.1251688069541854 0.3998640328948727 0.21379057059592066 2.398525872498018 1.200447748153727 1.2623820381568513 1.3482203434178543 -0.29921786855390753 -0.1125213529452214 0.1479839296405698
0 35 2.7520249648691384 2.759484228912081 2.78 0.29588014076731967 0.32195530971508807 0.35800498177399787 0.1744975990085974 0.12 0.09310888252149052 -0.1359945891388481 -0.015256287821702127 0.1010574086238969 -0.11760281534639344 0.031578947368421054 0.19693163665819857
0 36 -0.9624999999999995 -0.6749915664781384 -0.4599999999999991 -0.38 -0.3718033359968036 -0.35 0.24097124728415442 0.04633228840125453 0.921869452673584 -0.748488574724962 -0.48519444877557055 -0.21428904817466954 0.0 0.0243854149480287 0.06362808203823705
0 37 1.4145305953373395 2.0165263166140734 2.7523734287709503 -0.16500784257806977 -0.125 -0.061096033794388424 0.3643644090604664 0.24743192871993944 1.9621639503701684 -1.4768733172692161 -1.032717868615878 -0.633310912579057 -0.24953214022185508 -0.05219375806015887 0.19999999999999996
0 38 0.3340021247306669 0.79432413824142 1.152561509829364 0.3597531870960002 0.43 0.44 0.33629868607505575 0.44 1.5841778239458306 -1.3104185856680783 -0.8232514862872794 -0.26120037365716636 -0.409421060478084 -0.23157894736842108 0.0
0 39 -1.5900000000000003 -1.4907379394227878 -1.4316784272539314 0.05 0.0591412815126046 0.07 0.19964208418466936 0.030000000000000006 0.47999999999999865 -0.4999999999999982 -0.17862671384342632 0.0 -0.04023630565180323 -0.006167072091995154 0.0
0 40 0.09460219738587122 0.17937966653543272 0.24167934186241072 -0.08169164109044968 -0.07 0.18486350608466928 0.22778328028548717 0.3370608439646739 0.4474230074459204 -0.3963206220163139 -0.1114400312935242 0.24117536542521523 0.0 0.17740044419193363 0.20620744980703593
0 41 0.33844558369231614 1.2946567973559362 2.562488374671277 -0.02659359425245289 0.1969684867530879 0.28 0.4539256260749113 0.34620314495881577 3.0603445722272733 -1.9822582925300354 -1.6107076695933016 -1.0672633601526291 -0.061375733468991556 0.14972029641662507 0.3606751411440337
0 42 2.405644261424017 2.643948697618825 2.8815776564238744 0.5855970149253732 0.625 0.6839519128586611 0.23968485233776624 0.2300000000000001 0.7354696810375061 -0.5695354419628251 -0.3712357736844305 -0.21304539383584897 0.0 0.12105263157894741 0.21268656716417866
0 43 -0.011601439496176608 0.014533356004151954 0.017541634578359333 0.19315033349027347 0.21000000000000002 0.38902776403772626 0.23823953809249218 0.6826008550765336 0.26988219604356634 -0.17924612170511672 -0.1420432610755612 0.0 0.13426472741471407 0.3592636079350176 0.532721318487257
0 44 -0.1699594155844159 -0.041175413712322285 0.10936641423036485 -0.10824856023157838 -0.08 -0.013479677203369355 0.21966151495871888 0.14 0.5199999999999996 0.178203499220786 0.26842105263157884 0.40000000000000036 -0.08360389610389651 0.07368421052631578 0.21104728624599603
0 45 -0.27500000000000036 -0.13758717577393698 0.025273893447361213 -0.53 -0.27 0.002910840171041453 0.2883785042126207 0.8 0.7299999999999991 0.2647947183098379 0.38421052631578906 0.4999999999999982 0.29197743778081586 0.42105263157894735 0.5774436370411871
0 46 -1.1879037362346256 -0.7525521798560068 -0.27025929747431576 -0.3271505546036613 -0.26662905798301273 -0.21499699012761933 0.32373558150236875 0.12265211262254064 1.7425131234528637 0.351255266764942 0.9171121702383495 1.4646637128275175 -0.1687622730890087 -0.0645537434855477 0.049999999999999906
0 47 0.73 0.9820137535816617 1.195 -0.2 -0.17 -0.13 0.22135669078849934 0.14 0.46999999999999975 -0.5500000000000016 -0.24736842105263146 0.049999999999998934 0.0 0.0736842105263158 0.15
0 48 0.43293126415345684 0.3672434076130644 0.500728599643528 -0.07831190299759318 0.03338710396149785 0.15610088225472768 0.2999334589379127 0.7906428415776869 0.8308584117242921 -0.44416730633781765 -0.4372939009075221 -0.0023635269369298717 -0.7212369713865273 -0.22888030295929784 0.3006242034105753
0 49 0.9375 0.9776753915264047 1.0299999999999998 -0.22 -0.21 -0.20750000000000002 0.1748924209862978 0.03 0.17999999999999972 -0.10000000000000231 -0.09473684210526301 0.0 0.0 0.010526315789473694 0.01026491186521386
0 50 0.13000000000000034 0.13512543169390995 0.14000000000000012 -0.15 -0.14 -0.13 0.16225316921506897 0.06780962955486053 0.01780962955486015 0.0 -0.0016371711744878497 0.0 0.0 0.03568927871308449 0.09999999999999981
0 51 -3.0622803598200914 -2.9574197058764273 -2.855 -0.03 -0.03 -0.02 0.18885807993521786 0.02 0.36603438566270263 0.061452150137479844 -3.112613481230157 0.23685071270876268 -0.049999999999999996 -0.010526315789473684 0.0
0 52 0.9596667508842863 1.2748077207833073 1.5699999999999998 -0.1188405991804928 -0.09 -0.04750000000000001 0.27576534588124124 0.18 1.1633132766514054 0.3287719829180613 0.6122701456060028 0.8849959732483681 -0.18924951656998149 -0.09473684210526315 0.0
0 53 0.1237345469951942 0.24985133305449364 0.4325562516997863 -0.05 -0.05 0.006312093501419172 0.21813757463673078 0.2633646260302347 0.3166353739697652 -0.21687596227867284 -0.1666501968261922 0.02176854365531125 -0.29739122676429464 -0.11229717159486038 0.03330212234707107
0 54 2.9694233503041523 2.989667321054801 3.0259140554903716 -0.21 -0.195 -0.14134481860788015 0.21132686796352274 0.22 0.41000000000000014 -0.16828110980742883 -0.21578947368421061 0.0341777642566532 -0.08695537451763019 0.11578947368421054 0.15
0 55 -0.8498213901593986 -0.711096274135772 -0.5897334062316677 -0.5478264634651164 -0.48 -0.4287402733608501 0.2102938593301708 0.15999999999999998 0.3351132802298249 -0.3495436623036663 0.059771674439881295 0.5218593553334749 -0.1438174581726026 -0.07140014166694737 0.0
0 56 -2.9425 -2.7137677149254262 -2.516433301300483 -0.3025 -0.2246917509159333 -0.21 0.24151738583067062 0.0935717417996837 0.8471434835993676 -0.7171733705914329 -0.4458649913680883 -0.14558161216968513 -0.11477621815775121 -0.043985127262991405 0.06505302404786736
0 57 0.7675937921028084 0.853073673899536 0.9699999999999998 0.2875625280685389 0.450781702875771 0.6502225432501417 0.2688016631191963 0.7408502422242502 0.3091497577757498 -0.40157660879925117 -0.10044749590750009 0.3027452923686724 -0.7731754400276636 -0.38992118011802646 -0.046687016804974335
