11 0 -0.8802077935836216 -0.7348942980559795 -0.6219339708726614 -0.11027315039300406 -0.08586035748065404 -0.07565890800271405 0.19318213872833603 0.04508185457916 0.39248964218976 -0.3131993342714001 -0.2065734958893474 -0.018762289459000048 -0.0330739893254 -0.012924622408231574 0.02967059728399994
11 1 -0.05775847182470285 -0.047776933832506994 -0.033502758545032846 -0.1694641012012859 -0.1668024740919859 -0.1627925801355159 0.16499656132227783 0.028937558998509083 0.08710938296737236 -0.03560471674080003 0.030625935400884215 0.1058542191338 -0.008290313947000028 0.015230294209741623 0.033597588100999776
11 2 0.0792162283879638 0.1729412818854785 0.26132824586547193 -0.039733583974672845 -0.020927661284372845 -0.019335048341922845 0.18932882904930454 0.04003785304088 0.3536211597484181 -0.015620696805399847 0.17716010502179902 0.28283060528659987 -0.014486232791600002 0.018913857525621053 0.0330739893254
11 3 0.0774023949628228 0.11599773337720405 0.20619460379173088 -0.076393497692353 -0.054768868260073 -0.039693586845923 0.18772881738318276 0.041102503884599996 0.3048566604475381 -0.23710297888769064 -0.1604508739197569 0.029321531433599904 0.005497787143800004 0.021632896781368417 0.03429571980179999
11 4 0.230843404003658 0.23523465240168995 0.24028563525697796 -0.01450276493812201 -0.01209421057036201 -0.01092047664839201 0.15809447187847298 0.01117010721276509 0.020821777976360006 -0.01727875959480027 -0.010958830513873688 0.0022689280276001755 -0.009512044423400003 2.7557830294737624e-05 0.013875367553399997
11 5 2.831249017346692 3.0929717983325977 -2.927809552154578 -0.11195254498433416 -0.06989883665739416 0.03626517841863584 0.32985174568444087 0.2049016541848 0.7726484518990402 -0.6789330790280013 -3.036124286887748 -0.18291050560959699 -0.25281094215219996 -0.1028825664334086 0.04206243497320003
11 6 -0.07324342079935293 -0.07167960578956095 -0.06809033618282295 -0.2504662862274165 -0.24547464456669654 -0.24401729464127653 0.15686270764067176 0.006702064327679974 0.015446163880199995 -0.007330382858400028 0.008129559936947367 0.018500490071200054 -0.006632251157599883 -0.0017820730257262964 0.009773843811200084
11 7 2.4317522660746715 2.5668966007155354 2.791503894820041 0.11568711325130117 0.16167653904150114 0.25315797178455757 0.28520641483574527 0.38090065595595646 1.0700613644012003 -0.20341812432060014 0.389061448101095 0.7894996871422011 0.04616395871539995 0.20047402945050338 0.2561270677310002
11 8 0.05600591884883489 0.09007387318326636 0.15513189371617492 0.055376873097535056 0.08282217558523505 0.09973005271398505 0.19260607181397169 0.19430750562516 0.23015656846158905 -0.10637781790940007 0.06014037164654738 0.20394172309620007 -0.20786871391319994 -0.1022671082237684 0.054541539125000024
11 9 0.1725100484744305 0.35655327276796767 0.5435103242480678 -0.18940642489482812 -0.17212330197654904 -0.13719926364368 0.21151486032305883 0.07785913793241814 0.5653295980144473 -0.40692351510380004 -0.29754189369181433 -0.15786503083903697 0.0035779249666000046 0.03919642062291481 0.07923794804079995
11 10 2.835492736955137 2.937109728931639 3.0341242958021266 0.002725234664255766 0.00547849155928402 0.012294002288344019 0.19029617773205917 0.015550883635313019 0.2762507140065602 -0.28571039855239677 -3.2480944817457265 0.15577063574099936 0.0015707963268000048 0.0070915483291752734 0.02076941809876509
11 11 1.141522076813332 1.326724199730459 1.5864283197637818 -0.2450786002700151 -0.06089836763028321 0.1478779174939568 0.3255304500491336 0.83561128598004 1.1349701592795896 0.35037484733900004 0.5973527154103103 0.7319910882887992 -0.5538802381222001 -0.4397954136737052 -0.24452062820519985
11 12 -1.326693220136585 -0.998516342889147 -0.565140617642035 -0.24264604762504005 -0.22913283589143008 -0.20824997139125007 0.2566637400146686 0.14248868013328 0.94584628153636 0.10794861423620045 0.497813832387558 0.5692391355397999 -0.19355701404680029 -0.07497567028854739 0.05052728184540001
11 13 0.737600915873529 0.9399631159966692 1.171607577645239 -0.25659530078460496 -0.22680253045296495 -0.1527176670283459 0.24095294228978045 0.1003913385753891 0.7591309581574 -0.4335397861967982 0.18442618627581056 0.5749987220713998 0.002792526803200024 0.044956007154147375 0.15227997723699982
11 14 0.1408668814072659 0.21229360838091443 0.264396922541045 0.0940314557435658 0.1103808275116758 0.1648525534665958 0.19361117761682323 0.09723229262961813 0.312344122938269 0.06265732014680003 0.16439164365172054 0.24233896664194537 -0.12889256526020004 -0.01624074798703157 0.035779249666000046
11 15 0.0056143848341149785 0.05777267686561719 0.1054210381098048 -0.14592208214146318 -0.13445963227895324 -0.046695750842133205 0.18429780153863795 0.12248720690536001 0.21293016874476797 -0.20210912738160008 -0.09107862912447272 0.024870941840999992 -0.004625122517799979 0.06176628363393685 0.10786134777360001
11 16 -0.15901471800666084 -0.11742090393762825 -0.0332942886620581 -0.1389879375046741 -0.10636773378479411 -0.0979028869125941 0.1926314141321796 0.08119271680304001 0.17962928661545602 -0.045902159327599695 -0.07873272115206315 0.1560324351288 -0.054192473274600125 0.03538425409844211 0.10140362954119991
11 17 -0.22140722187477518 -0.18097230642896917 -0.13055847098487064 -0.09405479129308386 -0.07585100719472387 -0.06823264500974387 0.17519969791317816 0.06222098783379999 0.17266542290053452 0.014660765716800195 0.08854330873708131 0.16432274907580008 0.017715091907800004 0.032747888333578945 0.04110250388460003
11 18 0.6018024221337115 0.966543947210637 1.2752682572798215 -0.3010036521977715 -0.29702430150321146 -0.2715904909784415 0.2865535461056999 0.08499753457239997 1.4098595164748253 -0.8690867010334002 -0.7420313244604343 -0.4509058122541998 -0.07120943348159992 -0.03733167410593686 -0.006283185307199568
11 19 0.8681876140615855 1.0608571281837436 1.2708001659129453 -0.03248033497286005 -0.024971055866130052 -0.005069939070217505 0.22850121915575458 0.04764748857958255 0.7452381373114799 -0.5947209426189992 -0.3922305985849894 -0.0292342649710009 -0.057944931166399996 -0.015239480152980284 0.030106929596999954
11 20 0.6634701405946275 1.6098574742000675 2.4257116330482527 -0.12736409316776098 -0.049404598804051 -0.00034339353033100003 0.3740511604766573 0.13309880875752 1.6380962227588656 -1.8778870086893997 -0.8621559067151923 0.3118030708698005 -0.21101030656680003 1.8371886863143078e-05 0.08491026810979997
11 21 0.3678636767016315 0.5534803153164749 0.7602878690444416 -0.05178168876386811 -0.0438535306366581 -0.030850827709258104 0.2237849934067867 0.0810181838778051 0.6969797834935055 0.2061233846612004 0.3668314649965818 0.4333652532715995 -0.04485496177622547 0.020291749040357895 0.06824237375320008
11 22 1.0603542309521332 1.1424937888743831 1.3093952619200129 -0.05203243439979695 -0.01391008021297822 0.004987472263060505 0.26848314505222776 0.3711442654379745 0.70027845577996 -0.2749766236526008 -0.0640352116615369 0.34365532971880053 -0.09756390518671273 -0.19533908707261816 0.10533062035811279
11 23 -0.3996756960160689 -0.17964552787450705 -0.024128837539383337 -0.0938267674073619 -0.0643088864329119 -0.0564025449213519 0.2140203278428949 0.051312680008799995 0.5811771876241781 0.08831366015154914 0.3058827303285148 0.48537606498119984 -0.0008726646260000248 0.02582168698616841 0.049131018443799995
11 24 -0.060648009845435 0.11808417753487699 0.26359489526799496 -0.041338026370806205 0.00017462988794397913 0.04614660238569379 0.22020991088449565 0.27223645672765817 0.43984042479651997 -0.03516838442779974 0.19758964321326317 0.41250856871020003 -0.20367992370805094 0.025885988590189483 0.22156954854174907
11 25 0.7111568506006416 0.7910562784279496 0.9878569868895914 0.008793647510731495 0.011385461449951496 0.028734034214848946 0.23296790028757108 0.057962384458920005 0.5278748322674001 -0.6586872597047997 -0.27782885908810523 0.1302888286617998 -0.0013089969390000025 0.024425423584568416 0.043196898987087284
11 26 -3.0629973260857555 -2.54295115191588 -2.0397893254544956 -0.04923219905900911 -0.039000206319159104 -0.0239772847825691 0.35794339527037966 0.23972097276254908 1.9893000201687387 -1.3994922607161997 -0.9271878360318834 -0.5626941508448002 -0.10585421913380005 0.08141501663408421 0.041364303272400024
11 27 -0.11956198659760109 -0.1150389658409384 -0.0361570649676511 -0.18794102932793297 -0.17422274140703842 -0.15318279727400388 0.2405606048562431 0.06593853914090905 0.8588416183241601 -0.6580763944665999 -0.4520219043811369 -0.051661745859200095 -0.10096729722819997 -0.025059253681347374 0.08290313947174527
11 28 0.15911667432394394 0.16706141307908284 0.17267788261198397 -0.12276752617575905 -0.11715192930744905 -0.09828492009332906 0.16236381646256803 0.051766465614319995 0.032026791774374536 -0.044680428851199966 0.0032150802010526354 0.04782202150567266 0.004625122517799979 0.02724550821806316 0.04616395871540002
11 29 -1.0264296845051735 -0.6365571635287699 -0.4095692403245535 0.01607351278355002 0.025031415169370207 0.0765055381339802 0.2631520178471804 0.0807389311974502 1.0670070382103747 0.21703169248620008 0.5615826516896708 0.8769406826673998 -0.07653268770020002 -0.04249417431444747 -0.007243116395799993
11 30 0.8264914073425151 0.8578200674159151 0.897037615708355 -0.0274073900578759 -0.017934615542645894 -0.00985374110585099 0.17113669717569166 0.0318173522639949 0.15592771537368 -0.08421213640900038 0.01030662853023153 0.1509709802979997 -0.028361600345000005 -0.008423510126757894 0.005410520681199994
11 31 0.027953144818625104 0.0572563502950688 0.06751975896146512 -0.060339280493284055 -0.05669154235660405 -0.05122429847471405 0.1768778154088929 0.056409041424640004 0.13196434474337093 -0.06841690667838254 0.06945491828598471 0.2087413785392 -0.003316125578800011 0.018371886863157896 0.05419247327459995
11 32 1.5361392268795242 2.1563253959452924 2.740145884718483 -0.07763719022844916 -0.06626200682853915 -0.03574928818044916 0.282060007761806 0.048607419668199994 1.2216083033453784 -0.004450589592601695 0.6399938648178622 1.166927137852295 -0.0652753140248 0.00536459096404211 0.05305800926079991
11 33 -0.5535527949621715 -0.5275325538087294 -0.41438896705395145 -0.06254285563674784 0.49610213134288855 0.8394782083813687 0.3053642079490741 0.7480481174066764 0.6112143040504 0.03735004599280001 0.32169173897389475 0.4077961797297999 -0.8217882783044619 -0.39370953547719806 0.14180800172500008
11 34 -0.308213267967237 -0.15377170045205393 -0.05510125651976521 0.03184513208794584 0.03930641464024584 0.04988310990736584 0.1823721405374084 0.04392993727284 0.25457372469602185 -0.10306169233060009 -0.13106504088140097 0.019460421159799915 0.010297442586800019 0.023121019617284213 0.03743731245540005
11 35 -0.6822983647146463 -0.6187282373690505 -0.5793501187854264 0.06895340149793695 0.08654195703496695 0.08947847350145695 0.18085056453351595 0.0500036830698 0.24823817951195998 -0.17697638615280037 -0.09977771755381053 0.06448991586139985 -0.008377580409600002 0.024572398679473688 0.0433714319122
11 36 -0.14385866663328623 -0.11409382156954555 -0.07224780742372622 -0.061176699164744844 -0.046533386740464845 -0.04581343842401485 0.19248863349778633 0.07054620836584001 0.3506890066035921 0.053756140961599974 0.1845731613703116 0.22209314731350926 -0.013264502315200044 0.03217835984082106 0.03961897402040001
11 37 0.0050866166608554845 0.007505643004126926 0.010610583743435483 0.015624914684431486 0.024015585063473843 0.028933050230983845 0.15777108075826998 0.02247984076581236 0.012740903539605235 -0.01195550537620001 -0.0034631006737052637 0.007330382858400006 0.0026179938779999964 0.010931272683606504 0.01815142422079999
11 38 -0.23042903374983054 -0.08553267191351338 0.06824043449849494 0.010815175116860497 0.07140864342318795 0.07628247535939796 0.19270180016208793 0.09948376736401746 0.33215360994794546 -0.31424653182260004 -0.1711065682999292 -0.012042771838799982 -0.01527163095499997 0.04601239064878814 0.06763150851500005
11 39 -0.1175871465489631 0.04281646569167684 0.28348951556098595 -0.024427870617851948 -0.011233181472714494 0.002205853767686814 0.22275348011627227 0.08070402461246255 0.6569419304527999 -0.5365142120648 -0.34575891076463156 -0.1363102145811998 -0.04939281783159999 0.0040234432230315765 0.10576695267128725
11 40 -0.01468699413695199 -0.013536822159885734 -0.01203845699704199 -0.3163376301917745 -0.27574127179025454 -0.2592784536207645 0.1666275612845529 0.09224065096820003 0.007016223593074907 -0.012740903539599996 -0.0006522019836421054 0.013962634016000007 -0.09171705219259974 -0.017728870822947357 0.08002334620419965
11 41 -0.1290618137162371 0.06510170224573761 0.27341547511844194 -0.17968436145078992 -0.15147984073777176 -0.1012099949570418 0.22668074064274132 0.10958922373377815 0.6977128217798692 0.00986111027379985 0.3672172746209837 0.6109525046625996 0.011955505376200076 0.057678538807251656 0.08534660042280005
11 42 0.08567108621962584 0.14539974388167456 0.15240375016984584 -0.04315859870626979 0.035830639916120205 0.05132043702762021 0.19076372772747338 0.12946852391336 0.2225469329230436 -0.02984513020919996 0.10591392776638085 0.1595230936328 -0.06396631708579999 0.048235388959221054 0.15838862961900002
11 43 -0.09866695327406401 0.023007802864490008 0.113316374350726 -0.3278839043401365 -0.27064583152079646 -0.19063121196285648 0.21619641241947088 0.32464869416469455 0.37400660541108 -0.2544690049416002 -0.19218830847549473 -0.023736477827199995 0.0842121364090001 0.17086773377089184 0.26188665426260005
11 44 0.8005569782112115 1.5479776497516191 2.2994544664733265 0.0815037732608021 0.20234600734597757 0.46297166122383304 0.46816269959126866 0.4948881094042509 2.4964491488889746 -2.1582741530232 -0.956385314434492 0.3881612256448008 -0.5174028567554001 -0.074626604438129 0.37175513067599986
11 45 -0.104058275333492 -0.074275976977364 -0.04908040389549201 -0.179170701354877 -0.169087061601447 -0.156267618245507 0.16367275270625334 0.029565877528879986 0.03939208121763999 -0.03848451000659992 -0.017627825445200005 0.019896753472799997 -0.0020943951024000873 0.009893261075810532 0.024347343065400096
11 46 3.0745944087094492 -3.0692935203685128 -2.951076294004211 -0.2604497149923791 -0.21325601201829908 -0.1651503745107472 0.21258334935109333 0.19067722078030186 0.4689088021734804 0.14006267247299808 -3.058469051487642 0.2972295716156026 0.05663593422740032 0.10035643198963257 0.13107422682519992
11 47 0.018245720481806168 0.33028179280696457 0.574294530199974 -0.21357404979446543 -0.20751775729002547 -0.18774754018799544 0.24811408449058095 0.03534291735299999 1.015694358201749 0.3095341428420254 0.5345759780009205 0.6037966547293991 -0.0006981317007999366 0.018601535448947364 0.029408797896200017
11 48 -0.026163261189292207 0.02728046583618854 0.0705628859565478 -0.19400192756253745 -0.14272415413825384 -0.08418144770304385 0.19596749979238798 0.1780061304120036 0.17997835246624 -0.1727003294857491 -0.058229695412819825 0.024696408915800064 -0.17863444894220004 0.05308556709109478 0.3054326191026181
11 49 -0.025144522201251 -0.006077672787777 0.017991290261929 1.2217304764000191e-05 0.026676484952194005 0.094478163069264 0.17534118861756656 0.16463690834116 0.05311036913836 -0.055152404363199986 -0.007697820595663154 0.042149701435800005 0.01701696020699993 0.08665100439008422 0.14355333097700007
