12 0 0.20377431693153056 0.42987997619898327 0.6195379246967105 -0.13095593228697008 -0.0802933874245401 -0.07223432960343011 0.24792622680786627 0.10428342280699998 0.9284628021859164 -0.6035348553415998 -0.4886646327294296 -0.27375489317619983 0.006894050545399946 0.054886012003684204 0.10690141668500006
12 1 0.0014692278606149795 0.024115747570003808 0.047401930450194786 0.1209745397390028 0.12456555467499279 0.12714864196795278 0.16943239568396165 0.0060562925044400084 0.15713199255756 0.00349065850400003 0.049842929059747354 0.11859512267340001 -0.013962634015999842 0.0003949955675578899 0.01745329252000001
12 2 -0.6788438088645868 -0.6642764182627688 -0.6408349010791569 0.04661479168947946 0.04969966114238947 0.05381863817710946 0.1670047042392105 0.011606439525800004 0.11896164181631996 0.03202679177419954 0.06261139042964209 0.0880518607634001 -0.01780235837039998 -0.005842260022484209 0.0027052603405999798
12 3 0.059655208389313846 0.07939750022331185 0.10420037422348384 -0.1570904925064181 -0.1541147061317581 -0.1455189595656581 0.1735195182335901 0.1472010691136451 0.054803338512800004 -0.004799655442999963 0.027622131898757892 0.05227261109740006 -0.03080506129780003 -0.0766750698233711 -0.0004363323130000818
12 4 0.21603966673171648 0.3500111401152365 0.4799290863109865 0.0023736962640919894 0.0074526043874119895 0.024766270567286898 0.1867138182143068 0.040509091938954904 0.31780700349668 -0.16763887465459953 0.0004960409453052656 0.19652407377520026 -0.0404916386464 -0.02132057470471311 0.0040142572796
12 5 0.015265764709460495 0.05985020045183016 0.034499293066517944 0.13931533218364478 0.14058505921447478 0.1516155400871148 0.1849427597686218 0.02035053907831999 0.3088534644340945 -0.0035779249665999872 0.1625544549653129 0.11431906600599999 -0.008988445647800103 0.0026363657648631614 0.015795229730600074
12 6 -0.1126678875707942 -0.11105084001881622 -0.10950011497841422 -0.7302748478582484 -0.7296945258819584 -0.7290269374430685 0.15554742510040495 0.004084070449679844 0.005201081170959979 -0.00890117918519992 -0.002737411142610515 0.006719517620199927 -0.0021816615649999926 0.0021495107629893916 0.005497787143800004
12 7 -0.7018110972702504 -0.37712051520364753 -0.09846822814619595 0.05711817839607879 0.0745932875317288 0.1286504977892988 0.3060704131209033 0.08616690517123998 1.6082859991329599 0.5866924280598 0.8464663153331368 1.1484266478159992 -0.0986983692006 -0.04535100272170525 0.02940879789619988
12 8 -0.0699022788346658 0.10897215287937004 0.22256690724540606 -0.019769683806903207 0.00041068566927697937 0.026926600330356792 0.20022790323547926 0.04712388980406981 0.27970646592552 -0.34103733584080004 -0.12299978254884208 0.1739220599617998 -0.05663593422739999 0.0248020472652999 0.13404128655394906
12 9 -0.04610093293687495 0.0439170412288699 0.13899559756085506 0.013721196802812485 0.05539093269436485 0.08208574360370485 0.19292718869821524 0.08489281481733812 0.34896113064470546 -0.2525491427643997 -0.17967705352159233 -0.011868238913599963 0.0034906585039999605 0.043872065829251634 0.08080874436759998
12 10 -0.07342711670312595 0.22296207887752345 0.5032776647119295 -1.0138518722871235 -0.9928293814467836 -0.9122126232969036 0.26717345609827287 0.10044369845260004 1.1335040827114 0.3719296636011127 0.5965810961638948 0.6928084465814 -0.029059732045801367 0.05286510444873686 0.10279989294280145
12 11 -0.04223226520577079 -0.04084996443818679 -0.03907321925965079 -0.022284751740442102 -0.021220100896722105 -0.01876791329767083 0.1557264970030744 0.007819075048925091 0.003543018381560001 -0.006283185307199984 -0.0014881228359157894 0.0015707963267999614 -0.001134464013800001 0.004115302657328995 0.008464846872199994
12 12 -0.3323842358164185 -0.02876588647383758 0.2271595957285215 -0.04007741383731685 0.004197225962845516 0.08636296382382315 0.25009969491725775 0.10225884087462765 0.90228286340644 -0.6668903071900727 -0.4709449478501895 -0.1511455132231998 -0.05925392810539998 0.04144697676325665 0.11484266478160005
12 13 2.9935753521669834 3.003532455549643 3.0178485187391733 0.0029249779008814944 0.05711745117549895 0.10936824565724894 0.17374329279071266 0.17048376133536003 0.029408797896200323 -0.04075343803420228 0.014807740811705269 0.04694935687880042 -0.03420845333919997 0.07579321925395789 0.10908307825008728
12 14 -0.009173450548512 0.031336514055034 0.07020412383244799 0.06187027361696179 0.0648504233147518 0.06848943480517179 0.1665605413315337 0.01729621288732 0.10260790672508 -0.07897614865300001 -0.040565126193852614 0.008639379797399961 -0.023125612589 -0.009103269940694736 0.00968657734860004
12 15 0.7590568301459459 1.206361155488644 1.592124298741196 0.07554997036851022 0.08821669741490021 0.09315597919806022 0.29586092863387436 0.23249530965892 1.29334133560956 -0.8597491895351992 -0.6807059661102947 -0.12723450247079882 -0.19460421159800012 -0.12236595245206316 0.03063052837260001
12 16 -1.142767466198146 -0.7935201015560408 -0.26786445543245596 -0.22428969266239795 -0.1186492763616189 -0.08825436743803891 0.36342729173618515 0.551401870584709 1.8068346548443197 0.4796164784497745 0.9509656078127997 1.2278391287837453 -0.5257804371650001 -0.2902115108340574 -0.006544984694999978
12 17 -0.1053922401771468 0.14650414944679924 0.340233951089055 -0.1678440478046983 0.0061478253274295114 0.019469050843246204 0.2809850947392391 0.33787828989537816 1.1147941531292618 -0.941779664378851 -0.5867337648048746 -0.05427973973720003 0.021903882112600012 0.17783067889230428 0.27078783345129076
12 18 -0.2132409343143679 -0.16623747222840685 -0.1219383978184198 -0.37893716054798 -0.34003813484403 -0.22293963200422004 0.2012290299962656 0.37364008626816003 0.15421729270741813 -0.09965830028919986 -0.0681229564889569 -0.013700834628200126 0.09738937226159983 0.1966526769832421 0.2241875424194001
12 19 0.1503845981507349 0.35767560808171484 0.634093873696624 0.00804019856890702 0.03247044477370721 0.03889325642106721 0.2226946440990454 0.03567452991081019 0.6311983239857999 -0.061522856133000015 0.3322096442030526 0.4920083161387995 -0.009686577348600003 -0.005686098984147367 0.023387411976800013
12 20 -2.0197795619126286 -1.8178388588066394 -1.57811090473162 0.0782842225673958 0.1004149974827558 0.1102717444334258 0.20761906186331375 0.07621852843484 0.485777490702179 0.033597588100998665 0.25567236352746264 0.43362705265939994 -0.11082840750199993 -0.04011501496570526 0.013264502315200044
12 21 0.44404012330914505 0.670099531351315 0.979153708649215 -0.04684749752441794 -0.03725254996154795 -0.023804788074887947 0.2128869418440075 0.04775220833472 0.5957855934627201 -0.5386958736298 -0.22579048954821057 0.14573499254200012 -0.058032197629000054 -0.0014605650056210497 0.05567600313880001
12 22 0.06618778185407934 0.20034775079745767 0.40847739143390493 -0.8636322077520989 -0.6898105042222888 -0.556711695464769 0.27096003024057397 0.43221333596527994 0.76117299338224 -0.8385434391237491 -0.400617364938021 0.08246680715700033 -0.3138974659722005 -0.22274994227235786 -0.08866272600159986
12 23 -0.06276010064721495 -0.003836039770442073 0.03976926626152505 0.0783230561432528 0.1083645358933028 0.12818711287289278 0.18596714364628797 0.1457524458345898 0.21024236169592 -0.14695672301840002 -0.10420534228783156 0.00017453292520001884 -0.03534291735300003 0.05442671483214201 0.10035643199034902
12 24 -0.2338704351842175 -0.13656920204977105 -0.00023193486504549513 0.428061585525329 0.589277648532569 0.6754227370881589 0.2376703792818012 0.3184527753195709 0.2837730830828545 -0.13866640907139988 -0.11136119222112344 -0.0039269908169999035 -0.42751840027739996 -0.16760672385240574 0.2646791810658
12 25 -0.09823129970023695 -0.07335250387761169 -0.09450502174721695 0.01192331374778198 0.015056179755121978 0.01584594124165198 0.18062065066539768 0.006946410422960002 0.27768188399302546 -0.011955505376200007 0.1461483599963292 0.007417649321000072 -0.0022689280275999934 -0.0002755783029473671 0.006283185307200002
12 26 0.102253604886924 0.11815617236652201 0.127613238918484 -0.17792749363162808 -0.1615999384798662 -0.15330089788660622 0.16707488043195892 0.0763232481892619 0.06668903071891999 -0.0010471975512000437 0.03509948985206315 0.054977871438000106 0.013700834624709307 0.040170130625927315 0.04607669225279998
12 27 -0.536398632483611 -0.4034944279376889 -0.30851099204997096 0.1302821867142912 0.2049473721141531 0.2570323603169631 0.21300713412487954 0.2901086282667419 0.26783822701192 -0.15193091138659992 0.04804248414715787 0.2850122668516 -0.14878931873299986 0.0560250689888326 0.41041417360430943
12 28 0.15954243769861814 0.1668073707099635 0.17336108205132816 -0.2869580180787896 -0.2657391776975996 -0.24228195255071955 0.16301727272194141 0.07550294344151998 0.01809906434271641 -0.01282817000220024 0.005667727097284213 0.0183259571433822 0.01937315469719994 0.03972920534157894 0.05899212871760012
12 29 -1.3055790995105152 -1.2478392445312252 -1.1598353803222552 -0.007744559186198433 0.07645012393022921 0.0937288835250292 0.23391755558462662 0.26509806008628 0.6229080100388 -0.7328637529147997 -0.3278463210730526 -0.03429571980180013 -0.1411971364868 -0.13952529478225262 -0.012566370614399969
12 30 0.3332028921973731 0.3443197668679871 0.3549715112929431 -0.21565084615907756 -0.20756124507605755 -0.20167075885055755 0.16172666865652113 0.026005405854800018 0.05375614096160003 -0.0029670597283998346 0.026878070480799973 0.047211156266600274 -0.003228859116199967 0.01347577901412632 0.034993851502599926
12 31 -0.12049554382196806 0.39640814876749086 0.8871048499734564 -0.27715988510332945 -0.18163365181823946 -0.05156298931241585 0.3955206253245031 1.0939723751541237 1.4627604461012 -0.9663015403698 0.05458287587044213 1.2985249634880003 0.10183996185446172 0.5757749342916441 0.7612253532597999
12 32 -0.23198087386189298 -0.10230291043829301 0.006880524243697001 -0.8694904538664475 -0.7927177833940976 -0.7454019073723774 0.21660935337539763 0.31136673855679997 0.30131364206528 -0.15620696805400014 0.05693447738892631 0.2895501229068 -0.2792526803199996 0.006834341913094803 0.14259339988840047
12 33 -0.9512699891504619 -0.42271884179770247 0.1305854376718262 -0.009556598800706716 0.05422209539047711 0.0673644246580371 0.27418989750452794 0.11465067856388 1.131095528344338 -1.1259119004651998 -0.5751502901383885 0.08822639368510937 -0.14494959437877458 -0.060342462402042094 0.020333085785799974
12 34 0.0700475774948948 0.09576325869386279 0.12750817979386478 0.14689316394474816 0.16798983127829814 0.18132414676305456 0.17090699518714209 0.038309977080876384 0.12510520078336002 -0.07880161572779994 0.0658448425175579 0.16144295581 -0.04747295565440013 -0.0201631458320402 -0.0020943951024000873
12 35 0.292424631703088 0.7244267828289459 1.034006304231628 -0.08325002365883499 0.265650020462225 0.7509126390420451 0.3396514249919545 0.9113236689318 1.198028905157491 0.2238384765690002 0.6305415290302584 0.7972664023118549 -0.9197012493414005 -0.47964403627989477 -0.04712388980400002
12 36 -0.23483715366454697 -0.19538834924604245 -0.1601719682636379 -0.6649166791739891 -0.6498763043448791 -0.638392037866719 0.1790271167270298 0.12709487613063986 0.10114183015374906 -0.024521875990599906 0.03970164751146794 0.2023709267711453 -0.04459316238859923 -0.04533263083484212 0.03080506129780003
12 37 0.4259208422359844 0.7093614400961061 1.0184557599668544 -0.08334368966208384 -0.07229139217379385 -0.060680589324863844 0.2450555875562566 0.08487536152476 0.9302081314389635 0.006195918844599246 0.4572946359111387 0.7592182246226176 -0.04066617157159995 0.023157763391010527 0.08447393579679989
12 38 1.618779888224122 1.611305515702432 1.726348893348012 -0.01076436664308199 -0.0019417272742200697 0.01123114525524801 0.2311123482544226 0.031049407393114906 0.7703534252477601 -0.3769911184320007 -0.40544917118303164 0.047298422729200595 -0.01736602605757452 0.0029119440677921535 0.0348193185773808
12 39 -0.9333965086130429 -0.5990734544045437 -0.2677279319002429 0.07309632832846505 0.08247747305796505 0.09719932529858505 0.2749131019880639 0.08808676734842255 1.271908692395768 0.466962841372949 0.6694256275767202 0.8388925049738005 -0.02460914245320002 0.03403392041399081 0.08176867545611274
12 40 -0.08423768609001395 0.042867662016015884 0.2532304514302715 -0.08363360824336889 -0.0650327617401789 -0.05310779962588889 0.26121115713841925 0.13889330187450907 1.04604563389368 -0.05602506898919987 0.4570282435514393 0.8721410272235273 -0.12932889757319999 -0.07310173782868899 0.018762289459000048
12 41 -0.16317083176948 -0.15305315809563602 -0.13293300247858 -0.18928633881067858 -0.17086875187947215 -0.13217480236263215 0.17625333131126497 0.08213519459859639 0.16315337847696 -0.11143927274020013 -0.0858701991984 -0.004537856055199935 -0.06710790973940006 -0.030644307287747356 0.005061454830800061
12 42 -1.7856594476905903 -1.533680146795458 -1.0501035244045802 -0.17593709106472816 -0.0350017539656409 0.01600113010096401 0.5035138377313997 0.4069409683966691 3.118510592927201 0.6560692658267986 -1.5276499505018737 1.8055431111940008 -0.4102396406843455 0.012180560990273712 0.05838126347940009
12 43 0.43751608256516905 0.6059804979559649 0.791093609081589 -0.056291086256083846 -0.013652692629697665 0.0029846584650185157 0.23107988009320563 0.09316567547181236 0.74670421388316 -0.11554079648240068 0.3272859785237263 0.6123487680642004 -0.0963421747104 -0.043872065829248616 0.03115412714822616
12 44 -1.1130135294423629 -0.6985824805610135 -0.319656664653243 0.06967252563116785 0.08152767457537785 0.08486998009295785 0.28175266927701714 0.027663468644199996 1.384011190251309 -0.9759881177182252 -0.728426942237531 -0.42943826245459893 -0.06370451769799987 -0.0030497332192842095 0.050178215994999935
12 45 -0.33866659694074847 -0.2490771011062579 -0.23056090307186844 -0.16992704978546616 -0.11004043982612889 -0.10133561018177889 0.22806549938871346 0.286094370988189 0.55827846783724 0.0371755130676002 0.2938307725459158 0.2609267231739998 -0.2688679712723453 -0.15057598473062578 -0.008464846872199977
12 46 2.966884516733707 3.0983954756124255 -2.999362088272483 -0.010127515391576858 0.07507509536792005 0.1768757873139064 0.25141189480384857 0.5676508859203054 0.5404149416279198 0.08665559736179773 -3.0208342412484632 0.4064871827907979 -0.41172317054592744 -0.29876362416858177 -0.10096729722828723
12 47 -0.9524127919582196 -0.45823764955316626 -0.16086670626857316 -0.01903431841545205 -0.01713190953078078 -0.004500089069439941 0.27713114588529536 0.021938788697622547 1.3391911350596 -0.9349728802964006 -0.6920322343614316 -0.1617047551978 -0.012740903539512714 0.011335454194559232 0.04965461721939128
12 48 0.09414975028162115 0.18338145361908778 0.25880847523790756 -0.19653871514856347 0.04023265117793105 0.10862774124068106 0.2231309088748263 0.4337317724146945 0.23726005851630405 -0.09477137838360003 0.04993478849406314 0.2624975195008003 -0.16711527587900005 0.1612776088283234 0.3049962867869999
12 49 0.25737934146931 0.359983757535886 0.46629525293371 0.05904196756409579 0.0755135123798458 0.09048843736200579 0.18392076923587097 0.06815510729060001 0.12997466939644 -0.11868238913600004 -0.06840772073496844 0.03316125578799983 -0.037088246605000014 0.011473243346042111 0.07243116395799995
