18 0 -2.2975 -2.0989999999999993 -1.9625 0.22250000000000003 0.255 0.31 0.2489392591991561 0.13999999999999999 0.8399999999999999 -0.6999999999999995 -0.34210526315789475 0.19999999999999796 0.0 0.015789473684210516 0.20000000000000018
18 1 -2.2875 -2.1305 -1.9825 -0.195 -0.105 0.185 0.2767825794149865 0.75 0.4500000000000002 -0.40000000000000036 0.047368421052631504 0.49999999999999933 0.24999999999999994 0.3947368421052632 0.5999999999999999
18 2 -0.72 -0.573 -0.42000000000000004 -0.175 -0.135 -0.1175 0.23209090835328006 0.09999999999999999 0.6799999999999999 0.3 0.3578947368421052 0.44999999999999984 -0.09999999999999995 0.05263157894736842 0.1999999999999999
18 3 -0.535 -0.42399999999999993 -0.27999999999999997 0.0375 0.065 0.0925 0.1969460748914764 0.07 0.33999999999999997 -0.050000000000000044 0.17894736842105263 0.34999999999999987 0.0 0.0368421052631579 0.09999999999999998
18 4 -2.0875 -1.2840000000000003 -0.48 0.18250000000000002 0.225 0.26 0.36609938739908315 0.29 1.83 0.20000000000000115 0.9631578947368423 1.8499999999999994 -0.10000000000000009 0.09999999999999998 0.15000000000000013
18 5 -1.2775 -0.7635000000000001 -0.225 -0.1325 -0.12 -0.0275 0.3223026816503711 0.25 1.6400000000000001 0.65 0.863157894736842 1.1500000000000004 -0.25 -0.1105263157894737 0.0
18 6 -0.08249999999999999 0.29350000000000004 0.7749999999999999 -0.16999999999999998 0.07 0.1225 0.33365608341109165 0.81 1.21 -0.7000000000000001 -0.6 -0.050000000000000044 0.10000000000000002 0.42631578947368426 0.6500000000000001
18 7 -0.015 0.0495 0.1125 -0.06 -0.05 -0.015 0.1838126820560672 0.09 0.21000000000000002 -0.20000000000000007 -0.005263157894736848 0.20000000000000004 0.0 0.047368421052631574 0.1
18 8 0.4675 0.9194999999999999 1.365 -0.28750000000000003 0.035 0.1 0.3473095784818857 0.56 1.51 -1.65 -0.7947368421052632 0.0 -0.6000000000000001 -0.29473684210526313 -0.04999999999999977
18 9 -2.0725 -1.8645 -1.7475 -0.4425 -0.405 0.0825 0.33803678851069013 0.9 0.54 -0.5000000000000016 0.28421052631578947 0.9000000000000008 0.04999999999999977 0.47368421052631576 0.7500000000000001
18 10 -1.33 -1.307 -1.2774999999999999 0.12 0.14 0.3325 0.195155738569516 0.34 0.1200000000000001 -0.10000000000000009 -0.06315789473684216 0.0 0.0 0.17894736842105266 0.3
18 11 -0.5025 -0.38650000000000007 -0.2775 0.0 0.0 0.01 0.19084217615319085 0.08 0.17000000000000004 0.10000000000000009 0.08421052631578947 0.24999999999999994 0.0 0.02631578947368421 0.0
18 12 -0.15 0.1315 0.32999999999999996 -0.3325 0.004999999999999999 0.3 0.2934292993630574 0.81 0.78 -0.6000000000000001 -0.3894736842105263 -0.2499999999999998 0.19999999999999962 0.4263157894736842 0.6000000000000001
18 13 -0.1375 -0.10750000000000001 -0.05 0.21 0.21 0.2225 0.19740755405898816 0.28 0.19 0.0 0.06842105263157894 0.20000000000000004 -0.10000000000000009 -0.1473684210526316 0.0
18 14 -0.68 -0.525 -0.35750000000000004 -0.07 -0.02 0.0625 0.20543627733376613 0.15000000000000002 0.43000000000000005 0.0 0.22631578947368425 0.3999999999999998 0.0 0.07894736842105263 0.10000000000000009
18 15 -1.2325 -1.161 -1.0975000000000001 0.5375000000000001 0.71 0.8125 0.22599208081463762 0.41000000000000003 0.20999999999999996 0.10000000000000009 0.11052631578947367 0.10000000000000009 -0.5000000000000004 -0.2157894736842105 0.0
18 16 -0.31 -0.20099999999999998 -0.125 -0.07 -0.005 0.0 0.19947944338512721 0.08 0.43 -0.4000000000000001 -0.22631578947368416 0.0 0.0 0.0368421052631579 0.05
18 17 1.1524999999999999 2.1239999999999988 2.9774999999999996 0.27 0.38 0.5025 0.5277834313765265 0.32999999999999996 3.1399999999999997 -2.1499999999999995 -0.04736842105263154 -1.0999999999999992 -0.3999999999999995 -0.026315789473684223 0.3999999999999998
18 18 -0.6575000000000001 -0.4385 -0.1675 0.02 0.03 0.05 0.21501678769929816 0.05 0.43000000000000005 -0.20000000000000004 0.20000000000000007 0.7 0.0 0.005263157894736838 0.09999999999999998
18 19 -0.12 -0.1675 -0.085 0.4 0.42 0.42 0.23316620552557918 0.06 0.8300000000000001 -0.09999999999999995 0.3736842105263158 0.6000000000000001 0.0 0.031578947368421054 0.050000000000000044
18 20 0.27749999999999997 0.6599999999999999 0.99 0.0275 0.05 0.07250000000000001 0.24792745344638728 0.1 0.8799999999999999 -0.9499999999999998 -0.46315789473684216 0.0 -0.09999999999999998 -0.026315789473684216 0.0
18 21 -0.4275 -0.00749999999999999 0.3 0.09 0.10500000000000001 0.2125 0.33445489877885515 0.2 1.85 -1.8499999999999999 -0.8894736842105264 -0.10000000000000009 -0.15 -0.09473684210526317 0.0
18 22 -0.07 0.010499999999999999 0.08499999999999999 0.07 0.115 0.195 0.21013261389914398 0.27 0.27 -0.35 -0.03684210526315789 0.2 0.0 0.14210526315789473 0.2499999999999999
18 23 0.03 0.3485000000000001 0.6699999999999999 -0.0225 -0.015 0.0 0.2620827944338513 0.05 1.1300000000000001 -0.9500000000000004 -0.5947368421052632 -0.15 0.0 0.010526315789473691 0.05
18 24 -1.2449999999999999 -0.7234999999999999 -0.2575 0.065 0.10500000000000001 0.12 0.31121805347072906 0.22 1.4300000000000002 0.15 0.7157894736842106 1.100000000000001 -0.19999999999999996 -0.11578947368421054 0.0
18 25 -0.0925 -0.074 -0.04 0.6775 0.7 0.73 0.2369117935818898 0.7100000000000001 0.22999999999999998 -0.2 -0.12105263157894736 0.0 -0.2500000000000002 -0.37368421052631584 -0.04999999999999949
18 26 -0.1975 0.014000000000000023 0.49 0.24 0.54 0.94 0.4309074932045926 0.96 1.1099999999999999 -2.0500000000000003 -0.5842105263157894 0.7499999999999996 0.3 0.5000000000000001 0.7500000000000001
18 27 0.10250000000000001 0.132 0.1725 -0.9325 -0.835 -0.5425 0.2453407359324922 0.72 0.17 0.0 0.05263157894736842 0.19999999999999996 0.0 0.3789473684210526 0.75
18 28 -2.215 -1.7924999999999998 -1.865 0.052500000000000005 0.13 0.195 0.42410802872327474 0.25 2.53 -1.6000000000000003 -1.063157894736842 0.6000000000000005 -0.10000000000000002 0.13157894736842105 0.44999999999999996
18 29 1.7975 2.1265 2.53 0.09 0.1 0.12 0.31740329425128805 0.17 1.6600000000000001 0.10000000000000231 0.8526315789473684 1.7999999999999994 -0.09999999999999995 0.05789473684210527 0.20000000000000004
18 30 1.2425 1.6695000000000004 2.1775 0.1175 0.14500000000000002 0.19 0.3237656213233801 0.13 1.52 -1.2999999999999994 -0.7999999999999999 -0.4499999999999993 -0.10000000000000002 -0.0052631578947368455 0.10000000000000009
18 31 -1.0150000000000001 -0.796 -0.46249999999999997 -0.26 -0.14 0.0275 0.2997208324881334 0.48 1.1600000000000001 0.3 0.6105263157894738 0.8499999999999991 0.10000000000000009 0.2526315789473685 0.39999999999999986
18 32 0.02 0.0975 0.1825 -0.0025 0.035 0.08249999999999999 0.18759113148606435 0.12000000000000001 0.2 -0.2 -0.026315789473684206 0.050000000000000044 -0.1 1.460819769243627e-18 0.10000000000000006
18 33 -0.07500000000000001 0.17300000000000001 0.42000000000000004 -0.10250000000000001 -0.015 0.05500000000000001 0.27061579780112793 0.29000000000000004 0.98 -0.6000000000000003 0.07368421052631581 0.4500000000000002 0.049999999999999975 0.15263157894736845 0.20000000000000004
18 34 1.8125 1.9489999999999998 2.215 0.0775 0.16 0.18 0.24883540103046767 0.13999999999999999 0.8900000000000001 -0.6500000000000006 -0.46842105263157907 -0.20000000000000018 -0.10000000000000009 -0.047368421052631594 0.09999999999999998
18 35 -0.1125 -0.07550000000000001 -0.05 0.0 0.0 0.0025 0.16870638971155016 0.02 0.1 -0.10000000000000002 -0.005263157894736845 0.10000000000000002 0.0 0.0 0.0
18 36 -0.345 0.16199999999999998 0.5650000000000001 -0.73 -0.44 -0.1325 0.3568876546715891 1.08 1.19 0.3500000000000003 0.6263157894736843 0.7500000000000001 -0.7999999999999997 -0.5684210526315789 -0.30000000000000016
18 37 -2.99625 -2.6740000000000004 -2.285 0.155 0.31 0.35 0.3123476124792081 0.6799999999999999 0.8799999999999999 -1.2250000000000005 -3.1789473684210536 0.8249999999999935 0.10000000000000009 0.3578947368421052 0.65
18 38 0.9874999999999999 1.241 1.4249999999999998 0.10500000000000001 0.215 0.3275 0.25572046736175913 0.4 0.6799999999999999 -0.749999999999999 -0.35789473684210527 0.0 0.10000000000000009 0.21052631578947367 0.3000000000000002
18 39 -0.24250000000000002 -0.1875 -0.1275 -0.24 -0.19 -0.08 0.20316661122155058 0.24000000000000002 0.31000000000000005 0.0 0.1368421052631579 0.35000000000000003 0.0 0.12631578947368421 0.19999999999999996
18 40 -0.9225 -0.4710000000000002 -0.1375 -0.12 -0.065 -0.02 0.2540721246298024 0.12000000000000001 0.93 -0.049999999999999906 0.46842105263157896 1.0000000000000004 0.0 0.05789473684210527 0.09999999999999998
18 41 -0.25 -0.10300000000000001 0.095 0.05 0.07500000000000001 0.1275 0.2557711793581889 0.2 0.7100000000000001 -0.8000000000000003 -0.37368421052631584 -0.2999999999999998 0.0 0.10526315789473684 0.2
18 42 -0.465 -0.33499999999999996 -0.1375 -0.21 -0.19 -0.1225 0.2529536208365451 0.15000000000000002 0.8799999999999999 -0.3 0.3421052631578948 0.8999999999999999 -0.1499999999999999 -0.036842105263157905 0.10000000000000009
18 43 0.1 0.4709999999999999 0.855 0.37 0.435 0.45 0.26123346991764373 0.16000000000000003 0.99 -0.8999999999999997 -0.5210526315789473 -0.2500000000000001 -0.19999999999999962 -0.08421052631578949 0.0
18 44 -0.4475 -0.35750000000000004 -0.25 -0.05500000000000001 0.10500000000000001 0.1625 0.24295443222848798 0.44999999999999996 0.5199999999999999 -0.20000000000000018 0.13684210526315788 0.40000000000000036 0.0 0.23684210526315788 0.35
18 45 -0.4925 -0.42600000000000005 -0.4 -0.16999999999999998 -0.015 0.052500000000000005 0.20928815773459372 0.4 0.10999999999999999 -0.04999999999999977 0.057894736842105256 0.24999999999999994 0.09999999999999996 0.21052631578947367 0.3
18 46 1.3375000000000001 1.3299999999999998 1.4 0.1 0.1 0.1325 0.22668703801371262 0.39 0.42999999999999994 0.0 0.20000000000000007 0.15000000000000013 -0.20000000000000018 -0.20526315789473684 0.0
18 47 1.6275 1.7914999999999999 2.065 -0.07500000000000001 0.14 0.1825 0.3297035904093472 0.25 1.0299999999999998 -0.3500000000000003 -0.22105263157894747 0.6999999999999995 -0.4 -0.12631578947368421 0.15
18 48 -0.4725 -0.42350000000000004 -0.37 -1.2825 -1.11 -0.82 0.25696798247393404 0.51 0.09000000000000002 -0.14999999999999986 -0.0368421052631579 0.15000000000000013 -0.49999999999999933 0.26842105263157895 1.1999999999999993
18 49 -0.18 -0.057499999999999996 0.07 0.1 0.14 0.1625 0.18531395999837721 0.05000000000000002 0.22 -0.15 -0.11578947368421051 0.0 0.0 0.026315789473684223 0.050000000000000044
18 50 2.8275 -3.0657500000000004 -2.7800000000000002 -0.2025 -0.135 -0.1 0.3113018296888313 0.17 1.4200000000000008 -0.050000000000001155 -2.557894736842105 1.5999999999999992 -0.24999999999999997 -0.02105263157894735 0.10000000000000006
18 51 -1.23 -1.1049999999999998 -1.08 0.2675 0.48 0.5325 0.2369876587285488 0.33999999999999997 0.5199999999999999 0.0 0.27368421052631575 0.4999999999999988 0.0 0.14736842105263157 0.35000000000000003
18 52 -0.05 0.08049999999999999 0.1925 0.2375 0.245 0.2725 0.19749376445291902 0.15999999999999998 0.32 -0.19999999999999996 0.010526315789473684 0.25 0.0 0.07368421052631581 0.14999999999999986
18 53 -0.1225 -0.077 -0.0375 -0.0025 0.045 0.052500000000000005 0.17835546269625538 0.07 0.1 -0.20000000000000004 -0.03157894736842105 0.10000000000000009 0.0 0.03157894736842105 0.09999999999999998
18 54 -0.215 -0.0665 0.155 0.07 0.07 0.10250000000000001 0.24204932451620775 0.07 0.49 -0.95 -0.21052631578947367 0.3999999999999999 -0.049999999999999975 0.021052631578947364 0.049999999999999975
18 55 -0.5924999999999999 -0.25350000000000006 0.185 0.12 0.14 0.2025 0.26737509838127316 0.2 0.9800000000000001 -0.8000000000000004 -0.32105263157894737 0.4000000000000001 0.0 0.04210526315789473 0.10000000000000009
18 56 0.2725 0.8755000000000001 1.6599999999999997 -0.08249999999999999 0.255 0.7925 0.402353393646801 0.72 1.74 -1.2499999999999998 -0.9157894736842105 -0.30000000000000016 -0.95 -0.3105263157894737 0.35
18 57 -1.61 -1.3565 -1.07 -0.2725 -0.23 -0.1575 0.2811752525457424 0.2 1.1399999999999997 0.39999999999999925 0.6 0.8500000000000008 -0.3 -0.01578947368421053 0.10000000000000009
