24 0 -2.25 -2.1175000000000006 -1.96 -0.7424999999999999 -0.71 -0.39 0.3040916751186662 1.25 0.33999999999999986 -0.20000000000000018 -0.03684210526315781 0.25000000000000133 -1.2 -0.6578947368421053 -0.20000000000000018
24 1 0.17250000000000001 0.4085 0.6675 0.5375000000000001 0.54 0.5525 0.2460941133514544 0.15999999999999998 0.87 0.2999999999999997 0.4263157894736842 0.7 -0.04999999999999949 0.06842105263157898 0.14999999999999958
24 2 -1.7750000000000001 -1.5939999999999999 -1.4075 -0.07 -0.05 -0.015 0.2294891800884418 0.13 0.72 0.30000000000000027 0.37894736842105264 0.5000000000000004 -0.1 -0.06842105263157895 0.0
24 3 0.38750000000000007 0.473 0.605 0.49 0.51 0.5325 0.21878002353036638 0.12000000000000005 0.33 -0.4500000000000001 -0.14210526315789473 0.34999999999999976 0.0 0.0368421052631579 0.10000000000000009
24 4 0.37 0.5954999999999999 0.8625 0.2475 0.26 0.28250000000000003 0.2090853097488741 0.06999999999999998 0.52 -0.10000000000000009 0.2421052631578947 0.35000000000000003 -0.04999999999999977 0.015789473684210527 0.09999999999999995
24 5 0.39 0.4805 0.585 0.017499999999999998 0.060000000000000005 0.1525 0.23411695403464655 0.36 0.52 0.14999999999999986 0.2736842105263158 0.3999999999999998 -0.45000000000000007 -0.07368421052631575 0.2
24 6 -0.76 -0.27999999999999997 0.11000000000000001 -0.095 -0.060000000000000005 0.16749999999999998 0.3105969329384557 0.54 1.01 -1.0999999999999999 -0.5315789473684212 0.04999999999999977 -0.55 -0.28421052631578947 -0.09999999999999995
24 7 -0.16749999999999998 -0.152 -0.1 -0.1925 -0.175 0.0875 0.241765540184186 0.7 0.30000000000000004 0.0 0.15263157894736842 0.2500000000000001 -0.7500000000000001 -0.3578947368421053 0.0
24 8 0.11750000000000001 0.203 0.5025 0.2 0.42 0.4325 0.3317594547446143 0.53 1.51 0.0 0.7789473684210525 0.8499999999999999 0.0 0.26842105263157895 0.44999999999999984
24 9 0.79 0.882 0.9725 0.31 0.31 0.33 0.17760228812527892 0.010000000000000009 0.15000000000000002 -0.20000000000000018 -0.07894736842105264 0.0 0.0 -0.005263157894736847 0.0
24 10 -0.2525 -0.0715 0.1 0.015 0.155 0.41500000000000004 0.26296741449957406 0.33 0.44999999999999996 -0.050000000000000044 0.0894736842105263 0.3500000000000002 0.04999999999999999 0.1736842105263158 0.6
24 11 1.605 1.6460000000000001 1.6825 0.13 0.15 0.16 0.17395061868635647 0.1 0.11999999999999988 -0.050000000000000044 0.010526315789473694 0.10000000000000009 0.0 0.031578947368421054 0.09999999999999995
24 12 -0.47500000000000003 -0.32999999999999996 -0.19 0.435 0.51 0.56 0.2423385857438437 0.41999999999999993 0.58 0.1999999999999999 0.30526315789473685 0.44999999999999984 0.04999999999999949 0.22105263157894733 0.24999999999999994
24 13 -1.1975 -0.03399999999999993 1.19 0.0 0.09 0.29500000000000004 0.5142094527161344 0.62 3.1300000000000003 0.3500000000000003 1.631578947368421 2.8000000000000007 -0.44999999999999996 0.1368421052631579 0.65
24 14 -0.08499999999999999 0.06400000000000002 0.2425 -0.17 -0.16 -0.1375 0.22724994117408415 0.16 0.6200000000000001 -0.55 -0.3263157894736842 -0.10000000000000009 -0.049999999999999906 0.08421052631578947 0.050000000000000044
24 15 0.73 1.001 1.4425000000000001 -0.59 -0.5700000000000001 -0.2125 0.3931688425493935 0.8899999999999999 1.34 -1.8000000000000003 -0.7052631578947368 0.5000000000000004 0.0 0.46842105263157896 0.8999999999999999
24 16 0.0775 0.6455 1.08 -0.22 0.375 0.5025 0.42441316077731356 1.59 1.5999999999999999 -1.1500000000000004 -0.8421052631578947 -0.40000000000000024 0.0 0.7947368421052632 1.35
24 17 0.58 0.6815 0.7525 -0.325 -0.26 -0.135 0.194184502413891 0.14 0.15000000000000002 -0.20000000000000018 -0.07894736842105264 0.0 0.0 0.0736842105263158 0.24999999999999994
24 18 -1.0150000000000001 -0.8195 -0.625 0.04750000000000001 0.09 0.29250000000000004 0.2543181792364803 0.51 0.6300000000000001 -0.40000000000000036 -0.33157894736842114 -0.20000000000000018 -0.44999999999999996 -0.26842105263157895 -0.1
24 19 -2.9137500000000003 -2.8142499999999995 -2.6275 -0.56 -0.175 -0.0275 0.31388811716499665 0.87 0.7400000000000002 -0.049999999999998934 -2.9210526315789473 0.40000000000000036 -0.7999999999999996 -0.45789473684210524 -0.15000000000000002
24 20 -0.3275 -0.07550000000000001 0.16499999999999998 0.255 0.3 0.3025 0.2314671507971926 0.07 0.8 0.3 0.42105263157894735 0.55 0.0 0.031578947368421054 0.0
24 21 0.515 0.6325000000000001 0.7625000000000001 0.1 0.10500000000000001 0.12 0.20630345247271686 0.06999999999999999 0.49000000000000005 -0.15000000000000013 0.16315789473684214 0.44999999999999984 -0.10000000000000002 -0.036842105263157884 0.0
24 22 0.40249999999999997 0.6199999999999999 0.7825 0.3175 0.395 0.495 0.21691625623757557 0.26 0.44000000000000006 -0.34999999999999976 -0.2157894736842105 0.0 0.0 0.12105263157894736 0.20000000000000018
24 23 0.77 0.7789999999999999 0.79 0.0 0.0 0.0 0.15975977930139157 0.03 0.030000000000000027 0.0 -0.01578947368421054 0.0 0.0 0.01578947368421053 0.0
24 24 -0.3625 0.01449999999999999 0.30499999999999994 0.2475 0.37 0.44 0.2996613980283176 0.29000000000000004 1.26 0.40000000000000013 0.6631578947368422 0.8999999999999997 -0.2999999999999998 0.005263157894736838 0.30000000000000027
24 25 -0.1825 0.11000000000000001 0.4925 0.37 0.41 0.49 0.26093629761856474 0.23000000000000004 0.89 0.19999999999999948 0.46842105263157885 0.5000000000000002 -0.24999999999999994 -0.021052631578947392 0.3
24 26 -0.5700000000000001 0.2305 1.095 -0.1 0.075 0.1225 0.36007703355105686 0.3 1.38 -1.15 -0.7210526315789474 0.0 -0.3 0.05263157894736841 0.15000000000000008
24 27 0.9249999999999999 1.0974999999999997 1.275 0.17750000000000002 0.265 0.37749999999999995 0.23352889772404584 0.32 0.5800000000000001 0.20000000000000018 0.30526315789473685 0.4499999999999993 -0.20000000000000018 -0.16842105263157894 -0.09999999999999981
24 28 0.1675 0.2545 0.3275 0.6575 0.71 0.7424999999999999 0.20378286340216645 0.18000000000000005 0.38 -0.24999999999999994 -0.1263157894736842 -0.10000000000000009 0.0 0.06315789473684211 0.20000000000000018
24 29 0.9249999999999999 1.3065000000000002 1.725 0.0375 0.16 0.2525 0.31224791269422697 0.18000000000000002 1.2200000000000002 -1.250000000000001 -0.6421052631578947 0.15000000000000013 -0.10000000000000009 0.08421052631578947 0.3000000000000001
24 30 0.49 0.6735000000000001 0.9225000000000001 0.20750000000000002 0.335 0.63 0.27432345328410884 0.6699999999999999 0.4700000000000001 -0.3 0.17368421052631583 0.5999999999999996 -0.5999999999999996 -0.3526315789473684 -0.10000000000000009
24 31 -0.035 -0.028500000000000008 -0.02 0.27 0.36 0.44 0.19343639904255755 0.38 0.060000000000000005 0.0 -0.021052631578947364 0.0 -0.24999999999999994 -0.19999999999999998 -0.10000000000000009
24 32 0.20750000000000002 0.21200000000000002 0.2225 0.17 0.17 0.17 0.15976485050103456 0.009999999999999981 0.03999999999999998 0.0 0.0052631578947368324 0.0 0.0 -0.0052631578947368324 0.0
24 33 -0.53 -0.36499999999999994 -0.195 0.4375 0.545 0.61 0.2409965434703234 0.3 0.54 -0.5499999999999999 0.04736842105263156 0.65 0.10000000000000009 0.15263157894736842 0.20000000000000018
24 34 -0.7475 -0.36300000000000004 -0.03250000000000001 0.1375 0.16 0.1725 0.29258707452634986 0.31999999999999995 1.23 0.5499999999999999 0.6473684210526315 0.7999999999999996 -0.3 -0.1368421052631579 0.050000000000000044
24 35 0.6 0.5894999999999999 0.68 0.275 0.295 0.31 0.21423582295427807 0.15000000000000002 0.5299999999999999 0.0 0.23157894736842108 0.2500000000000002 -0.14999999999999986 -0.0736842105263158 0.0
24 36 -0.6475 -0.35300000000000004 -0.1175 -0.28 0.11 0.435 0.37527907014483347 0.76 1.21 -0.9500000000000001 -0.17368421052631577 1.0999999999999999 -0.14999999999999986 0.39999999999999997 0.5000000000000002
24 37 -0.5975 0.1055 0.7925 0.09 0.1 0.17 0.32740978538683113 0.15 1.62 0.050000000000000044 0.8473684210526317 1.55 0.0 0.07894736842105263 0.1999999999999999
24 38 -1.405 -0.9909999999999999 -0.61 0.14 0.18 0.21 0.3404263377824659 0.07999999999999999 1.96 -1.2500000000000004 -1.031578947368421 -0.6000000000000005 -0.10000000000000009 -0.005263157894736847 0.09999999999999995
24 39 0.2425 0.632 1.065 -0.73 -0.72 -0.4525 0.36217833583512515 0.47 1.25 -1.7 -0.6578947368421053 0.10000000000000009 -0.3499999999999995 -0.2421052631578947 0.0
24 40 0.135 0.219 0.325 0.034999999999999996 0.255 0.4025 0.24153977037608007 0.5 0.49 0.20000000000000004 0.25789473684210523 0.30000000000000027 0.15000000000000002 0.2631578947368421 0.35000000000000003
24 41 0.0725 0.2345 0.395 0.585 0.62 0.7124999999999999 0.23906218507850222 0.36000000000000004 0.6000000000000001 0.2499999999999999 0.29473684210526313 0.40000000000000024 -0.24999999999999967 -0.18947368421052635 -0.10000000000000009
24 42 -1.84 -1.2355 -0.515 0.7075 0.88 1.03 0.3364559941579781 0.56 1.44 -1.1500000000000004 -0.7578947368421053 0.10000000000000009 -0.5499999999999999 -0.2947368421052632 0.0
24 43 -0.645 -0.38349999999999995 -0.11499999999999999 -0.26 -0.21000000000000002 -0.05 0.2549798693658971 0.31000000000000005 0.8099999999999999 0.1999999999999999 0.42631578947368426 0.6999999999999995 -0.25000000000000006 -0.1105263157894737 0.050000000000000044
24 44 0.1 0.33000000000000007 0.5625 0.31 0.33 0.35 0.22159474218021014 0.14999999999999997 0.53 -0.050000000000000044 0.2526315789473684 0.5499999999999999 -0.1999999999999999 -0.04210526315789474 0.09999999999999981
24 45 0.5325 0.5655 0.6425 0.1 0.14 0.1825 0.20015634711347313 0.13 0.32000000000000006 -0.24999999999999967 -0.010526315789473658 0.0 0.0 0.06842105263157895 0.10000000000000009
24 46 -0.14250000000000002 0.253 0.5800000000000001 -0.0075 0.305 0.41 0.3404007789362652 0.81 1.11 0.2500000000000001 0.5842105263157894 0.9999999999999999 -0.09999999999999981 0.34736842105263155 0.75
24 47 0.7675 0.8535 0.96 0.38749999999999996 0.4 0.4 0.22378083492230927 0.18000000000000002 0.6000000000000001 -0.40000000000000036 -0.31578947368421056 -0.20000000000000018 0.0 0.07894736842105263 0.0
24 48 -0.38249999999999995 -0.25549999999999995 -0.12 -0.49 0.05 0.2225 0.2739425047669276 0.84 0.35 -0.30000000000000016 0.04210526315789474 0.4999999999999999 0.050000000000000044 0.42105263157894735 0.55
24 49 -0.505 -0.47350000000000014 -0.4175 0.1325 0.16 0.1725 0.19584298754513374 0.14 0.32999999999999996 0.04999999999999977 0.17368421052631577 0.3499999999999995 0.0 0.07368421052631578 0.10000000000000009
24 50 0.1825 0.6085 1.0275 0.65 0.89 0.94 0.3517091484441559 0.6799999999999999 1.49 -1.0499999999999998 -0.7842105263157894 -0.5000000000000004 -0.7500000000000004 -0.35789473684210527 0.0
24 51 -1.4249999999999998 -0.7454999999999998 -0.065 0.1 0.31 0.39249999999999996 0.39478371536370654 0.38999999999999996 2.27 -1.4999999999999996 -1.1947368421052629 -0.8999999999999992 -0.4000000000000001 -0.20526315789473681 0.04999999999999977
24 52 -2.34 -1.7100000000000002 -1.0775000000000001 -0.07500000000000001 -0.04 -0.03 0.33120081139194296 0.13 1.7399999999999998 0.049999999999998934 0.9157894736842105 1.5500000000000014 -0.10000000000000002 0.06842105263157897 0.3
24 53 -2.6625 -2.311 -2.115 -0.1125 0.03 0.15749999999999997 0.37725014402206986 0.91 1.26 0.09999999999999787 0.6631578947368421 1.6499999999999992 0.15 0.4789473684210526 0.44999999999999996
24 54 -0.7350000000000001 -0.41850000000000004 -0.1075 -0.16749999999999998 0.12 0.5275 0.35293982717351624 1.0899999999999999 0.87 -0.4500000000000003 -0.17368421052631583 0.3999999999999998 -0.8999999999999998 -0.5736842105263158 -0.44999999999999996
24 55 -0.43 -0.048499999999999974 0.21000000000000002 -0.605 -0.46499999999999997 -0.125 0.3393417096028236 0.8200000000000001 1.23 0.40000000000000024 0.6473684210526316 0.9499999999999998 0.0 0.4315789473684211 0.6500000000000004
24 56 1.9025 2.1215 2.485 -0.31 -0.26 -0.2275 0.3144005355186823 0.14999999999999997 1.5899999999999999 0.4499999999999993 0.8368421052631578 1.25 -0.14999999999999986 -0.02105263157894735 0.14999999999999986
24 57 0.845 1.0999999999999999 1.2625 0.5425 0.675 0.7849999999999999 0.2672477098462413 0.47 0.72 0.10000000000000009 0.3789473684210526 0.6 -0.40000000000000036 0.06315789473684211 0.4500000000000004
24 58 -0.01 0.195 0.5025 0.3025 0.535 0.5824999999999999 0.24002084465901258 0.33000000000000007 0.54 -0.10000000000000005 0.27368421052631586 0.5000000000000002 -0.30000000000000027 -0.1736842105263158 0.0
24 59 -0.54 -0.2995 -0.0975 0.17 0.22 0.23 0.22059835287435603 0.07 0.64 0.10000000000000009 0.33684210526315794 0.5999999999999996 0.0 0.0368421052631579 0.049999999999999906
24 60 -0.0475 0.227 0.5125 0.46749999999999997 0.49 0.51 0.2557634711347316 0.09000000000000002 1.05 0.30000000000000027 0.5526315789473685 0.8999999999999999 -0.10000000000000009 -0.047368421052631594 0.0
24 61 1.4649999999999999 1.9869999999999997 2.5925000000000002 0.0275 0.095 0.1375 0.3153241023976631 0.22 1.5499999999999998 -1.2 -0.8157894736842103 -0.6499999999999995 0.0 0.11578947368421051 0.19999999999999996
24 62 0.875 0.9435 1.0175 0.11249999999999999 0.135 0.155 0.19683450849933062 0.22 0.2300000000000001 -0.20000000000000018 -0.12105263157894743 -0.10000000000000009 0.0 0.11578947368421051 0.19999999999999993
24 63 0.54 0.5595000000000001 0.58 -0.31 -0.255 0.085 0.21649007261957895 0.61 0.07999999999999996 0.0 0.042105263157894715 0.14999999999999958 0.0 0.3210526315789474 0.6
24 64 1.5625000000000002 1.875 2.36 0.017499999999999998 0.035 0.0625 0.33017926893585947 0.22999999999999998 1.7600000000000002 0.30000000000000027 0.9263157894736843 1.299999999999999 -0.19999999999999996 -0.12105263157894736 0.0
24 65 -1.1125 -0.8250000000000002 -0.56 -0.1525 -0.12 0.08249999999999999 0.27578679865308936 0.69 0.5700000000000001 0.050000000000000044 0.3 0.4500000000000004 -0.75 -0.32631578947368417 0.049999999999999906
24 66 -2.9749999999999996 -2.7315 -2.5 -0.4225 -0.31000000000000005 -0.10750000000000001 0.2629651831717311 0.29000000000000004 0.6299999999999999 -0.5500000000000016 -3.100000000000001 0.3500000000000014 -0.30000000000000016 -0.09473684210526315 0.10000000000000009
24 67 -2.415 -2.2490000000000006 -2.2 -0.02 -0.0 0.045 0.2603735973061787 0.16 0.9299999999999999 -0.7499999999999996 -0.3473684210526315 0.3499999999999992 -0.1 -0.047368421052631574 0.2
24 68 -2.495 -2.2680000000000002 -2.175 -0.125 -0.08 -0.0375 0.28455835125157203 0.18999999999999997 1.1799999999999997 -1.3000000000000012 -0.5631578947368421 0.10000000000000009 -0.25 -0.09999999999999999 0.1
24 69 -0.66 -0.5595 -0.445 -0.03 0.075 0.1775 0.23289743194450088 0.38 0.51 0.10000000000000009 0.26842105263157895 0.40000000000000036 0.049999999999999975 0.2 0.3
24 70 1.46 1.9525 2.52 0.02 0.07 0.1125 0.3802774473609476 0.18 2.24 0.900000000000003 1.1789473684210527 1.4499999999999997 -0.3 -0.09473684210526315 0.15
24 71 -1.98 -1.4989999999999999 -1.145 -0.3325 -0.28 -0.1075 0.31541802101505145 0.51 1.33 -1.050000000000001 -0.7000000000000001 -0.2500000000000002 -0.4 -0.26842105263157895 -0.14999999999999958
24 72 0.0375 0.209 0.38 0.08750000000000001 0.1 0.1 0.19298749645016028 0.04999999999999999 0.35 0.0 0.18421052631578952 0.10000000000000006 0.0 -0.010526315789473679 0.0
24 73 0.38749999999999996 0.4165 0.44 -0.4 -0.30000000000000004 -0.11499999999999999 0.20222580226378348 0.41 0.12 -0.10000000000000009 -0.06315789473684211 0.0 0.0 0.2157894736842105 0.35000000000000003
24 74 -2.51 -1.6145 -0.5075000000000001 0.02 0.13 0.3025 0.4112113594872004 0.31 2.33 0.0 1.2263157894736845 2.250000000000001 0.0 0.1631578947368421 0.4000000000000001
24 75 -0.665 0.3949999999999999 1.44 0.2575 0.585 0.8574999999999999 0.585518025072011 0.52 3.0700000000000003 -2.4000000000000004 -1.8631578947368421 -0.9500000000000004 -0.9000000000000002 -0.2578947368421053 -0.09999999999999995
24 76 0.8125 0.985 1.1575 0.1275 0.14 0.16499999999999998 0.21654342163982307 0.13 0.44000000000000006 -0.4999999999999999 -0.23157894736842108 -0.10000000000000009 0.0 0.06315789473684212 0.15
24 77 -2.4450000000000003 -2.4174999999999995 -2.375 -0.46 -0.42 -0.37 0.18405102843928767 0.12 0.1200000000000001 -0.20000000000000018 -0.06315789473684216 0.0 -0.15000000000000013 0.005263157894736847 0.1999999999999999
24 78 -0.6499999999999999 -0.31900000000000006 -0.017499999999999998 0.315 0.38 0.4 0.25030888879873414 0.12 0.97 -0.7999999999999998 -0.5105263157894737 -0.14999999999999952 -0.10000000000000009 -0.06315789473684212 0.0
24 79 -0.26 -0.246 -0.24 0.4 0.405 0.4225 0.1703699460424358 0.03999999999999998 0.13 0.0 0.06842105263157895 0.050000000000000044 0.0 -0.005263157894736847 0.0
24 80 -1.9249999999999998 -1.4085 -1.03 0.0975 0.18 0.39999999999999997 0.4113738407237615 0.64 2.31 -1.3999999999999995 -1.2157894736842103 -0.8499999999999996 -0.4999999999999999 -0.3368421052631579 -0.15
24 81 -0.7625000000000001 -0.2385 0.12 -0.8225 -0.82 -0.8075000000000001 0.24551843076798247 0.04999999999999993 0.97 -0.5 -0.46315789473684216 0.0 0.0 0.01578947368421048 0.09999999999999898
24 82 0.285 0.497 0.75 0.20500000000000002 0.29000000000000004 0.36 0.25865932897886323 0.35 0.79 -0.050000000000000044 0.3421052631578947 0.7999999999999998 -0.3500000000000002 -0.07368421052631577 0.20000000000000004
24 83 -0.965 -0.4710000000000001 0.025 0.17750000000000002 0.46499999999999997 0.54 0.3336080084384761 0.51 1.54 0.5499999999999999 0.8105263157894737 1.0999999999999999 0.0 0.2631578947368421 0.4499999999999999
24 84 -2.18 -1.8800000000000001 -1.63 -0.2925 -0.225 -0.0925 0.2866026532516533 0.25 0.7999999999999998 -0.40000000000000036 0.4210526315789472 1.0499999999999987 -0.15 0.13157894736842105 0.3999999999999999
