36 0 -1.3748214285714293 -1.335313852813853 -1.25 -0.1225 0.04 0.09482142857142943 0.2273675109063667 0.55 0.2723809523809535 -0.2690476190476154 -0.14335839598997552 0.0 0.0 0.2894736842105263 0.46038961038961923
36 1 -1.4124999999999999 -1.3088409090909097 -1.239404761904763 -0.17297619047618978 0.022142857142857988 0.0625 0.21585200475221955 0.34 0.3599999999999999 -0.2500000000000002 -0.18947368421052624 0.0 0.0 0.1736842105263158 0.36666666666666115
36 2 -1.52 -1.3546515151515153 -1.1405952380952395 0.024999999999999998 0.097142857142858 0.16232142857142942 0.22320638573297596 0.25 0.4619047619047625 -0.21352813852814068 -0.2378446115288224 0.0 0.09999999999999995 0.13157894736842105 0.17261904761904268
36 3 -1.9241071428571432 -1.8550129870129868 -1.7774999999999999 -0.12535714285714245 -0.04476190476190448 0.03 0.19779811274516015 0.19 0.17999999999999994 -0.08409090909091255 0.006516290726817627 0.2681818181818163 0.033333333333330564 0.10000000000000002 0.19999999999999993
36 4 -1.7900000000000005 -1.6448214285714287 -1.5420238095238095 0.2528733766233758 0.3457142857142857 0.4080952380952379 0.266159607108423 0.24000000000000002 0.9342857142857108 -0.8969696969696805 -0.19348370927318062 0.3845238095238046 -0.3568181818181826 0.025062656641603395 0.46158008658008454
36 5 -1.851547619047619 -1.7124794372294367 -1.55 -0.01071428571428487 0.21190476190476246 0.22375 0.2317947409692277 0.444761904761907 0.32238095238095354 -0.10000000000000009 0.16967418546365975 0.23095238095239168 0.0 0.23408521303258265 0.4626623376623412
36 6 1.536071428571428 1.546103896103896 1.57 -0.22452380952380852 -0.035952380952381235 0.01 0.19564973362935845 0.3238095238095249 0.048095238095237525 -0.025000000000000577 -0.02531328320801975 0.050000000000000044 -0.10681818181818122 0.11779448621553938 0.1
36 7 -1.7342045454545452 -1.632983766233766 -1.5239285714285706 0.08678571428571513 0.26 0.27 0.20659909361277268 0.21000000000000002 0.3580952380952376 0.14047619047618753 0.1872180451127811 0.30000000000000027 0.0 0.1105263157894737 0.1659090909090874
36 8 -2.0897727272727273 -1.9681915584415584 -2.01 -0.015 0.095 0.1510714285714294 0.2328778699047329 0.23 0.5923809523809533 -0.08409090909091033 0.31177944862155443 0.5788961038961227 0.03538961038960273 0.11578947368421051 0.19999999999999993
36 9 -1.4535714285714294 -1.1137294372294377 -0.8663095238095253 -0.10250000000000001 -0.02071428571428487 0.07625000000000001 0.3066025740127928 0.2 1.330476190476191 -1.174891774891778 -0.7002506265664163 -0.31904761904762546 -0.049999999999999975 0.05263157894736842 0.2681818181818175
36 10 -1.7826623376623372 -1.7016038961038962 -1.62 -0.2104761904761898 -0.09 -0.0775 0.20331935036057133 0.22999999999999998 0.26 -0.10000000000000009 0.005263157894736847 0.3119047619047577 0.0 0.12105263157894736 0.23333333333333053
36 11 -3.045119047619048 -2.8583452380952385 -2.6837500000000003 -0.020714285714285834 0.05976190476190532 0.16047619047619147 0.25790488673722456 0.43761904761904774 0.6828571428571442 -0.46829004329004276 -0.34035087719298174 -0.25357142857141524 0.10000000000000002 0.23032581453634093 0.3849567099567119
36 12 -0.5335714285714295 -0.23850216450216544 0.09380952380952198 0.22 0.2406385281385283 0.26 0.30428840262066825 0.05952380952380901 1.6028571428571445 -0.9734848484848422 -0.8436090225563917 -0.6955627705627648 -0.097619047619045 0.0 0.07305194805195037
36 13 -1.8875 -1.6587575757575757 -1.4664772727272726 -0.10035714285714244 0.08190476190476248 0.15 0.2280366261593142 0.30000000000000004 0.54 0.10000000000000009 0.2631578947368421 0.36872294372294223 0.0 0.15789473684210528 0.3119047619047591
36 14 -1.5425 -1.4976829004329002 -1.47 -0.18857142857142944 -0.12023809523809467 -0.08751623376623337 0.17823754534146266 0.13952380952380897 0.10809523809523758 0.0 0.05162907268170398 0.11590909090908763 -0.1977272727272778 -0.07343358395989946 0.0
36 15 -1.838214285714285 -1.6034761904761905 -1.42 0.11952380952381023 0.2161904761904759 0.2525 0.2237907950165251 0.22 0.5700000000000001 0.016341991341985995 0.2894736842105263 0.3845238095238135 0.0 0.1105263157894737 0.20000000000000018
36 16 -1.8228571428571425 -1.6285400432900428 -1.5175 -0.18261904761904735 -0.16845238095238124 -0.10750000000000001 0.2147456870390647 0.18 0.4742857142857162 0.05952380952379488 0.24962406015037697 0.37142857142857144 -0.09047619047618756 0.03684210526315789 0.13809523809523896
36 17 -1.6762499999999998 -1.6532759740259746 -1.5895238095238102 -0.44 -0.397857142857142 -0.32875 0.23825232588554526 0.384761904761907 0.5628571428571445 -0.4845238095238136 -0.2962406015037603 -8.881784197001252e-15 0.002380952380946766 0.2025062656641616 0.26904761904762486
36 18 -1.335 -1.2762900432900435 -1.2185714285714286 -0.05107142857142857 -0.05 -0.02 0.17775851567202713 0.09 0.13857142857142724 -0.15000000000000013 -0.017794486215539508 0.0 0.0 0.047368421052631574 0.09999999999999999
36 19 -1.785 -1.73583658008658 -1.68 -0.07 0.06404761904762046 0.3385714285714294 0.21693531428880528 0.54 0.16809523809523763 0.10000000000000009 0.08847117794486191 0.10000000000000009 0.09999999999999995 0.28421052631578947 0.4873376623376756
36 20 -1.545 -1.2656309523809528 -1.0020238095238103 0.15988095238095265 0.16619047619047592 0.1725 0.21473596230929706 0.04999999999999999 0.6300000000000001 -0.5535714285714277 -0.3210526315789474 -0.0785714285714284 0.0 0.026315789473684206 0.09080086580087174
36 21 -0.6964285714285744 0.217691558441557 1.1810714285714279 -0.13548160173160226 -0.11 -0.1 0.36733142030059385 0.11809523809523922 2.16 -1.9068181818181744 -1.1210526315789475 -0.10000000000000009 -0.038095238095238876 0.06215538847117854 0.14047619047619608
36 22 -1.7242045454545443 -1.6364935064935064 -1.5285714285714285 -0.09035714285714244 0.07 0.083928571428571 0.22028615459486378 0.309523809523809 0.266190476190475 -0.030952380952374847 0.08220551378446234 0.3809523809523907 -0.06818181818182549 0.1105263157894737 0.28095238095238373
36 23 -1.42 -1.4104080086580086 -1.3974999999999997 -0.38 -0.15904761904761708 -0.00375 0.20305350715188342 0.49 0.06000000000000005 -0.06634199134197827 -0.03157894736842108 0.0 0.13127705627705644 0.2578947368421053 0.31948051948050726
36 24 -2.0104761904761896 -1.677183982683982 -1.3439285714285707 -0.07 0.03190476190476247 0.14482142857142943 0.31039971637258756 0.25 1.455714285714289 0.3574675324675314 0.7661654135338365 1.0675324675324749 0.0 0.13157894736842105 0.2068181818181825
36 25 -1.3804761904761906 -1.214050865800866 -0.9891666666666679 0.02202380952381023 0.14 0.17857142857142944 0.2158966317557456 0.19 0.4999999999999999 -0.4666666666666691 -0.26315789473684204 -0.009523809523812599 0.0 0.09473684210526315 0.1976190476190532
36 26 1.3642857142857117 1.9894123376623358 2.6614285714285693 -0.01857142857142942 0.00976190476190448 0.02 0.3568567381273426 0.05190476190476247 2.215238095238098 -1.3126623376623214 -1.1659147869674202 -1.0363636363636508 -0.09080086580087035 -0.027318295739348665 0.0
36 27 -1.4149999999999998 -1.377602813852814 -1.34 -0.17261904761904776 -0.16499999999999998 -0.10750000000000001 0.1821061412710649 0.08000000000000002 0.1499999999999999 -0.16352813852814063 -0.047368421052631504 0.0 -0.10000000000000002 0.04210526315789475 0.10000000000000009
36 28 -1.7194318181818176 -1.6834696969696972 -1.6275 -0.06547619047618977 0.12 0.12 0.20187561489133396 0.31 0.21190476190476049 0.0 -0.012781954887217206 0.17727272727272259 0.0 0.14210526315789473 0.2769480519480306
36 29 -1.23 -1.2280000000000002 -1.23 -0.56 -0.56 -0.5575000000000001 0.15710470201630897 0.019999999999999907 0.010000000000000009 0.0 -0.005263157894736847 0.0 0.0 0.005263157894736788 0.0
36 30 -1.0 -0.990690476190476 -0.98 0.03 0.04 0.04 0.16086811566866346 0.022380952380953514 0.040000000000000036 0.0 0.02105263157894739 0.08095238095238377 0.0 0.011779448621554483 0.006818181818174472
36 31 -1.85 -1.610380952380952 -1.42 0.2617857142857142 0.359285714285716 0.52 0.22044904704801993 0.28 0.44000000000000017 -0.049999999999998934 0.22105263157894742 0.511147186147185 0.0 0.1473684210526316 0.31266233766233276
36 32 -1.3425000000000002 -1.287309523809524 -1.23 -0.2425 -0.030476190476188506 0.18107142857142944 0.21167470304023855 0.45 0.19999999999999996 -0.14285714285714235 -0.10526315789473682 -0.10000000000000009 0.0 0.23684210526315788 0.3681818181818175
36 33 -1.2939285714285707 -1.0985681818181818 -0.8920238095238102 -0.9908333333333323 -0.49999999999999656 -0.031428571428570584 0.31459468961634846 1.26 0.5780952380952376 -0.5174242424242431 -0.2937343358395987 -0.10270562770562153 0.2568181818181746 0.6631578947368422 0.8190476190476164
36 34 -1.5550000000000002 -1.506398268398269 -1.4397619047619052 -0.004659090909090927 0.08690476190476247 0.21857142857142942 0.2890185691597199 0.3919047619047625 1.041904761904764 -0.8666666666666778 -0.5483709273182968 -0.10000000000000009 0.13257575757576512 0.2050125313283205 0.32586580086579087
36 35 -1.65 -1.6481190476190477 -1.6417857142857148 -0.1925 -0.19 -0.19 0.15800107760577556 0.01999999999999999 0.020000000000000018 0.0 0.009273182957392913 0.0 0.0 -0.010526315789473679 0.0
36 36 0.6830357142857134 0.9733528138528144 1.1010714285714283 -0.5888961038961045 -0.1573809523809535 0.04797619047618978 0.34342940485172707 0.82 0.6056493506493492 -0.4687229437229415 0.2897243107769442 0.7595238095238199 -0.5325757575757653 -0.34586466165413715 0.0
36 37 -1.6203571428571424 -1.5170443722943727 -1.4214285714285704 0.045000000000000005 0.10690476190476247 0.12 0.18795549108577406 0.11000000000000001 0.26 0.0 0.1368421052631579 0.2190476190476165 0.0 0.05789473684210527 0.10000000000000003
36 38 -1.8833333333333322 -1.6488560606060603 -1.4662499999999998 -0.08035714285714243 0.025 0.053750000000000006 0.2275917994672449 0.21000000000000002 0.6123809523809534 0.18538961038960244 0.3223057644110281 0.43170995670995804 0.050000000000000044 0.1105263157894737 0.175
36 39 -1.6085714285714294 -1.4735638528138533 -1.3340476190476205 -0.2282142857142857 -0.11727272727272617 -0.07178571428571387 0.23156844776249333 0.26 0.47142857142857153 -0.40952380952380296 -0.24812030075187974 -0.14015151515151425 -0.019047619047624698 0.1368421052631579 0.302705627705638
36 40 -1.44 -1.4369285714285716 -1.43 -0.27 -0.07785714285714201 -0.026428571428570583 0.18825931981787855 0.35 0.020000000000000018 -0.028571428571428914 0.0 0.05952380952380376 0.021428571428579908 0.17243107769423496 0.34924242424242596
36 41 -1.8658333333333323 -1.7318961038961038 -1.61 0.15964285714285797 0.2 0.21 0.20557140269419752 0.1 0.44999999999999996 0.0 0.2368421052631578 0.48571428571429265 0.0 0.047368421052631574 0.10000000000000009
36 42 -1.2372727272727277 -1.1790984848484851 -1.0821428571428577 -0.015357142857142434 0.09690476190476247 0.12 0.18821866007937937 0.15 0.22999999999999998 -0.2119047619047587 -0.06190476190476126 0.10000000000000009 0.0 0.07894736842105263 0.13495670995671158
36 43 -1.5125000000000002 -1.431090909090909 -1.38 -0.115 0.072142857142858 0.12857142857142942 0.19310403189948627 0.28 0.15999999999999992 0.0 0.0789473684210527 0.10000000000000009 0.009523809523803856 0.14736842105263157 0.18365800865801363
36 44 -1.7378571428571425 -1.5618257575757573 -1.43375 0.08892857142857144 0.155 0.18 0.21081287292252293 0.11809523809523924 0.52 0.11428571428571566 0.2736842105263158 0.3788961038961103 0.0 0.053884711779449215 0.11190476190475918
36 45 -1.43 -1.3460984848484854 -1.2595238095238102 -0.2125 -0.07 0.04982142857142942 0.22404254981658348 0.41000000000000003 0.3780952380952374 -0.356385281385283 -0.17794486215538807 0.0 0.09999999999999995 0.1987468671679192 0.3159090909090953
36 46 -1.7825 -1.6577510822510821 -1.57 -0.1825 -0.03468614718614626 0.05284090909090873 0.19945279064863283 0.27 0.24 -0.006818181818174507 0.11578947368421051 0.2214285714285713 0.0 0.06340852130325576 0.15681818181818247
36 47 -1.0548214285714295 -0.8538452380952386 -0.615 0.10750000000000001 0.14500000000000002 0.2 0.22000028908569302 0.12 0.6223809523809535 -0.46904761904761616 -0.327568922305765 -0.2159090909090955 0.0 0.057894736842105256 0.14448051948050752
