38 0 -2.14 -2.131325757575758 -2.12 -0.37 -0.36 -0.36 0.1633252383463832 0.020000000000000018 0.08000000000000007 -0.03495670995672162 0.02631578947368435 0.10000000000000231 0.0 0.010526315789473694 0.0
38 1 -1.8 -1.6817489177489169 -1.7064285714285705 -0.3360714285714294 -0.3 -0.3 0.23058200009397295 0.19 0.6823809523809534 0.0 0.35914786967418605 0.7248917748917516 -0.26190476190476764 -0.10000000000000002 0.0
38 2 2.8717857142857115 -2.8901731601731617 -2.2675 -0.17297619047618978 0.062142857142857146 0.10352272727272618 0.40744419904692647 0.5380952380952375 2.2171428571428606 -2.176948051947998 -1.0017088174982998 -0.07857142857142785 -0.025000000000000022 0.18997493734335633 0.33409090909090466
38 3 -2.08 -2.0528322510822514 -2.02 -0.26 -0.26 -0.25 0.1632153869417532 0.010000000000000009 0.07000000000000028 0.0 0.036842105263158044 0.07857142857141897 0.0 -0.005263157894736847 0.0
38 4 -1.7573863636363645 -1.6442673160173158 -1.56 -0.08107142857142857 -0.057499999999999996 -0.03 0.22602934889269588 0.19428571428571428 0.2723809523809535 -0.21829004329004364 0.14335839598997552 0.6187229437229425 -0.11872294372294165 -0.0736842105263158 0.14047619047619608
38 5 -2.0178571428571423 -1.6749740259740247 -1.276607142857141 -0.5035714285714286 -0.44023809523809554 -0.4375 0.2685962986192983 0.13000000000000006 1.154761904761907 0.20952380952381278 0.6077694235588985 1.0261904761904905 -0.12142857142856261 -0.036842105263157905 0.0
38 6 -1.970595238095238 -1.8880930735930737 -1.8475000000000001 -0.45 -0.442142857142858 -0.43 0.185523451135884 0.04999999999999999 0.26761904761904654 0.06991341991342326 0.14085213032581398 0.21504329004328748 -0.09318181818181864 -0.005263157894736847 0.09318181818182558
38 7 -1.888571428571428 -1.8833095238095239 -1.88 -0.09 -0.09 -0.07625 0.15978036308225532 0.039999999999999994 0.010000000000000009 0.0 -0.0012531328320807805 0.0 0.0 0.015789473684210523 0.03452380952381234
38 8 -0.98 -0.9634177489177489 -0.93 -0.2901190476190473 -0.28 -0.28 0.17449842888610836 0.06 0.15681818181818097 -0.08809523809524045 0.04210526315789478 0.07857142857142896 0.0 0.031578947368421054 0.04999999999999977
38 9 -1.8578733766233768 -1.8362099567099566 -1.81 -0.34 -0.33 -0.2875 0.1774286761543324 0.15 0.08238095238095156 -0.050000000000000044 -0.0032581453634078785 0.10000000000000009 -0.10000000000000009 -0.07894736842105263 0.0
38 10 -0.9279383116883124 -0.7554036796536793 -0.5192857142857151 -0.4225 -0.362857142857142 -0.2875 0.21267669911653575 0.14999999999999997 0.34809523809523746 -0.1119047619047675 0.17142857142857051 0.19523809523809776 0.0 0.06716791979949814 0.11904761904762473
38 11 -1.9 -1.8852380952380954 -1.8775 -0.11107142857142942 -0.035 0.030357142857142434 0.20291768602943716 0.4761904761904751 0.06999999999999984 -0.10000000000000009 -0.02230576441102805 0.049999999999998934 -0.26634199134198644 -0.2506265664160395 -0.1
38 12 -1.591071428571429 -1.1710692640692648 -0.8000649350649358 -0.1507142857142857 -0.11428571428571428 -0.07 0.2973331894080859 0.13 1.490476190476191 -0.9337662337662391 -0.7844611528822057 -0.695238095238106 -0.10000000000000009 -0.06842105263157897 -0.007142857142857159
38 13 -2.024594155844156 -1.6960119047619053 -1.3683333333333354 -0.4975 -0.43976190476190447 -0.42 0.26009331483038556 0.135 1.0661904761904748 -0.7660173160173178 -0.5388471177944852 -0.14318181818181674 0.0 0.06315789473684214 0.10000000000000009
38 14 -2.0667857142857144 -2.0588809523809526 -2.05 -0.23 -0.21 -0.21 0.16137868536591404 0.03999999999999998 0.038095238095237516 -0.07857142857142785 -0.0200501253132829 0.0 0.0 0.015789473684210527 0.006818181818181446
38 15 -1.8121428571428533 -1.4304567099567094 -1.2 -0.6 -0.5769047619047623 -0.44678571428571556 0.23608351650478698 0.19999999999999996 0.74 0.0 0.3631578947368421 0.4261904761904778 -0.10000000000000009 -0.10526315789473682 0.0
38 16 -1.8225 -1.7633452380952381 -1.7226785714285704 -0.4525 -0.42 -0.3998809523809527 0.18469349760348774 0.07999999999999996 0.2623809523809535 0.0 0.1380952380952387 0.2922077922077859 -0.09999999999999953 -0.03809523809523868 0.0
38 17 -2.4820238095238096 -2.1856709956709963 -2.001071428571431 -0.29 -0.2880952380952375 -0.26809523809523805 0.24832941740225456 0.06809523809523754 0.9880952380952375 -0.7945887445887478 -0.5095238095238093 -0.07857142857142785 -0.09318181818182558 -0.03583959899749344 0.0
38 18 -1.85 -1.8361222943722946 -1.84 -0.07571428571428572 -0.07 -0.07 0.1665146540236714 0.03 0.10619047619047506 -0.08095238095237489 -0.04210526315789478 0.0 0.0 0.005263157894736839 0.002380952380946766
38 19 0.21928571428571175 0.7410768398268386 1.283571428571427 0.0275 0.11 0.13392857142857184 0.3087255222783666 0.19 1.5480952380952375 -1.137445887445883 -0.814786967418546 -0.4911255411255492 0.0 0.09999999999999999 0.25
38 20 -1.3203571428571426 -1.0557305194805187 -0.7896590909090909 -0.15 -0.11 -0.1 0.2272149664641204 0.08238095238095353 0.7071428571428606 0.07857142857142896 0.37218045112782133 0.41904761904761667 -0.07413419913420233 0.04335839598997554 0.10000000000000002
38 21 -1.84 -1.3482976190476181 -0.98875 -0.21190476190476193 -0.18909090909090792 -0.16761904761904778 0.287440367309451 0.14238095238095352 1.3171428571428607 0.0 0.6932330827067686 1.2704545454545235 -0.05681818181818246 0.0749373433583966 0.16634199134198668
38 22 -1.58 -1.5797142857142858 -1.58 -0.3 -0.29 -0.29 0.15711484441559495 0.010000000000000009 0.020000000000000018 0.0 0.005263157894736847 0.02142857142857113 0.0 0.0 0.0
38 23 -1.79 -1.7329599567099567 -1.7048755411255423 -0.7157142857142857 -0.69 -0.6675000000000001 0.1739098341422327 0.05999999999999994 0.16000000000000014 -0.10000000000000009 -0.07368421052631585 0.0 -0.08409090909091255 -0.025062656641603395 0.0
38 24 -2.112738095238095 -2.0747456709956706 -2.03 -0.4725 -0.4647619047619045 -0.43 0.1736364734134618 0.11000000000000004 0.08000000000000007 -0.08095238095237489 -0.01453634085212976 0.08809523809524045 -0.10000000000000009 -0.05789473684210529 0.0
38 25 1.0303571428571412 1.2032792207792202 1.3929761904761897 -0.1 -0.08 -0.04875 0.2470620363024049 0.08 0.9585714285714285 -0.6595238095238121 -0.5045112781954887 -0.3666666666666707 0.0 0.042105263157894736 0.09999999999999995
38 26 -1.7510714285714295 -1.7003084415584417 -1.705 -0.3439285714285706 -0.34 -0.34 0.18688524424708094 0.04999999999999999 0.31809523809523754 -0.20000000000000018 -0.1674185463659145 0.0 0.0 0.026315789473684206 0.030952380952375125
38 27 -1.84 -1.8392499999999998 -1.83875 -0.22 -0.22 -0.22 0.15622474745425774 0 0.010000000000000009 0.0 0.005263157894736847 0.0 0.0 0.0 0.0
38 28 0.4648809523809526 0.5260097402597402 0.6721590909090909 -0.21625 -0.21 -0.195 0.23295401543044678 0.16 0.7380952380952375 -0.11461038961039727 0.3253132832080197 0.5438311688311744 -0.09999999999999995 -0.08421052631578947 0.0
38 29 -1.7451190476190472 -1.7319047619047616 -1.7 -0.26 -0.26 -0.25 0.16686534139316 0.020000000000000018 0.1200000000000001 0.0 0.05263157894736847 0.10000000000000009 0.0 0.0 0.0
38 30 -1.4475 -1.3870367965367967 -1.3275000000000001 -0.4976136363636357 -0.47 -0.46732142857142944 0.1801988704658091 0.02999999999999997 0.24571428571428555 -0.08333333333333859 0.09248120300751786 0.18809523809523943 0.0 0.01578947368421051 0.03138528138529162
38 31 -1.91 -1.9099999999999995 -1.91 0.21 0.21 0.21 0.1544546959308694 0 0 0.0 0.0 0.0 0.0 0.0 0.0
38 32 -1.8896428571428567 -1.8741623376623378 -1.86 -0.3001190476190473 -0.27 -0.23491883116883136 0.17558649603115847 0.16 0.03872294372294327 -0.10000000000000009 0.01152882205513806 0.11190476190475973 -0.09999999999999981 0.04210526315789474 0.01190476190476103
38 33 1.30017857142857 2.128440476190474 3.0134523809523768 0.07928571428571514 0.11499999999999999 0.13 0.4378411182116688 0.07999999999999999 3.0785714285714287 -1.550649350649349 -1.3130325814536354 -1.0136363636363699 -0.09999999999999995 0.014536340852129728 0.049999999999999906
38 34 -2.8802299783549774 -2.468828463203462 -2.1701785714285706 -0.43 -0.405 -0.385 0.31006929168686526 0.15000000000000002 1.057142857142864 -0.16401515151515556 -2.68070175438596 1.2952380952380882 0.0 0.07894736842105263 0.1999999999999999
38 35 -1.97 -1.9067056277056273 -1.8642857142857132 -0.22625 -0.195 -0.17750000000000002 0.17866466579186543 0.08000000000000002 0.12809523809523737 -0.22857142857142798 -0.020050125313282787 0.10000000000000009 -0.10000000000000009 -0.042105263157894736 0.0
38 36 -1.76 -1.7137857142857147 -1.7098809523809526 -0.39 -0.39 -0.38 0.19004536331863936 0.058095238095237534 0.34619047619047505 -0.13333333333332975 -0.18220551378446057 0.0 0.0 0.030576441102756598 0.050000000000000044
38 37 -1.4114772727272729 -0.8846233766233755 -0.4153571428571411 -0.2425 -0.167857142857142 0.0175 0.31057473490601123 0.31190476190476246 1.4223809523809534 0.0 0.7486215538847122 1.0761904761904986 0.0 0.1523809523809521 0.3666666666666696
38 38 -2.0625 -1.9710606060606057 -1.9164285714285705 -0.37 -0.3259523809523812 -0.32 0.19077291629894963 0.07 0.33809523809523734 0.09999999999999898 0.17794486215538807 0.22543290043289033 -0.009523809523812321 0.021052631578947358 0.050000000000000044
38 39 -1.4715476190476133 -0.499932900432898 0.35303571428571767 -1.064285714285714 -0.9495887445887439 -0.8936904761904761 0.5013463776122066 0.6523809523809503 3.1071428571428603 1.262662337662333 1.6353383458646635 2.031277056277025 -0.4245670995670836 -0.22631578947368242 0.2476190476190443
38 40 -2.09 -2.0747500000000003 -2.06 -0.32 -0.31 -0.3 0.1651061237962816 0.07 0.050000000000000266 0.0 0.02105263157894739 0.0749999999999984 -0.10000000000000009 -0.0368421052631579 0.10000000000000009
38 41 -1.71 -1.610377705627706 -1.522857142857142 -0.1879761904761898 -0.15159090909090872 -0.14 0.18886960757357366 0.13428571428571598 0.14000000000000012 -0.10000000000000009 -0.04210526315789466 0.10000000000000009 0.0 0.06315789473684212 0.13333333333333044
38 42 -0.6889772727272726 -0.648220779220779 -0.6142857142857142 -0.09 -0.065 -0.05 0.17432858990442265 0.07 0.12 -0.12142857142857177 0.01704260651629132 0.1309523809523927 -0.04761904761905321 0.015789473684210527 0.09999999999999995
38 43 -0.4033928571428589 -0.12410930735930818 0.13297619047618978 -0.2 -0.17431818181818187 -0.13285714285714245 0.2850291333405289 0.06999999999999999 1.3433333333333357 -0.8408008658008659 -0.7070175438596502 -0.6087662337662383 -0.050000000000000044 -0.010526315789473691 0.10000000000000009
38 44 -1.93 -1.924904761904762 -1.92 0.03 0.03 0.03 0.15801001257657515 0.02 0.020000000000000018 -0.028571428571428914 -0.010526315789473694 0.0 0.0 0.0 0.0
38 45 -1.8705952380952384 -1.621805194805195 -1.3860714285714286 -0.027142857142856296 0.015909090909090578 0.04 0.2173713622801169 0.07619047619047506 0.3026190476190498 -0.6393939393939396 -0.13684210526315965 0.13127705627706487 -0.10000000000000002 0.028320802005011345 0.17683982683983063
38 46 -1.9187499999999997 -1.9993474025974034 -1.8248863636363633 -0.31 -0.28 -0.26 0.2837664549432221 0.2923809523809535 1.0119047619047679 -0.724999999999999 -0.5325814536340884 0.10000000000000009 -0.09999999999999981 0.1538847117794492 0.22499999999999992
38 47 -1.579642857142856 -1.384345238095237 -1.1045238095238086 -0.17095238095238124 -0.16 -0.14 0.24870460110748563 0.03 1.0104761904761914 0.35238095238095624 0.5318295739348374 0.6595238095238132 -0.030952380952375264 -0.005263157894736847 0.049999999999999906
