43 0 -2.87188011 -2.800009906 -2.71630881 0.4567444000000003 0.4648142000000002 0.47943875 0.17700753658762114 0.02838560000000001 0.14215408000000007 -0.06804380000000165 0.06107134736842096 0.1635626000000001 -0.08179700000000123 -0.009535684210526413 0.020409999999999595
43 1 -2.70866919 -2.69216221 -2.67943265 0.4129728 0.4255798999999999 0.45802395000000007 0.16739401964711154 0.07790339999999984 0.06277487999999964 -0.06283140000000076 -0.011380021052631584 0.04169920000000049 -0.084622999999997 -0.0043959999999998445 0.07300499999999821
43 2 -2.6521539 -2.5967109200000005 -2.56481794 0.38726405000000014 0.3914324000000001 0.39544375000000004 0.17222158413985028 0.03328399999999987 0.16739340000000036 -0.12635359999999984 -0.08235063157894743 -0.042044600000001875 -0.031242999999998577 -0.017517894736842038 -0.008948999999999208
43 3 1.2495158999999996 2.1049351100000013 -3.0050318100000006 -0.23895399999999994 0.009828199999999843 0.11548920000000007 0.4313276553311241 0.7091690000000002 2.4576026399999993 -2.0654919999999954 -1.0723000842105261 0.023235999999997592 -0.6725880000000017 -0.36716515789473686 -0.14506800000000042
43 4 -0.5093708 -0.004578119999999908 0.4278250000000001 -0.18803890000000012 -0.07780919999999991 0.03827660000000005 0.3467908582155827 0.6263357999999999 1.3771412 -1.049701999999999 -0.7248111578947369 -0.056520000000002124 -0.551541000000001 -0.15323200000000012 0.3811959999999992
43 5 -2.65550428 -2.5792182939999995 -2.508389 0.5462501000000001 0.6057845000000002 0.62202615 0.20469983794443636 0.2375723999999999 0.3344100000000001 -0.04072579999999881 0.1623247789473686 0.29223979999999816 -0.03328400000000231 0.11849368421052646 0.2218410000000004
43 6 0.74889 0.8755167800000002 1.0294332999999998 -0.44379975000000005 -0.3705043000000001 -0.3287972500000001 0.20905450549965912 0.1604540000000001 0.44914559999999915 -0.3783700000000012 -0.23639242105263114 -0.09859599999999968 -0.15668600000000033 -0.08160694736842106 -0.021352000000000038
43 7 -2.6826637100000004 -2.5492256420000006 -2.4538943 0.08910535000000008 0.12209890000000001 0.2588537499999998 0.23702980540481852 0.24529680000000043 0.6478636400000002 -0.5513839999999992 -0.3078257684210527 0.06333380000000055 -0.11994800000000083 0.06387421052631594 0.2592070000000002
43 8 0.6088930999999997 0.6739507600000001 0.7293749000000004 0.0015228999999998827 0.12616519999999998 0.20681610000000017 0.1900059884143089 0.19753740000000009 0.1722604000000003 -0.1243440000000029 -0.0906633684210528 -0.04113400000000045 -0.2428790000000003 -0.10086010526315788 0.047885000000000844
43 9 0.7690802000000002 0.8809207200000001 0.9713904000000002 -0.0006358499999998823 0.25251880000000015 0.3105146000000001 0.22641171498564652 0.4457543999999998 0.35463160000000027 -0.2932760000000001 -0.18664821052631594 0.0 -0.30944699999999936 -0.23460757894736825 -0.0442739999999997
43 10 0.6538264999999998 0.7164663599999999 0.7790968 0.18749725000000006 0.21251520000000002 0.49879684999999985 0.2033038077665382 0.3923743999999998 0.14594719999999972 -0.14852200000000204 -0.07681431578947354 -0.005023999999995699 -0.24209400000000048 -0.17407168421052632 0.05667699999999831
43 11 -2.63247709 -2.6192894040000003 -2.6100072500000002 0.05267350000000004 0.09733999999999987 0.16710295000000014 0.17655146384781217 0.19543359999999987 0.05316019999999977 -0.051778600000000896 -0.010666084210526266 0.032153600000000004 -0.14334099999999794 -0.08638305263157879 -0.07190599999999825
43 12 -2.70178945 -2.664482482 -2.64891499 0.41957465 0.4360360999999999 0.4387208 0.17136881091851278 0.07912799999999987 0.10917780000000032 -0.11143860000000227 -0.05162160000000015 -0.013627600000001294 -0.02621900000000066 0.0039002105263157517 0.07818599999999787
43 13 0.7947340000000005 0.7960182600000001 0.7976385 -0.21180869999999996 -0.20479080000000005 -0.20264775000000007 0.15850664590921332 0.013878799999999858 0.022293999999999592 -0.011617999999997686 0.006908000000000089 0.023864000000002328 0.0 0.005024000000000022 0.021822999999999704
43 14 0.9634148000000002 1.4419539399999999 1.8523958999999999 -0.27942075 0.2891469 0.37594435 0.3608343607283217 0.7350740000000002 1.5479572000000008 0.1299960000000011 0.8147143157894741 1.241241999999998 -0.10267799999999938 0.3073233684210527 0.5111920000000003
43 15 -2.74495346 -2.653962854 -2.56675061 0.42678095 0.47885 0.5002648000000001 0.19056434016672932 0.11407620000000018 0.25543271999999995 -0.34540000000000015 -0.00998189473684212 0.22623700000000024 -0.13721800000000117 -0.01979852631578966 0.09168800000000088
43 16 -1.5451312000000001 -1.47016684 -1.4306625000000002 0.06761990000000007 0.09765400000000002 0.10824365000000014 0.21206726241813056 0.11602299999999999 0.5363747999999999 -0.6229760000000018 -0.19167221052631586 0.058717999999998716 -0.0017270000000013663 0.0521570526315789 0.10534699999999897
43 17 0.9869490999999997 0.9898284799999999 0.9912351999999998 0.031195900000000054 0.03626699999999983 0.04118895 0.15882400221176116 0.017803800000000036 0.031525600000000153 -0.0018839999999986645 -0.010973473684210538 0.019154000000001226 -0.007849999999999246 0.0039497894736841375 0.019625000000002002
43 18 0.7571639000000002 1.4953590600000002 2.4129801 -0.1346667500000001 -0.08291170000000003 0.1918540000000002 0.379874802211124 0.6326472000000003 1.893106 -1.7298259999999965 -0.941834736842105 0.13031000000000237 -0.562687999999999 -0.33297221052631604 -0.1810210000000012
43 19 1.0042662000000004 1.32196826 1.5425092999999999 -0.22341885 -0.18144490000000002 -0.07358589999999993 0.35384272635507324 0.5642894 0.9696319999999998 -0.6320820000000005 0.24839052631578964 0.6132420000000005 -0.22356799999999954 0.29699442105263163 0.42782500000000057
43 20 0.6910512 0.6980094400000001 0.7020569000000002 -0.09861170000000014 -0.09030640000000001 -0.08770805000000004 0.16391383985252553 0.06471540000000009 0.042390000000000594 -0.022922000000000775 -0.021385052631579058 0.0 0.004709999999999992 0.03406073684210531 0.03438300000000005
43 21 0.6282826000000002 1.0827787599999998 1.4921436999999997 -0.013085950000000124 0.6180775999999999 0.7566379500000002 0.3460994791366021 1.1470106000000002 1.081102 -1.101198000000001 -0.5690010526315789 -0.011618000000002127 -1.074822000000002 -0.6036897894736843 -0.020409999999999595
43 22 1.6152945000000005 1.8886032400000001 2.1736964000000003 0.17871309999999985 0.19099050000000006 0.21143190000000017 0.24975813528182478 0.04873280000000002 1.0056791999999994 0.4000360000000036 0.5293048421052629 0.6220340000000002 -0.07206299999999777 0.002280631578947505 0.04992600000000014
43 23 1.1865588999999999 1.9410990160000003 2.5015909 -0.04309649999999998 0.038559200000000016 0.1812407999999998 0.3949077594270476 0.24853099999999984 1.3549100000000003 -1.6692240000000025 -2.7610218315789483 1.5166827999999999 -0.06028800000000056 0.06172578947368428 0.2667430000000004
43 24 2.6685761 2.887745274 -3.114723 0.14360005000000015 0.151976 0.16710295000000014 0.2596367294521432 0.12487779999999993 0.9445371199999997 0.20369180000000098 -2.8081383578947365 0.652178000000001 -0.12324500000000072 0.03174705263157884 0.1067600000000013
43 25 -2.67399417 -2.6731677220000005 -2.64947234 0.4056252000000001 0.40735220000000005 0.408671 0.1687405365563471 0.003705199999999742 0.1530624399999998 -0.14412599999999998 -0.08055917894736832 0.0 -0.0059659999999983615 0.0010081052631579592 0.009262999999998245
43 26 1.4863975000000003 1.76476792 2.0099454 0.14587654999999994 0.17723730000000015 0.31272045000000015 0.2972363527792771 0.24265920000000007 1.3542191999999993 0.5093080000000016 0.7127469473684207 0.9212759999999998 0.009576999999999503 0.09180368421052637 0.14679499999999956
43 27 -2.61444093 -2.57976591 -2.5368907800000002 0.41518649999999996 0.4325349999999999 0.4515948000000002 0.17984500114488225 0.06075900000000001 0.19110040000000028 -0.0006594000000004208 0.06483604210526318 0.2235052000000004 -0.06970800000000055 -0.016708105263157972 0.07677300000000109
43 28 0.4796035999999999 0.48279069999999996 0.49086050000000003 -0.18229270000000003 -0.1270601 -0.09504780000000013 0.16987464831940458 0.1380657999999999 0.01827480000000037 -0.0298300000000018 -0.009618315789473877 0.009420000000002204 -0.10314900000000016 -0.07266621052631574 -0.03312699999999835
43 29 -1.3202915 -1.15759868 -0.9913450999999999 0.07584669999999999 0.10652450000000002 0.11434310000000003 0.22428620861813053 0.06722740000000016 0.7232048000000002 -0.4367740000000009 -0.38063410526315805 -0.3036380000000005 0.010833000000000093 0.03538284210526324 0.0544789999999995
43 30 0.32247800000000015 0.37555970000000005 0.4810950999999999 -0.40980140000000004 -0.39895270000000005 -0.35890985 0.2042707948939268 0.1280492000000002 0.43828120000000004 0.028888000000002467 0.22918694736842096 0.48827000000000176 -0.11916299999999991 -0.06610526315789482 -0.003611000000001141
43 31 -2.5062851999999998 -2.4654714800000006 -2.4062919000000003 0.3291348 0.3564528 0.3659826999999998 0.18286974470666556 0.09275560000000005 0.22542059999999964 -0.21600060000000143 -0.11864242105263138 -0.005338000000001397 -0.10157899999999942 -0.022508842105263095 0.046629000000000254
43 32 2.9486955000000004 2.96811954 2.9689642 0.4317578499999998 0.43897200000000014 0.4492240999999998 0.17118115189010508 0.019844799999999996 0.1561836000000003 -0.13376399999999844 -0.06276694736842096 0.04490199999999778 -0.019310999999997414 0.010444631578947367 0.040192000000001116
43 33 0.6933120000000002 0.74004776 0.7684051000000001 -0.2320931 -0.19838520000000004 -0.17549460000000006 0.22890144511176108 0.564101 0.28385599999999966 -0.07410399999999706 -0.09208463157894738 0.137531999999998 -0.27741900000000097 -0.2961020000000001 -0.04411699999999796
43 34 -2.66031319 -2.6503261060000005 -2.64688341 0.4537692500000001 0.4569327999999999 0.4601199 0.15957333310252544 0.012026200000000209 0.04414840000000009 -0.04377159999999991 -0.023236000000000045 -0.0016956000000001303 -0.015543000000000085 -0.0027929473684212545 0.01742700000000097
43 35 -2.4742101 -2.4714783000000002 -2.4714312 0.27538585000000004 0.28427990000000003 0.28961005000000006 0.15836517004551914 0.024240800000000284 0.01971920000000038 -0.020096000000000558 -0.010378526315789675 0.0003140000000012577 0.0 0.012758315789473835 0.019153999999997895
43 36 2.2924669 2.50919912 2.7528379999999997 0.2361672500000001 0.3392613000000001 0.38839444999999984 0.25546649737481825 0.2585162000000001 0.8895619999999989 0.36141399999999546 0.4681905263157889 0.5636300000000016 0.02857399999999899 0.12700473684210536 0.20221600000000062
43 37 -2.7610365399999997 -2.758616228 -2.7554834500000003 0.4177612999999999 0.47206760000000014 0.49441654999999995 0.17604793120246184 0.22444719999999996 0.019493120000000363 -0.02606200000000225 -0.009135747368421184 0.008917600000000192 -0.17662500000000247 -0.11813010526315787 -0.05730499999999861
43 38 -2.7815109099999997 -2.776994334 -2.7730784400000004 0.34267605000000007 0.36303110000000005 0.37131284999999997 0.16117528959233438 0.05931460000000022 0.016478719999999836 -0.004710000000001102 0.005701578947368353 0.027003999999999362 -0.041605000000000114 -0.031152105263157977 -0.01617100000000038
43 39 -2.4909463 -2.01511384 -1.4735549000000001 0.10561390000000004 0.26190740000000023 0.38245199999999996 0.2917271320273662 0.28592839999999975 1.0955773999999998 -1.3856820000000003 -0.5616964210526315 0.04050600000000237 -0.020253000000000076 0.14562989473684215 0.3325260000000019
43 40 -1.0191812 -0.46749576 0.1909434000000002 -0.20020640000000006 -0.13164450000000005 0.05144104999999982 0.42077794624934084 0.3764546 2.4596248 -1.5122239999999998 -1.2945393684210529 -0.9749699999999994 -0.19342399999999982 0.19813399999999998 0.5027139999999997
43 41 0.8474231999999997 0.9162488599999999 0.9852534999999996 0.3994315500000001 0.45884820000000004 0.47093720000000006 0.18804499132386285 0.18456919999999966 0.19618719999999978 -0.19844799999999996 -0.09657978947368423 0.00031399999999237593 -0.13219400000000103 -0.09714168421052613 -0.05809000000000175
43 42 0.5648388999999999 0.5692663 0.5783723000000002 0.02749855000000001 0.03342529999999988 0.06920560000000003 0.18264565103278027 0.25512500000000027 0.056708400000000214 -0.013815999999999828 0.02683873684210548 0.057776000000000494 0.01365900000000031 0.13427631578947383 0.1640649999999999
43 43 0.5995987000000003 0.66988446 0.7383396000000003 -0.19876199999999994 -0.18772489999999997 -0.1819237500000001 0.18294224412258908 0.04267259999999995 0.2795855999999999 -0.19153999999999893 -0.1460595789473682 -0.09074599999999933 -0.032969999999999944 -0.020624842105263146 -0.003611000000000031
43 44 -1.9380865 -1.8199283000000002 -1.6604320000000001 0.048936900000000005 0.06413449999999987 0.07114455000000008 0.2185310192588947 0.07944200000000001 0.6455212000000001 -0.43174999999999963 -0.33974800000000005 -0.23110399999999975 -0.012089000000000683 0.03769652631578948 0.07504600000000083
43 45 0.7038467000000005 1.6928082260000004 2.8086828999999995 -0.08664045000000004 -0.07196879999999994 0.1266283500000001 0.42624428096590117 0.2798368 2.71702316 0.09043200000000029 -1.8752509684210528 2.2058500000000025 0.029986999999999098 0.14728252631578947 0.1642219999999972
43 46 0.5302518000000003 0.6885863000000001 0.8268561999999998 -0.12578054999999994 0.015982599999999958 0.26750444999999984 0.25080720488373565 0.48798739999999996 0.5870544000000004 -0.4031759999999962 -0.3076538947368424 -0.09263000000000243 0.09781099999999876 0.24896894736842104 0.38904599999999956
43 47 -2.5297253 -2.51969143 -2.51789535 0.17887009999999998 0.18190019999999996 0.19132019999999977 0.168352817539277 0.10741939999999994 0.04992599999999969 -0.0436146000000015 -0.022726989473684088 0.007661599999999602 -0.0536940000000008 -0.045596105263157986 0.02213699999999985
