48 0 -0.7083369 -0.70448412 -0.7056207999999998 0.2127192999999999 0.2185283 0.22290074999999998 0.16228869121176115 0.026219000000000214 0.057022399999999696 -0.009105999999998726 0.03001178947368405 0.009733999999999021 0.00047099999999966613 0.01379947368421064 0.021822999999999704
48 1 0.7838853000000003 1.2066674600000002 1.6062356000000002 0.11745169999999999 0.14385910000000002 0.16276190000000001 0.26713847681494585 0.10186160000000011 1.1462256000000002 -1.0983719999999941 -0.07783894736842104 0.5030279999999987 -0.058718000000000936 0.053429578947368335 0.14020100000000202
48 2 2.0650367000000003 2.13517174 2.2176564000000005 -0.10756070000000001 -0.014271300000000098 0.024272199999999966 0.1943461215843725 0.1541112 0.19467999999999996 -0.16390799999999928 -0.02981347368421074 0.057776000000000494 -0.1873009999999986 -0.0764011578947368 0.03563899999999953
48 3 -1.0695939000000003 -1.02650368 -0.9762574000000003 0.030591449999999965 0.0329543000000001 0.04374805000000015 0.18000881659328985 0.0747319999999998 0.1777867999999998 -0.21195000000000075 0.018740842105263195 0.16924600000000067 -0.07504599999999972 -0.026524736842105278 0.021979999999999222
48 4 0.33809949999999966 0.39990412 0.4269301000000001 0.3300297 0.3623873999999999 0.3788881000000001 0.21849240240475462 0.11316559999999987 0.5647603999999995 0.01726999999999812 0.2972423157894734 0.37208999999999826 -0.05338000000000065 -0.020046421052631703 0.13313600000000148
48 5 2.0333855 2.6655365800000004 -3.1214331800000004 0.14378845000000012 0.17125559999999984 0.18522075 0.3061468041525256 0.052249599999999896 1.5822585600000005 0.17426999999999637 -2.4724954947368425 1.0792180000000018 -0.06374200000000108 0.021715578947368572 0.11147000000000018
48 6 0.5877608999999997 0.58789592 0.5879336000000004 -0.03554480000000004 -0.03460279999999982 -0.03439869999999984 0.15558327347290768 0.005212400000000006 0.002637600000000795 -0.00031400000000347816 0.0011568421052628832 0.0009420000000037732 -0.013031000000000015 -0.0027433684210526345 0.0009420000000004425
48 7 0.3881824999999999 0.3903867799999999 0.3933163999999998 -0.038041099999999994 -0.03598440000000003 -0.03113310000000008 0.15676063719010505 0.018808600000000064 0.005714799999999798 -0.0009419999999993323 0.0005949473684208646 0.0018839999999986645 0.0 0.009866210526315807 0.016642000000001156
48 8 -2.2740508 -1.9678003199999998 -1.7969121000000001 -0.10433435000000002 0.02587359999999994 0.09227675000000019 0.3645995689888312 0.8365587999999999 1.6155928 -1.1526940000000019 -0.6860404210526316 0.3026960000000001 0.09686900000000165 0.4402941052631578 0.6290989999999996
48 9 0.7391874 1.11643642 1.5545041000000004 0.32120629999999994 0.3245975 0.34729185000000007 0.23770576423214335 0.02537120000000015 0.8864219999999996 -0.022608000000001738 0.4368235789473684 0.5755620000000006 -0.01962500000000089 0.010824736842105147 0.02354999999999885
48 10 -0.8985894999999999 -0.8776519800000001 -0.8897974999999999 0.3621126500000001 0.36899709999999997 0.37317330000000004 0.17586884325443633 0.01491499999999979 0.2195488000000001 -0.0043959999999998445 0.11555200000000006 0.04427400000000192 -0.0036109999999989206 -0.003801052631579097 0.01868299999999934
48 11 -0.5365475000000002 -0.20973002000000002 0.2009757000000001 0.09572290000000011 0.10029159999999981 0.12450885000000006 0.23534951461876755 0.04571839999999994 0.8143903999999997 -0.6895440000000019 -0.4199336842105264 -0.08509399999999667 -0.041605000000000114 -0.01279136842105268 0.022451
48 12 -0.8881804000000002 -0.8767382400000001 -0.8626679 0.25755849999999986 0.2620330000000002 0.26416035000000004 0.16112174759010509 0.016641999999999824 0.05771320000000024 -0.0015699999999996272 0.027499789473684273 0.054950000000000276 -0.012089000000000683 -0.004610842105263045 0.0062800000000007294
48 13 1.8877052 1.8141538400000001 1.9222766 0.02796170000000009 0.08889340000000001 0.1733201499999999 0.25543847069265285 0.17678199999999977 0.9526759999999994 -0.05055400000000265 0.4676286315789473 0.19876199999999677 -0.1931100000000019 -0.08828357894736828 -0.015699999999999603
48 14 1.8443104 1.8788347000000005 1.9088845 0.020849599999999968 0.061967900000000076 0.07287155000000012 0.18737456598118796 0.17794379999999999 0.07102680000000028 -0.11021399999999737 -0.0339119999999998 0.06123000000000545 -0.02841700000000169 0.09365463157894736 0.20598399999999795
48 15 1.8062379000000002 1.81783392 1.8212628000000004 0.03369220000000006 0.10413810000000001 0.11614859999999982 0.17696682259647453 0.17747279999999965 0.07667880000000071 -0.03202799999999506 -0.01920357894736821 0.04050599999999793 -0.040348999999999524 -0.036804105263157715 0.08744900000000055
48 16 2.2262286000000007 2.6327804140000004 2.9583823999999996 0.2136142000000001 0.2314651000000001 0.23772155000000006 0.33619949759443635 0.07981879999999997 1.9720895599999997 -1.2151800000000001 -0.8773655789473686 -0.6374199999999997 -0.04129100000000108 0.03135042105263164 0.08917600000000192
48 17 -1.997982 -1.98992162 -1.9828315 -0.05749340000000003 -0.052296699999999974 -0.04946285 0.15712243058692038 0.009545600000000043 0.02022159999999995 0.0 0.010609894736842063 0.018211999999999673 -0.0017269999999991459 0.005024000000000022 0.01727000000000034
48 18 2.1669297000000003 2.17727286 2.2056145 -0.10887164999999999 -0.07697710000000002 -0.041785550000000005 0.18183269208883115 0.08132600000000001 0.1924191999999998 -0.19876200000000122 -0.10127326315789463 -0.0018839999999986645 -0.01962499999999867 0.03687021052631587 0.08007000000000097
48 19 1.5210317 1.5258892800000001 1.5362607000000001 -0.011720050000000037 0.007316199999999995 0.01337640000000001 0.1651826652550731 0.06323959999999995 0.05250079999999979 -0.03862199999999927 -0.011898947368421032 0.04364600000000163 -0.006750999999999285 0.028706210526315775 0.06327099999999919
48 20 -2.1870414 -2.1422712799999997 -2.0975357 0.25136484999999986 0.25374339999999995 0.25959165 0.16972992378946816 0.01661059999999992 0.12132960000000015 -0.13187999999999755 -0.0638576842105264 -0.01475799999999916 -0.01868299999999934 0.0016195789473684805 0.01004800000000139
48 21 2.7156604 -3.022201958 -2.489706 -0.062140600000000046 -0.045561400000000085 -0.023298799999999842 0.3041707152972389 0.05187279999999994 1.6211820000000001 -1.6910469999999989 -0.6608014315789478 0.0 -0.06829499999999933 -0.01907136842105271 0.03108599999999906
48 22 -1.3354106000000001 -1.2018193 -1.0666737 0.34288799999999997 0.36216760000000003 0.39338705000000007 0.21411590966144278 0.08207960000000014 0.5226844000000002 -0.5538959999999993 -0.275097052631579 -0.0009419999999993323 -0.058875000000000455 -0.04319978947368428 -0.01601400000000086
48 23 -1.9864425 -1.73871534 -1.5366689 0.11859780000000014 0.13095369999999995 0.19244274999999988 0.2509696870264109 0.2001436000000001 0.8891852000000002 -0.7181179999999987 -0.4679922105263158 -0.24617599999999906 0.035167999999999866 0.1053387368421053 0.1593549999999977
48 24 -0.8850404 -0.8822677800000001 -0.8787446999999999 -0.20309520000000014 -0.2012269 -0.20002585000000006 0.15617264942195225 0.004678599999999866 0.012560000000000127 -0.01632800000000101 -0.0037349473684210543 0.014758000000001381 -0.006907999999999914 -0.0020988421052631503 0.008477999999999541
48 25 -1.1703721999999999 -1.1065925200000002 -0.9511688 0.2081977000000001 0.21127489999999993 0.21504289999999998 0.22869046661048734 0.06948820000000033 0.7653436000000002 0.003454000000000512 0.4028124210526317 0.6584579999999995 -0.03862199999999816 -0.017914526315789592 0.030143999999998616
48 26 1.7121635 1.7241206199999997 1.7393088000000003 0.2447472999999999 0.2508232 0.2587517000000001 0.15979081610029616 0.012497199999999875 0.04125960000000006 -0.03579599999999683 -0.021715578947368454 -0.0028259999999979968 -0.00989099999999965 0.003255684210526384 0.01978200000000041
48 27 1.9842445 2.3622722400000002 2.7917739999999998 0.20939875000000008 0.2149801 0.23712494999999995 0.28069137415379924 0.047759399999999674 1.3776436000000007 0.5124479999999965 0.7250755789473688 0.7824880000000034 -0.006907999999999914 0.024772947368420943 0.06499799999999945
48 28 -0.7134865000000001 -0.6984207800000001 -0.6938458 0.08902684999999982 0.10460910000000001 0.1101198000000001 0.16756953073086941 0.030081199999999697 0.10186159999999989 -0.02103799999999989 0.053611368421052574 0.1456959999999996 -0.008791999999999689 0.01583221052631563 0.05071099999999884
48 29 0.7927558000000002 1.10955982 1.5509087999999998 0.13890574999999994 0.16894770000000003 0.26129509999999995 0.31011750865698434 0.1519446000000002 1.5271076000000003 0.42735399999999757 0.7951141052631582 1.1388779999999943 0.02716099999999777 0.0785165263157896 0.17270000000000008
48 30 0.2985198000000002 0.65662424 0.9914549999999998 -0.0973557000000001 -0.08173419999999998 -0.06192865000000003 0.30523950387099685 0.05020860000000016 1.6318579999999998 0.5623740000000033 0.8588726315789472 1.120979999999998 -0.01240299999999972 0.024359789473684317 0.05965999999999916
48 31 -0.6831855 0.2637914 1.2705382000000003 0.16951290000000013 0.1980398000000001 0.22231199999999995 0.41634233863278014 0.12726419999999972 2.7434179999999997 0.35010999999999903 1.4439042105263156 2.3700719999999986 -0.09011800000000125 -0.008659789473683954 0.1277980000000023
48 32 2.7816789000000006 -2.642343284 -2.1404281 0.1955906 0.24099499999999996 0.2567106999999999 0.4638761393494044 0.23816900000000008 3.1250536 -2.6036879999999982 -1.2548629894736856 -0.5400800000000006 -0.1606110000000016 -0.05822221052631573 0.021823000000000814
48 33 -0.4351883 -0.15631234 -0.2582021999999998 0.08232295000000017 0.11508099999999999 0.1544016500000001 0.32490980611303494 0.24887640000000033 1.5768451999999997 -0.13721799999999895 0.8299185263157893 1.7219759999999962 -0.15134799999999893 -0.12307147368421066 -0.011775000000000535
48 34 0.7315571999999998 0.9888299600000001 1.2297496000000006 0.3491130499999999 0.3704415 0.3783386000000001 0.2490146740289587 0.047759399999999896 0.9919260000000003 -0.860046000000001 -0.4750324210526317 0.046471999999997404 -0.06860900000000059 0.009866210526315807 0.07049300000000036
48 35 -0.8875838000000001 -0.8558478199999999 -0.8423835000000002 0.21140835000000002 0.21264079999999996 0.21415584999999993 0.16850003809137892 0.007096399999999781 0.14795679999999978 -0.06625400000000115 -0.04614147368421046 0.050239999999999174 -0.017584000000000488 -0.003734947368420937 0.005338000000000287
48 36 0.32216400000000034 0.5090599400000002 0.6352063000000003 0.13079670000000004 0.14068769999999986 0.15670954999999992 0.22653525296590124 0.03981519999999983 0.7404748000000003 -0.6173239999999991 -0.3869471578947371 -0.0492980000000065 -0.07347599999999899 -0.010064526315789352 0.055264000000001534
48 37 1.4067985000000003 1.48208 1.6836209000000002 0.054706650000000134 0.055844899999999975 0.05749340000000025 0.23919281780156998 0.015982599999999847 0.9333335999999997 -0.8245639999999965 -0.49122821052631555 -0.0006279999999980745 -0.018840000000001078 -0.008411894736842025 0.019467999999999153
48 38 -0.052987500000000076 0.12388556000000009 0.2500068000000003 -0.22009045000000005 -0.19913879999999995 -0.18253605000000006 0.22521556285889494 0.047005799999999986 0.4007267999999997 -0.4374019999999956 0.16367663157894735 0.593146 -0.04851300000000003 0.013816000000000063 0.10189299999999957
48 39 1.7480694000000003 1.7635433200000001 1.7805998 0.12762529999999994 0.28043339999999994 0.3021936000000001 0.18025751098246176 0.21414800000000023 0.06248599999999982 0.000942000000008214 0.03288736842105253 0.06625399999999892 -0.16437900000000116 -0.10766894736842109 0.013031000000000015
48 40 -0.9427536000000003 -0.9363794000000001 -0.9281683 -0.027961700000000034 -0.02273360000000002 -0.015613650000000034 0.16020472967227065 0.024178000000000033 0.03171400000000002 -0.024492000000000402 0.013088842105263229 0.05589199999999961 -0.012246000000000201 0.009122526315789435 0.0408200000000003
48 41 1.8940166000000005 1.8959696800000003 1.9072831 0.02640739999999997 0.02844840000000004 0.03117234999999996 0.16389299468182478 0.017929400000000095 0.08879919999999952 -0.05965999999999916 0.024227578947368232 0.02825999999999773 -0.016642000000002266 0.004561263157894776 0.018997000000000597
48 42 -2.2041544 -2.2034478999999996 -2.2025844 0.10213634999999993 0.10283500000000001 0.10409099999999993 0.15513593484934082 0.001978200000000152 0.0045215999999999035 -0.00031399999999903727 -0.00237978947368416 0.0 0.0 -0.0007271578947368331 0.005808999999998843
48 43 -0.6430877 -0.6426292600000001 -0.6420829000000001 0.07870410000000017 0.0822366000000001 0.08347690000000002 0.15599298026399044 0.005338000000000287 0.008352400000000149 -0.0043959999999998445 0.0030408421052634175 0.011618000000002127 -0.009263000000000465 8.26315789473488e-05 0.009105999999998726
48 44 -0.10314900000000027 -0.03057732000000004 0.10327460000000044 0.0006829499999999045 0.005699099999999957 0.015409549999999939 0.23300204587609236 0.0404431999999999 0.8265736000000001 -0.5545240000000029 -0.4350387368421053 -0.1532319999999987 -0.07724400000000076 -0.0074698947368421085 0.061387000000000524
48 45 1.8584247 1.8609115800000005 1.8650344000000003 0.057556199999999835 0.05799580000000004 0.05864734999999999 0.15587132340475474 0.005871800000000205 0.009985200000000027 -0.019154000000001226 -0.005255368421052646 0.0 -0.002354999999999441 -0.0003470526315789351 0.0017269999999991459
48 46 -0.1522743000000002 0.34291625999999986 0.742767 0.1408917999999999 0.14533489999999982 0.1473837499999998 0.3034388263308694 0.08606740000000035 1.590096 -1.0594360000000025 -0.8368926315789473 -0.6374199999999997 -0.047728000000000215 -0.038407157894737004 0.04364600000000052
48 47 1.0268271000000002 1.28518002 1.5851034000000004 -0.0005259499999999973 0.013706099999999943 0.01858094999999993 0.21489809453405403 0.031745399999999924 0.6388644000000001 -0.6650519999999993 -0.32315557894736885 -0.011618000000002127 -0.03375499999999865 -0.004296842105263189 0.0361099999999992
