49 0 -0.4375119000000002 -0.31990634000000007 -0.23600239999999995 -0.22761075000000008 -0.013847399999999954 0.12247569999999997 0.237370890104755 0.2585162000000001 0.28636799999999996 -0.08603599999999823 0.15071999999999997 0.44901999999999775 -0.0912170000000001 0.07179031578947374 0.3973669999999996
49 1 -0.2488764 -0.10346614000000001 0.11548919999999985 -0.20625875000000005 0.1724330999999999 0.26356375000000004 0.28069896174106046 0.6709552000000001 0.63585 -0.3020679999999998 0.06759263157894745 0.4628359999999998 -0.4152649999999991 -0.34457368421052637 -0.020409999999999595
49 2 -0.33453560000000027 -0.29344556 -0.2787849000000001 0.16689100000000007 0.1695757 0.17243310000000006 0.1739576509671751 0.018212000000000117 0.2020903999999999 0.026375999999996846 0.10636336842105258 0.20723999999999965 -0.025747999999999882 -0.009585263157894798 0.010048000000000279
49 3 -2.89832205 -2.7991037020000005 -2.6524459200000003 -0.2622057000000001 -0.23568840000000013 -0.19837735 0.3448899285192771 0.19172840000000013 1.8840628000000006 -0.08104340000000043 -2.313651157894737 1.5235907999999987 -0.09231599999999895 0.09634842105263172 0.16846099999999975
49 4 -1.5098690000000001 -1.0424768600000003 -0.5514939000000001 0.16208679999999992 0.16987400000000008 0.19431105000000015 0.29158747152322617 0.08496839999999994 1.4457816 0.4961199999999999 0.7609376842105263 0.961468000000002 0.015542999999998974 0.04472021052631576 0.10095099999999912
49 5 -0.08916029999999986 -0.001488359999999922 0.06199929999999976 0.19101405000000016 0.2033307000000001 0.21345720000000012 0.1940588908588949 0.06719600000000003 0.32725079999999984 0.07222000000000284 0.17223726315789464 0.2895079999999961 -0.05856100000000031 0.0287227368421052 0.08870500000000114
49 6 1.3183917999999997 1.4657205999999998 1.5750396999999996 -0.13945524999999998 -0.10248959999999996 -0.04379514999999995 0.254334924581188 0.15012340000000002 0.9792403999999992 -0.6889160000000016 -0.5153896842105259 -0.270668000000005 -0.10173600000000116 -0.06914610526315788 -0.05463600000000013
49 7 -0.2843269999999998 -0.15075454000000005 -0.008603599999999934 -0.08468579999999998 -0.06283139999999998 -0.037020599999999904 0.2069670058092133 0.06625400000000004 0.5099359999999997 0.04364599999999941 0.2572816842105261 0.25025799999999876 -0.0810120000000003 0.0034705263157894677 0.0748889999999991
49 8 -0.22719469999999997 -0.20696682000000005 -0.19343969999999988 0.021720950000000072 0.03303279999999997 0.04107905000000006 0.16926450074233435 0.051495999999999986 0.11511239999999967 -0.08415199999999734 0.011204842105263162 0.05683400000000116 -0.006279999999999619 0.027103157894736836 0.05416500000000157
49 9 -0.39870150000000004 -0.35705568000000004 -0.29696549999999977 0.13129910000000006 0.14633970000000007 0.16433975 0.1935722401709968 0.12704440000000017 0.3131208000000001 -0.010676000000000574 0.15571094736842114 0.2367560000000002 -0.024021000000000736 0.06686547368421061 0.11304000000000092
49 10 -0.272081 -0.20802186000000003 -0.15756520000000007 0.2026713 0.2066904999999999 0.22817595000000018 0.18352936057354463 0.04766519999999996 0.17163240000000002 -0.23863999999999885 0.035101894736842235 0.3187099999999998 -0.07598800000000017 -0.02508694736842103 0.017113000000000822
49 11 -0.014852199999999982 0.02576997999999997 0.06576730000000008 -0.0015778500000001028 0.0014758000000001381 0.005479300000000076 0.18655504565061465 0.010895800000000122 0.34590239999999994 -0.1259140000000003 0.18205389473684208 0.45404400000000233 -0.027946000000000915 -0.002495473684210588 0.019154000000001226
49 12 -0.9245573000000001 -0.65763846 -0.275849 0.038488549999999955 0.20932810000000013 0.28258430000000007 0.334301469314309 0.26291220000000015 1.74427 -1.1850360000000026 -0.9180368421052633 -0.2430359999999987 -0.20708300000000124 -0.13837484210526324 0.0034540000000016224
49 13 0.017725299999999944 0.34481282 0.6913180999999998 0.018031449999999838 0.09471809999999992 0.10552754999999991 0.28874156691940434 0.14783119999999994 1.3162879999999997 -0.8804560000000028 -0.6927831578947368 -0.44273999999999925 -0.09655500000000039 0.0027929473684210207 0.1796080000000011
49 14 2.5841415 -2.7701475639999997 -1.7899727 0.048387400000000136 0.07553270000000001 0.08740975000000006 0.4232128843542452 0.11407620000000018 2.9231515999999997 -2.0789940000000007 -1.3157062736842104 -0.45372999999999997 -0.08964700000000048 -0.06004010526315799 -0.01742700000000097
49 15 1.0411926 1.3437441600000004 1.5422738000000003 0.13385820000000015 0.1468735000000001 0.16407284999999994 0.24888885240220715 0.0923788000000001 0.9749700000000008 -0.7749520000000043 -0.5117869473684217 -0.24052399999999974 -0.09686899999999832 -0.048620421052631625 -0.003611000000000031
49 16 -0.3664851000000001 -0.15678962000000002 0.024052399999999863 0.2830474500000001 0.2910936999999999 0.33598785000000014 0.22880543623150632 0.07850000000000024 0.6420672000000001 0.33974800000000194 0.3379301052631579 0.541963999999997 -0.09796799999999828 -0.04131578947368433 -0.0028260000000013275
49 17 -1.2968671 -0.90991862 -0.5015679000000001 -0.044658649999999966 -0.019640700000000066 0.01569215000000007 0.2768197533595319 0.16265200000000002 1.2053204000000002 0.46220800000000173 0.6343791578947369 0.860046000000001 -0.007692999999999728 0.0856063157894737 0.21587499999999982
49 18 1.8686925000000003 2.0325753800000004 2.1609008999999997 -0.10056635000000003 -0.08506259999999988 -0.014420449999999918 0.23228621641176106 0.13655860000000009 0.7320596000000004 -0.5598619999999999 -0.34860610526315794 -0.2012739999999935 -0.058875000000000455 0.04164631578947373 0.13454899999999936
49 19 -0.5628607 -0.50157104 -0.4377160000000003 -0.09733999999999998 -0.08507829999999994 -0.006884449999999875 0.18349854327418152 0.1312519999999997 0.10751359999999943 -0.15857000000000232 0.0372503157894733 0.23864000000000107 -0.10628900000000052 -0.059246842105263 0.017113000000000822
49 20 1.1087811 1.4769680800000002 1.7519473000000003 -0.013368549999999979 0.1550532000000001 0.18284220000000007 0.27469172399074215 0.27167280000000016 0.6073388 -0.7900240000000025 -0.2501423157894738 0.5912619999999968 -0.2070829999999979 -0.13153294736842108 0.05165299999999928
49 21 2.5559286000000006 2.7307072800000007 2.9681164 0.023581400000000086 0.026093400000000155 0.030881900000000073 0.24030585053086947 0.018463200000000013 0.9377295999999999 0.15762800000000077 0.49354189473684207 0.6772979999999995 -0.025591000000000363 4.957894736838591e-05 0.031556999999998725
49 22 -0.1462140999999998 -0.09355630000000001 -0.043096500000000204 0.12435184999999993 0.14376490000000008 0.18002404999999977 0.18434853684488217 0.1676445999999998 0.170188 -0.14538199999999835 -0.02254189473684194 -0.0100480000000025 -0.13847399999999843 -0.05965999999999986 -0.040348999999999524
49 23 -0.23480920000000016 0.39519726000000005 1.1622396000000002 -0.3436651500000001 -0.2279483 0.1279471499999999 0.37944739332704774 0.5646662000000002 1.9940883999999994 0.5639440000000029 1.0495202105263153 1.3781459999999979 -0.4507469999999991 -0.2733948421052632 0.007692999999999728
49 24 2.5780656000000004 2.5790547 2.5869204 -0.001679900000000012 -0.000863500000000017 0.0008635000000000725 0.1659990881257738 0.0818283999999998 0.044650800000000324 -0.036423999999994905 -0.02350042105263175 0.0 -0.026690000000000325 -0.04306757894736832 0.004239000000000326
49 25 0.06926840000000012 0.14379315999999992 0.20022209999999974 0.13541250000000005 0.14838070000000003 0.23034254999999998 0.18903530033660185 0.08299020000000001 0.27073079999999994 -0.16579200000000238 -0.050636631578947315 0.15605800000000114 -0.05479299999999854 -0.03222631578947375 0.03595299999999857
49 26 -1.0189928 -0.6547716400000001 -0.1622281000000002 0.08244069999999992 0.13960439999999996 0.37559110000000007 0.2877522360729078 0.4083570000000003 1.0876332000000002 -0.9363480000000024 -0.4078364210526316 0.05337999999999843 -0.36800799999999967 -0.21492473684210545 -0.0050240000000001395
49 27 -1.0559506 -0.43447238 0.16043830000000014 0.15586959999999989 0.17417579999999988 0.23179480000000013 0.35593195452067833 0.08211100000000005 2.1899616 0.975598000000002 1.1526113684210528 1.2591399999999975 -0.12528600000000112 -0.040506000000000035 0.006907999999999914
49 28 -0.13227250000000002 -0.13044502000000002 -0.11299289999999995 -0.13640945 -0.040474599999999916 0.0006358499999999379 0.177420734813672 0.12167499999999998 0.07724399999999987 -0.08258199999999993 -0.019567157894736918 0.04458799999999874 -0.16249500000000028 -0.059379052631578964 0.06217199999999923
49 29 0.9665390999999999 1.0110486 1.0163237999999997 0.03428879999999995 0.12472080000000019 0.13278274999999995 0.20090813571239807 0.23383580000000004 0.2358140000000004 -0.06939400000000262 0.12411263157894759 0.2555960000000024 0.06578300000000037 0.12307147368421055 0.18808600000000064
49 30 -0.34243270000000003 -0.30649225999999996 -0.29443779999999997 -0.2608241000000001 -0.25038360000000004 -0.19939785000000004 0.17727997025571024 0.10839280000000007 0.10851840000000035 -0.060288000000001674 0.05711494736842124 0.12120400000000142 -0.08258199999999993 -0.04614147368421058 0.027004000000000472
49 31 -0.38978389999999996 -0.16095953999999996 0.06689769999999973 0.20353480000000007 0.21406950000000002 0.2174450000000001 0.2588724124092135 0.0365810000000002 1.1380616 -0.7407259999999982 -0.5970957894736841 -0.41479400000000055 -0.022765000000001256 0.010196736842105203 0.03249900000000028
49 32 -0.6992622999999999 -0.5905084 -0.42802909999999994 -0.10625760000000001 -0.0024020999999999626 0.20982265 0.23149335887991404 0.40305040000000014 0.30991800000000014 -0.3551340000000014 -0.05612336842105258 0.23644199999999893 -0.4028620000000005 -0.10120715789473693 0.09011800000000014
49 33 -1.1272600000000002 -0.7826481399999999 -0.4520187000000001 0.09243375000000004 0.13227250000000002 0.1463318500000001 0.2625768562665382 0.10095100000000023 0.9943123999999997 -0.822679999999999 -0.046670315789473754 0.838694000000002 -0.11822100000000058 -0.03769652631578948 0.004238999999999216
49 34 -0.9570562999999999 -0.6943576200000001 -0.2874983999999998 0.09047124999999989 0.1257883999999999 0.3283655000000001 0.3298634560117611 0.3197462 1.2263584 -1.7339079999999996 -0.6454517894736843 0.3438300000000005 0.0043959999999998445 0.1349208421052632 0.1708160000000003
49 35 -2.70973836 -2.689536542 -2.6877473700000003 0.37206645000000005 0.38154140000000003 0.3958127000000001 0.1790276350378758 0.06393039999999983 0.16679679999999975 -0.05457319999999877 0.08778778947368408 0.06151259999999992 -0.06044500000000119 -0.01611315789473699 0.03815099999999849
49 36 2.2277829000000002 2.49663284 2.7373264 -0.03862984999999991 -0.01361190000000001 0.0033284000000001757 0.2658307957627167 0.06719600000000026 1.1542640000000004 -0.7479479999999983 -0.6075073684210528 -0.39030200000000015 -0.08823400000000037 -0.010081052631578892 0.07897100000000101
49 37 2.5256590000000005 2.822967702 3.0257197000000002 0.04271970000000003 0.04691159999999994 0.06320034999999996 0.2712725702925892 0.08644420000000008 0.6097880000000009 -0.6867180000000062 -2.985240968421053 1.0739114000000005 -0.1142960000000004 -0.045496947368421095 0.020410000000000705
49 38 -0.19417759999999995 -0.027412199999999932 0.1548334 -0.10997065000000011 -0.034069000000000016 -0.01862804999999995 0.20972951320857644 0.14447140000000003 0.4664156000000004 -0.4242139999999961 -0.16896505263157932 0.06217200000000034 -0.00737899999999958 0.07603757894736844 0.14522499999999883
49 39 1.0384765000000005 1.5164661400000001 1.9789536 0.06037435000000008 0.08561210000000019 0.10265445000000001 0.3201558092404235 0.0661598000000001 1.7393716000000001 -1.1055939999999964 -0.9154587368421051 -0.7055579999999972 -0.1339210000000013 0.018806947368421006 0.15401699999999963
49 40 -0.00918450000000004 0.006031940000000025 0.003359800000000024 -0.10770199999999996 -0.09766969999999997 -0.08912105000000003 0.1754688155608056 0.08704079999999981 0.11875480000000005 -0.013815999999997608 0.0625025263157895 0.0891759999999997 -0.03595299999999857 0.04581094736842095 0.03689500000000012
49 41 -0.004615799999999948 0.03469072000000002 0.0722043 0.03779774999999996 0.05038129999999985 0.07524225000000001 0.17197749421430888 0.05105639999999978 0.0872291999999999 -0.06594000000000211 0.04591010526315784 0.13282200000000133 -0.07583100000000065 -0.026871789473684096 0.020567000000000224
49 42 -0.4968736 -0.33608047999999996 -0.0872291999999999 -0.23236 -0.17339079999999996 0.03451645000000009 0.26924816957290765 0.3391514000000002 0.9525503999999998 -0.8556499999999989 -0.5013423157894735 -0.1667339999999995 -0.24099500000000051 -0.1740551578947369 -0.01617100000000038
49 43 -0.14341950000000003 -0.14177728 -0.13674700000000017 0.1959674 0.20116410000000018 0.20402150000000002 0.16054872806462725 0.04078859999999973 0.028008799999999834 -0.005023999999997919 0.014741473684210438 0.03140000000000143 -0.029516000000000542 0.01156842105263152 0.03454000000000068
49 44 -0.9460663000000002 -0.6613625000000001 -0.3548513999999998 -0.05736779999999997 -0.03598440000000003 -0.017599699999999996 0.24966787782258928 0.0711523999999999 0.9899791999999998 0.41761999999999855 0.5210416842105263 0.6597140000000024 -0.0761450000000008 -0.03744863157894731 -0.011932000000000054
49 45 -0.5672252999999999 -0.3547917400000001 -0.21127490000000004 -0.03515230000000008 0.015668600000000033 0.0517236499999999 0.29096341717163376 0.10610059999999999 1.37061 -1.1526940000000008 -0.7213736842105264 -0.16359400000000246 -0.11005700000000007 -0.02108757894736839 0.025747999999999882
49 46 -0.4205715999999997 -0.41673766000000007 -0.4173216999999998 0.1750706999999999 0.17665639999999994 0.17919980000000008 0.1606058219869203 0.01387880000000008 0.04201319999999953 -0.0015699999999996272 0.02211221052631554 0.019468000000000263 -0.011303999999999759 -0.007304631578947411 0.011303999999999759
49 47 0.12393580000000004 0.19973226000000005 0.28473519999999997 -0.04098484999999996 -0.0362827 -0.03332325000000008 0.1838283075735445 0.03171400000000002 0.2986767999999995 -0.31525600000000153 -0.1165105263157894 0.05463599999999902 -0.026218999999999548 0.006098210526315907 0.03579600000000016
