5 0 1.549001998070828 2.0126632369092023 2.338537709703644 -0.3587423474418171 -0.2705388275093269 -0.06391633100134307 0.29336726887644143 0.6220177587262715 0.7479822412737285 -0.566715547458625 -0.38524960473179826 0.10302702121799845 -0.4948582654264444 -0.21264933857520774 0.19964752641384725
5 1 2.097670492546008 2.2144328294303173 2.387196604151493 -0.1 -0.08866475372699603 -0.0775580357142857 0.23594817932500534 0.08963136600089969 0.8293785787175341 0.2981568300044968 0.43651504143028114 0.5657403087943602 0.0 0.04717440315836825 0.09999999999999995
5 2 -2.93 -2.8144301161616743 -2.6675000000000004 -0.21 -0.19 -0.18 0.18876292466353484 0.05000000000000002 0.3199999999999994 0.049999999999998934 0.15789473684210517 0.15102420566360353 -0.04966298999417751 0.005263157894736847 0.07817642599117103
5 3 0.750528089588437 0.9450591035677041 1.1909487526115288 -0.02 -0.02 -0.011792285380319548 0.22041553618977905 0.03695972601551988 0.7050018894782079 0.17499849066641038 0.371053626041162 0.5303975388455656 -0.0344001936883781 0.010526315789473684 0.05226241449308562
5 4 1.1189615292046133 1.2267718576693263 1.4637420164478383 0.07363034735725538 0.09249673884685598 0.11 0.2546578884928366 0.07 1.0299999999999994 -0.20254322434709815 0.4023626977785674 0.7997196512259552 -0.12420231571503591 0.01578947368421053 0.10000000000000009
5 5 -0.9824999999999995 -0.6273549280059718 -0.38550315016673875 0.03 0.03138472925057706 0.04 0.25086547460098135 0.05 1.032864902276169 -0.7559989754169322 -0.5436131064611415 -0.2299650596506292 -0.1 -0.021052631578947368 0.0
5 6 1.039413752409168 1.711890146727916 2.416703912675284 0.05 0.065 0.08 0.3630407713582869 0.04 2.28 0.9432157051907053 1.2 1.4761783329075429 -0.09999999999999995 -0.015789473684210523 0.016227807240029833
5 7 1.3079047638689634 1.5923827598806692 1.8911377850725635 0.01845356199634328 0.03 0.05 0.23781243909316782 0.030000000000000002 0.88467180244829 -0.6012031911987126 -0.46561673813067894 -0.3048442974353971 -0.05 -0.010526315789473684 0.0
5 8 -0.6935418106185757 -0.6328602555597002 -0.5749841412867176 -1.2260889554434633 -1.1775855899253342 -1.0662585641313278 0.22240288641914097 0.3815872642962307 0.21543889845094644 -0.26669203460699564 0.11338889392155078 0.3832276085781139 -0.19025365835698582 0.02072246844247778 0.11309664271214714
5 9 0.21826356358061483 0.42954916922519837 0.6172220377489119 -0.14250000000000002 -0.10430256350136832 -0.09891013099693784 0.22636470157471805 0.07555899522377539 0.7200000000000002 0.27221060883198556 0.37894736842105275 0.4220083532088839 -0.10000000000000009 -0.039767892223039676 0.0
5 10 0.6364461231834232 1.0555256099643562 1.4323485510730394 -0.08 -0.07 -0.06 0.29531502458665043 0.053595775152166264 1.5324649587255224 0.35437745038817803 0.8053091823334855 1.1704319061808566 0.0 0.015789473684210523 0.06797887576083128
5 11 2.93 2.9800637971796915 3.0525 0.34298533650833424 0.3722364313999535 0.4 0.19411663767935874 0.09999999999999998 0.3431869510665031 -0.20222951690176627 -0.1806247110876332 0.0 -0.10000000000000009 -0.01578947368421051 0.0
5 12 -0.25000000000000044 -0.19369789523063624 -0.17917353018961282 -0.05 -0.04 -0.0275 0.19295130606876415 0.07399577167018999 0.36229570134071654 0.0 0.1906819480740613 0.42869340675591316 0.0 0.038945142984310524 0.09999999999999996
5 13 0.06820743727598234 0.5966067465951068 1.0139727978484192 -0.44 -0.385 -0.3585534869572067 0.30309600746795884 0.19801980198019775 1.4780198019801987 -0.9709279022647253 -0.7779051589369466 -0.4369262932711071 -0.2547463287193816 -0.0936946326211567 0.04303350045665344
5 14 -2.7600000000000002 -2.7344930888649825 -2.7347134149256664 -0.09 -0.08 -0.07 0.18433750592426845 0.21573456106341726 0.10573456106341661 -0.09399045834043385 0.006090795121094111 0.0 -0.10000000000000002 -0.11354450582285121 0.0
5 15 2.3798110353875868 2.8208782154861503 -3.0993098884758368 -1.4649999999999999 -1.2912722987888552 -0.9247508030073073 0.5236476684152546 1.0772168405830147 0.9327604460966539 -1.2954604968473271 -3.0784737145321834 0.7595969469908677 -0.8157073305339455 -0.5655153198982588 -0.22612127735917031
5 16 0.34209709359459073 0.745330422912698 1.1050000000000004 0.1875 0.21 0.2225 0.26246564220332474 0.10969261013314316 1.0399999999999996 0.25268604270273054 0.5473684210526313 0.8438522026628625 -0.09846305066571581 0.03157894736842105 0.10090560144922253
5 17 2.544106875969792 2.7042116069776148 2.8533773524865897 -0.04994551671089434 -0.01849844338088458 0.1325 0.2342899811993741 0.18333761546024763 0.6596654977779837 0.11774953650759645 0.3471923672515704 0.5568989769337263 0.0 0.09649348182118296 0.14873787503679237
5 18 -1.012879286450635 -0.9261005132577076 -0.8257216142270867 -0.2 -0.2 -0.18924585736519242 0.19260098589379385 0.03299811641475661 0.39713738076134464 -0.2851345090251711 -0.20901967408491823 -0.14967565226785828 -0.014990582073783065 0.0052631578947368324 0.021028550371967464
5 19 -0.16012302242065493 -0.07845646291531597 0.00784873825810868 -0.11 -0.11 -0.10750000000000001 0.18427984854090199 0.020000000000000004 0.30672661093803 -0.1849571790293096 -0.16143505838843683 -0.13435180863431512 0.0 0.010526315789473686 0.01442147000032673
5 20 2.617771531252065 2.918411891395505 -3.03 0.17856017925754014 0.23173622116569853 0.24 0.27686633169541297 0.19635591689250162 1.1045763324299935 0.28735852676002427 -2.723907193457898 0.9213671118823807 0.0 0.09808206152236927 0.18111399171865702
5 21 0.4849910845894173 0.6074072955513194 0.7900000000000003 -0.33622430776390283 -0.18606528545475692 -0.15668652384075438 0.28623726834321433 0.42052462011925484 0.832379711119874 -0.6031523788392917 0.06893479274800678 0.6300198750036932 -0.34396632234245167 -0.22132874743118672 0.09999999999999995
5 22 -0.1460845379381288 -0.049033854314856185 0.05625696031413975 0.0 0.002844366440022283 0.01 0.21894764950020518 0.03 0.6986322338658066 0.21912425106087685 0.3677011757188456 0.45725788807001894 0.0 0.01578947368421053 0.042699064118866745
5 23 2.3300000000000005 2.435391133029342 2.53 -0.0025 0.03 0.07500000000000001 0.18973605805085908 0.13 0.21999999999999975 -0.20000000000000018 -0.1157894736842104 0.0 0.0 0.06842105263157895 0.10000000000000005
5 24 0.6340795732905055 1.1962209382797586 1.7275 -0.1863784366068709 -0.15 -0.09961174172624415 0.31872287364611623 0.21716222202533947 1.5381267217630892 -1.3719538810048448 -0.8095403798753101 -0.33464312409003133 -0.20000000000000012 -0.021052631578947364 0.1710451852506839
5 25 0.41999999999999993 0.44003800454419195 0.43999999999999995 -0.13 -0.12 -0.12 0.17041051563957976 0.010000000000000009 0.17000000000000037 0.0 0.08947368421052651 0.10000000000000231 0.0 0.005263157894736847 0.0
5 26 1.23 1.2384740070800615 1.2500000000000004 0.057499999999999996 0.09 0.1 0.1668319673888777 0.060000000000000005 0.08000000000000007 -0.09052726856680016 -0.04210526315789478 0.0 0.0 0.03157894736842106 0.06748092941917284
5 27 -0.6812635832700839 -0.4610284659249113 -0.18853094326071426 -0.2644057546519648 -0.228590957827019 -0.2011769810869049 0.2482290745004403 0.1372767159714148 0.9227227767832764 -0.5869140139301338 -0.48564356672804027 -0.2499999999999991 -0.1222127056854122 -0.06698774524811305 0.013501742160280661
5 28 2.4155127134724856 2.431606616527156 2.4499999999999997 0.03551271347248536 0.06 0.0733231936159282 0.16425788025499585 0.07 0.02999999999999936 -0.013248576850097837 -0.00526315789473673 0.0 -0.0702875508313382 -0.0368421052631579 0.0
5 29 -2.6650000000000005 -1.9033746085786312 -1.341162636324785 -0.1709080629528777 -0.11056740323971356 0.0925 0.36601988390768997 0.31 2.054915085059849 0.8168561487724313 1.0815342552946576 1.590313947374713 -0.26908519095891376 -0.12631578947368421 0.07248715303308853
5 30 -0.18999999999999995 -0.17054526093627073 -0.15506421503547202 0.04 0.05 0.0557375404678314 0.16486044259354862 0.023501374544915334 0.07000000000000028 -0.01979788416416349 -0.01236914449732359 0.06982089045456608 0.0 0.012369144497323861 0.039090475843452654
5 31 1.227741854864361 1.4889492830891708 1.73642993404555 0.22525673963064297 0.35 0.43475814513563904 0.24251540707516847 0.3471764548970793 0.6158731232619896 -0.565035436994259 -0.3241437490852577 -0.12942922960023195 0.09999999999999995 0.1827244499458312 0.2998831899183979
5 32 1.1675000000000004 1.4548339407958928 1.7735086164101848 -0.06721639478254832 -0.06 0.0125 0.23108774165719312 0.10765007749268105 0.7599999999999998 0.15704476704800685 0.3999999999999999 0.5630421054578627 -0.10000000000000005 -0.051394777627726866 0.0
5 33 1.8443203637760073 2.304182241434924 2.8457790445168274 -0.12 -0.09 0.02 0.3382309299498692 0.24 1.8381621268635069 -1.1948334027428298 -0.8742073384262546 -0.6836234950061304 -0.19999999999999996 -0.12631578947368421 -0.015429373996777226
5 34 2.071861074793542 2.6530207867649787 -3.0883747262764443 0.04023365793597453 0.17804546657092185 0.29099635770176246 0.3841562617490226 0.4839192899319269 1.9199429457031396 0.8695896624053701 -2.2947668706825595 1.2014026163372726 -0.23496722401232284 0.08470315220776362 0.6348933459226446
5 35 -0.04503201105763918 0.10849055364474199 0.255 0.06 0.08 0.09 0.20893341352170847 0.03 0.5750722466960354 -0.37536123348017675 -0.3026696035242291 -0.2483146040890613 0.0 -0.010526315789473686 0.0
5 36 -1.2125 -1.0166349447321266 -0.8473229407236338 -0.32 -0.31 -0.3 0.22483601302174738 0.0362598254849642 0.7575589529097859 -0.5535411855273142 -0.39182483655247846 -0.25201599125262986 0.0 0.013820960781560102 0.046864931253046416
5 37 2.31 2.45967457324488 2.5700000000000007 0.01 0.01767529261438665 0.08 0.19142722194672304 0.12000000000000001 0.28000000000000114 -0.22243021699197563 -0.14736842105263218 0.0 0.0 0.06315789473684211 0.10129744524162773
5 38 0.3500000000000001 0.3534353641421625 0.3600000000000003 -0.07 -0.065 -0.06 0.1589481521741174 0.020000000000000004 0.03081403200501498 -0.014907773133416846 -0.016217911581586832 0.0 0.0 -0.010526315789473686 0.0
5 39 1.94 1.9711706360138763 1.9849999999999999 0.06 0.06391342446547464 0.08 0.17665597936903532 0.060000000000000005 0.14000000000000057 -0.045003567112681386 0.07368421052631609 0.049999999999998934 -0.08913424465474648 -0.03157894736842106 0.0
5 40 3.0500000000000003 3.0595422789920064 3.06 -0.1769155164737306 -0.16715935388318112 -0.16 0.16370007907314862 0.06176103154419341 0.04251276279293936 0.0 0.02237513831207335 0.05081900574641196 -0.05834250718072198 0.011453174496943908 0.07993604601253299
5 41 -1.3227151415241636 -1.0301649859337645 -0.7580064873564697 -0.06090371658335146 -0.03679469763365475 -0.017499999999999998 0.315492506180626 0.07 1.718713383113153 0.14670070529182427 0.868837231779784 1.4976030788493444 -0.11454639053120286 -0.03684210526315789 0.05012735533048186
5 42 -0.27133319512546894 0.052433636737242606 0.3242375074656577 -0.0675 -0.035 -0.02 0.2820394322777476 0.21886297480863987 1.2265889244259192 -0.8715806189470885 -0.6455731181189048 -0.3216931838694817 0.09999999999999988 0.11519103937296833 0.1947516687002123
5 43 0.010000000000000231 0.07902044941267661 0.1635292902496816 0.08 0.0864446957046929 0.09 0.17850595937049443 0.039999999999999994 0.22000000000000064 -0.13284439061588718 -0.003271542312975638 0.11808907516581549 -0.06485815392911577 -0.021052631578947364 0.04970161756284952
5 44 -0.020000000000000018 -0.011603376210520336 -0.007500000000000284 -0.09 -0.08 -0.08 0.15799656069999252 0.01999999999999999 0.009999999999999787 0.0 0.00526315789473673 0.0 0.0 -0.008697907616194827 0.0
5 45 -1.336835819109906 -0.735311050176169 -0.213333511786793 -0.12433581910990563 -0.024073525007487103 0.01 0.30393100509374077 0.2179361296472835 1.4784548205771315 0.18671638219810882 0.4651623099693952 0.9505413543953543 0.02489969689008925 0.10944006823541237 0.19999999999999996
5 46 -2.0630518910567983 -1.2659086698958983 -0.6510713687245533 -0.08410039334478679 -0.06811455629923022 -0.024999999999999998 0.46166977108837 0.21000000000000002 3.138498254218695 -2.209558020109992 -1.714525223564749 -1.0003300875825727 0.018097661562768916 0.1105263157894737 0.18200786689573592
5 47 -0.2936453701419581 -0.08050616582168942 0.09750000000000025 -0.09 -0.09 -0.08289073957678673 0.2346183316296309 0.020000000000000004 0.8800000000000003 0.2782163135299693 0.4631578947368423 0.5999999999999961 0.0 0.010526315789473686 0.021665713673079054
5 48 0.0900000000000003 0.550227036220464 0.8054891522658127 -0.02839610418130726 -0.00631301882616019 0.01 0.3004437593341995 0.13 1.4539740036318456 0.08207791637385449 0.7652494755957083 0.9320466471658562 -0.1 0.02631578947368421 0.18048960365418593
5 49 0.20999999999999996 0.24222193527055058 0.2704164473619376 0.01 0.02 0.04 0.1724252001324029 0.04 0.16308512642725298 -0.14009534996199946 -0.08583427706697525 0.0 0.0 0.021052631578947368 0.02969393375402793
5 50 1.4175000000000004 1.5701694742613879 1.753601400362688 -0.1 -0.1 -0.02812159983880547 0.20972321606268704 0.08 0.54 0.04638580897893374 0.2789473684210528 0.2253864962764962 0.0 0.042105263157894736 0.0
5 51 -2.4225000000000008 -2.2534063513410603 -2.1020281189398835 0.1575 0.3056295403115147 0.35642295316410555 0.24358724013061958 0.44 0.5199999999999996 -0.4272675828333883 -0.2736842105263156 0.0 -0.049949398261029954 0.1894736842105263 0.3967520299283417
5 52 3.1199999999999997 -3.111171472152816 -3.078228752783578 -1.0482508633267296 -0.995366063339798 -0.94 0.2844172180649962 0.7764174663101839 0.1263704618259469 -0.5238667194628932 -9.772817190099353 0.09730704299751247 -0.4260740976871036 -0.34308016269986175 0.14137995513561208
5 53 -0.2491348331732578 -0.21525687069779947 -0.1600000000000006 -0.7907781137886767 -0.7181505102572838 -0.639198342415985 0.22060650579632365 0.22339373413276464 0.37341247603132954 -0.31697583753696235 0.045378216130124174 0.4492416660017823 -0.2993079185680231 0.016069094268872083 0.3511929703508243
5 54 -2.8300000000000005 -2.8208941443161817 -2.7617259700829386 0.22 0.23476618537500116 0.24603206412825718 0.20691959483633451 0.07051713457015618 0.5008746467571434 -0.2221315240821209 -3.078487028022555 0.13580138144910991 -0.10125535796227422 -0.03711428135271378 0.02645290581161877
5 55 0.6517506117455132 0.6832221975031308 0.7124957949401731 -0.1 -0.08730453987064973 -0.06349628408150393 0.1765892393029003 0.06718302165670623 0.09281697834329405 -0.10046226942262593 0.04212336879770897 0.20000000000000018 -0.11244125900131671 0.035359485082476945 0.12471491277705607
5 56 -1.3073793450109448 -1.1514091685697785 -1.0820685472159448 -0.13 -0.12 -0.11 0.23857999813794678 0.09392757777590405 0.8409334787350025 -0.6612686580602789 -0.010880251618645276 0.31970320118719253 -0.08076241134751708 -0.031578947368421054 0.03934109006671613
5 57 -2.4182771650529666 -2.2303491862847142 -2.012859157480595 -0.07246828046744774 0.01894309235359646 0.14 0.24797437173734235 0.3056779441671283 0.7592029853138864 0.14276670098869126 0.39958051858625604 0.597186191152872 -0.2612482709700183 -0.16088312850901487 -0.05926855417727702
