54 0 1.3594316000000002 1.35762296 1.4706818 0.23470714999999992 0.24273770000000006 0.26785769999999987 0.22151407380666566 0.10528419999999983 0.6467144000000005 0.05243800000000132 0.31737136842105285 0.3796260000000018 -0.026532999999998585 0.05219010526315787 0.1277980000000012
54 1 1.4673063000000002 1.71216978 1.8170395 -0.13788524999999985 -0.09085589999999999 -0.0734367500000001 0.2783820695053916 0.1642847999999999 1.2365947999999998 0.3196520000000014 0.6508393684210525 0.8619299999999974 -0.16830399999999912 -0.07772326315789473 0.00989099999999965
54 2 -1.1890551999999999 -1.1327895399999999 -1.0853881 0.5068744999999999 0.5231868000000002 0.5269076999999998 0.17115838099902247 0.03369219999999995 0.15028039999999998 0.03705200000000075 0.0732446315789473 0.09545600000000043 -0.007850000000000357 0.01487368421052629 0.032813000000002646
54 3 -0.3396538 0.14457188000000004 0.7017272000000002 -0.13948665 -0.11007270000000002 -0.03007335 0.32154098541112414 0.3474723999999998 1.4596603999999997 -1.0230120000000031 -0.5411376842105262 0.23455799999999805 -0.2789889999999995 -0.06658452631578937 0.14381200000000094
54 4 -0.26688429999999996 -0.14872924000000004 -0.08076079999999997 0.12089785000000003 0.1500606 0.15895464999999992 0.20952827596526435 0.05494999999999983 0.5317276 -0.13502000000000125 -0.010279368421052669 0.17395599999999956 -0.033912000000000386 0.026557789473684007 0.13925899999999825
54 5 0.4987261999999998 0.7058468800000001 0.9119659 0.13168374999999993 0.1751492 0.2057720500000001 0.24041173568373567 0.1750864000000001 0.5884988 -0.06970799999999944 -0.10133936842105279 0.5231239999999948 -0.006123000000000101 0.07800421052631586 0.20598400000000128
54 6 -0.22890599999999994 0.05109407999999997 0.3140784999999998 0.0406865500000001 0.052233900000000055 0.05955010000000016 0.25086664212067833 0.05457319999999988 1.0352579999999998 0.33189799999999714 0.5448726315789472 0.6904859999999968 -0.012089000000001793 0.026128105263157838 0.0638990000000006
54 7 -0.4050286000000003 -0.40025894000000006 -0.39739840000000015 0.21103939999999988 0.2141793999999999 0.21540399999999993 0.15641940052131525 0.007881400000000038 0.012622799999999934 0.0 0.006643578947368387 0.006908000000001024 -0.010989999999998501 -0.004148105263157915 0.0
54 8 -0.28944519999999996 0.11821472000000004 0.5227472000000001 0.15140295000000004 0.1724331 0.18729314999999996 0.24788914697864017 0.06173239999999991 0.9956311999999996 -0.5353699999999972 -0.5240164210526315 -0.20786800000000216 0.0 0.02763199999999989 0.040192000000001116
54 9 0.27799989999999986 0.3276809799999999 0.4294735000000002 0.17652294999999996 0.1801417999999999 0.18543270000000006 0.19456032872577383 0.022576599999999836 0.42867279999999974 -0.06845199999999885 0.14639010526315807 0.3670659999999959 -0.006123000000000101 -0.0013386315789473545 0.022451
54 10 -0.3756538999999999 -0.37136151999999994 -0.3703002000000001 0.20362114999999986 0.20541880000000012 0.20631369999999982 0.1581853268875573 0.005494999999999806 0.03560760000000007 -0.000628000000000295 0.018740842105263195 0.03579599999999683 -0.010047999999996948 -0.00028094736842112616 0.010204999999999798
54 11 -2.55937004 -2.216881448 -1.8133186000000001 0.18248109999999995 0.21680129999999997 0.24396230000000008 0.31984600903978655 0.30187960000000014 1.5786601200000001 -1.044678 -0.8308737473684211 -0.5893779999999993 -0.26564400000000044 -0.15888400000000008 -0.06892300000000184
54 12 0.8273271999999999 0.91951446 1.0418991000000002 0.19595954999999993 0.209909 0.2187480999999999 0.20462970650475468 0.07074420000000026 0.49737600000000004 -0.04050600000000237 0.22462568421052617 0.45718399999999937 0.010833000000000093 0.03463915789473687 0.0620149999999986
54 13 0.07013190000000014 0.19332980000000005 0.2777957999999998 0.15080635000000003 0.15569690000000003 0.1579812499999999 0.1962539977920158 0.013501999999999903 0.4509667999999998 0.08446600000000304 0.23735094736842094 0.3702059999999996 -0.026375999999999067 -0.007106315789473633 0.0124029999999975
54 14 3.1023200000000006 3.10833938 3.1201708999999997 -0.4584478500000001 -0.45131219999999994 -0.44945175 0.16257933547290757 0.028322800000000203 0.037994000000000305 -0.051181999999996286 0.011733684210526101 0.04207599999999978 -0.021666000000000185 0.006313052631579108 0.018997000000000597
54 15 -1.5041856 -1.42138694 -1.2810258 0.10078615000000002 0.16329569999999982 0.18215140000000013 0.21963222241176109 0.13209979999999977 0.5682772 -0.032969999999999944 0.2657101052631579 0.548244 0.03453999999999846 0.06952621052631566 0.13800299999999877
54 16 -1.5080478 -0.9987712 -0.4583929000000002 0.10324320000000003 0.10614770000000007 0.10807095000000022 0.33307078561303494 0.0129054000000004 1.9957212000000002 0.9121699999999988 1.0503795789473684 1.2638500000000008 -0.011774999999998315 0.006792315789473894 0.022608000000000628
54 17 -0.16196119999999992 -0.13748176 -0.11572470000000001 -0.015197600000000033 0.015401700000000074 0.05928320000000009 0.16933320162067828 0.07397840000000011 0.08239360000000007 -0.05965999999999916 -0.022112210526315776 0.029201999999999284 -0.02983000000000069 -0.03306915789473689 0.015699999999999603
54 18 0.9421727 1.2666414600000002 1.5301847999999998 -0.08760600000000007 0.024413499999999977 0.1436000500000001 0.31687805529838536 0.2686584000000001 1.3036024000000004 0.20347199999999788 0.6861065263157897 1.0305480000000022 -0.3681649999999992 -0.10892494736842097 0.1606110000000005
54 19 -0.29781329999999995 -0.28748898 -0.2780626999999999 -0.023848299999999933 -0.018683000000000116 -0.012936800000000082 0.1607388803843726 0.03730319999999998 0.03359800000000002 0.0028259999999979968 0.017683157894736852 0.031714000000000464 -0.032813000000000425 -0.01236168421052628 0.014287000000000605
54 20 0.7523754000000001 0.7557257799999999 0.7600840999999999 0.11233349999999998 0.11476700000000006 0.1173731999999999 0.15783611507609235 0.014977799999999819 0.023235999999999812 0.0 0.007635157894736572 0.022922000000000775 0.0 0.006974105263157899 0.0171129999999986
54 21 -0.5173464 0.04941731999999999 0.5550421 0.08794354999999998 0.1336541000000001 0.13656645000000006 0.29441702332704767 0.06898579999999987 1.4475399999999996 0.04301799999999911 0.7589875789473683 1.2798639999999994 -0.05809000000000064 0.019434947368421066 0.014286999999999495
54 22 -0.01885570000000003 0.1133383 0.2008972 0.21546679999999996 0.31378020000000006 0.3559189999999999 0.2225395779888312 0.23182619999999976 0.5385728000000003 0.09294399999999925 0.2834593684210528 0.31682599999999894 -0.18337600000000065 -0.12201378947368409 -0.045372999999999664
54 23 -1.52447 -1.3182348000000002 -1.2103444 0.8460101999999998 0.8913675000000001 0.9126566999999999 0.26315905478692037 0.3296372000000001 0.8562780000000003 0.12340200000000245 0.45067263157894755 0.6223479999999981 -0.2430359999999987 -0.1734932631578948 -0.020252999999998966
54 24 -0.3489796000000003 -0.34759485999999995 -0.34503890000000004 0.009953800000000124 0.014663800000000116 0.023424400000000123 0.15816113467864018 0.0276320000000001 0.011492400000000291 -0.005338000000001397 0.0060486315789475215 0.0056520000000004345 0.0 0.014543157894736895 0.024020999999998516
54 25 -0.4009152 -0.3961895000000001 -0.38989379999999996 0.1643946999999999 0.1668596 0.16955215000000007 0.15901227713150634 0.00850939999999989 0.02185440000000005 -0.0197819999999993 0.007106315789473633 0.028260000000002172 -0.009105999999997616 0.004098526315789529 0.019468000000000263
54 26 -1.1291753999999998 -0.43651338000000006 0.0557977999999999 0.25672639999999997 0.2769636999999999 0.39180919999999997 0.34909951545379936 0.17056479999999996 1.8888984000000002 -1.4349800000000013 -0.9941570526315792 -0.6000540000000032 -0.25889300000000004 -0.038489789473684116 0.08148300000000108
54 27 -0.4428812999999999 -0.38906798 -0.3372987999999999 0.32782384999999986 0.3337977 0.33569740000000015 0.16895042817672923 0.024334999999999773 0.13878800000000036 -0.11774999999999869 -0.0669646315789475 -0.01727000000000034 -0.0048669999999984 0.004643894736842125 0.018996999999999487
54 28 1.1578907 1.1824894599999998 1.2728774999999999 0.1997824999999998 0.22017680000000006 0.23367880000000013 0.21209081685507325 0.0631453999999998 0.47106280000000034 -0.6006819999999946 -0.24792778947368438 0.11366799999999788 -0.06091599999999975 -0.033102210526315734 -0.00015700000000062886
54 29 0.23628499999999975 0.34560095999999996 0.45716829999999964 0.08994530000000012 0.09653929999999988 0.108016 0.1895662179206783 0.026156200000000185 0.3498587999999998 0.056205999999998646 0.15657031578947347 0.27600599999999753 -0.04804199999999814 -0.0027929473684209036 0.04945499999999936
54 30 0.1424146999999999 0.3328243000000001 0.5343338000000003 -0.06692125000000004 -0.0010518999999998835 0.01813350000000008 0.23605407490730249 0.1386938000000002 0.7282288000000006 -0.6760420000000011 -0.38327831578947397 -0.13910199999999984 -0.13957300000000172 -0.06555989473684211 0.03092900000000065
54 31 -0.1645045999999999 0.3168417 0.7494866 -0.07158414999999996 -0.05367830000000007 0.011696499999999888 0.27417447674297135 0.07517160000000023 1.2477104000000003 -0.8402639999999995 -0.6566896842105263 -0.39626800000000184 -0.017113000000000822 0.03956400000000012 0.09325800000000051
54 32 -0.9619703999999999 -0.5423470800000001 -0.10237970000000018 0.04148724999999981 0.3108285999999999 0.44463969999999997 0.3170234269104874 0.6114836000000001 1.2428120000000007 0.38527800000000223 0.5820237894736844 0.950164 -0.4640920000000015 -0.3218334736842106 -0.17160100000000011
54 33 -0.3422286 0.07095143999999998 0.5471606999999998 0.07249474999999994 0.09875299999999987 0.1146021499999999 0.27349824467545536 0.08481139999999998 1.1412015999999996 -1.077648 -0.5893284210526314 -0.038936000000002746 -0.1436550000000003 -0.04463757894736841 0.06217199999999923
54 34 -0.19196389999999997 -0.1402952 -0.09636660000000019 0.32621460000000013 0.3283184 0.3305635 0.18033095639456379 0.021791600000000022 0.27060520000000077 0.07253400000000187 0.14242378947368461 0.18620200000000198 -0.024021000000000736 -0.010808210526315842 0.0026690000000006986
54 35 0.38331550000000025 0.38975564 0.3970058999999997 0.2180965499999999 0.2252635999999999 0.2290316000000001 0.158863253425137 0.011900600000000372 0.03497959999999978 -0.026689999999993663 -0.018410315789473566 -0.0018839999999986645 0.0010990000000021816 0.006065157894736945 0.013187999999998423
54 36 0.8026468 1.3066984400000001 1.7097614 -0.0817577499999999 0.059518700000000035 0.21181654999999994 0.36293526394806674 0.5329208000000003 1.6346839999999996 -1.1665100000000006 -0.8603599999999997 -0.649352000000003 -0.24382100000000073 -0.06777442105263157 0.37523000000000084
54 37 -0.07768360000000007 0.20913656000000005 0.5190106000000001 0.12847310000000017 0.20069310000000007 0.20805640000000009 0.2577580674945639 0.0988471999999998 1.0625760000000009 0.026375999999999067 0.5592505263157899 0.9859600000000057 -0.0706500000000021 -0.051859578947368354 0.01365900000000031
54 38 -0.9939512999999999 -0.7494206600000001 -0.5584961000000002 0.17257440000000002 0.3909927999999999 0.5754992000000001 0.30661309160730243 0.5627508000000003 0.6425695999999999 -0.6546900000000022 0.21659389473684207 0.9859600000000035 0.14757999999999938 0.29618463157894753 0.47414000000000067
54 39 -0.1340152000000001 -0.1317669600000001 -0.13118920000000012 0.14193584999999997 0.14362359999999996 0.14646530000000002 0.15670350557227067 0.011146999999999796 0.009294399999999925 0.0 0.0048917894736841714 0.015072000000000418 -0.012716999999999867 -0.0014708421052629724 0.012874000000000496
54 40 -0.22670800000000002 0.35229858000000003 1.0922490000000005 0.06245460000000008 0.09636659999999997 0.13042775000000006 0.2947032576149459 0.07360160000000016 1.4939491999999999 -1.4359220000000006 -0.7713492631578948 0.01601400000000197 -0.03328400000000009 0.03733294736842112 0.11586599999999891
54 41 0.4529607 0.70200666 0.9779215999999997 0.05759544999999988 0.07956759999999985 0.09533040000000004 0.2097067950639904 0.047602399999999934 0.5697215999999998 -0.3472839999999966 -0.27998884210526276 0.0003140000000012577 -0.019467999999998042 -0.00538757894736838 0.03501100000000146
54 42 0.7146797000000004 0.8163309200000001 0.9292359000000001 0.16744049999999983 0.1792783 0.19593600000000017 0.21472908207418145 0.08418339999999991 0.5983584 -0.427354000000002 -0.3149254736842105 -0.20378600000000135 -0.061229999999999896 -0.0437121052631578 -0.02088100000000148
54 43 0.3650249999999997 0.43652279999999993 0.5157921 -0.027302300000000057 -0.014757999999999938 -0.008548649999999991 0.1851976654996592 0.03180819999999995 0.3004351999999999 -0.09451399999999888 0.10090968421052615 0.26564400000000266 -0.03987799999999986 0.000760210526315796 0.029359000000001023
54 44 0.4443257000000004 0.48295398 0.5724690999999997 -0.11527725 -0.10702689999999992 -0.10042505000000002 0.19663516114042356 0.02069260000000006 0.32813000000000025 -0.36706600000000034 -0.17270000000000013 0.07787199999999883 -0.008320999999998913 0.01067599999999999 0.02747500000000125
54 45 1.0367809000000001 1.54656932 2.0533873000000002 0.16127825000000007 0.25540760000000007 0.3625915000000001 0.3036552881748185 0.29468899999999976 1.1053428000000007 -1.007311999999998 -0.5676458947368426 0.037994000000001193 -0.3600010000000009 -0.09325800000000004 0.10770200000000174
54 46 0.8903470000000003 1.11959526 1.3231960000000003 0.13813645000000013 0.15627780000000013 0.16065810000000008 0.2416451369518885 0.16466160000000007 0.8227428000000008 0.2964160000000038 0.4288248421052636 0.5231240000000037 -0.0857220000000003 -0.08666400000000003 -0.012716999999999867
54 47 -0.06273719999999994 0.18704351999999994 0.48710819999999977 0.19416974999999992 0.2161419 0.22151130000000002 0.23472264494997774 0.06349080000000007 0.8429016000000003 0.23047599999999946 0.4436324210526318 0.6229759999999973 -0.012088999999998462 0.02776421052631586 0.05118199999999962
