58 0 0.03421030000000003 0.03710538000000001 0.04275109999999982 0.29866109999999996 0.3127126 0.31523245000000005 0.16765391928118795 0.12559999999999993 0.020975200000000083 -0.005338000000001397 0.010676000000000224 0.028887999999998026 -0.03438300000000005 0.053875789473684155 0.05055399999999932
58 1 -0.23845159999999999 -0.1846665400000001 -0.14403180000000015 -0.23070365000000015 -0.20149380000000006 -0.17666424999999997 0.17789429100411788 0.10616340000000002 0.15404839999999975 -0.05369400000000191 0.04974421052631567 0.11555200000000099 -0.050240000000000284 0.027582421052631506 0.11555199999999877
58 2 -0.07038309999999992 -0.07300499999999999 -0.0631925000000001 -0.015158350000000043 -0.007394699999999976 -0.0005102499999999899 0.16230672393086945 0.03428880000000012 0.05444760000000004 -0.0015700000000018477 0.026904842105263175 0.054007999999998724 -0.042546999999999446 -0.012526947368421094 0.013502000000001901
58 3 -0.09365050000000008 -0.07473827999999993 -0.053050299999999884 -0.30687220000000004 -0.2528642 -0.021077250000000047 0.1920556230404236 0.29026160000000023 0.05413359999999967 -0.06342799999999871 0.017650105263157773 0.10801599999999967 -0.22293999999999925 -0.12436052631578952 0.09106000000000058
58 4 -0.9763673000000002 -0.47398614000000006 -0.05429060000000008 -0.14517004999999994 -0.09825059999999997 -0.004709999999999992 0.3324462140028438 0.35535379999999983 1.6754412 0.2804019999999985 0.8818111578947367 1.3451760000000001 -0.22780699999999876 -0.1687171578947368 -0.000628000000000295
58 5 0.019672100000000303 0.07918138000000008 0.12376310000000024 0.00048670000000000657 0.013392099999999907 0.17565160000000013 0.20261704266144268 0.41228200000000004 0.1291796000000005 -0.1447540000000025 -0.06260168421052627 0.0028260000000002172 0.05102499999999788 0.21699052631578952 0.3871619999999987
58 6 -0.15825600000000006 -0.07641818000000009 -0.023518599999999945 -0.3020287499999999 -0.28112420000000005 -0.2400765500000001 0.1965826885002962 0.11881760000000008 0.3505495999999999 -0.28762399999999966 -0.07846694736842098 0.26093399999999933 -0.1238729999999999 -0.061428315789473734 0.04050600000000126
58 7 0.014946399999999915 0.04156104000000003 0.07535999999999998 -0.05827054999999998 0.0627529 0.08700939999999985 0.19954729487864015 0.40477739999999995 0.09551880000000024 -0.0995379999999968 0.00019831578947377735 0.07253400000000187 -0.3973669999999996 -0.21304073684210523 -0.061230000000001006
58 8 -0.06970799999999988 -0.06911453999999997 -0.06675640000000005 -0.16174140000000004 -0.15495899999999996 -0.009482799999999902 0.18133115936972294 0.28442120000000015 0.012560000000000127 -0.012246000000000201 -0.002214526315789462 0.000628000000000295 0.014758000000000271 0.14969536842105272 0.24382099999999962
58 9 2.8308827 2.8968823599999998 2.9446135 -0.9326977500000001 -0.5514468 -0.5265073499999999 0.2948282999459856 0.71749 0.29729519999999976 0.064055999999999 0.15647115789473673 0.20284399999999536 -0.634437000000001 -0.37762631578947364 -0.013031000000000015
58 10 0.008776299999999737 0.014274439999999911 0.015699999999999825 0.06302765000000005 0.06747860000000006 0.07034384999999999 0.1586272283684492 0.010895800000000344 0.03052080000000057 -0.028259999999999952 -0.011667578947368643 0.027631999999999657 -0.026690000000002545 0.001603052631578824 0.014601000000000752
58 11 1.1817546999999997 1.5293684 1.8766523999999998 -1.1541541 -1.1090009 -0.9389228000000001 0.27976108944679295 0.36288979999999993 1.0659044 -0.7300500000000065 -0.5610023157894737 -0.3774280000000019 -0.30128299999999886 -0.19099463157894733 -0.07802900000000002
58 12 0.08798280000000003 0.10182077999999987 0.17039209999999994 0.15841299999999997 0.2747970999999999 0.3262930999999999 0.21424971475698412 0.30611860000000024 0.3680707999999999 -0.025119999999998477 0.19372147368421047 0.45687000000000255 0.09624100000000135 0.15341378947368434 0.231418000000001
58 13 -0.08523530000000012 -0.06508277999999992 -0.05111919999999992 0.1310479 0.3269839000000001 0.5146774000000003 0.22121631468692035 0.6197732000000002 0.1104023999999999 0.012246000000000201 0.05694968421052654 0.10361999999999982 -0.2089669999999999 0.003586210526315803 0.5915759999999992
58 14 -0.041620699999999955 -0.035780300000000057 -0.030112600000000045 -0.36707385 -0.3556521 -0.3497018000000001 0.15902311953596499 0.01403579999999982 0.027506400000000042 -0.028887999999998026 -0.014477052631578969 0.0 -0.0237070000000017 -0.0063626315789472605 0.014758000000000271
58 15 0.014177100000000054 0.09865251999999998 0.19822819999999974 -0.18507945000000003 -0.15557130000000008 -0.03125085000000011 0.19463976039074204 0.17411299999999996 0.21672280000000033 -0.2395820000000004 -0.11092463157894758 0.0043959999999998445 -0.1959359999999999 -0.07459978947368431 0.027474999999999028
58 16 1.1150611000000001 1.4589256400000001 1.7611789 -1.1584402000000003 -1.1547507000000001 -1.07658825 0.23917501419838538 0.21618900000000008 0.7446824000000003 0.07567399999999669 0.39193810526315803 0.6970799999999988 -0.19782000000000022 -0.11378368421052637 -0.0006279999999991848
58 17 -0.08580049999999995 -0.07314944000000004 -0.06903290000000017 -0.20257710000000007 -0.06606559999999995 -0.03394339999999996 0.1842164058378758 0.15938640000000004 0.11806399999999995 -0.08666400000000296 -0.06005663157894742 0.0006279999999980745 -0.15260399999999952 -0.08388757894736844 0.04050600000000015
58 18 -0.1510653999999999 -0.07831787999999999 0.0011461000000001498 -0.5033184499999999 -0.48213129999999993 -0.47406934999999994 0.18668595394742993 0.11190959999999994 0.24925320000000006 -0.15386000000000122 0.029912631578947278 0.2571659999999998 -0.040192000000000005 -0.03820884210526323 0.04678599999999866
58 19 -0.012999599999999778 0.004022339999999969 0.02585790000000021 -0.35478075 -0.3119119 -0.2697416999999999 0.1827250597149459 0.23289380000000004 0.08346120000000035 -0.08917600000000414 -0.03136694736842118 0.048669999999997327 -0.22246899999999958 -0.04538126315789467 0.027632000000000767
58 20 -0.1575495 -0.16079940000000004 -0.15086129999999986 -0.0629884 -0.049721899999999986 0.031125249999999827 0.18417638134169748 0.13432920000000004 0.07209440000000011 -0.02229400000000048 -0.03794442105263164 0.008164000000001614 -0.09608399999999961 0.06499799999999997 0.06437000000000026
58 21 -0.0179608 0.041940979999999996 0.07958330000000025 -0.1427758 -0.06314540000000013 0.02899789999999991 0.20198405710602862 0.17131839999999987 0.23832600000000026 -0.23079000000000294 -0.08663094736842096 0.08352399999999927 -0.15966900000000006 0.05835442105263158 0.18274799999999924
58 22 2.6116008 -3.127201988 -2.56406277 -0.516844 -0.46497120000000003 -0.25988209999999995 0.36040953041449997 0.42647480000000004 1.79034636 -1.5935500000000014 -0.772284652631579 -0.007755799999999979 -0.38747600000000104 -0.19155652631578954 0.05196700000000165
58 23 0.024256499999999903 0.7427010600000001 1.5238263000000005 0.012434399999999957 0.030253899999999945 0.04793995000000001 0.3409638379881944 0.07557979999999986 1.9324816000000005 -1.5637199999999996 -1.0170955789473686 -0.39030200000000237 -0.04239000000000104 0.039778842105263085 0.08054099999999953
58 24 -0.019844799999999996 -0.018780340000000017 -0.016642000000000046 -0.20211394999999993 -0.196407 -0.19329839999999993 0.1568321435123981 0.017112999999999934 0.009671200000000102 0.0 0.000363578947368475 0.015700000000002934 -0.00047099999999966613 0.008345789473684216 0.015543000000000085
58 25 0.08638140000000005 0.08897504 0.09054190000000006 -0.052846199999999954 -0.04477640000000005 -0.039155800000000074 0.157002331846793 0.020441400000000165 0.004333200000000481 -0.0018839999999986645 0.0022806315789476216 0.025119999999996256 -0.021509000000000666 -0.005552842105263195 0.000628000000000295
58 26 -0.08013279999999978 -0.07938547999999998 -0.07881399999999994 0.18670439999999977 0.19081780000000004 0.19263900000000006 0.15650878580985036 0.0167362000000002 0.006468400000000152 -0.0028260000000002172 -0.0008924210526316475 0.0015700000000018477 -0.013188000000000644 -0.003619263157894742 0.013030999999997794
58 27 -0.031023199999999918 0.008528239999999987 0.06515499999999974 0.014514649999999907 0.026909800000000095 0.06481745000000005 0.1795303318754553 0.16513259999999974 0.10431079999999948 -0.07190599999999936 -0.051859578947368354 0.01884000000000219 -0.1891850000000006 -0.07398831578947367 0.02967299999999895
58 28 -0.09704170000000001 -0.09340871999999997 -0.09181360000000016 -0.1256627999999999 -0.12175349999999996 -0.12032480000000012 0.15624121786335354 0.006813799999999981 0.01205759999999989 -0.0018839999999986645 0.0008593684210525678 0.0028260000000002172 -0.01365900000000031 -0.002743368421052518 0.0012560000000028104
58 29 0.02208990000000033 0.023069579999999923 0.02852690000000002 0.2678577 0.28096719999999986 0.31666115000000006 0.16648988170666554 0.09514199999999984 0.04063159999999977 -0.004396000000002065 0.021385052631578826 0.030458000000004315 0.014286999999999495 0.04620757894736851 0.07928499999999894
58 30 -0.051684399999999964 -0.04314360000000002 -0.03443010000000024 -0.6174025000000001 -0.5952969000000001 -0.5452217500000001 0.17343876040029613 0.18205720000000003 0.03014399999999995 -0.03265600000000202 0.0024789473684209314 0.0373660000000009 -0.16987399999999986 -0.08274726315789481 0.006279999999999619
58 31 -0.05920470000000022 -0.040116639999999995 0.0053851000000001426 -0.1621652999999999 0.017395600000000067 0.13842689999999996 0.20462002517099698 0.3503297999999999 0.1889652000000006 -0.051496000000001985 0.05681747368421069 0.18526000000000042 -0.20629800000000142 -0.007502947368421188 0.31965200000000027
58 32 0.024837399999999676 0.028216039999999953 0.03367650000000022 -0.08763740000000003 -0.028903700000000088 0.035968699999999854 0.17164230875762093 0.15100259999999976 0.019593600000000322 -0.00251200000000118 0.010246315789474056 0.0345400000000029 -0.1695599999999997 -0.04584399999999991 0.06342799999999982
58 33 -0.06352219999999997 -0.030602439999999963 0.004097700000000315 -0.22973810000000006 -0.18037730000000007 0.03340959999999993 0.20045310017290757 0.3469385999999999 0.17094159999999992 0.04615800000000059 0.08996926315789469 0.12905399999999734 -0.2477460000000009 -0.1738898947368421 -0.015386000000000566
58 34 0.09317949999999997 0.09642311999999993 0.10702690000000037 -0.019106899999999982 0.0032499000000000278 0.07426885000000016 0.1695403057257739 0.0777464000000001 0.04352040000000068 -0.00031399999999903727 0.009717473684210182 0.04176199999999852 -0.06562599999999974 -0.014262210526315886 0.013502000000001901
58 35 1.7239541999999997 1.7600359400000003 1.8245912 -0.9606202 -0.8463242 -0.65918805 0.22780529225443621 0.4625534 0.3707083999999998 -0.21665999999999297 -0.1951096842105262 -0.10330600000000523 -0.3001840000000011 -0.24344915789473684 -0.15605800000000003
58 36 -0.1734064999999999 -0.08946173999999998 -0.02077109999999982 0.12651060000000025 0.13255510000000004 0.2289373999999999 0.20349857865953191 0.3187728000000001 0.22959679999999993 -0.05808999999999953 -0.11849368421052624 0.0037679999999995495 0.01491500000000201 0.16777515789473688 0.39658199999999755
58 37 0.09014939999999982 0.09607771999999995 0.0994280999999998 0.12138454999999998 0.13669989999999999 0.14119795000000013 0.17245228521940448 0.17266859999999995 0.03045799999999943 -0.014130000000001086 -0.004693473684210393 0.026689999999998104 -0.000628000000000295 0.08762252631578937 0.07755799999999868
58 38 -0.0741982000000001 0.011473559999999949 0.1360404999999999 -0.1535146 -0.13632310000000003 -0.1291482 0.20202700577481839 0.04116540000000013 0.4848787999999997 -0.23078999999999628 0.15415747368421048 0.5039700000000003 -0.04710000000000103 0.007337684210526257 0.04191900000000026
58 39 -0.02967299999999984 0.05035617999999997 0.11409189999999969 0.011649399999999921 0.021870100000000003 0.042295799999999995 0.17598738400348085 0.03651820000000017 0.1419908000000003 -0.16956000000000193 -0.07473200000000016 0.013502000000003012 -0.014601000000001862 0.019220105263157983 0.03359800000000135
58 40 -0.017521200000000126 0.02335217999999999 0.06870319999999985 -0.21366914999999997 -0.20127399999999995 -0.1917283999999999 0.17648808971367203 0.032027999999999945 0.2003320000000004 -0.1321939999999966 0.043001473684210506 0.10299199999999953 -0.06028800000000056 -0.008230105263157905 0.03579600000000016
58 41 0.07760509999999987 0.08707847999999999 0.09562870000000023 -0.08638924999999986 -0.08324140000000002 -0.07561120000000005 0.16529034980857651 0.058278400000000063 0.06418159999999995 -0.05714799999999798 -0.015303368421052224 0.03956400000000082 -0.030458000000002095 -0.030672842105263193 -0.0007849999999998136
58 42 1.2766454999999999 2.178208894 -2.88018227 -0.2137869 -0.17496080000000003 -0.1548647999999999 0.45965242285443636 0.08311579999999985 3.0776396000000004 -1.6463019999999973 -1.1870389894736841 -0.9401160000000042 -0.09718300000000069 0.043745157894736764 0.11131300000000177
58 43 0.09958509999999987 0.10542550000000002 0.10876960000000013 -0.3060322499999999 -0.29991710000000005 -0.27755245 0.16476269416271666 0.08792 0.02869960000000038 -0.020096000000000558 -0.012989684210526457 0.0 -0.09843899999999906 -0.040208526315789486 0.013815999999999828
58 44 -0.08705649999999998 -0.06681291999999997 -0.04498049999999998 -0.04393644999999996 -0.04000360000000003 0.064998 0.1887159061958376 0.17307680000000003 0.14531920000000031 -0.06782400000000299 0.05774294736842095 0.19279600000000396 -0.10676000000000019 -0.03267252631578945 0.09828199999999954
58 45 0.026721399999999895 0.11486748000000002 0.2136769999999999 0.2996894499999998 0.3964249999999999 0.46807195 0.21378961120157014 0.32417359999999995 0.29716960000000014 -0.20253000000000076 -0.020856210526315887 0.2810299999999999 -0.19672100000000192 0.05048789473684227 0.30583600000000044
58 46 -0.08211100000000005 -0.05914504000000005 -0.05140179999999994 -0.14042079999999996 -0.08138880000000004 0.0805174500000001 0.19668412139711142 0.2892568 0.17992200000000036 -0.10613199999999878 -0.06478315789473713 0.012246000000000201 -0.1667339999999995 -0.15224042105263158 -0.07583100000000065
58 47 0.052437999999999985 0.05440050000000014 0.058215600000000034 -0.06487240000000005 -0.061967899999999965 -0.06063340000000006 0.15695132837163375 0.005777600000000049 0.01946799999999982 -0.02731800000000062 -0.01024631578947359 0.0 -0.006907999999999914 -0.0008428421052631448 0.006908000000001024
