6 0 -0.9524999999999997 -0.9326956081596057 -0.9024511659138058 0.06 0.07 0.08249999999999999 0.16421367792749286 0.03 0.07000000000000028 0.0 0.02105263157894692 0.04678029013144236 -0.04815004052292914 -0.015789473684210527 0.0
6 1 0.45999999999999996 0.49529546140115344 0.5134004341993789 0.2 0.225 0.2993008683987574 0.19338724097379417 0.27 0.16999999999999993 -0.13385423191094453 -0.0578947368421052 0.00717330912892139 -0.20325950687187108 -0.14210526315789473 -0.049999999999999906
6 2 -2.855017233009498 -2.7997388753143637 -2.618137624861266 0.13501773447672058 0.29934255079411587 0.4327281988614501 0.2911670837557711 0.4600000000000001 0.6692359056715409 -0.1473024841322701 -3.000073934979086 0.40292776475601144 -0.3111305190651928 -0.2421052631578947 -0.10035468953441165
6 3 -1.4230707790611938 -1.292190186687527 -1.131122062792075 0.14575168752220422 0.18096461046940332 0.19 0.22694087859147175 0.09 0.6371619776926905 0.15000000000000568 0.3353484093119423 0.45676857052961095 -0.10974956199113803 0.0444688774213523 0.08704733211644666
6 4 -1.172284868312076 -1.1064733549670298 -1.0574999999999992 0.05 0.06 0.08 0.1722126736356378 0.020000000000000004 0.16999999999999993 0.0 0.08421052631578956 0.09999999999999787 0.0 0.010526315789473686 0.004295223343238758
6 5 2.3040898005083803 2.4036489959772522 2.521785811882254 0.21427821719421591 0.3135163795039637 0.33 0.2141314775582157 0.22000000000000003 0.4577736011831397 -0.2770810947538216 -0.24093347430691564 -0.16108462478309216 0.0 0.11578947368421055 0.1949677045109255
6 6 1.8473402517158073 2.1208897333871684 2.411292566445183 0.0075 0.20667750625884374 0.23297929373373216 0.2829314135591629 0.24 0.9249292198967383 -0.9264800523109307 -0.4868048525772307 0.008878700579089127 -0.09680470844178553 0.1070289539566776 0.28330421460057775
6 7 -0.10594363837570331 -0.04571814521734902 0.057977342718874766 0.82466908487289 1.0024937532159035 1.0727116418448055 0.2419736914242436 0.5449794905982323 0.4543034753755043 0.10000000000000009 0.23910709230289698 0.28774675638419006 0.10000000000000009 0.28683131084117486 0.4184437910785954
6 8 -0.18098597801272756 -0.14772912516071604 -0.12574170716592142 -0.7127140460032528 -0.28378490929418665 -0.2290760534095707 0.25810804922804775 0.6236957863617172 0.4325309426778974 -0.36574936799227975 -0.22764786456731442 0.06280103022266156 -0.6974176705642563 -0.3282609401903775 -0.006675784811777108
6 9 2.2123393993792226 2.3757300626473725 2.469929864550914 -0.16 -0.1596435508534115 -0.1475 0.22058842010471497 0.06 0.678610942065895 0.194247990019063 0.3571636537188921 0.406323808366702 -0.003564491465885 0.031578947368421054 0.09191632120370677
6 10 0.6775000000000001 0.7393086396428874 0.81 -0.2125 -0.08 0.17666159446234836 0.2658479123422896 0.94 0.18000000000000016 -0.2594838770443897 0.03157894736842108 0.3821138700174326 0.16788612998256763 0.4947368421052632 0.7204553139856416
6 11 2.1744638789806183 3.1393959053243354 -1.72982808265582 -0.09 -0.05 0.07415405287231738 0.45562072456236075 0.3289055555555556 2.7420409303693427 -1.4006451922371221 -0.7188499219405011 0.8084848999774508 -0.04398248485116274 0.17310818713450296 0.19999999999999996
6 12 -0.07691628623824587 -0.06045865191388333 -0.029999999999999805 -0.01 0.0 0.0125 0.17734889524169176 0.04123400476324965 0.11858574993546078 -0.09999999999999787 0.057894736842104964 0.10080717107778331 -0.1 -0.016438949875394543 0.09815040821480153
6 13 0.630252608992487 1.258581632285781 1.9 -0.2 -0.19 -0.165 0.38424040841377094 0.12 2.4738493762239973 -1.6841221128414996 -1.3020259874863143 -0.9402108297394394 -0.12191952417449789 -0.06315789473684212 0.0
6 14 -3.1275273148148144 -3.1208439275484205 -3.1195693064753494 -0.33 -0.10327528830889775 0.18389836740697155 0.21191431979106376 0.44585052538108577 0.08175394284712123 -0.07863648343925167 -3.2820265923058347 0.050000000000003375 -0.35998826819170243 -0.22513390976352166 0.09048048415197324
6 15 3.063533129297667 3.0719471554547213 3.0818067444266775 0.373747173455567 0.38 0.38 0.16464538488760738 0.035289160936444575 0.08000000000000007 0.0 0.04210526315789478 0.05968908385131755 -0.05124080939475667 -0.011842365386282671 0.024089237019599696
6 16 0.7150000000000001 1.5415471101807525 2.4488207513796483 0.04 0.09155517602894878 0.18454291634473668 0.4326056765558216 0.15 2.9499999999999993 -1.9349899785983653 -1.5526315789473681 -1.1285065406976145 -0.18638055770175554 -0.07894736842105263 0.05000000000000001
6 17 0.6536725917431196 0.8438773657147858 1.0380108629130969 0.01 0.021146909748143074 0.04046202845797483 0.23047552627478401 0.12 0.7352146063581257 0.20876556350467035 0.38695505597796087 0.4868804858197362 -0.06863953164953701 0.039511334448794025 0.03630358550286965
6 18 2.516803884142081 2.6990746622431154 2.890312316260802 -0.14571019877815378 -0.13 -0.1175 0.23295398729408714 0.08 0.8089953593377652 -0.4905171306926004 -0.42578703123040273 -0.3501390500087376 -0.10000000000000002 -0.042105263157894736 0.0
6 19 0.27 0.2849525246382575 0.30000000000000027 0.45 0.45 0.4500327277123415 0.16230461349385203 0.010000000000000009 0.0691855112395427 0.0 0.03641342696818037 0.0952524638257371 0.0 0.005263157894736847 0.022154071900438443
6 20 -2.7110155555513944 -2.62925414176512 -2.5229232459151443 0.23031655992680733 0.3402821639434297 0.39 0.22676455432023843 0.32322871714397966 0.45903491565319765 -0.34366880146385004 0.07325886312485687 0.3992447315493197 -0.21194769727732307 -0.17012037744419983 -0.10000000000000009
6 21 -0.8500000000000005 -0.5217699585802221 -0.2299999999999991 -0.08 -0.0449908986718805 -0.017499999999999998 0.27431646298087736 0.16998179734376098 1.1098725814063264 0.0 0.5841434638980666 0.9999999999999964 -0.09999999999999998 0.08946410386513737 0.10000000000000005
6 22 0.6196690097799517 0.6954878317490402 0.8186471821995269 0.0675 0.12442125882276762 0.14864718219952677 0.21767273006104013 0.1985197024467485 0.5196669731757746 0.08357972689725601 0.2735089332504077 0.3990301387474837 0.055541172121629095 0.10448405391934132 0.17406686469932042
6 23 3.1197625150933312 -2.9395468064553505 -2.697489642110244 -0.04667127017322484 0.03 0.05 0.22770994201749162 0.13 0.6500000000000004 0.0 -2.9631578947368413 0.7000690525983733 -0.20000000000000004 -0.06842105263157895 0.004749698133373892
6 24 3.139388967941742 -3.075277172877749 -3.010095590500442 -0.0075 0.009867522902819625 0.054675092099877094 0.19707105597010663 0.2397792926188751 0.22867575571325105 -0.10204743333937838 -3.291388688351898 0.16946928855499976 -0.060080049124633106 0.08409436453625004 0.2488964630943754
6 25 1.5439586445850142 1.5589305763056678 1.5800000000000005 -0.02 0.0036816074740536023 0.045520677707493046 0.17484989767823345 0.13999999999999999 0.08000000000000007 -0.050000000000003375 -0.026315789473684584 0.0 0.0 0.07368421052631577 0.10347118471662034
6 26 0.2580135659565426 0.3768571964777837 0.4731375077903196 -0.9022965646806224 -0.8137970900049574 -0.6881026124203256 0.27378175553108836 0.688659411149956 0.6020797846202482 -0.3621683934805353 -0.2973055172217306 -0.08302034117160753 0.004776304034083689 0.3624523216578716 0.8650375112461978
6 27 -0.24000000000000066 -0.23044351163608975 -0.2210313899143816 -0.25 -0.24 -0.2275 0.16568289125453628 0.04627889721961839 0.030000000000001137 -0.08113028305544528 0.0033046827471675125 0.09999999999999787 0.0 0.024357314326114942 0.09999999999999995
6 28 1.1300000000000003 1.469 1.85 0.44 0.58 0.62 0.30620770822345733 0.36 1.3800000000000008 0.0 0.7263157894736846 1.25 -0.3 -0.18947368421052635 0.0
6 29 -0.2603852240228789 -0.24341671833232503 -0.17867866932469512 -0.23 -0.22 -0.19 0.2077366954510715 0.03 0.5600000000000005 -0.32050618358198335 -0.2947368421052634 0.008983030310531354 0.0 0.015789473684210527 0.004231115475900882
6 30 -0.11248564302481515 -0.07316309804186756 -0.05120014754022624 0.0775780797551086 0.09 0.11499590731645878 0.18258891688226922 0.10999999999999999 0.17922856266716616 0.0 0.09433082245640324 0.19744981192000566 0.0 0.05263157894736841 0.09999999999999995
6 31 -2.2049999999999996 -1.9624399718967442 -1.6879951362316161 0.32 0.36 0.4072524318841918 0.25274011382264816 0.26 0.8590281165155778 0.10968557273872581 0.4521200613239883 0.6000436723937319 0.0 0.13684210526315788 0.24636391646548836
6 32 1.8400000000000003 1.8484198868500972 1.8616779506871464 -0.034257128647214495 -0.02355871299531876 0.034281261746648126 0.17139201878623206 0.09055893366312792 0.08820299500831985 -0.11182889177282496 -0.014843681583326444 0.049999999999998934 -0.015152344956971958 -0.031578947368421054 0.0309498455541405
6 33 -3.0187299210745726 -2.85730953918588 -2.633077895358432 -0.11 -0.08 -0.07154860744177019 0.25477054067321725 0.08361796563237986 1.0467013724562246 0.34471477095484815 -2.7543676987072505 0.6456369218892943 -0.10000000000000002 -0.0440094555959894 0.0
6 34 0.13432044794257914 0.682038630889329 1.2389027496278904 0.5577660516261298 0.5854191197530466 0.697824265618535 0.3699462086735332 0.2691747138197866 2.1774346603601593 1.0465707665489332 1.1460182422948206 1.2257250564758841 -0.2609940773544972 -0.141670902010414 -0.0011934801882262924
6 35 2.2606721774367373 2.4260409019891034 2.4379218782618315 0.13 0.15981790837575222 0.20024505151739966 0.23969807578969154 0.16999999999999998 0.7691397454161115 0.05264606671829819 0.40481039232426924 0.5464416261571481 0.0 0.07894736842105261 0.10208850860245339
6 36 -0.14302777048750057 -0.10361278732590293 -0.05127757384472877 -0.0009030326940882207 0.10500000000000001 0.13302777048750142 0.2271956867071089 0.4 0.4300000000000006 -0.2820900235952607 -0.22631578947368453 -0.08922702444074067 0.08687801592543232 0.21052631578947367 0.2282364830722555
6 37 2.6477210366257617 2.8603276434700757 3.0761818978019297 0.2173172488581698 0.24 0.2622173675587115 0.2774128026070328 0.1411418279299653 1.2165745162101036 0.4453414087840746 -2.6649607809420512 0.6943823545575811 -0.1870398842141796 0.03744306733156068 0.2021818794490525
6 38 -1.1461490123766296 -1.0605935556852617 -1.0283449400414444 0.6 0.7033592021570796 0.73 0.2214462610193793 0.22767739802454845 0.5300000000000011 -0.36884691753456655 -0.17427684793080853 0.06933922643094115 -0.034144166636947415 0.012290112253812099 0.2335920215707965
6 39 -1.0000000000000004 -0.9829999999999999 -0.9599999999999995 0.35750000000000004 0.42 0.44 0.18504762059312746 0.23 0.09999999999999964 0.0 0.047368421052631504 0.049999999999998934 0.0 0.08947368421052633 0.050000000000000044
6 40 -3.1 -2.9751167831793337 -2.968201261188536 0.4078516155587568 0.7095540935672524 0.75 0.24611047586775595 0.35908670621074695 0.6460789710330608 0.0 0.3400415637016109 0.43956140410324807 -0.055596439003715026 0.16842105263157894 0.2455409356725241
6 41 -3.0653787846527276 -2.917897640750442 -2.8933375637975365 -0.22497126691812738 -0.09923599621838856 -0.079264039362827 0.24180510453989032 0.2291776275353415 0.7485307858111248 -0.7995909880051966 -0.30922783295053907 0.14971144487906818 -0.1916255685626566 -0.11535664607123235 -0.006611104635347517
6 42 -3.1 -3.094067723463703 -3.0800000000000005 0.01 0.013625852985892632 0.12864539209055634 0.19801827741069078 0.37 0.10410721649484511 -0.08050097243704979 -0.03994357026587112 0.0 0.0 0.19473684210526315 0.39294879550506356
6 43 0.6088924065048046 0.8247422394364163 1.0421641159786394 0.5124804970585732 0.6184324719649019 0.6803691978317319 0.2581455929180709 0.35999999999999993 0.8199999999999998 -0.5014086275012714 -0.431578947368421 -0.3554874876752495 0.09261604336536278 0.1894736842105263 0.2755320678608669
6 44 -1.3699999999999997 -1.283463933126035 -1.2004256851010215 -0.2136828508160407 -0.21 -0.20015090611799996 0.19966832122765937 0.07436771427559166 0.42856470600662355 0.007133888586617898 0.22556037158243344 0.3825945850859602 -0.005262891796884439 0.039140902250311395 0.09286611141338219
6 45 0.2445767077104961 0.33168362328519074 0.4425 -0.08 -0.03 -0.0075 0.2131269273205759 0.1 0.5 0.12540202911336173 0.2631578947368421 0.3385372873041296 -0.05684943739953316 0.026315789473684216 0.1368074818202287
6 46 -2.9499999999999997 -2.919498340848095 -2.8876459224506688 -0.16354525405038586 -0.14 -0.14 0.17219475986523006 0.06987523580860888 0.13000000000000078 -0.09913674033148467 0.03724178705588516 0.09999999999999787 0.0 0.036776439899267835 0.09948583281842713
6 47 -1.3325000000000005 -1.3126526045767024 -1.2899999999999996 -0.0325 0.0 0.0225 0.17211775749982047 0.08 0.10689090492254238 -0.07784682430054257 0.007526394776334585 0.09999999999999787 0.0 0.042105263157894736 0.0994815991615179
6 48 0.010000000000000231 0.07540235719344467 0.13250000000000028 -0.7523308270676692 -0.720068249120859 -0.31499762622123567 0.26566337084848546 0.7 0.1794765384438611 -0.10023989595221078 -0.05789473684210544 0.1935517791844782 -0.2466165413533844 0.14164915199813222 0.14670020101071657
6 49 0.4003438594173213 0.40870538888702707 0.41696715701740655 -0.34 -0.331313073394496 -0.33 0.16130164573643305 0.037119034266993034 0.020000000000000018 -0.07241348666587155 -0.0007393029825129483 0.08683050342567639 -0.050000000000000044 -0.009010018035259512 0.0
6 50 0.49750000000000005 0.5188612614051552 0.56 0.07 0.09 0.11 0.17943178690215786 0.05 0.20999999999999996 -0.08612614051550227 0.08421052631578932 0.2499999999999991 -0.049999999999999975 0.010526315789473686 0.049999999999999975
6 51 -3.11 -3.1030000000000006 -3.1 0.2675 0.28500000000000003 0.31 0.16507500507119957 0.09000000000000002 0.019999999999999574 0.0 0.00526315789473673 0.0 -0.10000000000000009 -0.047368421052631594 0.0
6 52 -0.15327224205280093 -0.13954912515801934 -0.13495071363399308 -1.010765031359552 -0.9844483328472828 -0.9442207327545081 0.17775101019265513 0.08852782997472974 0.11211614991935373 -0.048085290000784014 0.017953326262589282 0.13425198918397885 -0.06014646709435356 0.043219384214374656 0.16699622830227523
6 53 -0.5399999999999996 -0.44683568253518463 -0.42151281789352035 -0.5518354150746365 -0.5201263294888478 -0.32453633124982323 0.24305353867744925 0.38 0.5390265329642601 0.0 0.28369817524434743 0.5033182863156687 0.005815229796777843 0.19999999999999998 0.4479146745695449
6 54 2.7076923618142694 2.9500987855155714 -3.1075 0.049417471414183296 0.0788226820784877 0.09476527820006145 0.23492650824925954 0.24000000000000002 0.3435921148697991 -0.3353142919358332 -3.343179427320934 0.5652295913552052 -0.15 -0.12631578947368421 0.0
6 55 -0.4519833703566577 -0.2696220167937428 -0.11039817372528572 -0.8625 -0.6897110130049318 -0.42944537235672703 0.26263310314432337 0.48000000000000004 0.6957641877689938 0.03942016111740693 0.3661916777731547 0.640761983468225 -0.44112044659480154 -0.236842105263158 0.0
6 56 -2.900000000000001 -2.8931654006650067 -2.89 -0.24 -0.22921424002558605 -0.20108960154707733 0.1686670811668615 0.12955521472392656 0.030000000000001137 -0.09177836141702533 -0.010526315789474395 0.055508416499758795 -0.09748214206486208 -0.0580068783562222 0.0
6 57 -3.0800000000000005 -3.071984707288692 -3.0575 -0.15 -0.15 -0.15 0.15918727866161272 0.010000000000000009 0.03660595517029419 0.0 0.0016579213010854176 0.015750252360311467 0.0 0.005263157894736847 0.0
