63 0 2.7293841911764702 2.8143216911764704 2.94 -0.07250000000000001 0.07 0.2004687500000006 0.2247160016824364 0.45 0.33000000000000007 -0.29705882352940804 -0.17368421052631583 -0.049999999999998934 0.10000000000000009 0.23684210526315788 0.39687499999999587
63 1 0.01 0.06234926470588249 0.0975 0.09 0.11558823529411734 0.1525 0.1856009052911705 0.07999999999999999 0.24000000000000002 0.0 0.12631578947368421 0.20000000000000012 -0.10000000000000009 -0.014736842105264158 0.05294117647058144
63 2 2.810416666666666 2.8628649042950505 2.9753125000000002 -0.0125 0.01 0.03 0.2086383332863831 0.06 0.5188392857142863 -0.4178571428571365 -0.273073308270677 -0.09999999999999565 -0.0222222222222288 -0.015789473684210527 0.09999999999999999
63 3 -0.5603125000000004 -0.31824816176470627 -0.044531250000000494 0.09 0.1 0.1 0.21073148792085863 0.041764705882353065 0.59 -0.43823529411764284 -0.3006578947368429 0.0 -0.008823529411765285 -0.0009287925696595008 0.0
63 4 -0.11 -0.09497263071895437 -0.08906250000000007 0.04 0.06 0.08 0.16915164684059625 0.049999999999999996 0.1 0.0 0.05263157894736842 0.09889705882353196 0.0 0.010526315789473684 0.049999999999999975
63 5 1.186137254901959 1.6623069852941175 2.174430147058823 -0.7418749999999998 -0.71 -0.6860937499999985 0.32204219670598977 0.27200000000000235 1.481764705882353 -1.269852941176447 -0.5992982456140341 -0.24889705882352842 -0.03529411764706114 0.14315789473684334 0.20000000000000018
63 6 2.8289705882352942 -2.962725577731093 -2.479803921568629 -0.14078124999999994 -0.09205882352941183 0.043823529411764796 0.33072773130824534 0.3976470588235291 1.13 -0.9590277777777856 -0.3128095975232175 0.6009191176470563 -0.08437500000000486 0.20402476780185738 0.35
63 7 0.09014705882353062 0.11360947712418301 0.14 -0.04 -0.01 0.006470588235294394 0.16784582503048687 0.05 0.1 -0.10000000000000009 -0.031578947368421054 0.0 -0.041176470588245126 -0.02631578947368421 0.0
63 8 -3.1178125 -2.8553235294117654 -2.6407352941176487 -0.26 -0.255 -0.20000000000000068 0.287772824899595 0.21000000000000002 1.3064705882352943 -1.1889705882352852 -0.6547213622291032 -0.15000000000000124 -0.20000000000000004 -0.0894736842105263 0.0
63 9 -0.5804411764705887 -0.3577974264705879 -0.11117647058823521 0.04 0.10500000000000001 0.14264705882352907 0.22339274645433646 0.13999999999999999 0.63 -0.4500000000000104 -0.12315789473684088 0.2970588235294086 -0.09999999999999995 0.036842105263157884 0.14705882352940805
63 10 3.110891544117647 -1.683063886738904 -0.30249999999999666 -0.042499999999999996 -0.02 0.02 0.502228178633071 0.12176470588235257 3.134705882352946 0.14999999999999902 -1.4348684210526315 2.3319143446852504 -0.04650735294118331 -0.017027863777089976 0.09117647058823465
63 11 0.0 0.019625000000000364 0.04062500000000028 0.016617647058822606 0.03 0.05 0.17106610839719066 0.07 0.11647058823529388 -0.09117647058823466 0.05077399380805058 0.18455882352941297 0.0 0.010526315789473686 0.1
63 12 -0.2325 -0.1994999999999998 -0.2 0.10750000000000001 0.155 0.17 0.18283721990074012 0.09000000000000209 0.2300000000000021 0.0 0.12105263157894845 0.10000000000000009 0.0 0.047368421052632684 0.10000000000000009
63 13 0.5157352941176433 0.5690877930119412 0.6325000000000001 -0.1225 -0.09928571428571462 -0.039285714285714014 0.19920827087838722 0.22000000000000003 0.15000000000000002 -0.20000000000000018 -0.06992481203007576 0.10000000000000009 -0.17380952380951817 -0.061654135338345295 0.10000000000000002
63 14 1.6629227941176463 1.889490808823529 2.136470588235294 -0.04 -0.025 -0.0075 0.23481844031552498 0.04 0.8517647058823548 -0.5985294117647055 -0.44829721362229197 -0.2794117647058836 0.0 0.005263157894736844 0.01764705882353064
63 15 2.221111111111111 2.2847920751633986 2.361029411764706 0.07220588235294109 0.11499999999999999 0.12828125000000032 0.20159356159028607 0.19 0.33882352941176475 -0.2588235294117647 -0.023219814241486218 0.20000000000000018 -0.17812499999999798 -0.05789473684210527 0.049999999999999975
63 16 -0.19440257352941262 0.3147513235294105 0.7681249999999962 -0.20453124999999947 -0.14 -0.12703124999999948 0.3405505978267709 0.19 1.9212235294117666 -1.3022058823529448 -1.011170278637772 -0.6000000000000208 0.0 0.0894736842105263 0.20000000000000018
63 17 -0.24058823529411877 -0.18422144607843163 -0.11411764705882399 0.0 0.005 0.025 0.20521754162758873 0.09000000000000001 0.47733333333333494 -0.5941176470588291 -0.25122807017543947 0.20000000000000004 -0.1 0.0059649122807013425 0.1
63 18 -0.5125000000000031 -0.1938419117647066 0.042499999999999996 -0.17 -0.10500000000000001 -0.08 0.2222380030612499 0.09999999999999999 0.6599999999999999 -0.5 -0.3368421052631579 -0.09999999999999995 -0.09999999999999995 -0.04736842105263159 0.0
63 19 -0.08 -0.0038088235294116866 0.08911764705882347 -0.10191176470588267 -0.09 -0.06498161764705933 0.19701213354002317 0.12500000000000222 0.21000000000000002 -0.13823529411765317 0.08947368421052632 0.28235294117646936 -0.12812500000000834 0.036184210526316075 0.11470588235293878
63 20 2.8428124999999986 2.927560661764706 3.02 -0.08 0.028437500000000136 0.05 0.18813541648654986 0.16999999999999998 0.20999999999999996 -0.1500000000000079 -0.060371517027862864 0.0 -0.09999999999999312 0.04458204334365253 0.09999999999999995
63 21 -0.39514705882352896 -0.2753915441176466 -0.09787683823529272 0.04750000000000001 0.07500000000000001 0.1 0.2414015191208442 0.07 0.8470588235294122 0.1529411764705814 0.44582043343653277 0.770588235294112 -0.07500000000000548 0.01578947368421053 0.15
63 22 -0.6097058823529408 -0.03208210784313687 0.5100000000000031 -0.12013888888888904 -0.11 -0.1 0.27097796125245494 0.04000000000000001 1.2605882352941165 0.05588235294118282 0.6473684210526316 1.2446078431372696 0.0 -0.010526315789473684 0.0
63 23 0.5293749999999986 0.7230259395424834 0.8130882352941178 0.5225 0.725 0.86375 0.27850210639154255 0.2866666666666679 0.89 -0.7511111111110946 -0.46842105263157896 -0.2911764705882369 -0.37500000000000644 -0.1508771929824568 0.19666666666667387
63 24 -0.2 -0.12052436125965563 -0.04 -0.13 -0.1061363636363635 -0.07 0.17817290151698847 0.07875000000000057 0.19 -0.16430481283422677 -0.09473684210526316 0.0 0.0 0.03618421052631609 0.08238636363636788
63 25 -1.3350520833333304 -0.7298582516339858 -0.053382352941174445 0.1375 0.21823529411764694 0.3120833333333328 0.3920016651828212 0.3 2.4047058823529426 1.1154411764706065 1.2656346749226013 1.3851102941176732 -0.2370915032679785 -0.15789473684210525 -0.10000000000000009
63 26 -1.28870098039216 -0.7335283905228767 -0.21500000000000002 -0.03578125000000104 -0.03 0.03 0.29826292498641704 0.07 1.54 -1.4852941176470513 -0.8105263157894737 -0.18888888888888608 0.0 0.03684210526315789 0.10000000000000002
63 27 -0.4375 -0.26420049019607783 -0.15309803921568574 0.21500000000000002 0.22437499999999932 0.23867647058823677 0.22872741057983503 0.07999999999999999 0.7594117647058817 0.14999999999999986 0.3996904024767798 0.516911764705862 -0.09999999999999995 -0.04210526315789473 0.0
63 28 0.325 0.3734393382352943 0.42485294117647043 -0.03 -0.015 0.01 0.19858749411986526 0.06823529411764694 0.42647058823529593 0.10000000000000009 0.2244582043343663 0.3 -0.04999999999999999 -0.014860681114551019 0.04999999999999999
63 29 -0.6082996323529435 -0.5023860294117649 -0.43 0.08176470588235203 0.09 0.12 0.17914868482911847 0.06 0.22000000000000003 -0.10000000000000009 -0.10230263157894644 0.0 0.0 0.031578947368421054 0.07555147058823951
