73 0 -2.1425416666666663 -1.686529289215687 -1.3033750000000004 0.007968749999999965 0.035 0.06 0.3034555893830625 0.09 1.54 -1.3593750000000249 -0.6241486068111449 0.2890686274509968 -0.14062500000000072 -0.047368421052631574 0.040625000000000695
73 1 0.77 0.7966066176470588 0.81078125 -0.155 -0.1027777777777781 -0.0775 0.17396988220166693 0.15 0.06999999999999995 -0.10000000000000009 -0.03684210526315787 0.0 -0.10000000000000009 -0.07894736842105263 0.0
73 2 -0.5066666666666686 -0.1500972222222226 0.08294117647058721 -0.37249999999999994 -0.06735294117646935 0.1 0.2927717503429037 0.51 1.06 -0.8415032679738753 -0.5157894736842106 0.050000000000000044 -0.049999999999999975 0.2526315789473685 0.24771241830065677
73 3 -0.1660937500000037 0.14744223426212452 0.5490000000000006 -0.1827573529411753 -0.14500000000000002 -0.059411764705882136 0.33887282233017835 0.3411764705882368 1.6930882352941217 -1.597794117647057 -0.8910990712074325 -0.10000000000000009 -0.126470588235296 0.11640866873065096 0.43088235294116345
73 4 0.09720588235294134 0.28801470588235334 0.44828124999999996 0.18 0.1878124999999998 0.19 0.2059940708410048 0.010000000000000009 0.55 0.28529411764705026 0.2894736842105262 0.39779411764707007 0.0 -0.003947368421052051 0.0
73 5 0.74 0.8486194852941175 0.9480974264705884 0.10044117647058827 0.23558823529411732 0.34794117647058886 0.2249747865410993 0.45 0.3500000000000001 -0.352941176470582 -0.17894736842105266 0.0 -0.2976102941176435 -0.23684210526315788 -0.20294117647059184
73 6 -1.2862683823529422 -0.5262134709653108 0.3639705882352928 -0.01 0.0 0.0 0.3829679683541237 0.02 2.5252941176470634 -1.9014328808446774 -1.329102167182665 -0.788602941176475 0.0 -0.010526315789473682 0.0
73 7 0.58 0.5868952205882354 0.59 -0.07 -0.07 -0.05 0.1606486830392833 0.05 0.020000000000000018 0.0 0.010526315789473694 0.0 0.0 0.02631578947368421 0.052777777777787416
73 8 -0.505 -0.38361560457516347 -0.26861111111111147 0.12390625000000045 0.2900000000000006 0.4125 0.2254521949811381 0.48 0.26 -0.12352941176471455 0.0871710526315782 0.3468750000000023 0.1514705882352957 0.23157894736842108 0.37812499999999793
73 9 0.72 0.7257666666666667 0.73 -0.24 -0.23 -0.23 0.15711484441559495 0.01999999999999999 0.010000000000000009 0.0 0.0 0.0 0.0 -0.010526315789473679 0.0
73 10 -1.6487500000000017 -1.1112093545751638 -0.5878216911764709 -0.0025 0.035 0.2225 0.3150740685001279 0.31124999999999947 1.5125000000000033 -1.1548611111110985 -0.796052631578949 -0.005882352941173341 -0.08786764705881883 0.14276315789473656 0.30261437908496025
73 11 0.6830882352941169 0.7489959150326799 0.8097058823529425 -0.3108333333333338 -0.245 0.030680147058823506 0.23283958601125992 0.6200000000000001 0.15000000000000002 -0.050000000000000044 0.07894736842105264 0.20833333333333537 -0.4823529411764693 -0.3105263157894737 -0.050000000000000044
73 12 -1.7529411764705896 -0.8665371732026153 0.22791666666666566 -0.1525 -0.11499999999999999 -0.0675 0.4194609263704863 0.08 2.7776470588235305 -1.4833741830065328 -1.4619195046439635 -0.7647058823529185 -0.24705882352941846 -0.026315789473684216 0.10849673202614427
73 13 0.57 0.7034650735294117 0.8027941176470591 0.02 0.03 0.07544117647058828 0.20026345861465916 0.18 0.3400000000000001 -0.2764705882352958 -0.17894736842105266 0.0 0.0 0.09473684210526316 0.13235294117646937
73 14 1.7807352941176449 2.3922263071895413 2.8049999999999993 -0.2 -0.18 -0.17 0.40715576874812576 0.19 2.669705882352943 -1.1666666666666448 -1.0866873065015452 -1.0020833333333368 -0.17499999999998897 -0.1 0.03431372549020012
73 15 -0.505 -0.25499448529411717 -0.07382352941176452 -0.14 -0.14 -0.1275 0.23983392958416455 0.03999999999999998 0.901875000000002 0.20000000000000018 0.47467105263158 0.6726102941176525 -0.050000000000000044 -0.021052631578947358 0.0
73 16 -0.24218750000000125 -0.14919178921568657 -0.0677941176470592 0.1 0.22843137254901907 0.28 0.22722052717793353 0.25 0.561764705882353 -0.373529411764704 -0.2956656346749227 -0.1970588235294081 -0.2000000000000001 -0.13157894736842107 0.0
73 17 -0.8972058823529426 -0.7120109068627458 -0.46294117647058824 0.0775 0.09 0.1 0.2713200827758992 0.07999999999999999 1.2076470588235306 -0.7500000000000004 -0.6356037151702792 -0.4558823529411926 0.0 0.04210526315789473 0.09999999999999995
73 18 0.55 0.5510000000000002 0.55 -0.04 -0.04 -0.04 0.1553397216925636 0 0.010000000000000009 0.0 -0.005263157894736847 0.0 0.0 0.0 0.0
73 19 0.6675000000000001 0.7898903186274511 0.9275 -0.35 -0.33593749999999994 -0.3075 0.1952412029398474 0.09000000000000002 0.37 -0.2916666666666662 -0.19473684210526318 -0.09999999999999953 0.0 0.047368421052631594 0.10000000000000009
73 20 0.5935294117647055 0.6208253676470583 0.65 -0.7153125000000014 -0.585 -0.3254411764705888 0.2309356142705747 0.5631250000000013 0.27349264705882737 -0.34999999999999976 -0.1439434984520144 0.13235294117646956 -0.4794117647058771 -0.2963815789473691 -0.10000000000000009
73 21 -0.7725 -0.48025274767801795 -0.2581372549019569 -0.1 -0.09 -0.09 0.2677192453753486 0.020000000000000004 1.2476470588235307 0.15000000000000013 0.6566563467492268 1.0471271929824395 0.0 -0.005263157894736847 0.0
73 22 -2.2394117647058818 -1.7068247549019613 -1.689754901960789 -0.010156249999999064 0.155 0.22687499999999988 0.42067537891306456 0.27 2.4164705882352937 -1.6262867647058732 -1.0534055727554168 0.2499999999999991 -0.20999999999999996 0.06842105263157898 0.36862745098038496
73 23 2.3483823529411763 2.5261049858101132 2.633731617647058 0.03078124999999993 0.375 0.41 0.27762577689272616 0.6 0.7906250000000008 -0.8470588235294119 -0.3984713622291037 -0.009374999999989253 -0.4823529411764693 -0.3157894736842105 -0.011764705882346682
73 24 0.921617647058822 0.9797947303921568 1.07 -0.1225 -0.08052083333333304 -0.04750000000000001 0.19287216800678922 0.12000000000000001 0.27 -0.29999999999999416 -0.14210526315789473 0.0 -0.1 -0.021052631578947364 0.10000000000000009
73 25 -0.6600919117647063 -0.10489705882352976 0.7260294117647056 -0.07 -0.06558823529411734 -0.03 0.29517357822513207 0.060000000000000005 1.5 -1.084374999999973 -0.6736842105263158 0.08235294117646896 -0.07352941176470404 0.02755417956656393 0.07499999999999997
73 26 1.5778768382352948 1.8776015114379085 2.1525 0.03 0.05970588235294143 0.1525 0.30094007369309045 0.3976470588235312 1.0629411764705894 -0.14411764705883234 0.42879256965944207 0.9970588235293976 -0.49803921568625736 -0.20928792569659532 0.126470588235296
73 27 -0.8598437499999998 -0.44001558737530055 -0.010441176470587222 -0.0325 -0.0043749999999993065 0.01013888888888856 0.29138887357940235 0.06 1.4475000000000011 0.49999999999999023 0.7618421052631585 0.94784141726867 -0.1 -0.031578947368421054 0.049632352941166476
73 28 0.4969444444444448 0.5419176879084964 0.664264705882352 -0.2001562500000007 0.09284313725490134 0.15 0.23940038401841407 0.4 0.54 -0.4510416666666678 -0.28421052631578947 0.0 -0.34127859477122763 -0.18947368421052632 0.0
73 29 -0.69 -0.6869999999999999 -0.68 0.07 0.07 0.0785937500000001 0.15711072406588505 0.009999999999999995 0.019999999999999907 0.0 0.010526315789473635 0.0 0.0 -0.005263157894736839 0.0
