75 0 -1.6848805147058827 -1.3227232288737916 -0.9591596638655466 -0.0025 0.01 0.02 0.2782881646849623 0.05 1.3424888888888904 -0.8017366946778665 -0.7065730994152055 -0.6333442982455967 0.0 0.01578947368421053 0.049999999999999996
75 1 2.476011029411766 2.5783192343604115 2.820359477124184 -0.19055147058823468 0.15500000000000003 0.2602205882352947 0.31170574378621146 0.74 1.0338888888888893 -0.3687499999999999 0.3895467836257302 0.998856209150345 -0.15 0.3 0.6316176470588385
75 2 2.5984705882352945 2.785385580065359 2.91 -0.1725 -0.135 -0.051323529411765045 0.24056823119629211 0.3223529411764714 0.6482352941176481 -0.5499999999999994 -0.17337461300309298 0.10000000000000231 -0.22352941176471441 -0.16965944272445865 -0.09999999999999999
75 3 -0.7126470588235303 -0.41975306372549115 -0.00890625000000045 0.38166666666666665 0.5302941176470581 0.6685294117647056 0.3165831735130314 0.4837499999999997 1.3331250000000012 -1.0852941176470217 -0.7016447368421058 -0.4218749999999909 -0.42003676470589363 -0.18453947368420973 -0.12058823529412233
75 4 1.1872058823529408 1.7120363153594773 2.150677083333334 0.36358823529411954 0.445 0.5383333333333343 0.31108652593799185 0.38866666666666505 1.2200000000000002 0.050000000000001155 0.631578947368421 0.9079861111111021 -0.30036764705882346 0.08210526315789474 0.2972222222222187
75 5 -0.42852941176470716 -0.39250000000000007 -0.36 0.3175 0.38485294117646984 0.445 0.1919753943022474 0.2938888888888894 0.09999999999999998 -0.10000000000000009 -0.05263157894736841 0.0 -0.2209150326797374 -0.15467836257309972 -0.07647058823529562
75 6 0.04632352941176531 0.25144227941176506 0.460735294117648 0.06 0.07 0.11 0.22431771992831662 0.06 0.6905882352941184 0.10000000000000009 0.3266253869969044 0.503124999999993 -0.09999999999999998 -0.015789473684210523 0.049999999999999975
75 7 0.18305555555555533 0.3952158905228748 0.7183823529411775 0.07000000000000052 0.25000000000000105 0.3025 0.34124536272801725 0.5800000000000001 0.75 -1.2419117647058835 -0.34671052631579097 0.9999999999999999 0.10000000000000009 0.2631578947368421 0.44999999999999996
75 8 -2.297647058823534 -1.8414846405228764 -1.5116666666666674 0.06 0.10062745098039187 0.16499999999999948 0.2797638314306957 0.19999999999999998 1.22 -0.6885620915032653 -0.6421052631578947 -0.3941176470588159 -0.1941176470588267 -0.09473684210526315 -0.049999999999999906
75 9 2.510315126050421 2.992142035905273 -2.496739583333331 -0.0625 -0.005 0.14223958333333306 0.39024213589061907 0.51 2.1979999999999995 0.39374999999999494 -2.1484210526315795 1.4144730392156601 -0.04722222222220906 0.2473684210526316 0.4718749999999958
75 10 -1.2669117647058894 -0.9195819035947725 -0.6575 0.64 0.65 0.6725000000000001 0.3216066096257509 0.1382352941176469 1.6629411764705877 -1.696609477124166 -0.8597716718266245 -0.10000000000000009 -0.10000000000000009 0.005863003095976036 0.10588235294117343
75 11 -0.3195312499999995 -0.2638896241830066 -0.19550000000000062 -0.01 -0.01 0.0 0.17104970091191446 0.01 0.1772222222222229 -0.18062499999997803 -0.0774853801169594 0.0 0.0 -1.1686558153949017e-15 0.0
75 12 -1.4024999999999999 -1.3363185803167412 -1.3891176470588233 0.0775 0.08 0.10176470588235359 0.21693998882303128 0.15000000000000002 0.5505882352941224 0.0 0.2897832817337486 0.26764705882353024 0.0 0.0613003095975224 0.11176470588235718
75 13 -0.06187499999999903 0.3170040849673218 0.8158823529411776 -0.13 -0.045 -0.0213235294117648 0.29942059560433776 0.12000000000000208 1.4633333333333376 0.5493464052287655 0.7701754385964935 0.8040441176470932 -0.14411764705882668 -0.0631578947368432 0.04117647058823467
75 14 0.4710485933503847 1.044919579425974 1.5583823529411782 0.1292007672634278 0.185 0.2025 0.3160542247941531 0.21000000000000002 1.5968750000000012 0.49485294117647183 0.84046052631579 1.0300911125319792 -0.09999999999999991 0.08947368421052633 0.20000000000000007
75 15 -0.26 -0.24627124183006543 -0.22 0.6974999999999999 0.71 0.7324999999999999 0.1722543150009135 0.050000000000000044 0.14 -0.16111111111110674 -0.0736842105263158 0.0 -0.10000000000000009 -0.026315789473684233 0.0
75 16 2.261093750000001 2.6063874591503273 2.9791666666666674 -0.1691666666666672 -0.06500000000000111 0.12203124999999948 0.2571393998265522 0.38 0.7911764705882347 0.0 0.4111455108359129 0.7531250000000234 -0.2499999999999889 -0.20000000000000004 0.0
75 17 -0.7688235294117656 -0.5075073529411773 -0.13382352941176429 0.2648529411764697 0.498933823529411 0.7777941176470593 0.3273331639964289 0.6799999999999999 1.065000000000005 -1.0933823529411777 -0.5605263157894764 0.049999999999999975 -0.500000000000001 -0.3578947368421053 -0.16562499999999813
75 18 -1.959117647058824 -1.5257861197110412 -1.1949999999999967 0.07705882352941121 0.1002941176470592 0.159117647058824 0.29639435155752053 0.1 1.4700000000000066 0.30000000000000027 0.7736842105263193 1.3441176470588168 -0.10000000000000009 -0.042105263157894736 0.0
75 19 -0.6097058823529408 -0.03208210784313687 0.5100000000000031 -0.12013888888888904 -0.11 -0.1 0.27097796125245494 0.04000000000000001 1.2605882352941165 0.05588235294118282 0.6473684210526316 1.2446078431372696 0.0 -0.010526315789473684 0.0
75 20 -1.8628124999999998 -1.5666327941176466 -1.2477941176470575 -0.42874999999999996 -0.2352941176470592 -0.18588235294117603 0.2782941926025481 0.2741176470588245 0.8029411764705876 0.19999999999999907 0.4099071207430333 0.5981617647058768 -0.1250000000000001 0.14427244582043397 0.39705882352940813
75 21 -1.5855681818181817 -1.2177537514992829 -0.9397222222222228 -0.730171428571428 -0.6812499999999992 -0.5912499999999978 0.2655214044780623 0.26 0.94 -0.5222499999999475 -0.44210526315789467 0.04642857142856671 -0.3852716450216559 -0.05986842105263071 0.2725000000000072
75 22 2.3267647058823533 2.3667499591503267 2.404166666666666 0.3927665441176472 0.5617647058823521 0.58 0.22949395273197665 0.5135294117647061 0.32352941176470607 -0.4221568627450889 -0.07027863777089796 0.11470588235294121 0.0 0.2702786377708979 0.5460416666666651
75 23 -0.5360208333333344 -0.2685685457516345 0.07750000000000001 0.15031249999999874 0.2815624999999995 0.712588235294118 0.29846609213199066 0.6658823529411776 0.9852941176470602 -0.7144812091503322 -0.5185758513931896 -0.35000000000000003 -0.5140563725490046 -0.3473684210526316 -0.0882352941176534
75 24 2.93875 2.9560879084967313 3.0484999999999998 -0.04147058823529387 0.07069852941176455 0.12 0.22403658758627773 0.26 0.4994117647058838 -0.6194444444444414 -0.262848297213623 0.11875000000000302 -0.14062499999999858 0.05263157894736843 0.15000000000000008
75 25 -0.06796875000000063 0.3809230392156872 0.7576011029411811 -0.12184742647058983 -0.05147058823529492 -0.04 0.28750057581797656 0.19588235294117634 1.3106666666666673 0.358455882352952 0.6898245614035092 1.0220833333333046 -0.19117647058823461 -0.10309597523219809 0.0
75 26 -2.7143749999999995 -2.643365196078431 -2.5972058823529407 0.21 0.2341176470588245 0.28203125000000007 0.19316986442701234 0.07999999999999999 0.21166666666666645 -0.10827205882353086 0.05485036119711102 0.19705882352939907 -0.1156249999999985 -0.02105263157894737 0.04761029411764206
75 27 0.9452941176470575 1.0509601715686274 1.1707812499999992 0.135 0.15 0.16 0.20254923053328872 0.09 0.35470588235294076 -0.39999999999999925 -0.05147058823529487 0.39852941176470813 -0.049999999999999906 0.019736842105262564 0.08124999999999716
75 28 -0.5713541666666688 -0.35779164516683953 -0.21838235294117742 -0.8916176470588237 -0.6152205882352944 -0.5619117647058832 0.3508990814435775 0.48 1.7352941176470593 -1.29301470588233 -0.9133126934984523 -0.399264705882352 -0.07058823529411173 0.19999999999999998 0.4235294117647098
75 29 -1.8267647058823522 -1.7779411764705884 -1.74 0.4942647058823552 0.8250000000000011 0.8925 0.25866004232956286 0.8587500000000006 0.3288235294117652 1.1102230246251565e-14 0.1730650154798764 0.2500000000000091 0.10000000000000009 0.45197368421052664 0.6558823529412033
