8 0 -0.6631681501522756 -0.5860202338907454 -0.48098195618225553 0.018772761434512 0.049481829623452 0.07361973317861199 0.23712752739337326 0.22441443522215998 0.7162133118507199 -0.5594652917286003 -0.37695437465827364 -0.09887290212579947 -0.18046704465679994 -0.1181128606432421 -0.03935717463259999
8 1 -0.13594088351894895 -0.10727559588413585 -0.04051936998897895 -0.22861941820429693 -0.21532000930405695 -0.1773460081035797 0.20016949428618053 0.16173966178318908 0.33243286262861454 -0.2515892116766726 -0.17496466454137607 -0.020071286398000016 0.008377580409599933 0.08512613778062582 0.08377580409774515
8 2 -0.5137532763259561 -0.4339576955891421 -0.3438018404124561 -0.11174523865442679 -0.07023694571873679 -0.0433981451461068 0.20025018642266107 0.08777260808314981 0.3513347784276 -0.2555162024928001 -0.11944482244082102 0.0798488132790004 -0.0967785070234 -0.027410855199831576 0.10428342280700005
8 3 -0.9383481046627336 -0.9036928470350215 -0.8708605858110234 -0.34520658805502696 -0.2944960466381669 -0.2611253513399269 0.18067379988705534 0.09866346261556003 0.17955947344576006 -0.2017600615312004 -0.09143688091793685 0.027314402793800485 -0.018151424220800016 0.05148721293400003 0.0954695100844001
8 4 -0.015015261480426506 -0.013618125414199633 -0.011559509561466504 -0.22450364093929054 -0.2211526087754505 -0.20974688211363055 0.15674282544278392 0.016458454846359993 0.008080874436742545 -0.010297442586800019 0.00047766905843291986 0.008290313946999993 0.0003490658503998989 0.0073671266321263 0.013177235852599722
8 5 -3.0574778677820453 -3.031056625035692 -2.9544030854820558 -0.0648873661171361 -0.0576747929832461 -0.050689112652116106 0.21429454683417415 0.32967524241062907 0.349022135853601 -0.06754424205240195 -3.1817352263960004 0.21580996200979863 -0.05681046715259996 -0.17351328547927844 0.03054326190999993
8 6 2.8419142396055577 3.0314142032800437 -3.0837447336453727 -0.007536961967919505 -0.0008610775790213378 0.005308661326800495 0.19785978895860937 0.03579670295850255 0.41370403793272015 0.012915436464799868 -3.0922916952027153 0.2534218073903993 -0.08264134008220872 -0.018840369978159233 0.0192858882346
8 7 2.3315310971017014 2.6236643073014614 3.0202467465871616 -0.0984229950296901 -0.06674090578276011 0.0457848344168099 0.271029999507427 0.1264491043074 1.0846348636553997 0.2220058808544012 0.5349342297945684 0.8892452538939977 -0.029583330821400036 0.06655216016178946 0.18963002322979997
8 8 -0.5290219984000331 -0.508996090562585 -0.490096792757303 0.0412544444923378 0.05112864473552779 0.056761694896357795 0.16883232794435526 0.02481858196344 0.09389871375760012 -0.014660765716800195 0.0494203756618948 0.11737339219700021 -0.027401669256400044 -0.008919551072063155 0.010821041362400058
8 9 -0.1744608176379313 -0.1580067261147013 -0.14393064569745223 -0.028180353705574094 -0.021002687156724098 -0.01463223538694155 0.16169118187759063 0.02509783464374255 0.0560774288662364 -0.04834562027778183 -0.02228509876501053 0.0147480321794001 -0.008552113334800004 0.00821223342783158 0.02295107966379998
8 10 -1.506200333704785 -1.4480023297968447 -1.398094639835905 0.011266488172601011 0.025765810933556104 0.0372064441804161 0.17884837110818436 0.0775798852513651 0.19832176290476 -0.15245451016220102 -0.09006817534663158 -0.015969762655798636 0.013962634015999998 0.04083151855335005 0.06405358354839998
8 11 -1.2058128312147256 -0.9421660124014835 -0.6299152645785455 -0.12853089425412992 -0.0524912620676199 0.00428866182310501 0.2675693475991156 0.20188223457884 1.08486175645816 0.31616639399979884 0.5709798718200841 0.6991788983512004 0.04310963252439999 0.1062538076730737 0.14154620233720008
8 12 -0.27181311741983805 -0.27080606244143407 -0.26953546274597806 -0.18329884136817 -0.17491689763544 -0.17329374143108 0.1565767637733837 0.020018926520440017 0.0034906585039999882 -0.006108652381999757 0.001488122835915782 0.006195918844600079 -0.00026179938779999357 0.007385498518989482 0.019634954085000073
8 13 -0.37630908254502504 -0.346836580131127 -0.31648792243272506 0.15548789240217603 0.163987645859416 0.171418385149806 0.16658269578762064 0.04550073359963999 0.07134905982175999 -0.07426375967260007 -0.02993698964351579 0.026790804018199665 -0.0024434609528002638 0.021651268668231582 0.0485201532056001
8 14 -0.1869840071202561 -0.16780458397037712 -0.14736066977742424 0.045386802384540105 0.048777104456550105 0.053031344508300104 0.16257177496563716 0.03609340893136 0.05522221753258186 -0.06283185307200012 -0.001717771421705255 0.024172810140200146 -0.01596976265580006 0.016038657231536847 0.021903882112600005
8 15 0.06225385820132115 0.06427844013364115 0.06577069664410115 -0.4028009019670535 -0.4015486282287435 -0.3975561875647935 0.1562172556838868 0.010489428804519974 0.008761552845040009 -0.013002702927400016 -0.0046113436026526365 0.0022689280276000715 0.0011344640138000184 0.005419706624631572 0.009861110273799989
8 16 -2.37251365806802 -1.5253596370827052 -1.493762196308651 -0.09575409571528978 -0.08072681085556979 -0.04983884641829979 0.5281914275470598 0.15601498183697815 3.0026644451408 -0.8366235769462005 1.580349707968842 3.22327406259709 -0.11597712879540013 -0.08211314833525166 0.07051130178079998
8 17 -0.5451241636719505 -0.4961921127628785 -0.46448558890642044 0.04089224019114089 0.0450592137802909 0.04913892090684089 0.1750082209182735 0.02012364627556 0.18270106609936 0.05148721293399994 0.09615845584176841 0.16702800941640006 -0.023649211364600055 -0.010591392776610527 0.0063704517698000285
8 18 -0.236722497107264 -0.22783964387921002 -0.21706572640661403 -0.13893189304315706 -0.13644479885905705 -0.13477800942339707 0.15976346873118422 0.009704030641119993 0.02926917155604003 -0.0395317075578 -0.01540482713475791 0.012566370614399969 -0.014398966328999924 -0.0029946175586947313 0.0096865773485999
8 19 -0.34500034831450044 -0.3364630702783425 -0.3255137472159205 -0.039370749415709894 -0.027576686995319896 0.0017579344077076286 0.1666112603942844 0.06138322979287839 0.03401646712148004 -0.036913713679800064 0.015368083361031576 0.06963863715479995 -0.05873032932979999 -0.029376647094209684 0.013439035240399994
8 20 -0.5389182576659074 -0.49528851702441157 -0.46059660748240744 -0.1077639487049872 -0.10360570176209721 -0.10238833460882721 0.17411684595432683 0.019460421159799998 0.195476876224 0.02382374428979983 0.10288256643368421 0.15838862961899958 -0.013002702927399981 -0.0032518239747789464 0.019634954084999934
8 21 0.5149243922540481 1.0937733106533354 1.7553735248747668 -0.18609427705403844 -0.17016378430588486 -0.15792029960310486 0.3558995474171549 0.052534410485723604 2.1881716431022804 0.8002334620419995 1.1516692858433053 1.6160003544268005 -0.056199601917018005 -0.0027098533123158007 0.05366887449900007
8 22 -0.47170800059220375 -0.44152078584961174 -0.4049229767644237 0.19390366376635795 0.22697328976862796 0.24672605357813795 0.18069939918087363 0.15859806912941452 0.1357517092205599 0.012915436464799868 0.06471497147547368 0.0980875039623999 -0.06143558967039983 0.03941688326499712 0.12697270308299993
8 23 -0.31605920169432455 -0.30589527679530254 -0.2968823965379746 -0.17646262909512048 -0.15906605977563593 -0.14617680324961596 0.16092864623830072 0.03651228795201453 0.036669367584519996 0.003316125578800011 0.019299667149747367 0.03412118687659976 -0.029583330821399967 -0.019216993658955014 -0.006544984695000117
8 24 -0.5845298196730494 -0.5387105634849194 -0.5030316702509094 -0.020831959063605156 0.02358667039979484 0.056939912405514846 0.1967241709652664 0.09347983473712 0.2970550386904 0.05096361415840023 0.15634475720547367 0.23404865269320008 -0.13194689145120003 -0.04391799554637894 0.06274458660940001
8 25 -0.4599452118191091 -0.44930393936966506 -0.4476842738238091 0.150820445650015 0.160140503855695 0.165284861825965 0.16831723871351117 0.057526052145920006 0.08248426044952001 -0.025918139392200057 0.04341276865764211 0.046862090416200375 -0.0376118453806 -0.03027686955048421 -0.0009599310886000689
8 26 -0.20488187378719241 -0.19800353120506045 -0.19403028916288242 0.0043493120146120105 0.009938728944142012 0.01681096287388328 0.16050106257120775 0.028448866807565094 0.026459191460319997 -0.01745329251999994 0.013925890242273684 0.04694935687880014 -0.040229839258600006 -0.0021403248195578962 0.059515727493200006
8 27 -0.6181905305141665 -0.5990049987115567 -0.5815778861303366 0.020691944872543416 0.03113337712262905 0.044873481658999056 0.1723571114978528 0.10807078728384001 0.05977752688100013 -0.08290313947000139 -0.023727291883768438 0.04677482395360033 -0.10960667702559997 -0.056879361728336846 0.04127703680980005
8 28 -0.338492645791384 -0.315626214596306 -0.292245783936514 -0.08690862162193311 -0.0782866951170531 -0.07387537543262311 0.16595129245782878 0.04581489286500001 0.08089601083020004 -0.06126105674520016 -0.04257684780536844 -0.025220007691399704 -0.015271630955000087 0.011950912404484211 0.031066860685599954
8 29 -2.9255864484795278 -2.7810862763833173 -2.6412679500055978 -0.1250966959433152 0.09524239547542482 0.11175321019934481 0.2233416171678663 0.25288075532228 0.47226864229868015 -0.3520329101283992 -0.2485624433150948 -0.05541420375099859 -0.036739180754600115 -0.12684869284667374 0.05305800926080004
8 30 -0.2200635718039585 -0.10802216047169444 -0.010283722359625928 -0.20430402435951256 -0.15264227850083617 -0.12870508780965617 0.18711670563136507 0.09857619615243642 0.27167795136649453 -0.18622663118830127 -0.1412614380909129 -0.045640359939800035 -0.059166661642799934 -0.05120244868734549 -0.023125612589000033
8 31 2.9054438365138378 2.93690950493352 2.9379375038629476 -0.015463423247253857 -0.007474178596219495 0.029064289294383053 0.18336239851315922 0.10276498635776 0.17908823454772005 -0.0431096325244007 0.0942569655514316 0.044593162388602 -0.09494591130888726 -0.054086834925136835 -0.010297442586799998
8 32 0.39531615443161805 0.39992644165077607 0.405862306436828 -0.08027336461954901 -0.073178601210169 -0.06736665480100901 0.16090248330917536 0.03537782393804 0.037472219040440014 0.011082840750199774 0.019722220547600006 0.023736477827199787 0.008639379797399996 0.018619907335810527 0.03682644721720002
8 33 -1.874212654281627 -1.5109075351791852 -1.1933640763995572 -0.017795377053392 -0.0076637407455319995 0.030083367652098 0.28538382971403004 0.14203489452776002 1.34509034793136 -1.0215412111956002 -0.7079422883849262 -0.20167279506859925 -0.12950343049840002 -0.07475520764618948 -0.008901179185200041
8 34 -1.2443448044816758 -1.0078937060730977 -0.896417781418606 0.06537373120208494 0.07807100151038494 0.11450474964588495 0.2385715882829077 0.06637487145356 0.43008403427784 -0.3702716008118001 0.22590990681282103 0.4500331476281996 -0.09075712110400015 -0.02572982755185263 0.03385938748879999
8 35 -0.5506497791202706 -0.5455822156370886 -0.5303646898889005 0.0658084151484722 0.07433871186762221 0.08210542703902221 0.16100306717562501 0.03019419605959999 0.04134684997988003 -0.016406094968799412 0.02062244300389476 0.04162610266019995 -0.038484510006599956 -0.009911632962673677 0.010821041362399919
8 36 -2.4558171566778206 -2.4402112951710624 -2.430610238955811 0.0031082859537134846 0.011599312764693486 0.016276795160053485 0.1775605994688906 0.04335397861968 0.21731094516652005 0.02033308578579751 0.1143741816665895 0.09529497715919932 -0.010995574287600007 0.015175178548940862 0.062133721371200004
8 37 -0.308731727718593 -0.24524712150634503 -0.189992615381903 -0.2003897356613455 -0.18627874865892552 -0.18013518969188552 0.16767605619336193 0.02520255439888 0.12376129725931997 -0.06675884388900002 -0.0630155719406316 0.002792526803200579 0.0006108652382000312 0.0132645023152 0.023387411976799888
8 38 0.5757436382932024 -1.4924767369181384 -0.2467602250043166 -0.14331102109923882 -0.08304916535080885 -0.05398943330500884 0.4920654077543199 0.17137387925445596 3.120186109016102 -2.490584842604 -1.690310086617654 -0.4238532088482 -0.18413223608600005 -0.021201157440111775 0.14049900478600003
8 39 -0.4505591219906435 -0.3997351341724035 -0.33848280407346354 -0.10131398749158196 -0.08942393196233195 -0.07310510345613196 0.1899963148563944 0.04509930787168 0.35262632207408 0.022427480888200235 0.15085156303338945 0.32384584270859995 -0.034033920414000135 -0.02339659792023158 -0.007068583470599965
8 40 2.772490859719353 2.788430951777869 2.8056608421536127 -0.3903122469843781 -0.38171213709514806 -0.3760572703186681 0.16168614835116624 0.02494075501107995 0.05595525581911964 0.0034033920414011654 0.02918374228212617 0.045553093477201934 -0.04241150082359979 -0.0043173934128420965 0.02687807048079971
8 41 -0.12210468891090516 0.040396809090589916 0.09299405142870484 -0.280140228726398 -0.27602997833793796 -0.26560599938036794 0.24341974006869482 0.03316125578799997 0.94944165979548 -0.9357582784598003 -0.4601606502617915 0.09180431865519999 -0.014835298641999728 0.017453292519999986 0.07086036763120002
8 42 -0.43821154779033505 -0.385066272066935 -0.325376011648535 -0.014175709628829424 -0.008136870416922515 0.0016369733942730338 0.17844809823507213 0.06454227573896 0.14020229881316004 -0.04206243497320017 0.07299150650732633 0.08220500776919992 -0.04895648551833818 0.013990191846267175 0.06850417314076787
8 43 -0.3651059241421356 -0.3058240707687036 -0.25645045155887564 0.011530517790080866 0.035768777777230865 0.05508084595061087 0.1735087885037187 0.07384488065212 0.12393583018451998 -0.09939650090140029 -0.06429241807762104 0.016318828506199923 -0.006632251157599987 0.023121019617284206 0.06257005368419999
8 44 -0.22682526821499693 -0.2075419979742051 -0.18768189641576694 -0.02488262585063721 -0.009925154161067023 -0.003729235316467021 0.16182975950945203 0.025167647813763204 0.05811946409229812 -0.042498767286199834 -0.02851316841198847 -0.0017453292519999108 0.00026179938779999357 0.011381383911689573 0.02138028333699999
8 45 -0.5822824658540651 -0.5258236825457431 -0.467138731776495 0.05694859057036794 0.06159552970381795 0.06735947955854796 0.17804718258076851 0.016545721308960003 0.17835519626188 -0.16598081186520008 0.03381345777164211 0.21772982418700015 -0.021729349187399917 -0.003711121146357897 0.0160570291184
8 46 2.7721093113542574 2.782066414736917 2.7906883412417978 -0.3025321242902105 -0.2813569171403205 -0.27270008405040047 0.16056181408932785 0.045937065912640074 0.022462387473240142 -0.02042035224840033 -0.009590124942568595 0.005061454830801448 -0.0353429173530001 -0.022220797160989486 -0.004188790204800175
8 47 -0.592934210279021 -0.4363903936793851 -0.2980695597998809 -0.17027693981899802 -0.124016987994738 -0.047375217216288 0.1974340902560748 0.11321950857724002 0.33112386568943997 0.007155849933199732 0.17298050076006313 0.2838778028378 -0.14643312424280006 -0.0558964657811579 0.01221730476400007
8 48 -2.800362022544541 -2.2242960316355433 -1.8113930185143912 -0.0565914768128809 0.030373916491149105 0.0610742580338291 0.3781369413433598 0.16854644586598908 2.14576014228636 0.45020768055340277 1.1293474433086106 1.6128587617731993 -0.22750366799819993 -0.08870865571894163 0.04101523742199997
8 49 -0.3710633500346165 -0.3575405389901205 -0.3537278672391265 -0.07540568981712789 -0.06331928474702789 -0.0460972483529179 0.165424700861963 0.028483773392639994 0.07794640439431999 -0.07077310116860025 -0.030791282382652625 0.014486232791599829 -0.02644173816780001 -0.005438078511494741 0.047211156266599996
