80 0 -0.7625000000000001 -0.7305763888888888 -0.7 0.0075 0.065 0.1 0.17809016147826598 0.11 0.1468750000000002 0.0 0.07730263157894747 0.12673611111111316 -0.10000000000000009 -0.05789473684210527 0.0
80 1 1.7700000000000005 1.8624904003267975 1.951666666666667 -0.09867647058823678 -0.045 -0.0075 0.2621133115429608 0.25 0.9643750000000058 0.04117647058823448 0.5075657894736872 0.6500000000000106 -0.2 -0.13157894736842105 0.0
80 2 -2.153333333333333 -1.9255375816993456 -1.7643749999999994 0.0975 0.16 0.18 0.2553458860381793 0.10176470588235306 0.8650000000000064 -0.09999999999999787 0.4552631578947402 0.9492647058823589 -0.15 -0.05263157894736841 0.0
80 3 -1.9 -1.8012570261437904 -1.7188235294117649 0.06 0.07 0.07 0.1911476421009803 0.010000000000000009 0.3937500000000018 0.09854166666665387 0.2072368421052641 0.27665441176470296 0.0 0.005263157894736839 0.032352941176469405
80 4 -0.6525000000000001 -0.6157288807189538 -0.5982352941176464 0.06 0.09 0.1 0.1959855620673885 0.039999999999999994 0.39812500000000234 0.050000000000000044 0.20953947368421175 0.2857638888888864 -0.09999999999999995 -0.021052631578947364 0.0
80 5 -2.3024999999999998 -2.2134338235294115 -2.118823529411765 -0.33 -0.32 -0.2475 0.18196406203301974 0.10000000000000003 0.19999999999999973 0.0 0.1052631578947367 0.10000000000000231 -0.08125000000000132 -0.047368421052631594 0.0
80 6 0.13 0.17659742647058832 0.22078125000000048 0.11 0.125 0.13 0.17401130528502523 0.020000000000000004 0.12411764705882364 -0.10000000000000009 0.029411764705882294 0.20000000000000004 0.0 0.010526315789473679 0.0
80 7 0.1291666666666657 0.8052492475060191 1.4380882352941167 -0.04 -0.019062500000000072 0.0125 0.34065670651757585 0.05 1.9715972222222242 -1.5411764705882551 -1.0376827485380127 -0.7036764705882582 -0.09999999999999999 -0.015789473684210527 0.04999999999999999
80 8 -2.172361111111111 -2.1189722222222223 -2.0775 0.0 0.005277777777778107 0.01 0.16690591099030389 0.02 0.0900000000000003 0.0 0.04736842105263174 0.10000000000000231 0.0 -0.010526315789473684 0.0
80 9 1.74 1.9106987745098045 2.059705882352943 -0.04 0.0009374999999999306 0.08426470588235435 0.2568596975279077 0.35000000000000003 0.7592647058823541 0.0 0.3996130030959758 0.7033333333333158 0.058823529411773864 0.18421052631578946 0.29666666666665165
80 10 1.2623529411764736 1.9425742389060883 2.247982456140347 -0.07382352941176637 -0.035 -0.012205882352940808 0.4504783662774693 0.17588235294117635 3.1047058823529428 -2.212132352941165 -0.737667698658392 0.4536764705882379 -0.10882352941177581 0.03467492260061913 0.1676470588235306
80 11 -3.030294117647059 -2.9139080882352935 -2.9325 0.007058823529411212 0.029117647058823467 0.04 0.23498141682968585 0.17 0.6425000000000045 -0.18749999999999822 0.3381578947368445 0.8058823529412051 -0.1941176470588266 -0.06842105263157895 0.04999999999999999
80 12 -1.7804687499999998 -1.613729738562092 -1.628166666666667 -0.0025 0.009117647058822422 0.03 0.27653351376158636 0.06 1.3035294117647054 -0.8406249999999982 -0.6808049535603712 -0.05937499999999929 -0.1 0.01052631578947369 0.1
80 13 1.3175 1.3304475081699345 1.38109375 0.009117647058822946 0.02 0.02124999999999972 0.1876879569283459 0.03 0.3441176470588234 -0.02187500000000231 0.1390092879256966 0.2500000000000002 -0.024999999999994454 -1.460819769243627e-18 0.0
80 14 -2.48 -2.2740428921568627 -2.0758823529411763 -0.05132352941176428 -0.04 -0.03 0.2082885825221403 0.030000000000000002 0.54 -0.4487132352941181 -0.28245614035087646 -0.09999999999999898 -0.09999999999999996 0.005263157894736845 0.1
80 15 -0.72 -0.6539955065359474 -0.6777083333333329 0.1575 0.16 0.16 0.19217429312780202 0.03 0.38705882352941223 0.0 0.20371517027863803 0.38611111111111457 0.0 -0.015789473684210527 0.0
80 16 0.9647058823529409 1.1772371323529414 1.41 0.03 0.04 0.052500000000000005 0.23263013646896558 0.12000000000000001 0.7576470588235306 0.0 0.36284829721362194 0.6029411764705922 0.0 0.06315789473684211 0.15
80 17 -0.6825 -0.5137393790849674 -0.38279411764705923 -0.06 -0.06 -0.03 0.2282979903459505 0.04176470588235307 0.7847058823529408 -0.6941176470588175 -0.37182662538699573 0.10000000000000009 -0.00882352941176532 -0.01671826625387003 0.0
80 18 0.365 0.4655475490196081 0.595 -0.12 -0.09 -0.027941176470588264 0.2303686583554677 0.15 0.6876470588235306 0.20000000000000018 0.36191950464396355 0.5349019607843275 0.0 0.07894736842105261 0.19999999999999998
80 19 1.065404411764705 1.7648272058823546 2.3508823529411806 -0.02 -0.01 0.0 0.4440054457984348 0.049999999999999996 3.1052941176470563 1.091911764705877 -1.6343653250773984 1.717708333333329 -0.1 -0.02631578947368421 0.0
80 20 -1.93 -1.8359872549019607 -1.775 -0.13 -0.125 -0.1175 0.19246761761272072 0.10133333333333255 0.3270000000000024 0.09999999999999898 0.172105263157896 0.2500000000000002 -0.10000000000000002 -0.048070175438596076 0.0
80 21 -1.4987499999999998 -0.28819238046095713 1.1779595588235305 -0.02 0.09559027777777697 0.1349767801857567 0.4506874359512001 0.19999999999999998 2.884999999999999 -1.7411764705882138 -1.5184210526315784 -0.12777777777777666 -0.1513071895424703 0.04736842105263159 0.10000000000000009
80 22 -1.8369895833333334 -1.5028593137254893 -1.3911764705882352 -0.07 -0.045 0.04926470588235295 0.29463036632240547 0.19 1.367058823529413 0.3456862745098055 0.719504643962849 1.0455882352941326 -0.1470588235294081 0.009907120743033262 0.10000000000000002
80 23 -2.2326470588235297 -0.9422434640522844 0.46073529411765474 -0.04 -0.01 0.0913235294117648 0.5050690020751798 0.15529411764706016 3.011764705882355 0.48055555555556184 1.9996904024767819 2.561764705882368 -0.02647058823530085 0.06315789473684211 0.1
80 24 1.172500000000001 1.2845477941176475 1.3821875000000001 -0.1525 -0.12 -0.08796874999999951 0.2415884847514073 0.2893749999999993 0.6975000000000013 0.24944852941176432 0.3671052631578955 0.4998161764705972 0.0 0.13552631578947436 0.25018382352941154
80 25 1.2711764705882356 1.2145130718954251 1.3 -0.16 -0.16 -0.15 0.21096764890169095 0.1 0.5455555555555562 0.0 0.28187134502924016 0.2764705882352858 0.0 -0.05263157894736842 0.0
80 26 -0.6442187499999996 -0.6215230263157893 -0.6075 -0.05 -0.05 -0.0414062499999999 0.1755869449124532 0.019999999999999997 0.20812499999999967 -0.050000000000000044 0.05263157894736841 0.10000000000000009 0.0 -0.005263157894736842 0.0
80 27 1.0010294117647072 1.2273913398692817 1.4821875 0.02046874999999896 0.035 0.04 0.2659347768473085 0.08 1.1669852941176475 0.3500000000000003 0.6142027863777093 0.803104575163413 -0.0972222222222282 0.01486068111455212 0.09999999999999998
80 28 -1.8212500000000014 -1.3756478758169943 -1.0602941176470593 -0.06906250000000064 -0.04352941176470613 -0.0075 0.35344740976505784 0.3393749999999993 1.9081250000000003 -1.199816176470589 -1.0042763157894739 -0.49699754901962434 -0.1 0.13651315789473648 0.15000000000000005
80 29 0.022812500000000416 0.42979963235294283 1.0864705882353027 -0.01625 0.0 0.12 0.3239185599455338 0.16 1.4775000000000011 -0.10000000000000006 0.777631578947369 1.0102941176470814 0.0 0.07894736842105263 0.1
