81 0 -1.3989705882352927 -1.3660360294117646 -1.3446874999999991 -0.01 -0.01 0.0 0.1716609440399417 0.02 0.1741176470588235 -0.18999999999999684 -0.04756191950464301 0.10000000000000009 0.0 0.005263157894736842 0.0
81 1 -1.4456249999999997 -0.7149915441176454 -0.18843749999999465 0.017499999999999998 0.06352941176470613 0.09176470588235307 0.38365253322039383 0.13999999999999999 2.4277573529411804 0.3345588235294139 1.277767027863779 1.7438235294118036 0.0 0.042105263157894736 0.1
81 2 -0.617500000000001 -0.382731617647059 -0.14597426470588268 0.0275 0.04 0.06578125000000032 0.23597656061047362 0.060000000000000005 0.8231249999999998 -0.6011029411764686 -0.3082236842105242 -0.19871323529410997 -0.08125000000000135 0.01052631578947368 0.07941176470587738
81 3 2.5333333333333314 3.045460309597523 -2.637980392156862 0.09 0.11499999999999999 0.13 0.3620746226033115 0.11823529411764694 2.19703529411765 -1.1999999999999988 -1.0615975232198154 -0.9888544891641149 -0.14117647058823485 -0.04643962848297207 0.10000000000000002
81 4 -0.5632761437908518 -0.18256062091503344 0.061302083333333035 -0.14875 -0.12941176470588173 -0.12 0.2749681652111329 0.04000000000000001 1.2999999999999998 -0.9365441176470897 -0.6842105263157894 -0.39724264705882084 -0.008333333333333387 0.010526315789473694 0.09999999999999988
81 5 -1.9121875000000002 -1.9142720588235291 -1.9 -0.01625 0.015 0.02 0.1870959631461006 0.07 0.29823529411764693 0.0 0.1253869969040248 0.10000000000000009 0.0 0.03157894736842106 0.09999999999999998
81 6 0.39779411764705763 0.5959370915032676 0.7630514705882347 -0.13 -0.10500000000000001 -0.08850000000000001 0.23709080717269648 0.06312499999999974 0.8572426470588244 -0.5819444444444216 -0.451180340557276 -0.27647058823528553 -0.07999999999999993 -0.012171052631578805 0.049999999999999975
81 7 -1.4029411764705888 -1.3005214460784313 -1.1974999999999998 -0.05 -0.04 -0.03 0.18274278088585186 0.039999999999999994 0.2682352941176469 -0.3029411764705814 -0.04272445820433407 0.147058823529419 -0.05 -0.010526315789473682 0.0
81 8 -1.3398529411764706 -1.0509493464052277 -0.9114705882352933 0.06 0.065 0.08249999999999999 0.29129080320260975 0.05823529411764903 1.4494117647058942 0.20000000000000018 0.7628482972136285 0.9911764705882348 -0.10000000000000002 -0.030650154798762645 0.09999999999999995
81 9 0.3975000000000001 0.530001470588235 0.5934283088235293 -0.01718750000000021 -0.01 -0.01 0.2214264876998052 0.04 0.7158823529411756 -0.7956249999999954 -0.3504643962848293 0.050000000000000044 -0.01874999999999861 -0.012828947368421785 0.0
81 10 -1.219558823529411 -1.1556875000000002 -1.03 0.1 0.10117647058823548 0.11 0.20756804783274843 0.020000000000000004 0.567683823529413 0.0 0.2984520123839012 0.6079044117647192 -0.049999999999999975 -0.010526315789473686 0.0
81 11 0.8784374999999996 1.452624387254901 1.9989522058823535 -0.02930147058823649 0.035 0.07250000000000001 0.29550054505865747 0.17 0.9937500000000029 -1.0843750000000107 -0.5230263157894752 0.10882352941175344 -0.1093749999999994 0.012499999999999126 0.15000000000000008
81 12 -1.7837352941176459 -1.6701576775885791 -1.5050000000000001 -0.17 -0.17 -0.16 0.21855517140529204 0.03999999999999998 0.6825000000000008 -0.008333333333333526 0.2948142414860669 0.6280392156862591 -0.09999999999999981 -0.015789473684210527 0.0
81 13 1.82 1.8764830882352939 1.8625 -0.03 -0.02 -0.01 0.21223512611178627 0.05 0.6006666666666698 0.0 -0.27403508771929985 0.10000000000000009 -0.04999999999999999 0.005263157894736843 0.0
81 14 -0.9401562499999996 -0.9242371323529411 -0.92 0.08 0.09 0.12416666666666715 0.17905258985739642 0.05 0.17705882352941427 0.0 0.0931888544891654 0.14999999999999958 -0.10937499999999933 -0.026315789473684216 0.03214285714285985
81 15 2.6753124999999986 2.7711121323529406 2.899411764705882 -0.09 -0.08 -0.06840992647058719 0.21978943684819285 0.09000000000000001 0.6494117647058815 -0.4494485294117556 -0.34179566563467445 -0.050000000000001155 0.0 0.04210526315789474 0.10000000000000002
81 16 -0.755 -0.3346468545751627 0.241139705882355 -0.052500000000000005 0.0 0.0125 0.29243565459298465 0.13 1.414444444444444 0.2235294117647041 0.744444444444444 0.8295955882353037 0.0 0.05263157894736842 0.1
81 17 0.6207352941176475 0.6945774918300657 0.7723333333333331 -0.05333333333333432 -0.01 0.0225 0.22630299424057748 0.08733333333333254 0.6585098039215693 0.10000000000000009 0.3465841073271417 0.5524305555555664 -0.19967320261437832 -0.04596491228070134 0.10000000000000006
81 18 1.19 1.7702796160130716 2.1989705882352926 -0.01 0.0 0.01 0.25525086366838784 0.03 1.06 -0.1707516339869275 0.45572755417956384 0.6779411764705856 -0.1 -0.01578947368421053 0.0
81 19 -1.2175 -0.9969117647058818 -0.82 -0.001764705882353064 0.01 0.02 0.22001261505832553 0.04 0.6852941176470603 0.2694852941176551 0.36068111455108437 0.4147058823529387 -0.05 0.0027863777089790387 0.07647058823530085
81 20 -0.9082352941176468 -0.43438590686274436 0.07055882352941316 -0.10911764705882399 -0.09 -0.06 0.3100803774173254 0.11 1.6476470588235306 0.6949959150326919 0.8671826625387005 1.1001470588235318 -0.10000000000000009 -0.05789473684210527 0.0
81 21 2.8398437499999996 2.8331139705882356 2.87 -0.031516544117646726 0.060000000000000005 0.10203124999999938 0.2610957719373079 0.8870588235294122 0.27705882352941247 -0.052941176470593376 0.10897832817337483 0.10900735294117947 -0.147058823529408 0.40371517027863796 1.0365808823529614
81 22 -0.595 -0.10084660947712483 0.3633455882352933 -0.01 0.007886029411764136 0.02 0.29923421192715255 0.08 1.5488235294117632 -0.9427491830065341 -0.5894736842105263 -0.032352941176489736 -0.09999999999999999 -0.01578947368421053 0.011764705882357247
81 23 -1.6199999999999994 -1.5061049277605778 -1.3793750000000002 -0.042499999999999996 -0.04 -0.03 0.1979071892785716 0.02 0.44999999999999996 0.005882352941173341 0.23289473684210474 0.40000000000000036 0.0 -0.010526315789473682 0.0
81 24 -1.2038235294117652 -1.116576883384933 -1.022352941176472 -0.05 -0.05 -0.04 0.18579410213567737 0.019999999999999997 0.3218749999999999 -0.35165441176470247 0.011513157894736772 0.31470588235293917 0.0 -0.005263157894736843 0.0
81 25 -1.505 -1.4802738387021477 -1.4575 -0.0125 0.02 0.04 0.17083760478159116 0.046470588235293875 0.06470588235294206 -0.05420168067229114 -0.02180451127819651 0.10000000000000009 -0.09999999999999999 -0.024458204334365196 0.0
81 26 -1.0888235294117643 -0.9857524101307187 -0.8792647058823531 -0.09 -0.08 -0.06 0.22189531143728541 0.07999999999999999 0.682222222222223 0.24797794117645267 0.3590643274853805 0.49640522875816495 -0.09999999999999995 -0.042105263157894736 0.0
81 27 -0.9979003267973867 -0.27905546990301616 0.5927941176470584 0.03926470588235254 0.07323529411764626 0.15 0.3848763203154783 0.15 2.4697491039426525 -1.9088235294117548 -1.2998679494435013 -0.5991830065359466 -0.1 -0.07894736842105263 0.0
81 28 -0.007 0.13419811482564065 0.34 -0.06 -0.052105263157894294 -0.0275 0.21754096504116927 0.05 0.6482608695652168 -0.09999999999999981 0.31253496058987945 0.8403361344537754 -0.09999999999999999 -0.02631578947368421 0.0
81 29 -2.7833823529411776 -2.3215224673202197 -1.863235294117648 -0.05 -0.03941176470588266 0.0325 0.31756372258108034 0.13 1.28 -0.1882352941176535 -2.294590643275724 1.630882352941172 -0.10312499999999308 -0.047368421052631574 0.09999999999999995
