82 0 -2.583823529411765 -2.3521738067595455 -2.0880882352941166 0.05 0.05 0.06 0.237818818779388 0.04 0.898235294117647 0.40294117647059036 0.47275541795665627 0.594200206398352 -0.049999999999999975 -0.010526315789473684 0.0
82 1 -2.55 -2.5430853435672516 -2.5175 0.0975 0.1 0.11 0.17748628791804186 0.04999999999999999 0.21052631578947434 -0.10000000000000009 0.09501385041551291 0.15277777777778168 0.0 0.026315789473684206 0.09999999999999995
82 2 1.1994117647058826 1.3204323529411763 1.4785000000000006 0.15882352941176503 0.2071875000000007 0.2225 0.22320057333899146 0.12 0.6382352941176473 -0.27058823529412246 0.051393188854486786 0.5985294117647044 0.0 0.047368421052631574 0.10000000000000009
82 3 -3.07 -3.07 -3.07 -0.42 -0.42 -0.41 0.15533972169256358 0.010000000000000009 0 0.0 0.0 0.0 0.0 -0.005263157894736847 0.0
82 4 -0.6819270833333344 -0.4111383578431377 -0.12191176470588162 -0.042499999999999996 -0.03 -0.004999999999999999 0.23557010050170132 0.12 0.72 -0.7279738562091662 -0.3789473684210526 0.0 0.0 0.06315789473684211 0.10000000000000002
82 5 1.3474999999999941 1.938000290247676 2.6305882352941174 -0.2 -0.19 -0.18 0.3978216586667253 0.07117647058823467 2.682941176470592 -1.9005514705881876 -1.4120743034055745 -0.9806695046439806 0.0 0.037461300309597205 0.09999999999999981
82 6 2.8454411764705894 -2.849501838235293 -2.1238602941176445 0.07 0.11 0.1225 0.34654524336252324 0.06 2.0131250000000023 0.27610294117647594 -2.268421052631579 1.420772058823525 -0.10000000000000009 0.0052631578947368455 0.10000000000000002
82 7 -0.8825000000000001 -0.5180832107843136 -0.3905882352941184 -0.05500000000000001 -0.015 0.0 0.3334402103386218 0.0705882352941163 1.8405882352941225 -1.802389705882357 -0.8328173374613022 0.3415931372549119 -0.15000000000000002 0.03684210526315792 0.15588235294118385
82 8 -0.033906249999999305 0.03649353930168548 0.10294117647058879 -0.0325 -0.03 -0.017794117647059193 0.18037897943268202 0.08 0.20875000000000055 -0.14259868421052424 0.0004501385041549084 0.10294117647059196 -0.09999999999999996 -0.042105263157894736 0.0
82 9 -2.148500000000002 -1.6446944852941185 -1.0955882352941184 -0.16 -0.1473529411764704 -0.14 0.35224823990943577 0.033749999999999725 2.157647058823531 -1.3533088235293833 -1.1356037151702791 -0.9402573529411834 -0.08529411764706119 -0.005263157894736847 0.06874999999999853
82 10 -0.5774999999999995 -0.36341305899552745 -0.07644117647058768 0.15 0.15 0.16 0.2656440731261808 0.07 1.1881250000000019 0.4996078431372439 0.625328947368422 0.7202683178534679 -0.09999999999999995 -0.036842105263157905 0.0
82 11 -2.8403125000000005 -2.74994897875817 -2.7052941176470595 -0.0325 -0.01 0.01 0.21521674602733423 0.049999999999999996 0.5976797385620927 -0.7445098039215603 -0.23591331269349822 0.19999999999999796 -0.044117647058816156 0.01578947368421053 0.1
82 12 -0.13395220588235493 0.20216822755417838 0.5655882352941162 0.01 0.01545955882352988 0.04 0.34334713388783183 0.10312500000000124 2.01448529411765 -1.4411764705882195 -1.0602554179566577 -0.6987132352941205 0.0 0.05427631578947434 0.13931888544891802
82 13 -2.745588235294117 -2.6961764705882354 -2.6610294117647073 -0.8066176470588236 -0.6819669117647066 -0.5476470588235296 0.23499632361539416 0.30999999999999994 0.08999999999999986 -0.15000000000000124 0.013312693498451123 0.15000000000000124 -0.31764705882353084 0.1340557275541805 0.49705882352940794
82 14 -0.3816176470588232 0.9116724802201599 2.2651470588235325 -0.18 -0.169 0.034264705882353585 0.46897201875839434 0.22999999999999998 3.106470588235294 0.40445261437909774 1.7374269005847962 2.981153250774028 -0.008823529411775763 0.11578947368421054 0.24999999999998956
82 15 -1.58 -1.2982907271241833 -1.1112500000000003 -0.14100000000000001 -0.14 -0.13941176470588215 0.24795306587845914 0.034000000000000016 1.012 -0.6982638888888804 -0.531702786377708 -0.10000000000000009 0.0 0.01789473684210527 0.05529411764705075
82 16 -0.9385661764705868 -0.6809724264705881 -0.4475 -0.5494117647058832 -0.5259375000000002 -0.5055882352941179 0.2585090886794542 0.28746323529411866 0.672499999999999 -0.10294117647059203 0.316795665634674 0.4882352941176532 -0.28529411764706136 -0.1512964396284835 0.009375000000001465
82 17 -0.19764705882352857 -0.12368790634674891 0.0225 0.0075 0.01 0.030921052631578752 0.2266835034941583 0.06 0.752352941176471 -0.054595588235293875 0.3591331269349847 0.7970588235294116 -0.09999999999999998 -0.010526315789473684 0.04999999999999999
82 18 -0.44500000000000156 -0.3385643382352944 -0.255 0.2048529411764704 0.245 0.2725 0.2277770184146666 0.14750000000000157 0.6781250000000001 -0.4382352941176526 -0.3569078947368422 -0.20000000000000018 0.050000000000000044 0.07763157894736925 0.10294117647058149
82 19 -0.2275 -0.15074264705882373 -0.10661764705882398 0.03 0.030294117647059193 0.042499999999999996 0.19791038839896943 0.09750000000000111 0.38875000000000054 -0.30000000000000016 -0.20460526315789504 0.0 -0.05000000000000001 -0.02500000000000059 0.0029411764705919267
82 20 -0.8198529411764707 -0.4114621710526311 0.024705882352940287 -0.8524999999999999 -0.8314705882352939 -0.6437990196078422 0.2992440569710619 0.32999999999999996 1.2617647058823531 0.10000000000000002 0.6504643962848292 1.0555921052631596 0.0 0.17368421052631575 0.34542483660131684
82 21 -2.53764705882353 -2.4004452614379077 -2.278749999999999 0.0 0.01 0.01 0.20597246927121865 0.01 0.5668300653594773 0.23437499999999556 0.29833161334709335 0.30000000000000027 0.0 0.0020467836257313404 0.0
82 22 2.860041666666666 2.8817620098039214 2.9234375000000012 0.01 0.02 0.02 0.17944123303639858 0.07 0.15411764705882414 -0.10000000000000231 -0.08111455108359165 -0.006250000000007638 0.0 -0.0368421052631579 0.0
82 23 0.2235526315789464 0.33988921138630857 0.3740073529411756 -1.0759375 -1.0350000000000001 -0.9837499999999999 0.24310840058808292 0.18000000000000005 0.7627124183006528 -0.7188725490196126 -0.40142758857929095 -0.018750000000002792 0.0500000000000006 0.09473684210526319 0.1812500000000017
82 24 -0.2902631578947367 -0.05139556458548389 0.1689297385620911 -0.08867647058823391 -0.05 0.06088235294117758 0.24506887056412352 0.22058823529411842 0.6933660130718955 -0.5496323529411742 -0.3649294805641555 -0.061764705882357135 -0.006250000000008332 0.11609907120743075 0.21213235294119218
82 25 -0.24847058823529586 -0.17657022058823574 -0.0675 -0.0986764705882352 -0.065 0.009500000000001778 0.21316373625494334 0.13823529411764693 0.5250000000000011 -0.4494117647058594 -0.2763157894736848 -0.09999999999999996 0.0 0.0727554179566563 0.10000000000000006
82 26 -0.3225 -0.2380353349673204 -0.17406250000000043 -0.09 -0.09 -0.08 0.18802773310481785 0.04000000000000001 0.34 -0.3218749999999958 -0.17894736842105263 0.0 -0.020588235294112106 -0.02105263157894737 0.0
82 27 -0.3861029411764712 -0.2920131302521011 -0.11499999999999999 -0.39117647058823524 -0.16045955882353052 -0.0375 0.27907922740699376 0.5 0.8894537815126036 -0.6095850840335932 -0.46408668730650054 -0.16764705882353065 -0.39852941176469897 -0.26315789473684215 -0.1491071428571415
82 28 1.096136363636364 1.1900360962566847 1.3125 0.04750000000000001 0.06 0.07 0.20138195464319034 0.05 0.48117647058823476 0.10000000000000009 0.2532507739938077 0.39705882352940924 0.0 0.02631578947368421 0.08749999999999995
82 29 -0.9116666666666651 -0.7369783496732014 -0.32004595588235196 -0.1 -0.09 -0.06 0.35646279561813543 0.17176470588235307 2.120208333333333 0.5835375816993427 1.1158991228070172 1.1770833333333046 -0.00882352941176532 0.0736842105263158 0.1972426470588104
