84 0 -2.1975000000000002 -1.8943240196078435 -1.6031875000000007 -0.0014062499999996543 0.24393382352941212 0.45828125 0.3229126702426191 0.8 1.1323529411764717 -0.8081617647058748 -0.595975232198143 -0.3450980392156877 0.37261029411764457 0.42105263157894735 0.4999999999999996
84 1 -2.5025694444444424 -2.3555748366013067 -2.082426470588235 0.2996875000000002 0.5453125000000009 0.6325000000000001 0.309166990172686 0.44999999999999996 1.1793749999999994 -0.5911764705882439 -3.0096856725146206 0.8014583333333447 0.10000000000000009 0.23684210526315788 0.34687499999999094
84 2 2.35 2.3769411764705883 2.365 0.05656249999999896 0.06 0.06 0.17220346810394416 0.019999999999999997 0.1605882352941186 0.0 0.08452012383900978 0.14999999999999902 0.0 -0.0052631578947368385 0.0
84 3 2.2621691176470575 2.581308823529411 2.98 0.6202941176470576 0.688235294117647 0.8064705882352939 0.2676038673888621 0.32999999999999996 0.9365808823529433 -0.5852941176470505 -0.4929373065015491 -0.20000000000000018 -0.24999999999999967 -0.17368421052631577 -0.10000000000000009
84 4 -0.4 -0.393 -0.39 0.34 0.34 0.35 0.1562298186539008 0.009999999999999953 0.010000000000000009 0.0 -0.005263157894736847 0.0 0.0 0.0 0.0
84 5 -2.745937499999998 -1.895495506535946 -1.0520772058823527 0.596160130718954 0.66 0.715 0.4316453014744901 0.21875000000000056 2.5962500000000017 1.1003676470588353 -1.938815789473683 1.8004901960784325 -0.24411764705882688 -0.073103715170279 0.20312500000000455
84 6 1.551563467492259 1.6037501934984513 1.80125 -0.4127205882352941 -0.3331250000000001 -0.19823529411764745 0.29566302452128634 0.5052941176470592 0.8388235294117694 -0.5481424148606784 -0.4414860681114576 0.10000000000000009 0.07647058823529063 0.20804953560371536 0.4500000000000043
84 7 3.0575 -3.0422181372549018 -2.7882628676470573 0.09 0.1 0.14 0.20908447896705035 0.04000000000000001 0.46999999999999975 -0.1888888888888962 -3.077777777777779 0.39999999999998925 0.0 0.021052631578947368 0.0
84 8 -1.1108180147058822 -0.9008310262148334 -0.7051249999999992 -0.11 -0.095 -0.0675 0.2617732164471697 0.12 1.086875000000002 0.42941176470588704 0.5720394736842117 0.6976102941176479 -0.10000000000000003 -0.04210526315789474 0.0
84 9 2.770539215686274 3.114498284313725 -2.8012683823529416 0.2822058823529408 0.3162499999999995 0.345 0.2757411744130091 0.16999999999999998 1.2062500000000016 -0.6978676470588119 -0.5614318885448906 -0.4999999999999982 -0.13823529411764263 -0.0894736842105263 -0.021874999999995925
84 10 -1.357107843137255 -1.019507516339869 -0.6729871323529406 -0.73 -0.6138235294117644 -0.43289215686274507 0.2689642795969811 0.45 0.7988235294117653 0.05386029411764304 0.42043343653250803 0.5588235294117538 -0.3588194444444409 -0.23157894736842108 0.0
84 11 -1.1242647058823536 -0.9157849372205025 -0.7379953560371517 -0.1447058823529408 -0.125 -0.07220588235294081 0.24296080548242072 0.16 0.8417647058823526 -0.7628482972136164 -0.40619195046439627 0.049999999999998934 -0.18235294117646944 -0.06315789473684212 0.050000000000000044
84 12 2.7009374999999993 2.8660704334365326 3.0178947368421056 -0.2503125000000004 -0.25 -0.24 0.20941122872054052 0.01999999999999999 0.5876470588235292 0.21200657894737018 0.3092879256965943 0.40000000000000036 -0.002631578947371871 0.0 0.011111111111106742
84 13 -2.7824999999999998 -2.744301470588235 -2.68 -0.5025 -0.4808088235294117 -0.43 0.19238668629180006 0.10000000000000003 0.18529411764705905 -0.10000000000000009 -0.06934984520123959 0.1705882352941246 -0.10000000000000009 0.005263157894736847 0.10000000000000009
84 14 -1.5269117647058832 -1.2426133578431375 -0.9619444444444442 -0.37249999999999994 -0.31029411764705916 -0.2675 0.2743596601970251 0.1594117647058837 1.1952941176470593 -0.7882352941176518 -0.6291021671826628 -0.4970588235294082 -0.15000000000000013 -0.0631578947368421 0.0
84 15 -1.1116666666666661 -0.4702344771241824 0.2428308823529425 0.24357843137255092 0.34794117647058775 0.7484558823529427 0.36806684391589334 0.5700000000000001 1.6464705882352937 0.20000000000000018 0.8560371517027858 1.3709150326797377 -0.10000000000000009 0.3 0.7111111111111174
84 16 1.723125 1.9659660410216717 2.181176470588235 0.38749999999999996 0.39 0.4002941176470587 0.24315879139233804 0.10999999999999999 0.8899999999999999 -0.6499999999999984 -0.4684210526315788 -0.30000000000000027 0.0 0.05789473684210527 0.09999999999999981
84 17 0.1525000000000018 0.9132753160474729 1.6487500000000017 -0.2325 -0.20500000000000002 -0.17749999999999824 0.3702166286016613 0.11117647058823468 2.24 0.7972426470588301 1.1789473684210527 1.6025735294117731 -0.10625000000000731 -0.05851393188854457 0.050000000000000044
84 18 0.29 0.30670588235294116 0.3225 0.12264705882352803 0.135 0.14 0.16870021034462648 0.06777777777777712 0.06 -0.0294117647058878 0.012693498452011795 0.10000000000000009 0.0 0.03350533195734457 0.09999999999999995
84 19 -2.7917647058823527 -2.486602941176469 -2.13 -0.1914705882352939 -0.155 -0.10499999999999851 0.3081629227475637 0.5018750000000021 1.1352941176470592 0.20643382352943052 -2.722542569659441 0.9264705882352864 -0.19999999999999996 -0.2641447368421063 0.09999999999999995
84 20 -2.9825 -2.855586397058823 -2.766856617647057 -0.47 -0.45 -0.43404411764705764 0.21083161520446073 0.09250000000000114 0.5027941176470625 -0.03235294117646115 0.26462848297213815 0.5481617647058834 0.0 0.048684210526316385 0.11470588235294926
84 21 -2.5203124999999997 -2.4650533088235296 -2.45 0.4275 0.455 0.46 0.22041886946491723 0.2047058823529408 0.5458823529411778 -0.3983455882352871 -0.2188854489164092 0.0 -0.07941176470588146 0.0761609907120741 0.15000000000000013
84 22 -2.025781249999999 -1.7651428921568624 -1.4523823529411772 0.16 0.175 0.1876562500000002 0.24156956443528407 0.041249999999999454 0.9412499999999993 0.3176470588235314 0.47679824561403383 0.7062500000000049 0.0 0.011184210526315507 0.021874999999995787
84 23 -1.5855681818181817 -1.2177537514992829 -0.9397222222222228 -0.730171428571428 -0.6812499999999992 -0.5912499999999978 0.2655214044780623 0.26 0.94 -0.5222499999999475 -0.44210526315789467 0.04642857142856671 -0.3852716450216559 -0.05986842105263071 0.2725000000000072
84 24 -2.986617647058826 -2.91265012254902 -2.6950000000000003 -0.5125 -0.495 -0.46749999999999997 0.2674500799707529 0.21999999999999997 0.9747058823529438 -0.6450980392157013 -0.35510835913312183 0.1281249999999967 0.04313725490196624 0.11578947368421051 0.17105263157895234
84 25 -0.8254411764705893 -0.6878843545751641 -0.505 0.2375 0.25 0.5288235294117654 0.2785041883524607 0.6277777777777791 0.7955555555555582 -0.6500000000000011 -0.41871345029239904 -0.20000000000000018 0.0 0.3304093567251469 0.6933823529411787
84 26 -0.5625 -0.5329256535947714 -0.45794117647058724 0.17750000000000002 0.225 0.28750000000000003 0.21316105863420878 0.3194117647058816 0.19705882352941229 -0.4040441176470527 -0.10371517027863805 0.10000000000000009 -0.2027777777777809 -0.16811145510835873 -0.09999999999999981
84 27 -2.2179687500000007 -2.0564227941176463 -1.9630974264705874 0.06885110294117652 0.25704248366012883 0.4329687500000005 0.27154170319699766 0.5882352941176449 0.450514705882354 -0.10000000000000009 0.23711300309597574 0.6000000000000194 -0.19687499999999636 0.0063080495356023485 0.5531250000000036
84 28 -0.8619117647058823 -0.7863373161764704 -0.7019117647058831 0.10750000000000001 0.12 0.16749999999999998 0.18513783015001212 0.09 0.18999999999999995 -0.08823529411764508 0.07023026315789462 0.11562499999999865 -0.09999999999999995 -0.005263157894736842 0.0
84 29 2.253333333333334 2.7135193369453057 3.0810294117647072 0.48 0.49088235294117655 0.5645588235294113 0.3370620435629812 0.27000000000000207 1.3744444444444524 -0.04117647058823559 -2.581871345029236 1.147058823529441 -0.1970588235294085 -0.14210526315789582 0.14117647058823485
