0 0 -2.8899999999999997 -2.682796310791506 -2.4642933483080935 -0.6575000000000001 -0.58 -0.2946836295099623 0.2878571664902791 0.62 0.8600000000000012 -0.6397190568336497 -0.45263157894736905 -0.29867644968731843 0.15000000000000013 0.3263157894736842 0.44999999999999996
0 1 1.7037552345398477 2.1284212138104985 2.534369031253051 -0.6224999999999999 -0.5665418908075013 -0.5384717343734746 0.27885659920220646 0.15362996366467757 1.1536299636646778 0.4230569306930776 0.6071736650866725 0.8000000000000007 0.0 0.0808578756129882 0.17277846534653807
0 2 2.9075000000000006 3.123277011162445 -2.9225980282499755 -0.652401971750024 -0.46499999999999997 -0.43553647648083627 0.2603608949242208 0.5106262339382084 0.6847834750265669 -0.4901268753967636 -0.3181633122709055 -0.049999999999998934 0.050000000000000044 0.2687506494411623 0.3547654260788896
0 3 2.9201653946160033 2.9639587845096194 3.0500000000000003 -0.1725 -0.11038878557142368 0.07413889638424183 0.22366406973105699 0.42000000000000004 0.3600000000000003 0.0 0.1894736842105265 0.3432963399351818 0.10000000000000009 0.22105263157894733 0.31224932979350073
0 4 -1.5426123730438093 -1.434996669306131 -1.3641137131034045 -0.5414381664372461 -0.257181678480477 0.11607077240685122 0.26869868593100177 0.7674462766997345 0.34783807180608695 -0.38723571111232924 -0.1800701006385644 0.00861372504016411 -0.6039806769408222 0.06231127416491927 0.2672274500803293
0 5 -0.4200000000000004 -0.36943492805627465 -0.353856705680232 -0.28250000000000003 -0.195 -0.07945598477191901 0.19899793517222952 0.27999999999999997 0.16999999999999993 -0.024879662071448927 0.08947368421052627 0.22286588639535643 -0.20000000000000004 -0.14736842105263157 -0.09999999999999976
0 6 1.2002864399959763 1.2413596575745827 1.27 -0.2775 -0.175 -0.1175 0.2169672186622014 0.5848610133118729 0.09414343516577528 -0.040531958019909275 0.04954917640303962 0.09999999999999787 0.09999999999999988 0.3025584280588805 0.55
0 7 0.01750000000000007 0.15334084601127387 0.20576917210664425 -0.13 -0.12 -0.11 0.22472939007664003 0.020000000000000018 0.7499999999999996 -0.4762972065492004 -0.394736842105263 -0.10512781404429544 0.0 0.010526315789473679 0.035190204081634174
0 8 1.9450000000000007 2.306 2.6675000000000004 0.245 0.4 0.835 0.36450297375147067 1.08 1.2999999999999998 -1.25 -0.6842105263157894 0.0 0.3500000000000001 0.5684210526315789 0.7000000000000004
0 9 0.3079985437535854 0.3846617458521772 0.3833598536808418 -0.16 -0.16 -0.14689150137921975 0.18895162510794747 0.052481510829370734 0.23751848917062912 -0.14013570404872888 0.10526315789473668 0.08162179973406708 -0.047402345069334495 0.011807365517432094 0.012407554146853655
0 10 0.5392998802937656 0.8852735664416063 1.1642259144770741 -0.26 -0.24347426350512782 -0.09 0.23304659944786138 0.18671445211002596 0.7098566436699223 0.049999999999998934 0.36834560193153815 0.3850517135168463 -0.07238574284248324 -0.09827076426843472 0.0
0 11 3.026238713710238 -3.121903599533212 -2.944776165472037 0.6912113323148362 0.73 0.8268367770443295 0.23493199316608043 0.3119158280743646 0.37358787240452074 -0.5008240741539338 -3.237606860143556 0.4704026288522112 -0.3119337358902835 -0.1273241200391393 0.04185837380646373
0 12 2.4599999999999995 2.4637532956450157 2.498867426083888 0.58 0.59 0.59 0.19417444704057166 0.13237142479397107 0.30901350006181927 -0.13970120227602134 -0.16263868424306277 0.03236540476783789 0.0 -0.0696691709441953 0.0
0 13 0.8264614463476857 0.953662036343065 1.1300000000000003 -0.44 -0.4220712674228143 -0.28237686780861143 0.23817413574700502 0.26 0.6873224256131175 -0.6500000000000039 -0.3617486450595355 0.0 0.0 0.1368421052631579 0.20000000000000004
0 14 -0.6164153263526361 -0.5008442457015867 -0.31474303868435793 -0.25 -0.16706628465693737 -0.13 0.23665637372404538 0.18 0.7522591601791464 -0.5499999999999972 -0.3959258737784981 -0.18212948713533933 -0.12021035037371314 -0.0868928083833376 -0.01953957742036938
0 15 1.5699999999999998 1.9820929710901996 2.3274999999999997 -0.5119759802738217 -0.495 -0.477952117099231 0.2695360402129645 0.040000000000000036 1.1692390460343889 0.049999999999998934 0.6153889715970468 1.1325383630302088 -0.10000000000000009 0.02091913088322616 0.11158204593984783
0 16 -0.05333249933279945 0.09036785265750978 0.26000000000000023 0.05 0.06372623527686823 0.07188753235714537 0.23249471694005175 0.06208086384671627 0.8137574084598511 -0.0061193052720728836 0.3158857165578349 0.8999999999999986 0.0 0.015595259618577773 0.08134970181764359
0 17 2.97 2.9822822414459518 2.9919319906763477 -0.07641478578113847 -0.06 -0.05 0.16691528497074612 0.07999999999999999 0.04999999999999982 -0.10000000000000675 -0.005263157894737198 0.09999999999999787 0.0 0.0368421052631579 0.10811607249568853
0 18 0.20000000000000018 0.21157635765477228 0.2200000000000002 -0.4290029295544353 -0.4107816091954022 -0.3285141142746086 0.1721560650591154 0.14156321839080444 0.03156321839080434 -0.049025344254170905 0.011349062310949764 0.080992023478893 0.0 0.07450695704779181 0.18122331524558
0 19 0.4475000000000001 0.47681801674725743 0.5019286905656636 -0.26 -0.24 -0.2324547476994641 0.18171413935602657 0.030000000000000027 0.24786940561385284 0.08568786652480759 0.1304575819020278 0.20208121609487428 0.0 0.015789473684210527 0.049999999999999906
0 20 2.9725000000000006 -3.0274038691286176 -2.776875597913881 0.03224207167518008 0.0559704218450708 0.32999999999999996 0.29109756143192306 0.5539839078300616 1.000953409301455 0.3950068622980618 -2.7784455740518665 0.5908666487422454 -0.5183566180511834 -0.27236374263652413 0.0021550518757796136
0 21 2.2925 2.4969683895929977 2.9125000000000005 -0.4825 -0.39509085706109637 -0.27 0.3214407623478705 0.16 1.58 0.0 0.8052631578947365 1.170327881559552 -0.10090857061096331 0.08421052631578949 0.18640737211518377
0 22 -2.284138415643537 -1.9162136830502632 -1.56439862396285 -0.051531813325061133 -0.03674685013828665 -0.02 0.29812515706977283 0.06999999999999999 1.5158908987323736 -1.0794453452925346 -0.778090295539931 -0.6201305555992098 -0.05921334502574219 -0.006582339860790243 0.08024737578428004
0 23 0.11822289810992831 0.3109081777618988 0.5145241935483877 -0.030444275472517948 -0.0010157780389642365 0.02 0.20858365690386724 0.06 0.5521588200238381 0.03554203780143601 0.29060990527570424 0.44682795698924915 0.0 0.02970092842356192 0.07200103963419588
0 24 2.9288926092714602 2.9637296068502943 3.0000000000000004 0.0975 0.1759102103303795 0.206951230840688 0.1830850699087799 0.19461194618519662 0.07692536920986903 -0.04016997699206826 0.039417292861576 0.17210944871424383 -0.00563701641490548 0.08976153717865647 0.1999999999999999
0 25 2.7939677034496304 2.791979563197282 2.8300000000000005 -0.4325 -0.26281970226219264 0.015768056705298256 0.2343287954535497 0.6510755697720911 0.25005359378711134 -0.049999999999998934 0.1169216523916753 0.24914746592597847 0.10000000000000006 0.3426713525116269 0.5706192877273586
0 26 -1.964601366961879 -1.5228130324232798 -1.2715746775358459 -0.030159628761530215 -0.024969538572458608 0.13863605963044986 0.32378605057058624 0.1688396185692421 1.6258019071537906 -1.4121378271262275 -0.8556852142914689 -0.2919133393465845 -0.19378296910324347 -0.08359979924696952 0.09999999999999996
0 27 0.010000000000000231 0.029426599227669693 0.04090944020541734 -0.37 -0.36 -0.36 0.16732129570685872 0.010000000000000009 0.1253329694323151 -0.15290746065303756 -0.06070156285911285 0.0 0.0 0.0 0.0
0 28 1.3400000000000003 1.3421681031911723 1.3400000000000003 -0.2625 -0.255 -0.2375 0.16064480506308565 0.05000000000000002 0.019999999999999574 0.0 -0.01052631578947346 0.0 -0.050000000000000044 -0.026315789473684223 0.0
0 29 -0.16328266524587037 0.2754490427108073 0.5952019343848566 -0.6849695991475222 -0.25166910299003287 -0.11756331803839537 0.3552377755808962 0.48 1.6099999999999994 -1.1266047738871192 -0.8473684210526313 -0.5003791590043627 -0.43787132197662837 -0.24736842105263154 0.1802002791687788
0 30 0.5 0.5048159062782293 0.5100000000000002 -0.04059095621660426 -0.007952203269367552 0.014792596786436086 0.16869400863918368 0.10236382486641704 0.020000000000000018 -0.050000000000001155 0.0 0.0493345300806558 -0.17166313401199937 0.041032513301889735 0.3411203119398384
0 31 -0.019153304590326093 0.12467286516989803 0.255 0.13 0.14411416894917642 0.17 0.20024417120962162 0.16168535326570574 0.21831464673429404 -0.015966833472486827 0.11490244564962845 0.20939308333712645 0.0 0.07983439645563462 0.09999999999999995
0 32 0.8300000000000001 1.0976748658486744 1.331120695586363 0.08005744951666807 0.8771356685470495 1.025 0.33720191422390533 1.162067204800742 0.709046083310313 0.19478574462428344 0.3731821491106911 0.5664004555892627 -1.4616742798156646 -0.5941746609681506 0.2978334429927565
0 33 1.9689867637932101 2.489379125093554 2.9764656980525688 -0.2 -0.17141618685756355 -0.1565425791248531 0.3244950737528702 0.0717803442263093 1.7774980530393085 -1.300784990161652 -0.8359576173836527 -0.5984311404898146 -0.09999999999999995 -0.00391508038269989 0.09318459657701825
0 34 0.09750000000000014 0.1425008103134181 0.18000000000000016 0.025617626124152748 0.05299159888877743 0.16710763151054892 0.19446050588646063 0.23693981986899565 0.1253690741329941 0.0 0.06598372322789164 0.15974310934328342 -0.03129695795906256 -0.028703408769989884 0.20453803025809486
0 35 -1.025207495560696 -0.7667810164982141 -0.3895834878116594 -0.38953744525800604 -0.24316656156227118 -0.005373638541148777 0.2969965395964112 0.39 1.0739537470915153 -0.8565154211565346 -0.5652388142586923 -0.1931825436636364 -0.3003658963119585 -0.19062402233292428 0.04301186060356607
0 36 1.1475 1.10988258515411 1.2050450450450456 -0.43 -0.43 -0.42 0.22302152498281064 0.06 0.683393393393394 -0.13687413833686657 -0.3596807333649442 -0.00969527775148804 0.0 0.031578947368421054 0.013339582390585747
0 37 2.6675000000000004 2.7087234879949316 2.7425000000000006 0.1975 0.29608042848362437 0.36 0.18389982154015005 0.21155280090840292 0.10177004538577838 -0.09999999999999787 0.01672107651883058 0.10000000000000231 -0.19695971970577153 -0.09473684210526315 0.0
0 38 2.7400000000000007 2.749712729203846 2.77 0.35 0.36 0.37293540049112167 0.18206014415998684 0.08062424340246971 0.19187273020740925 -0.09999999999999787 0.08519617379337316 0.10000000000000231 -0.09629341733829871 -0.02476577030302343 0.08404665193238348
0 39 -0.09443299768957572 0.11563939029724861 0.2965641200545688 -0.01 0.01 0.02 0.2643488188012397 0.1 1.1373597177819432 -0.8999999999999964 -0.5986103777799702 -0.0323418688070478 -0.010780622935682663 0.015789473684210523 0.09999999999999999
0 40 1.7349999999999999 2.2804295734457316 2.9197388160258715 -0.13912622234653502 -0.024200666913534556 0.05763837638867941 0.33582842905573 0.24 1.7156472795497182 -1.6370646874038441 -0.9029722523945886 -0.22823639774859128 -0.15923858511449784 0.08535597906586351 0.33752663375501274
0 41 0.9000660787748156 1.0925251265008524 1.3000000000000003 -0.07214923773225343 -0.06794118248321887 -0.004622395833333424 0.24046664461776357 0.16999999999999998 0.8054227723673433 0.05701524535493441 0.42390672229860177 0.6097486488673209 -0.17841117704400963 -0.0736842105263158 0.01292511089849388
0 42 3.1375 3.123353460792199 -3.1199999999999997 -0.2 -0.2 -0.16976829898117254 0.20714684504737432 0.3967939422540652 0.16000000000000014 0.0 -3.31387932717375 0.0 0.0 0.2088389169758238 0.08396971127032624
0 43 -0.49803593993798423 -0.28304303804686864 -0.1155234607310512 -0.2932187942365824 -0.28 -0.28 0.2262145710808845 0.04999999999999999 0.7085507697784098 -0.7528104091748898 -0.23834080360872587 0.29932294001991766 0.0 0.01578947368421051 0.08707906919953323
0 44 -1.4197674917566303 -1.2611533265150885 -1.102277960778534 -1.2210041259305766 -1.1981367591453693 -1.1815612388294765 0.2156637349829946 0.15999999999999992 0.4900000000000002 -0.01787006457886764 0.2578947368421054 0.44105380129563776 -0.05386390608060787 0.08421052631578943 0.27120575152696835
0 45 -2.8739090496916937 -2.679656333050887 -2.46500806848947 -0.38025339762130744 -0.2470512677106637 -0.22460546935734682 0.24009541632961934 0.2749105136747504 0.7047315410242518 0.07676072192412509 0.3709113373811852 0.5627016265277285 -0.22075563004468168 -0.1446897440393423 -0.04421055908544136
0 46 -2.03 -1.981659280122279 -1.986611415694839 -0.2221424306119525 -0.22 -0.21 0.18958736793009995 0.03 0.35524863079196733 -0.20878266154061853 -0.15013085831156253 0.09999999999999787 -0.049900578117194894 -0.015789473684210527 0.0
0 47 -0.40249999999999986 0.08843280698366171 0.6575 -0.0925 -0.06 -0.03 0.30890678747423667 0.1028067024260613 1.649999999999999 0.3938659514787751 0.8684210526315784 1.1999999999999966 0.0 0.05263157894736841 0.10000000000000002
0 48 1.166446303123939 1.2071609518912534 1.3303585780172615 -0.21 -0.02896386437655373 0.2885536968760612 0.2543041000964288 0.59 0.5275818076010562 -0.40143025826508805 -0.2776746355795033 0.0 0.008800415612048446 0.3105263157894736 0.44988118499579166
0 49 0.5900180545957154 0.6751689345938575 0.7525000000000001 -0.16 -0.135 -0.12 0.19352738170113953 0.05375441601541603 0.38126324804624806 0.10000000000000231 0.20066486739276213 0.2883749803551766 -0.0733861341420166 -0.02829179790285054 0.0
0 50 0.6209468676321995 0.7861276225805641 0.9842956273764263 -0.27 -0.23 -0.22904401544401548 0.2236062631233714 0.07324250589424047 0.40557080810322416 -0.7146042272532851 -0.2134583200543285 0.1499999999999968 -0.09999999999999995 -0.0368421052631579 0.0
0 51 3.049690794271697 3.0724713224503524 3.0900000000000003 0.36749999999999994 0.41 0.42962410563063835 0.16688526040765392 0.08000000000000002 0.0600000000000005 0.0 0.026315789473684584 0.08320797834049376 -0.04999999999999977 0.01215694310343629 0.08688613044414734
0 52 0.006229700992396295 1.313825026851744 2.7750000000000004 -0.15000000000000002 -0.08499999999999999 -0.029516614195318154 0.4671579407621396 0.21 3.126822936710633 -2.745858990271446 -1.7052631578947375 -0.41588531644684446 -0.11905934027061207 0.07368421052631578 0.19646257806900902
0 53 -2.0490017298544037 -2.016599899794789 -1.9890010671631626 -0.3 -0.2640152559711785 -0.1715010671631623 0.19577561626625845 0.2399796022875717 0.22818486384331327 -0.25663190557350335 -0.08851834939121725 0.0 -0.25318788804263015 -0.12200796639825644 0.0
0 54 -2.4234321026386185 -2.3189000241750266 -2.155723293007997 0.03 0.125 0.4827963079158547 0.29850878286193844 1.0 0.660000000000001 0.049999999999998934 0.34210526315789447 0.5686420527723635 -0.8831823039724154 -0.5263157894736842 -0.1339078874793208
0 55 -0.03837829089195204 0.15235733859523398 0.36649425829086885 -0.07837829089195197 0.015120366757157472 0.04 0.2621937598100674 0.31 0.8456039716883026 -0.5019247796684789 -0.4450547219412118 -0.3800351481195874 -0.3698579691163453 -0.16315789473684209 0.0
0 56 0.2120077353748073 0.21421233386835342 0.29000000000000004 -0.2883963298945695 -0.21 -0.2 0.20147921175347655 0.13 0.40284231980055485 -0.4331588734982208 -0.21202227357923942 0.0 -0.07755680115656777 -0.06842105263157895 0.0
0 57 -0.8600000000000003 -0.5243734461225539 -0.20987155021778361 0.6275000000000001 0.6697972832849441 0.6825 0.2999527998836545 0.1299302251823663 1.5197792416670823 0.5443484548833714 0.7998838114037276 1.0274304158800485 0.0 0.06838432904335068 0.10000000000000009
