15 0 0.2766510280592703 0.411909681766245 0.6078141636568802 0.3537251399841467 0.4053388892889166 0.4242451684112066 0.22340131274280214 0.18952530347468 0.5864480819639964 0.009075712110399592 0.2653176041340192 0.42455134054900023 0.04633849164060039 0.0997501597235158 0.14416419621520016
15 1 -0.26827678946824096 -0.13974201670452469 -0.005107318205045717 0.0969970610308061 0.13758032946293608 0.1446314596410161 0.20967425975195622 0.07780677805416 0.547213080379909 -0.35011304795119996 -0.2880068844104784 -0.15489797111500003 0.0 0.03972001939814738 0.07435102613520005
15 2 -0.38790369261661806 -0.3412388244059639 -0.2898990917936881 0.14247389331604488 0.1453842298437549 0.1548264610970749 0.1979740925507621 0.03881612256448 0.4509930787161019 -0.27410395902660006 -0.2373647782716326 -0.09730210579900006 -0.031328660073400016 -0.010251512869642102 0.018675022996400004
15 3 -0.28067885672591847 -0.2393512053677215 -0.005780772889466494 -0.06948994479888079 0.1154276894505192 0.12078585025415921 0.289937109856206 0.5437224218762582 1.0204765603520545 -0.6591235920177996 -0.5370929265010813 -0.15673056682951275 -0.39357174632600034 -0.28616969572434636 -0.01998401993539997
15 4 -0.30687474587622093 0.01747462432161595 0.6121501883800291 0.00030974746085801015 0.02867134780582311 0.0943524508817131 0.31367692480487946 0.08319984544284002 1.61545930235868 0.11510446416940018 0.8214621773123789 1.2654509741625999 -0.055676003138625474 0.0366978440091579 0.14460052852819993
15 5 -0.6079472416159345 -0.5361627221458006 -0.44859868090833455 0.18981910056485157 0.24734951603390157 0.6049194832142716 0.25354425565936317 0.77717766262308 0.35608207399304 0.08342673824559943 0.18741161789107366 0.2268928027600009 -0.6781476808646003 -0.409040875064779 -0.029146998508400163
15 6 -0.125805514145725 -0.12086885035644299 -0.114050721633505 -0.08567394662036379 -0.0835446449329238 -0.0817644090958838 0.1574191038087667 0.015184364492400002 0.010000736613960004 -0.024347343065399957 -0.003867282184694727 0.01047197551200002 -0.01684242728180005 -0.006283185307199999 0.006719517620199997
15 7 -0.0017015020952281853 0.08060560743516199 0.15570537981950305 0.07204777329891916 0.09439671437077916 0.12381860223636915 0.19335482844150734 0.09498081789384001 0.34124677535086545 -0.26363198351460015 0.005098198604526327 0.27026423467210403 -0.06387905062319996 0.005272731529726315 0.040666171571599984
15 8 -0.698860812095023 -0.6247200981346889 -0.5365495549821531 0.20231745182017952 0.2432454227795795 0.3225226407285495 0.19601613492330647 0.14409438304512 0.26701792226348003 -0.36416294842980035 -0.14053574855972636 -0.039880773408199066 -0.015009831567199955 0.06953759177705263 0.1556833692784
15 9 -0.27992458360026407 0.10423634739886296 0.3496549475043059 0.04295803128633595 0.05177194400893595 0.06435140459272595 0.29213218274875635 0.04249876728621746 1.45515081056248 -1.1332422833235998 -0.7658688476644631 -0.13482668471699988 -0.039269908170000006 0.02184417348029474 0.06527531402479997
15 10 1.7648017450249682 2.090559595929134 2.4575621950532476 -0.6183987579909794 -0.5829773008216395 -0.31858173575928944 0.3028505011078277 0.639523544518032 1.0134254301790357 -0.7595672904703998 -0.5333818053573872 -0.421497014358001 -0.4386885074902002 -0.33659133922001677 -0.04677482395359997
15 11 -0.11253373962525015 -0.10983720593091015 -0.10860238548512016 0.09856761495074615 0.10009477804624617 0.10223716970307617 0.15743105817236427 0.009896016858840007 0.023596851487040008 -0.012828170002200032 -0.008671530599410527 0.009337511498200071 -0.004712388980400023 0.003049733219284218 0.011431906600600089
15 12 -0.0729866634738559 -0.05378804170188539 -0.011215097922410117 0.0239114955661199 0.05560667478243989 0.07776799295970989 0.19949677958856324 0.25171138472382404 0.2559001749285891 -0.05654866776480001 0.10373685917300475 0.2218313479291999 -0.05471607205037455 -0.08648565740849955 0.06265732014679996
15 13 -0.6980067158332034 -0.6091860375342975 -0.5419960973200535 0.17899345347228707 0.2308908187805071 0.2548323727948171 0.1824812746917259 0.12187634166646186 0.14837043971252006 -0.14084807063640015 -0.0726608125437895 0.04668755749099973 -0.07923794804079981 -0.06414544298234834 -0.03316125578450915
15 14 -0.48310946405868754 -0.3911882083436297 -0.26883975511377756 0.15458449058881293 0.16402672184213296 0.18454743052269748 0.2155453677142728 0.10375982403157455 0.5702339732129164 -0.6614797865080002 -0.30012314379627175 0.000436332312999943 -0.07557275661160004 -0.0023056718013263126 0.1183333232856
15 15 0.249066774574347 0.28411734927763704 0.313181444646567 0.09735907140654995 0.12867900483368994 0.13747546426376994 0.17469473770820892 0.04714134309651999 0.13575170922055999 -0.1883210262908 -0.07144826801082105 -0.0006981317008003529 -0.023212879051600008 0.003261009918210539 0.06483898171180003
15 16 -2.536951241064502 -1.6764437059658175 -0.7244966260256005 -0.10838692369465405 0.10258411296397596 0.19797944655499142 0.34517707679836873 0.30916762369910544 1.8638196549252615 0.019809487010198357 0.9778161204649586 1.7962928661584 -0.002356194490199942 0.16117656345039236 0.13884094199660002
15 17 -2.415795108570702 -1.6194755473754392 -0.8051790948845764 -0.15447361369990406 -0.06733368747067406 -0.022583445449394057 0.37602636467963796 0.191043739923728 1.7727483745506651 -0.18099064343239935 0.9330254602898237 2.0751964806279997 -0.025045474766200032 0.095754274330677 0.18744836166392734
15 18 -0.07362555094272716 0.18926466764011318 0.45701999151274647 0.1600620610021688 0.22819098835468693 0.2666885883306769 0.2446578757993922 0.2273814949512581 0.7972664023136 -0.6160139594933994 -0.41961389595452636 -0.2535963403155999 -0.1587376954694003 -0.11967447102697797 -0.08176867545619998
15 19 -2.6457995909782377 -2.381452895134944 -2.121341240721628 -0.056739635873847845 -0.033282410726967845 0.0011965686463488354 0.26575296620787225 0.12157963569431998 0.7308217176899601 -0.6448991586140007 0.20577431881079997 1.1722503921058003 -0.0870919296747738 0.00966361249002105 0.12758356832117118
15 20 -2.7144540078731962 -2.672070432317628 -2.6399677187209667 -0.17284233141257804 -0.15058938344957806 -0.12428290829880806 0.18073265803530986 0.055588736676199985 0.18753562812739988 -0.2937389131115986 -0.08359208522736837 0.14486232791599996 -0.09904743505099997 -0.003775422750378939 0.10690141668500006
15 21 -0.024409884030205154 0.022992385789478376 0.06962845606755483 -0.10339611680781105 -0.07398731891161105 -0.061442764912861055 0.1727592336309848 0.055867989356519994 0.10304423903813235 -0.0871791961374 0.02915618445185914 0.10821041362400005 0.006021385919399991 0.0221656815004 0.03193952531160005
15 22 -2.6416922979454758 -1.7010741501863786 -0.3251647783272871 -0.09748269889517511 -0.011913568992762557 0.015213210906429991 0.4225077264916214 0.21891664807836 2.5235017522890404 -0.12540190675619903 1.1967722680927253 1.5310900863135088 -0.10428342280700005 0.05721924163530528 0.34164820107882543
15 23 -0.1301972958388838 0.004528159781224788 0.16190100777583621 0.12994572601973584 0.13767317128296586 0.14424433591674585 0.21064953615809628 0.1089259986178436 0.48368309560676004 -0.4879940588557094 -0.012722531652736823 0.4117231705468001 -0.00523598775600001 0.05732947295675979 0.08534660042279998
15 24 -1.9948814705151827 -1.454056295196721 -0.9589063864037976 0.09062476696911484 0.2800017174578985 0.3715965966028585 0.3398676436640447 0.361806753940176 1.7356252213606254 -1.139874534481199 -0.9134869586108555 -0.38720129455620034 -0.28518679977679995 -0.1904246073369347 -0.06466444878660012
15 25 -0.6554170944623875 -0.2944760238318319 0.0017953620239488377 0.0741660697158949 0.0834643113059249 0.1011139533667749 0.3005366956741496 0.060493111874319994 1.5625583727305599 -1.0937105757658 -0.8223991435424 -0.37245326237679954 -0.06806784082799992 -0.0018647465166105224 0.04843288674300006
15 26 -0.16976463720204185 -0.15000227408164588 -0.12022782970723911 0.1044456899460291 0.10691096751447911 0.1095289613924791 0.1704205560501107 0.033615041393520007 0.13196434474337096 -0.10943214410039995 -0.06945491828598471 0.004188790204799897 -0.03918264170740003 -0.017692127049221056 0.011693705988400013
15 27 -0.6041617194318585 -0.5497676606286525 -0.41917427201237845 0.13072448223562705 0.14231346846890705 0.14744037314665703 0.22949395030283826 0.06979571678747998 0.75888661206212 -0.3981096023812 -0.39941400634848423 -0.11562806294499961 -0.08534660042279998 -0.0367345877828842 0.02888519912059989
15 28 -0.11699451030526985 -0.10910387675697786 -0.09968957077168986 -0.009232840224451989 -0.004799703924371989 0.00767503690429801 0.15913799165669087 0.026912977065874907 0.023422318561840003 -0.020507618711000028 -0.01166614815810526 0.0024434609528000556 -0.032375857624600005 -0.01416472477151311 0.002705260340599997
15 29 -1.39401275104779 -0.6214191957044248 -0.02054771280238911 -0.006553129564848484 0.030565660302009155 0.08010246779689917 0.4770706241776715 0.101665428929 3.129488713925771 -2.3174481808056004 -1.8077844813894681 -1.0523462724933996 -0.10602875205900003 0.014127980997768429 0.13325588839019997
15 30 0.10043167507328905 0.19447525115871778 0.30971410568043456 -0.3363712950490899 -0.27261005415039996 -0.21471311953842992 0.19431976002423582 0.19345229429167998 0.2596002729423055 0.03455751918959998 0.1366317226012134 0.13657201396900015 -0.1259255055318001 -0.10108212152109473 -0.008203047484400122
15 31 -0.5996608061779956 -0.309415169564483 -0.12099116884812915 0.3172217364214244 0.3258916594807344 0.33517681110137443 0.2103907158671371 0.01815142422079996 0.46383870201152005 -0.3167772592379997 -0.23410376835378946 0.12356931104160002 -0.03892084231959997 -0.005732028701305268 0.01431169986639974
15 32 0.615422680727529 0.7527600215735311 0.880036411946379 0.19053725507203892 0.2105954515006489 0.21788220112774892 0.21693756147721868 0.05602506898989812 0.59273126727172 -0.1734857276488 0.05221290246509473 0.5325872212477994 -0.08368853763339984 -0.029486878415735853 0.03682644721720002
15 33 -1.0819118106534789 -0.8417475242612709 -0.6090802996710288 0.19977203454966008 0.2047767661797701 0.3854357970542901 0.2632839210901508 0.3756995747855201 0.88770936415224 -0.44846235130140033 -0.4567710371352631 0.019809487010200577 -0.2188642882007999 -0.19773661830816847 -0.01431169986639988
15 34 -0.5003023631513385 -0.42603773081409513 -0.28940986630904847 0.19728227389167144 0.19936794234781144 0.21595293356494144 0.21568913443438562 0.07925540133331999 0.6136577650033745 -0.5215916469602006 -0.32297777105440756 -0.06099925735740003 -0.07618362184979993 -0.03674377372631577 0.01143190660059995
15 35 -0.8302253938336465 -0.7428725374356724 -0.6788311711920365 -0.0035077724269509795 0.0419842345263592 0.08159884522362922 0.21330328816011898 0.17577210896892 0.48345620280400003 -0.5441936607735998 -0.25445063305473686 -0.013962634015999842 -0.11187560505319996 -0.0925116362994316 -0.060126592731400086
15 36 2.9674071458916416 -2.1649455527263903 -1.1090973014879202 0.01572051994233302 0.021829172324263207 0.05956755407563321 0.4394772311983829 0.12932889757313018 3.0619793784479388 0.3153809958363993 -1.6936950639747692 2.2849850566834915 -0.1376192115198509 -0.049916416607200004 0.01631882850620001
15 37 2.75125067003442 2.753151333589848 2.7565128377292005 0.15713808942216279 0.15752642518073276 0.15879178888843276 0.15554288406550995 0.003874630939439988 0.008080874436760421 -0.0004363323130007757 0.003977513505873884 0.00785398163400064 -0.0039269908169999035 -0.0008175489654105159 0.002181661564999854
15 38 -0.13180091405179806 -0.12942552093982604 -0.12563117514597807 0.5607031665005809 0.5759049842855011 0.582118356422621 0.16213286085817827 0.04747295565440002 0.03911282853732001 -0.028012534494600005 -0.020585699230168425 -0.0027052603405999798 -0.013002702927399357 0.007394684462421051 0.02487094184100036
15 39 -0.31587356653602106 -0.18781701398766865 -0.11183585033131009 0.13548714639483583 0.14629946111097586 0.1565270905276958 0.19118937249759735 0.03488913174748001 0.24078562360557093 -0.35805429604780004 -0.059038058434757866 0.0755727566115999 -0.046425758103200154 -0.01508331911465263 0.01841322360860001
15 40 -0.7355847212186679 -0.490482898372552 -0.18136414389232802 0.11390023546692689 0.1464462626935969 0.1515077175243969 0.23602705020747652 0.05548401692107999 0.8669748526384801 -0.6411467007221999 -0.45506245165698944 -0.21703169248619938 -0.004276056667399802 0.024342750093684213 0.05768313177859988
15 41 -0.7187738553069265 -0.5595762655796246 -0.4249433124095966 0.0972640964063621 0.21499964442280303 0.22662353724112305 0.22167395350272698 0.3262893036610509 0.42928118282192 -0.38205257326279995 -0.21983799820454739 0.006806784082799555 -0.2249729405810548 -0.17125354339472423 -0.06745697558979996
15 42 -0.08581022774606593 -0.010617080246783716 0.07326780692747406 -0.01679026132970614 0.06271821274516695 0.10091038010205694 0.2035931910706922 0.17329374143108 0.36835173863477455 -0.21144663887980003 0.0735426631133129 0.248447619022104 0.04686209041619996 0.09120723233214736 0.14905111812079996
15 43 1.824119620058155 2.0315319303705612 2.2906504924408857 0.2338586542117665 0.26922338818041647 0.33034045526232647 0.26929014149296526 0.18982200944752003 1.0841461714718212 0.027925268031998574 0.3287832873067481 0.8100945723158004 -0.17261306302279983 -0.042604405635663194 0.0678933079027999
15 44 -1.6423845452110402 -0.9107041255297942 -0.25623096330324996 0.10720292231328299 0.124739117972753 0.136598630240093 0.35297413624691576 0.10506882097039999 2.1325479998522106 -1.8305885859602014 -1.1223936841327424 -0.18334683792260026 -0.08613199858619996 -0.05529937945810525 0.010995574287600077
15 45 -0.24920295873775894 -0.22468195541178498 -0.18873166347908896 0.458488395189514 0.499294193101274 0.530880289239344 0.20491939408767648 0.42694244162424005 0.12543681334124002 -0.11754792512220016 -0.044478338095705276 0.11301006906699995 -0.11571532940760021 0.18381991400932635 0.3782128489083997
15 46 -1.4300784509190152 -1.2872005623625393 -1.1699894857859752 -0.057122644035645535 -0.047911668908215535 -0.04588272365276553 0.19912066986649962 0.04471533543624 0.45980699143940007 -0.3053453526374006 -0.2420036797049475 -0.11056660811420094 -0.026703537555599968 0.012189746933705264 0.04057890510900003
15 47 2.884599272304161 3.008566510283708 3.1188486378613423 -0.05372186463432605 -0.03204487532448605 0.11333668804398395 0.21629938536627075 0.36829937875686547 0.19732692523112005 -0.3242821750215996 -3.4037365570761047 0.09481460503939898 0.0035779249666000046 0.19027763224163446 0.2686934383454001
15 48 -0.8084743734741191 -0.29343207453211884 0.2485581080609009 0.09367288754491905 0.10226427078788905 0.11634471452839906 0.29479664553343643 0.03583160954356 1.3222090814376402 0.38205257326280023 0.6939796543689263 1.1469431179518002 -0.022427480888200096 0.0064577182324 0.04668755749100001
15 49 -0.109863676757957 -0.08736812802892899 -0.061483149892517006 0.20948561602165544 0.21886239742802543 0.25318429716860547 0.1743173170312798 0.12191124825220001 0.10217157441208002 -0.11231193736620004 -0.05377451284846316 -0.0033161255787999763 -0.1111774733524 -0.05757749342913686 0.007766715171399763
