16 0 0.260912760539984 0.35586739849504406 0.462882261581424 0.08322331042492821 0.0862383667077582 0.09967303862502822 0.2045924238285665 0.08470082859955999 0.48017498381024 -0.32602750427359994 -0.25272367568959997 -0.11868238913599977 -0.03447025272700001 0.03140674059256842 0.035779249666000115
16 1 0.15296467959891077 0.33610120534713 0.540288147203449 0.28376469580522107 0.3604631897843611 0.45545709764759107 0.23462793694709327 0.19577358219684 0.7115881893336182 -0.5141739976391999 -0.3745200996492728 -0.06257005368419943 -0.18692476288919985 -0.09625950121951578 -0.006719517620200066
16 2 0.31428837124289205 0.41175715598552787 0.548184307626542 0.0274196073626399 0.0551485258537899 0.16787934224055717 0.23713981156248698 0.21139427900262397 0.7099301265431709 -0.567668339213 -0.37364743502272146 -0.05794493116639987 -0.19922933411754526 -0.08956294845807847 0.026703537555600038
16 3 -0.1629676463555373 0.20801692145604508 0.46970984417172545 0.24292961514847944 0.26089341647468944 0.26454115461136946 0.23636833983411093 0.02563888671188 0.80436989236924 -0.7564256978168002 -0.41029016337147367 0.060126592731400696 -0.01640609496879969 -0.009654426546589476 0.019634954085000073
16 4 0.3916183835242109 0.3628728107436627 0.45428879364040087 0.1882892709954629 0.20245698119857292 0.21390634109169293 0.20356618842546403 0.0431445391101381 0.49321259332337813 -0.2428625654154509 -0.2595855754333569 -0.011257373675399862 -0.04441862946339997 -0.02270765216323058 -0.006981317007999921
16 5 0.5126616213605861 0.5965622164981041 0.711192823775586 -0.12090782937634616 0.04276478455308384 0.11088934858177385 0.2435880078212529 0.46938884903235634 0.3870442149235201 -0.29234264970999985 0.011794751366147289 0.11833332328560014 -0.3401646712148 -0.2470467626486086 -0.02242748088819982
16 6 0.013245885469839517 0.019551760057268393 0.054125859874757154 0.025516616701426208 0.045347920327276206 0.06630059799753621 0.18259116746343765 0.058520889819559996 0.23373449342784 -0.0479092879674 0.10175269539159999 0.1883210262905382 -0.10759954838579996 -0.011500801176336844 0.015882496193199997
16 7 0.18436363765554342 0.378181578425439 0.6446025980846826 0.030024656715296055 0.11796307107731605 0.27787450046851153 0.282184141052358 0.307439747739608 1.11955890198792 -0.744208393055418 -0.5892415273620631 -0.20420352248399998 -0.28658306317839993 -0.16161748873509899 -0.020245819323200062
16 8 0.388912638369542 0.45029325016846905 0.555953737755332 0.21339815939057044 0.21629540594889046 0.2263834090254505 0.20094895023413342 0.020176006153120013 0.476928671401869 -0.49488810940459993 -0.25101509021151 0.0014835298641996397 -0.013700834628199987 -0.010453603625136839 0.0009599310886002077
16 9 0.18271818002290438 0.29011788820935036 0.38154172508778894 0.19531790581854547 0.22938236949445545 0.23103606896072543 0.1888904712488035 0.038536869884160024 0.26883306468625817 -0.29234264970999985 -0.13730229647217798 0.07417649321000003 -0.05558873667619979 -0.009709542207178934 0.0045378560552000735
16 10 0.37583837694280997 0.37858290719158 0.40282553050185993 0.11276727437551895 0.11542017483855896 0.11648046235914895 0.1681670534293532 0.00701622359303998 0.14295991903132005 -0.14756758825659994 -0.07524206264806317 -0.00034906585040017646 -0.009162978572999983 0.00268229548202105 0.011955505376199937
16 11 0.12073858092031342 0.3645645680830568 0.6845497424862145 0.089534954295287 0.09425606992194702 0.09834886701788699 0.26764519679613874 0.02703515011348001 1.21499350548728 -0.9734573903029999 -0.6394702660459369 -0.11388273369299984 -0.022951079663800084 0.001322775854147374 0.03979350694559999
16 12 -0.15122642862651442 0.26555383342806904 0.5742502182293264 0.11218166793006606 0.2011541898738088 0.2599150624654315 0.28075421599057065 0.1701346954847855 1.2453971410571198 -1.0090621070429275 -0.6554721795037473 -0.05855579640460018 -0.14014993893559993 -0.08442800607955024 0.03970624048299995
16 13 -1.2312134320019514 -1.1307854415126193 -1.1283742691509815 -0.1067088971721532 -0.0788665322796232 -0.047572778791263204 0.2031306167171395 0.07712609964588 0.4436801491509199 -0.3247185073346004 -0.21500619195953682 0.004799655442999651 0.03368485456360003 0.03995885392736842 0.07557275661159983
16 14 -0.10493001881345909 0.24854627860662237 0.5639935969546699 -0.22802876969601754 0.10836162701124522 0.26861775892997247 0.29230996998209946 0.57466710951352 0.95082046990456 -0.5622578185317999 -0.5004318262655579 -0.17331119472359935 -0.48764499300880004 -0.19172901130400766 0.1570796326799999
16 15 0.3529454749201615 0.4043236047759377 0.5585103542207215 0.10867864667725588 0.23498812464484498 0.25183491524977497 0.2429176042706083 0.17615608140470906 0.7956956059867999 -0.6777113485516001 -0.41878716104568414 -0.02731440279379993 -0.05811946409160024 -0.050550246704162666 0.07347836150920016
16 16 0.4132908640656531 0.565159816263807 0.703766011476013 0.09376665051080715 0.13306710194271715 0.13528803341588716 0.21922256246049476 0.11447614563862764 0.6013531937766 0.01762782544520003 0.31650168093505265 0.3592760265242001 -0.09154251926740013 -0.06025060296769875 0.00698131700800006
16 17 0.22139695487077415 0.3825187700983887 0.6056268263754006 -0.04938738791839095 0.06956552725166906 0.15866458556626906 0.2732944934625958 0.3037571030179054 0.8726297194149601 -0.8534660042280001 -0.45927879969208424 0.08011061266679942 -0.2316051917404001 -0.062464415334644995 0.21973695282671274
16 18 0.09825786748992305 0.15519923433631136 0.23970807671808855 0.10899115757600315 0.15747640419656317 0.20475737363271954 0.20095167750213971 0.17975145966295641 0.30258773241906545 -0.26337018412680013 -0.15925670127319236 -0.02460914245319995 -0.13718287920458205 -0.09460603140155603 -0.06754424205240007
16 19 1.165245513152898 1.383392471031126 1.641519686084918 -0.2762080504033979 -0.1881954595481679 0.10139829659063021 0.28383389327524666 0.57904788593604 0.9081471696931599 0.0972148393364003 0.47675965004237897 0.6764896180752 -0.3607595563884 -0.30476204522949474 -0.08316493885780027
16 20 0.051371730315114245 0.32466585656840924 0.5393090659730876 0.187454906649495 0.196334269219045 0.214023181188065 0.2214763133515462 0.03644247478175999 0.6933320453564764 -0.6088581095601999 -0.36491160281919816 -0.05576326960139988 -0.055152404363199986 -0.006466904175831561 0.03289945640020012
16 21 0.33671493098471006 0.36461227374874783 0.42380249733638004 0.09245106010587978 0.10701146939068978 0.1250930804414098 0.18544602554386846 0.05466371217264 0.27989845214254183 -0.2531600080026 -0.14731497481186412 0.002792526803200579 -0.041189770347200005 -0.028770374827705263 0.0019198621772000685
16 22 0.1190627739501222 0.34986511423400873 0.6169266697286842 0.11586877293772985 0.2753220534009735 0.33858151213971344 0.2704021014919712 0.19987510593956354 1.0570412081812801 -0.9189158511814907 -0.5563374779901475 -0.1054178868208 -0.24425882881739983 -0.10519742417871766 0.016842427281800396
16 23 0.3547724467964485 0.4634034847701535 0.6206602683692586 0.08923718173236796 0.14422814313975796 0.16133673313248797 0.22032851494657005 0.07014478263787999 0.6357710866262319 -0.5126032013132726 -0.33461636138222733 -0.11397000015560044 -0.097738438112 -0.029192928225557892 0.053494341574672755
16 24 0.10903304547805115 0.23224369135792008 0.41683931236024757 0.16383846868977692 0.262580471122026 0.293036466569426 0.2378768561252239 0.13212142437674906 0.65882688604496 -0.590881218267218 -0.3467509926552421 -0.02181661564999965 -0.17959438003080003 -0.05606181276311004 0.04258603374879988
16 25 -0.1434030387359186 0.19690736747130996 0.6292280411855705 0.05918149694144201 0.096226110315142 0.148716887569042 0.30210522121935945 0.11889182864623998 1.5030600985298799 -1.2393583018452001 -0.7910842623841474 -0.13936454077219995 -0.11301006906699995 -0.02870607322368421 0.10349802464360007
16 26 0.12073858092031342 0.3645645680830568 0.6845497424862145 0.089534954295287 0.09425606992194702 0.09834886701788699 0.26764519679613874 0.02703515011348001 1.21499350548728 -0.9734573903029999 -0.6394702660459369 -0.11388273369299984 -0.022951079663800084 0.001322775854147374 0.03979350694559999
16 27 3.0616246246290575 -2.676529239361852 -2.2867710618460024 -0.3293726217103365 -0.2216334469843765 -0.2057727674068265 0.2946804590407758 0.3488913174746255 1.10148593626836 -0.3230604445452001 -0.37050129219501104 0.16371188383760282 -0.3022037599838001 -0.1836270091971713 -0.04843288674299992
16 28 0.280996749056817 0.3027444242013281 0.363009770608297 0.11452516030178216 0.13076544899164216 0.14594108683778215 0.18177046318758172 0.02958333082140001 0.16224580726626908 -0.18177604159580002 -0.08539253014014163 0.021642082724799838 -0.048345620280400015 -0.015570174116526322 -0.005323254218599915
16 29 0.38060816786324747 0.4616525316798151 0.5776689303834375 0.12991639479195105 0.1843488508386138 0.21422016098650654 0.20711628557828698 0.09822713030238545 0.4770857510347236 -0.36573374475660014 -0.2510977637024861 -0.042062434973199614 -0.09616764178520004 -0.050642106138202865 0.00445058959259996
16 30 0.08656740975316711 0.0875072695553691 0.0889017876277171 0.13355380639716521 0.1360278106118752 0.13710991474811518 0.15575161656309883 0.00825540736196001 0.0048345620280400015 -0.007853981634000015 -0.0009553381168842114 0.006108652382000035 -0.00890117918519992 -0.0019198621771999917 0.005759586531599997
16 31 0.004225878451404999 0.130910602207825 0.274612286171245 0.10107579853009084 0.13705576106007084 0.16600641002762084 0.209935665409403 0.07813839061203999 0.54656730855632 -0.3586651612859999 -0.2876670045033263 -0.05829399701679977 -0.07696902001320005 -0.035623088627663155 0.004014257279599948
16 32 2.399496480889237 2.992584195068883 -2.776338502440583 0.026337200344579495 0.0477305736509695 0.2288346634842259 0.33844703370271706 0.2989225409895164 1.77712034301008 0.5196717847829979 -2.369936661573643 1.3023646878424011 0.009599310885999995 0.15657440579098758 0.12924163111016368
16 33 0.5126616213605861 0.5965622164981041 0.711192823775586 -0.12090782937634616 0.04276478455308384 0.11088934858177385 0.2435880078212529 0.46938884903235634 0.3870442149235201 -0.29234264970999985 0.011794751366147289 0.11833332328560014 -0.3401646712148 -0.2470467626486086 -0.02242748088819982
16 34 0.21886981507721553 0.3282443633123519 0.4869829314464565 0.2966222939994159 0.40210126734403595 0.4227790556571059 0.23076031047943418 0.10967649019567999 0.69687506373856 -0.5500405137678 -0.36677634933608433 0.014049900478599886 -0.06361725123539996 -0.05115651897046319 0.04511676116420005
16 35 0.39901824018214455 0.5757956588002426 0.7942655025900645 0.12639417491736887 0.1602535624061689 0.22072922098831796 0.24218336434991533 0.10709340290306905 0.8221722507394655 -0.6729989595703273 -0.4327222372312976 -0.10437068926960058 -0.11990411961240004 -0.03913211901871003 0.08080874436759991
16 36 0.31142502307493364 0.40014272694786684 0.5383352791274536 0.36517901563047217 0.4265273388382722 0.4289009866209922 0.22001168128805917 0.09203121145796 0.6506412918536036 -0.5370378108403999 -0.3424427851861072 -0.013264502315200044 -0.062482787221599945 -0.04542449026915792 -0.003926990817000042
16 37 0.29267431074963596 0.38981671892200814 0.5226083497312459 0.216470569131682 0.246664765191282 0.262595257938912 0.21110942313373082 0.055239670825799975 0.5808281217734291 -0.4679227724611997 -0.3056990114596995 -0.001745329251999772 -0.05445427266240005 -0.025371575758021042 -0.006894050545399877
16 38 2.595816318556656 3.113839175068893 -2.8222354583657245 -0.17707470636674755 -0.12466246892971117 0.008340346718896484 0.352724043518489 0.2568601060163164 1.999946528619902 0.0805469449798002 -2.2526597217789988 1.6376424371865073 0.031154127148200067 0.1351895294822718 0.16982053621960003
16 39 1.613194398285409 1.8618182955665987 2.2280040806019104 -0.4480717369177531 -0.3407688945047931 -0.019475595827941204 0.3565994461698638 0.76958548037688 1.5590677142335416 0.473158760252107 0.8205619548597586 1.0161306905144007 -0.5288347633560002 -0.40260152871924215 -0.1345648853292003
16 40 2.803053805068685 2.8777870583100724 2.944037138722115 -0.49244969051427745 -0.4699349431634775 -0.4643367995876875 0.18760571335696263 0.05794493116639993 0.31501447669348037 -0.1996656664287988 -0.06499054977842136 0.21964968636419835 -0.05785766470379983 -0.030497332192842067 0.010384709049399699
16 41 0.4261748361221611 0.48375150281649376 0.6571560726549711 0.02517307772704905 0.04771400501662905 0.06759766852003905 0.24064249692548373 0.08696975662714256 0.8018566182463601 -0.8117526351086908 -0.42202979907703164 0.021293016874400772 -0.07199483164500001 0.03665191429199081 0.10279989294280001
16 42 0.11076053358662505 0.43143249505033215 0.6658625021850505 0.14419498188396995 0.17464225068519723 0.20011969444135447 0.2445639575773895 0.04541346713721453 0.9408197332905999 -0.7040658202568001 -0.4951682806792631 -0.0706858347060002 -0.08665559736179995 -0.008129559936947374 0.03717551306760006
16 43 0.741464299136343 0.772121880112349 0.825593532405873 0.13261040745522684 0.20677817401949045 0.21856350979362044 0.20615718170487332 0.3228859116205236 0.15817919010876003 -0.1074250154605999 -0.03618343117698947 0.1940806128224004 -0.2521128104514 -0.1699399534844861 -0.02364921136460016
16 44 0.32068185166351443 0.3494457504009957 0.45728877221755443 0.24361523865572504 0.292689533898835 0.322277228043365 0.2097629672280815 0.07819075048960003 0.5037194754202435 -0.4274311338148001 -0.2651155133790755 0.02225294796299987 -0.08648106443659986 -0.04017013062629476 0.013002702927399773
16 45 0.280996749056817 0.3027444242013281 0.363009770608297 0.11452516030178216 0.13076544899164216 0.14594108683778215 0.18177046318758172 0.02958333082140001 0.16224580726626908 -0.18177604159580002 -0.08539253014014163 0.021642082724799838 -0.048345620280400015 -0.015570174116526322 -0.005323254218599915
16 46 0.22647731743451208 0.26880678778337275 0.33269805571123207 0.10945876037149299 0.12190295793825301 0.125166723639493 0.17838334138581424 0.02820452071231999 0.24057618409498183 -0.17531832336339967 0.028513168411621045 0.23797564351019984 -0.025830872929600082 -0.009314546639621049 0.007330382858399959
16 47 0.26845500697722346 0.385261167167306 0.5224135031126135 0.1841470229029733 0.21914960105174602 0.23564296248314603 0.20685141228981713 0.07862708280225095 0.3265860096342401 -0.2542944720164003 -0.08217744993899712 0.27331856086319994 -0.09529497715920002 -0.0410979109127005 0.010210176124200027
16 48 0.25022257038972806 0.5085993675265909 0.7940278954047582 -0.18697256551835148 -0.050178022069546954 0.2589634216907786 0.32769344928251565 0.66097364102492 1.19061125583684 -0.8712683625984001 -0.6266375030720212 -0.1810779098950005 -0.5618214862187999 -0.1884588154421818 0.23623031425820007
16 49 -2.3080061434758132 -1.9050890316707647 -1.3908530748440784 -0.10589678577502096 -0.07354710808920095 -0.03305983276593095 0.29281770966530835 0.24546310600145455 1.3237973310552147 0.16144295581000057 0.6967354373974814 0.7547676350274002 0.03289945640020005 0.12919110842181816 0.1912880860192
