24 0 -2.79 -2.6194999999999995 -2.4525 0.09 0.1 0.1125 0.2082560671832529 0.06 0.28000000000000025 -0.5000000000000004 -0.13157894736842105 0.10000000000000231 0.0 2.921639538487254e-18 0.050000000000000044
24 1 -1.2525 -1.1269999999999998 -1.0075 -0.11750000000000001 0.035 0.052500000000000005 0.20641258468903406 0.18 0.3600000000000001 -0.3500000000000003 -0.18947368421052638 0.0 -0.24999999999999994 -0.08421052631578947 0.05000000000000001
24 2 -0.9375 -0.8005000000000001 -0.6675000000000001 -0.21 -0.2 -0.17250000000000001 0.21971332711266164 0.17 0.5700000000000001 -0.30000000000000027 -0.3 -0.24999999999999967 -0.15 -0.08947368421052633 0.0
24 3 -0.16749999999999998 -0.003499999999999995 0.14750000000000002 0.3 0.35 0.46 0.24927923242322195 0.33999999999999997 0.63 -0.40000000000000024 -0.33157894736842103 -0.2999999999999998 -0.09999999999999981 0.1789473684210526 0.44999999999999984
24 4 -1.12 -1.0855000000000001 -1.12 -0.0225 -0.02 -0.0075 0.20579896953223256 0.15 0.3800000000000001 0.0 0.20000000000000004 0.0 -0.04999999999999999 0.07894736842105263 0.1
24 5 -0.8524999999999999 -0.8240000000000001 -0.84 0.07 0.07 0.1375 0.2159044504848066 0.43 0.24 0.0 0.12631578947368421 0.10000000000000009 0.0 0.2263157894736842 0.4499999999999999
24 6 1.4349999999999998 1.3475 1.47 0.12 0.12 0.14 0.2406953142115299 0.04999999999999999 0.9099999999999999 -0.3500000000000003 -0.4789473684210526 0.0 0.0 0.026315789473684206 0.050000000000000044
24 7 -0.7725 -0.747 -0.725 0.0675 0.07 0.095 0.18474334861454828 0.19000000000000003 0.10999999999999999 -0.10000000000000009 -0.04736842105263156 0.0 0.0 0.10000000000000003 0.20000000000000004
24 8 -1.3375 -1.121 -0.9850000000000001 -0.195 -0.07 -0.065 0.2687220090064506 0.23 1.07 -0.7500000000000007 -0.5631578947368421 -0.2499999999999991 -0.20000000000000004 -0.1105263157894737 0.0
24 9 -0.8875 -0.8785000000000002 -0.645 0.0975 0.19 0.5775 0.3043404925149092 0.5700000000000001 1.0699999999999998 0.0 0.43684210526315803 0.5999999999999994 0.09999999999999995 0.3 0.35000000000000003
24 10 -1.3725 -1.1625 -0.9374999999999999 -0.03 -0.005 0.0325 0.21379199156152376 0.09 0.57 -0.5500000000000005 -0.24210526315789477 -0.049999999999998934 -0.1 -0.021052631578947368 0.04999999999999999
24 11 1.52 1.623 1.7175 -0.0275 0.03 0.0325 0.20027825875289063 0.15000000000000002 0.3699999999999999 -0.30000000000000027 -0.1947368421052631 0.0 0.0 0.06842105263157895 0.10000000000000006
24 12 -0.085 0.09099999999999998 0.305 0.1175 0.225 0.305 0.25586448943162005 0.33 0.77 -0.55 -0.40526315789473677 -0.30000000000000016 -0.15000000000000013 0.05789473684210527 0.34999999999999987
24 13 -1.3425000000000002 -1.2405000000000002 -1.145 -0.3875 -0.06 -0.02 0.23776842062558315 0.47 0.33999999999999986 -0.39999999999999925 -0.04210526315789478 0.39999999999999925 -0.35000000000000003 -0.24736842105263163 0.0
24 14 0.9325 0.9870000000000003 1.05 0.255 0.27 0.29 0.2058571869041341 0.09000000000000002 0.47 0.15000000000000013 0.2473684210526316 0.2999999999999997 -0.10000000000000009 -0.047368421052631594 0.0
24 15 -1.2225000000000001 -1.177 -1.1875 -0.375 -0.08 -0.05 0.23752033753904842 0.62 0.31999999999999995 0.0 0.16842105263157892 0.30000000000000027 -0.6 -0.3263157894736842 0.0
24 16 -0.86 -0.35700000000000004 0.14750000000000002 -1.1724999999999999 -0.9299999999999999 -0.47 0.40673876425007094 1.13 1.82 0.049999999999999906 0.8947368421052634 1.5499999999999996 -0.8500000000000002 -0.5947368421052631 -0.2500000000000002
24 17 0.75 0.9225000000000001 1.1724999999999999 0.27749999999999997 0.59 0.63 0.23520016227838866 0.4 0.49 -0.34999999999999976 -0.25789473684210523 0.0 0.0 0.19999999999999998 0.34999999999999964
24 18 1.5574999999999999 1.6035 1.645 0.17500000000000002 0.22999999999999998 0.3125 0.20415549515193307 0.29 0.18999999999999995 -0.20000000000000018 -0.036842105263157926 0.19999999999999907 -0.20000000000000018 -0.07894736842105261 -0.09999999999999995
24 19 1.69 1.6924999999999997 1.71 0.5925 0.8200000000000001 1.005 0.2538792161953832 0.6599999999999999 0.07000000000000006 -0.10000000000000009 0.010526315789473694 0.10000000000000009 -1.0 -0.34736842105263155 0.3500000000000003
24 20 -0.2275 -0.06200000000000001 0.14500000000000002 0.9349999999999999 1.03 1.0625 0.26579795529230393 0.2500000000000001 1.0 -0.7000000000000001 -0.5263157894736841 -0.3 0.050000000000000044 0.08421052631578947 0.20000000000000018
24 21 -1.57 -1.554 -1.5274999999999999 0.017499999999999998 0.02 0.0225 0.17968675402653253 0.14 0.08000000000000007 -0.15000000000000013 0.005263157894736847 0.10000000000000009 0.0 0.0736842105263158 0.14999999999999994
24 22 -0.2525 -0.196 -0.16 0.23 0.24 0.39749999999999996 0.2423915290681163 0.77 0.18999999999999997 -0.1499999999999998 -0.005263157894736852 0.15 0.0 0.4052631578947368 0.7499999999999998
24 23 -0.48 -0.34099999999999997 -0.17750000000000002 -0.19 -0.125 0.11000000000000001 0.2237986855450525 0.39 0.35 0.0 0.18421052631578946 0.35000000000000003 0.0 0.20526315789473681 0.35000000000000003
24 24 -1.27 -1.073 -0.84 0.009999999999999998 0.05 0.07 0.2546046005923162 0.28 0.8200000000000001 -0.7000000000000006 -0.431578947368421 -0.2999999999999997 -0.3999999999999999 -0.14736842105263154 0.049999999999999975
24 25 1.1375 1.3089999999999997 1.48 -0.23 -0.20500000000000002 -0.14 0.2275162805793339 0.09999999999999998 0.3900000000000001 -0.15000000000000013 -0.15789473684210523 0.30000000000000027 -0.049999999999999906 0.021052631578947375 0.049999999999999906
24 26 -1.96 -1.5065 -1.0325 0.425 0.485 0.5425 0.36376866404316593 0.33999999999999997 1.9299999999999997 0.30000000000000027 0.9789473684210526 1.6999999999999993 -0.19999999999999934 0.16842105263157897 0.40000000000000036
24 27 -0.6 -0.4 -0.1425 0.375 0.575 0.6925 0.26727631141222785 0.38 0.65 0.15000000000000013 0.3315789473684211 0.4999999999999999 -0.5 -0.19999999999999996 -0.049999999999999906
24 28 0.745 1.1205 1.5425 0.37750000000000006 0.5549999999999999 0.6375000000000001 0.3426661852407806 0.44999999999999996 1.7000000000000002 0.7000000000000004 0.8947368421052632 1.1499999999999995 -0.34999999999999976 -0.23684210526315785 -0.10000000000000009
24 29 -0.95 -0.7435000000000002 -0.485 -0.2 -0.04 0.005 0.26003382693009863 0.30000000000000004 0.8799999999999999 -0.7500000000000004 -0.46315789473684205 -0.10000000000000009 -0.09999999999999999 -0.05263157894736842 0.050000000000000044
24 30 -1.225 -0.7924999999999999 -0.43999999999999995 -0.1775 -0.095 -0.085 0.31730937563390005 0.19 1.57 -1.25 -0.5894736842105263 -0.15000000000000013 -0.15 0.03157894736842106 0.0
24 31 0.16 0.17300000000000004 0.1925 -0.28 -0.26 -0.18250000000000002 0.18830880765953997 0.2 0.18 -0.050000000000000044 0.05263157894736842 0.0 -0.1999999999999999 -0.10526315789473684 0.0
24 32 -0.2 -0.092 0.02 0.0425 0.14 0.16 0.20360537141466184 0.19 0.37 0.0 0.18421052631578946 0.2999999999999999 0.0 0.08421052631578947 0.2
24 33 1.1425 1.138 1.1649999999999998 0.2425 0.3 0.355 0.20029347235181955 0.31000000000000005 0.20999999999999996 0.0 0.10526315789473682 0.2499999999999991 -0.24999999999999994 -0.1631578947368421 -0.050000000000000044
24 34 0.0049999999999999975 0.2875 0.525 0.2875 0.42500000000000004 0.56 0.35217833583512514 0.49999999999999994 1.76 -1.1500000000000006 -0.9263157894736841 -0.5499999999999999 0.19999999999999962 0.2631578947368421 0.34999999999999976
24 35 -1.505 -1.411 -1.32 -0.3 -0.015 0.175 0.2364933181873503 0.53 0.21999999999999997 -0.20000000000000018 -0.11578947368421051 -0.050000000000000044 -0.65 -0.27894736842105256 0.0
24 36 -0.82 -0.5795 -0.32999999999999996 0.1675 0.33999999999999997 0.52 0.2738485861495395 0.39 0.42999999999999994 -1.0499999999999998 -0.15789473684210523 0.5999999999999996 -0.2500000000000001 0.09999999999999999 0.5000000000000002
24 37 -0.6425000000000001 -0.3145 0.0875 0.41 0.42 0.4525 0.28239497748387354 0.08999999999999997 0.8699999999999999 -1.0999999999999999 -0.45789473684210513 0.15 -0.10000000000000009 0.04736842105263156 0.1999999999999999
24 38 -0.7525 -0.6005 -0.52 0.1575 0.17 0.425 0.3643043855734513 0.49000000000000005 1.85 0.20000000000000018 0.9736842105263158 1.5000000000000002 0.0 0.17894736842105258 0.3
24 39 -0.68 -0.265 0.2525 -0.0225 -0.02 0.0875 0.2871807700109537 0.38 1.1300000000000001 0.0 0.5578947368421051 1.1 0.0 0.19999999999999998 0.3
24 40 -1.15 -1.1225 -1.1 -0.10750000000000001 -0.009999999999999998 0.042499999999999996 0.20188846606353203 0.39 0.06999999999999984 -0.15000000000000013 -0.01578947368421054 0.09999999999999898 -0.4 -0.20526315789473681 0.0
24 41 -0.8475 -0.8310000000000001 -0.8 0.1675 0.19 0.275 0.21739538317984503 0.37 0.27 -0.2999999999999997 -0.05263157894736847 0.14999999999999958 0.049999999999999906 0.19473684210526318 0.3999999999999999
24 42 -0.8574999999999999 -0.766 -0.65 0.1375 0.16999999999999998 0.24000000000000002 0.22567523226094352 0.45999999999999996 0.35 -0.30000000000000027 -0.17368421052631577 -0.09999999999999953 0.0 0.2421052631578947 0.30000000000000016
24 43 -0.8775 -0.51 -0.17750000000000002 0.29 0.365 0.4025 0.2740828755730454 0.23 1.11 0.34999999999999976 0.5842105263157895 0.7000000000000004 -0.15000000000000013 -0.11578947368421054 0.0
24 44 -1.2225000000000001 -1.1410000000000002 -1.0675 0.0375 0.13 0.17 0.19231038987382856 0.19999999999999998 0.17999999999999994 -0.20000000000000018 0.010526315789473694 0.15000000000000013 -0.24999999999999994 -0.07894736842105263 0.10000000000000005
24 45 -0.4775 -0.4715 -0.45 0.27249999999999996 0.375 0.42 0.1915497099273804 0.29000000000000004 0.13000000000000006 0.0 0.06842105263157898 0.10000000000000009 0.0 0.15263157894736845 0.24999999999999994
24 46 0.02 0.205 0.385 0.46499999999999997 0.55 0.6224999999999999 0.24972042679216214 0.39 0.44 -0.3500000000000001 0.010526315789473682 0.4999999999999999 -0.44999999999999984 -0.20526315789473684 0.20000000000000018
24 47 -1.0425 -0.4845 0.0425 0.049999999999999996 0.28500000000000003 0.37 0.33358731794393276 0.38 1.4 0.4000000000000001 0.736842105263158 1.25 -0.10000000000000009 0.15789473684210525 0.40000000000000024
24 48 -1.6624999999999999 -1.4209999999999998 -1.1775 -0.21000000000000002 -0.02 0.042499999999999996 0.2645317781654429 0.29 0.5900000000000001 -0.9499999999999997 -0.23684210526315785 0.15000000000000013 -0.3499999999999999 -0.15263157894736842 0.0
24 49 -1.43 -1.3239999999999998 -1.3025 -0.17 -0.15000000000000002 -0.0775 0.22217306178749652 0.1 0.61 -0.6000000000000005 -0.32105263157894737 0.0 -0.15 -0.05263157894736842 0.0
24 50 0.035 0.2465 0.4375 0.28 0.295 0.3 0.22025330845064714 0.04999999999999999 0.6799999999999999 0.20000000000000012 0.3578947368421053 0.4999999999999999 -0.050000000000000044 -0.026315789473684206 0.0
24 51 -0.23000000000000004 0.09350000000000001 0.32499999999999996 0.2625 0.3 0.49 0.3356237088725707 0.38 1.6400000000000001 0.40000000000000013 0.8631578947368422 1.2500000000000004 0.0 0.1631578947368421 0.30000000000000016
24 52 -2.9425 -2.842 -2.7474999999999996 -0.08249999999999999 0.065 0.18 0.2359527283054079 0.32 0.5 -0.4999999999999982 -0.2631578947368421 -0.049999999999998934 -0.2500000000000001 0.03157894736842106 0.35
24 53 -1.4849999999999999 -1.2165000000000001 -1.0675000000000001 -0.2575 -0.095 0.1875 0.3155117367844538 0.63 1.2 -0.9000000000000002 -0.631578947368421 -0.20000000000000018 -0.44999999999999984 -0.24736842105263163 -0.14999999999999986
24 54 -0.8825000000000001 -0.44699999999999995 -0.31250000000000006 0.07 0.08 0.1525 0.3453561523794068 0.16 1.85 0.10000000000000009 0.9736842105263158 1.3 -0.15 0.026315789473684202 0.09999999999999995
24 55 -2.28 -1.847 -1.4075 -0.17 -0.14 0.12 0.29967782871516074 0.38 1.1900000000000002 -0.049999999999998934 0.6263157894736844 1.0000000000000009 0.0 0.19999999999999998 0.4
24 56 -1.665 -1.0585000000000002 -0.5625 -0.15500000000000003 0.07 0.4425 0.41058050225161247 1.1400000000000001 1.8399999999999999 0.3499999999999992 0.9684210526315791 1.5 0.20000000000000012 0.6000000000000001 0.7999999999999998
24 57 -0.8725 -0.5609999999999999 -0.305 -0.05750000000000001 0.255 0.4575 0.28252743721854856 0.71 0.75 0.10000000000000009 0.34736842105263155 0.7000000000000001 0.2499999999999994 0.3578947368421053 0.6000000000000001
24 58 -2.41 -2.2954999999999997 -2.1925 -0.1925 0.095 0.26 0.2683670250314414 0.84 0.45999999999999996 -0.4999999999999982 -0.23157894736842102 0.0 -0.7499999999999998 -0.4263157894736841 -0.1999999999999999
24 59 0.22499999999999998 0.24150000000000005 0.32 0.305 0.385 0.535 0.22191443060570426 0.38 0.33 -0.4500000000000001 -0.1736842105263158 0.0 -0.2500000000000002 -0.19999999999999998 -0.10000000000000009
24 60 -0.4825 -0.3400000000000001 -0.22000000000000003 0.07 0.1 0.14500000000000002 0.22458715566554416 0.12 0.65 -0.44999999999999973 -0.34210526315789475 -0.20000000000000018 -0.10000000000000009 0.005263157894736837 0.15
24 61 1.0475 1.2635 1.545 0.0275 0.065 0.1225 0.2743033713335227 0.16999999999999998 1.1 0.40000000000000036 0.5789473684210527 0.6500000000000006 -0.19999999999999993 -0.08947368421052633 -0.09999999999999996
24 62 -0.2925 -0.253 -0.225 0.20500000000000002 0.23 0.245 0.18271973710901052 0.18 0.14 0.0 0.06315789473684212 0.10000000000000009 0.0 0.09473684210526315 0.19999999999999976
24 63 0.28 0.38450000000000006 0.40249999999999997 0.27749999999999997 0.33 0.35 0.2237429023489797 0.27 0.52 -0.35000000000000003 -0.2631578947368421 -0.050000000000000044 -0.050000000000000044 0.11578947368421054 0.2499999999999998
24 64 0.0275 0.0795 0.1725 -0.05 -0.03 -0.02 0.19514052497058712 0.11 0.25 -0.39999999999999986 -0.13157894736842105 0.09999999999999995 -0.10000000000000002 -0.057894736842105256 0.0
24 65 -0.9924999999999999 -0.7115000000000001 -0.38 0.1475 0.495 0.675 0.2912381354213152 0.6599999999999999 0.82 -0.050000000000000044 0.431578947368421 0.7 0.10000000000000006 0.34736842105263155 0.6499999999999997
24 66 -1.03 -0.998 -0.945 -0.03 -0.02 0.025 0.1996441559495315 0.13 0.19999999999999996 -0.10000000000000009 -0.10526315789473682 0.10000000000000009 -0.049999999999999975 0.021052631578947364 0.05000000000000001
24 67 1.8125 1.9599999999999997 2.1875 -0.16 -0.05 0.0075 0.27977783277212054 0.27 1.08 0.3500000000000014 0.5684210526315789 0.7500000000000018 -0.3 0.005263157894736847 0.1500000000000001
24 68 0.62 1.0769999999999997 1.5175 0.13 0.21500000000000002 0.3225 0.33630750943243126 0.21999999999999997 1.6 0.6500000000000006 0.8421052631578949 1.0500000000000007 -0.3 -0.0736842105263158 0.2499999999999998
24 69 -1.9425000000000001 -1.925 -1.9074999999999998 0.17250000000000001 0.22999999999999998 0.315 0.19193248407643318 0.29000000000000004 0.11999999999999988 0.0 0.0 0.10000000000000009 0.09999999999999981 0.15263157894736842 0.24999999999999994
24 70 -1.26 -0.9285 -0.6074999999999999 0.1275 0.14 0.3025 0.3038240415432676 0.7000000000000001 1.02 0.10000000000000009 0.5315789473684212 1.0000000000000004 0.0 0.3684210526315789 0.7
24 71 3.045 -3.0997499999999993 -2.7825 0.12 0.185 0.265 0.33508129335875697 0.34 1.5900000000000007 -1.6749999999999998 -0.6842105263157895 0.30000000000000027 0.09999999999999974 0.17894736842105266 0.20000000000000012
24 72 -0.4425 0.000499999999999956 0.2875 -0.2425 -0.23 -0.08750000000000001 0.3853748143940931 0.33 2.08 -0.14999999999999986 1.0947368421052632 2.3 -0.10000000000000009 0.04736842105263154 0.10000000000000009
24 73 0.17750000000000002 0.1975 0.2125 0.23 0.24 0.26 0.16687548379244593 0.040000000000000036 0.04999999999999999 -0.09999999999999981 -0.010526315789473679 0.049999999999999906 -0.09999999999999995 0.00526315789473685 0.10000000000000009
24 74 0.7575 1.2894999999999999 1.85 0.05 0.135 0.215 0.3276024909732647 0.24000000000000002 1.58 -1.6999999999999993 -0.05789473684210534 1.2500000000000002 -0.20000000000000012 -0.010526315789473703 0.3
24 75 -1.2625000000000002 -1.1355000000000002 -1.23 -0.21 -0.20500000000000002 0.0925 0.29974334861454827 0.47 1.11 0.0 0.5842105263157894 0.6500000000000006 0.0 0.20526315789473687 0.35000000000000003
24 76 -1.3800000000000001 -1.215 -1.065 -0.0675 0.035 0.07250000000000001 0.22948147186498438 0.2 0.49 -0.39999999999999925 -0.036842105263157975 -0.09999999999999898 -0.19999999999999993 0.07894736842105264 0.0
24 77 -1.54 -1.4140000000000001 -1.2950000000000002 -0.31 -0.24 -0.17 0.2195409063248001 0.26 0.48 -0.3500000000000003 -0.2526315789473685 -0.15000000000000013 -0.20000000000000004 -0.1368421052631579 0.0
24 78 0.9525 1.155 1.3849999999999998 -0.005 0.065 0.09 0.24594968558562227 0.24 0.8 -0.5499999999999994 -0.42105263157894735 -0.2999999999999997 0.09999999999999995 0.1263157894736842 0.19999999999999998
24 79 -0.65 -0.5780000000000001 -0.4975 0.02 0.02 0.02 0.18368590206499247 0.07 0.26000000000000006 -0.050000000000000044 -0.03684210526315789 0.15000000000000013 -0.09999999999999999 -0.03684210526315789 0.0
24 80 -1.4024999999999999 -1.2075 -1.08 0.04 0.09 0.1 0.24572391577751634 0.38 0.6000000000000001 -0.4500000000000004 -0.27368421052631586 0.0 -0.4500000000000002 -0.2 0.0
24 81 0.015 0.17549999999999996 0.365 -0.6099999999999999 -0.08499999999999999 0.28750000000000003 0.3079745141790743 0.75 0.44999999999999996 -0.2999999999999998 -0.23684210526315788 -0.05000000000000001 -1.2499999999999996 -0.39473684210526316 0.3
24 82 -0.41 -0.0985 0.2825 0.5924999999999999 0.745 0.895 0.289612714511745 0.6400000000000001 0.8999999999999999 -0.7999999999999998 -0.4578947368421053 0.0 0.3 0.3368421052631579 0.40000000000000036
24 83 -2.0374999999999996 -1.5730000000000002 -1.0825 0.1 0.155 0.2975 0.4200585743843563 0.77 2.21 -2.200000000000001 -0.6947368421052633 0.0 -0.55 -0.4052631578947368 -0.1999999999999999
24 84 -1.63 -1.5255 -1.4449999999999998 -0.025 0.03 0.165 0.237081577345937 0.61 0.2799999999999998 -0.10000000000000009 0.10526315789473682 0.30000000000000027 0.10000000000000002 0.32105263157894737 0.39999999999999997
