26 0 2.25 2.3675 2.3825000000000003 0.10750000000000001 0.15500000000000003 0.24 0.2231215789687208 0.12000000000000001 0.48999999999999977 0.0 0.2578947368421051 0.4499999999999993 -0.20000000000000004 -0.06315789473684212 0.0
26 1 -0.9824999999999999 -0.5530000000000002 -0.2275 -0.215 -0.10500000000000001 -0.0975 0.254444959227555 0.13999999999999999 0.9899999999999999 -0.5 -0.4315789473684211 0.10000000000000009 -0.049999999999999906 -0.05263157894736842 0.0
26 2 -0.05 -0.0675 -0.03 -0.1 -0.1 -0.1 0.18009001582214287 0.010000000000000009 0.28 -0.20000000000000004 -0.14736842105263157 0.0 0.0 0.005263157894736847 0.0
26 3 -0.48250000000000004 -0.3115 -0.125 0.2775 0.3 0.31 0.2367519493691428 0.06 0.78 -0.9999999999999999 -0.36315789473684207 0.15 -0.10000000000000009 -0.031578947368421054 0.0
26 4 -0.0525 -0.06399999999999999 0.0325 -0.052500000000000005 -0.03 -0.03 0.21800920118463213 0.06 0.6599999999999999 -0.6499999999999999 -0.34736842105263155 0.0 -0.049999999999999975 -0.03157894736842106 0.0
26 5 -0.7149999999999999 -0.26549999999999996 0.07250000000000001 -0.1525 -0.025 0.02 0.26480907136192144 0.24 0.9 -0.8999999999999997 -0.39473684210526305 0.25 -0.15 -0.08421052631578946 0.0
26 6 -2.14 -2.108 -2.0775 -0.17 -0.15000000000000002 -0.13 0.17234791675118666 0.07 0.13000000000000034 -0.10000000000000009 0.02105263157894739 0.10000000000000231 0.0 0.026315789473684206 0.09999999999999995
26 7 -0.72 -0.48999999999999994 -0.20500000000000002 0.20750000000000002 0.245 0.2925 0.23470298186538993 0.16 0.73 -0.5500000000000003 -0.38421052631578945 -0.24999999999999967 0.0 0.08421052631578947 0.10000000000000009
26 8 -0.8599999999999999 -0.34700000000000003 0.0 -0.26 -0.245 -0.2275 0.25522592397257504 0.09000000000000002 1.05 -0.8500000000000002 -0.5210526315789473 0.05 0.0 0.047368421052631594 0.10000000000000009
26 9 -0.8 -0.32500000000000007 0.0 -0.052500000000000005 0.08499999999999999 0.1 0.27757997484684976 0.39 1.02 -0.6000000000000003 -0.4631578947368422 0.0 -0.35 -0.19473684210526318 0.0
26 10 -0.08499999999999999 -0.082 -0.05 0.21000000000000002 0.3 0.31 0.19406786482210225 0.31 0.14 0.0 0.06315789473684211 0.19999999999999996 0.0 0.15789473684210523 0.34999999999999987
26 11 -2.6525 -2.6625 -2.65 0.0 0.0 0.0 0.17893621647937033 0.11 0.16000000000000014 -0.049999999999998934 -0.08421052631578956 0.0 0.0 0.057894736842105256 0.0
26 12 -0.47000000000000003 -0.14599999999999996 0.0125 -0.24000000000000002 -0.14 -0.1375 0.2571304637104954 0.19999999999999998 0.97 -0.9999999999999999 -0.4947368421052632 0.0 -0.1999999999999999 -0.09999999999999999 0.0
26 13 -0.545 -0.309 -0.1325 -0.215 -0.21 -0.19 0.2217420098178425 0.06 0.64 -0.5499999999999997 -0.3263157894736842 0.09999999999999995 0.0 0.021052631578947375 0.049999999999999906
26 14 0.8300000000000001 0.9515 1.1025 0.09 0.1 0.14 0.19970764736906163 0.07 0.29000000000000004 -0.3999999999999998 -0.15263157894736845 0.049999999999998934 -0.049999999999999975 -0.026315789473684223 0.0
26 15 -0.4425 -0.23500000000000001 0.05 -0.10250000000000001 -0.1 -0.0975 0.25754630208122037 0.07 1.1 -0.9000000000000001 -0.5789473684210528 0.0 -0.09999999999999988 -0.036842105263157905 0.0
26 16 -0.495 0.5269999999999999 1.69 0.10750000000000001 0.135 0.19 0.4364355065114202 0.16999999999999998 3.01 0.7999999999999996 1.5842105263157895 2.2 -0.1999999999999999 -0.06315789473684212 0.09999999999999995
26 17 0.14 0.16000000000000003 0.1725 -0.29 -0.28 -0.2775 0.1713208973994889 0.09999999999999998 0.06 -0.09999999999999981 0.015789473684210527 0.10000000000000009 -0.10000000000000009 -0.04210526315789474 0.0
26 18 -0.5475 -0.28700000000000003 -0.0975 -0.005 0.1 0.1 0.23133793663028926 0.13 0.65 -0.4500000000000002 -0.33157894736842103 0.15 -0.04999999999999999 -0.06315789473684212 0.0
26 19 1.85 2.0390000000000006 2.2225 -0.17 -0.165 -0.0775 0.2351644610329019 0.13 0.7100000000000002 0.0 0.3736842105263159 0.8000000000000007 -0.09999999999999992 0.042105263157894736 0.15
26 20 -0.8875 -0.45499999999999996 -0.12 -0.24 -0.14 -0.135 0.2519825875289059 0.12 0.9600000000000001 -0.8499999999999996 -0.48421052631578954 0.0 -0.15 -0.05263157894736841 0.0
26 21 -0.6950000000000001 -0.343 -0.12 -0.052500000000000005 -0.02 -0.02 0.22640548500953392 0.06 0.75 -0.4500000000000001 -0.38421052631578945 0.0 0.0 -0.01578947368421053 0.0
26 22 -0.955 -0.43899999999999995 -0.1675 0.02 0.03 0.0325 0.27720450322528306 0.07 1.32 -1.25 -0.6736842105263158 0.049999999999999906 -0.1 -0.02631578947368421 0.0
26 23 -0.575 -0.17449999999999996 0.14750000000000002 -0.28 -0.275 -0.24 0.29473482899914816 0.10999999999999999 1.45 -1.0499999999999998 -0.7526315789473684 -0.20000000000000018 -0.10000000000000009 -0.026315789473684206 0.0
26 24 -0.255 -0.225 -0.125 -0.02 -0.02 0.0 0.2551498559779302 0.05 1.07 -0.65 -0.5631578947368421 -0.10000000000000009 -0.04999999999999999 -0.02631578947368421 0.0
26 25 -0.795 -0.41500000000000004 -0.1425 -0.18 -0.055 -0.03 0.2554516937806808 0.18000000000000002 0.97 -0.7999999999999998 -0.45789473684210513 0.09999999999999995 -0.20000000000000004 -0.08421052631578947 0.0
26 26 -0.27749999999999997 -0.09950000000000003 0.14500000000000002 -0.12 -0.1 -0.09 0.25907780437340266 0.04000000000000001 1.1199999999999999 0.35000000000000003 0.5894736842105264 0.7999999999999998 -0.09999999999999995 0.005263157894736841 0.049999999999999975
26 27 -0.5625 -0.30100000000000005 -0.1175 -0.195 -0.19 -0.19 0.21490015010750946 0.01999999999999999 0.65 -0.5499999999999998 -0.3105263157894737 -0.10000000000000002 0.0 0.005263157894736847 0.0
26 28 -1.225 -0.639 -0.1875 -0.1225 -0.11499999999999999 -0.08750000000000001 0.28071154205038745 0.06999999999999999 1.3299999999999998 -0.9500000000000006 -0.5736842105263157 0.20000000000000004 -0.09999999999999995 0.01578947368421053 0.10000000000000009
26 29 -0.96 -0.45499999999999996 -0.12 -0.1725 -0.1 -0.065 0.3050654712158708 0.19 0.8 -0.44999999999999996 -0.3789473684210526 0.30000000000000027 -0.1999999999999999 0.09999999999999998 0.3
26 30 1.135 1.2040000000000002 1.27 -0.33 -0.18 -0.0975 0.19764853746602304 0.26 0.22999999999999998 0.0 0.12105263157894736 0.20000000000000018 -0.24999999999999994 -0.1368421052631579 0.0
26 31 -0.94 -0.7575 -0.5225 -0.125 0.05 0.4325 0.34389219846646907 0.73 1.21 -0.7000000000000004 -0.6368421052631579 -0.34999999999999976 -0.6 -0.04736842105263159 0.6
26 32 -0.4375 -0.2515 -0.0675 -0.2625 -0.225 -0.1875 0.23550159438516774 0.18999999999999997 0.7 -0.6999999999999997 -0.3684210526315789 -0.1 -0.10000000000000009 0.05263157894736841 0.15
26 33 1.24 1.2434999999999996 1.24 -0.1 -0.09 -0.09 0.15887982473934037 0.03 0.020000000000000018 0.0 -0.010526315789473694 0.0 0.0 -0.015789473684210527 0.0
26 34 -1.05 -0.5135000000000001 -0.09 -0.28500000000000003 -0.235 -0.21 0.28736576737393005 0.1 1.4 -1.0499999999999994 -0.44210526315789483 0.049999999999999975 -0.10000000000000009 -0.05263157894736842 0.0
26 35 -1.2225000000000001 -0.3965 0.4425 0.03 0.09 0.09 0.45646917927705 0.09 3.13 1.65 1.7473684210526317 1.8000000000000003 -0.09999999999999999 -0.047368421052631574 0.0
26 36 -0.755 -0.39 -0.125 -0.315 -0.275 -0.24 0.263005752768875 0.10999999999999999 1.09 -0.95 -0.5473684210526316 0.050000000000000044 -0.10000000000000009 -0.02105263157894739 0.04999999999999977
26 37 -0.6174999999999999 -0.31050000000000005 -0.05 -0.305 -0.24 -0.24 0.24887353645178298 0.10000000000000003 0.9600000000000001 -0.6500000000000001 -0.33684210526315783 0.049999999999999975 -0.10000000000000009 -0.04210526315789475 0.0
26 38 0.02 0.29799999999999993 0.49 -0.21 -0.20500000000000002 -0.17750000000000002 0.28096003083289367 0.06 1.26 0.04999999999999999 0.6631578947368421 1.35 -0.09999999999999981 0.026315789473684223 0.10000000000000009
26 39 -0.945 0.048 1.2125 -0.09 -0.02 0.0025 0.3628035133271128 0.13 2.23 -2.0 -1.1473684210526314 -0.050000000000000044 0.0 0.042105263157894736 0.09999999999999999
26 40 -0.9549999999999998 -0.418 -0.0675 -0.12 -0.09 -0.08 0.2657600227189745 0.1 1.14 -0.5500000000000003 -0.47368421052631576 0.0 -0.09999999999999995 -0.05263157894736842 0.0
26 41 -0.89 -0.42750000000000005 -0.1275 -0.2325 -0.195 -0.19 0.2356437908231572 0.04999999999999999 0.84 -0.6499999999999997 -0.41578947368421054 0.050000000000000044 0.0 -0.02105263157894737 0.0
26 42 1.12 1.2045 1.3150000000000002 -0.24 -0.195 -0.1625 0.19214811148525296 0.15 0.25 0.0 0.13157894736842105 0.19999999999999907 -0.049999999999999906 0.036842105263157905 0.10000000000000002
26 43 -0.4425 -0.292 -0.19 -0.07250000000000001 -0.025 -0.0075 0.1952088847417745 0.1 0.33 -0.3 -0.15263157894736845 0.0 -0.09999999999999996 0.005263157894736844 0.05
26 44 -0.535 -0.1675 0.16999999999999998 -0.1125 -0.03 -0.02 0.285572996876141 0.09999999999999999 1.27 -1.3000000000000007 -0.6421052631578948 0.050000000000000044 -0.09999999999999999 -0.05263157894736842 0.0
26 45 -2.29 -2.264499999999999 -2.2475 -0.03 0.0 0.0 0.16418490810986247 0.05 0.06000000000000005 0.0 0.03157894736842108 0.09999999999999787 0.0 0.01578947368421053 0.04999999999999999
26 46 0.8 1.0130000000000003 1.255 0.09 0.1 0.11 0.2312565945880158 0.03 0.8300000000000001 -0.6 0.15263157894736848 0.8999999999999997 0.0 0.015789473684210527 0.049999999999999975
26 47 1.1575 1.3399999999999999 1.57 0.01 0.02 0.05 0.24803415148687574 0.08 0.9800000000000001 0.0 0.5157894736842106 1.0499999999999998 -0.1 -0.0368421052631579 0.0
26 48 -1.62 -1.3675000000000002 -1.205 0.004999999999999999 0.08 0.275 0.3132333482088522 0.8 0.45999999999999996 -0.40000000000000036 0.2421052631578947 0.6500000000000006 -0.5500000000000003 -0.42105263157894735 -0.14999999999999997
