35 0 -1.9365746753246753 -1.911857142857143 -1.6775 -0.3256168831168832 -0.24523809523809492 -0.23 0.2945904545359851 0.18 1.2727272727272718 -0.15000000000000013 0.5605832763727491 1.2833333333333385 -0.03095238095237776 0.05263157894736843 0.2788961038961062
35 1 -1.4649999999999999 -1.428301948051948 -1.4020941558441558 -0.3364772727272727 -0.275 -0.2326136363636363 0.19680488112186953 0.21 0.25 -0.2214285714285713 -0.13157894736842105 0.0 0.0 0.11052631578947367 0.20000000000000004
35 2 -0.8973863636363637 -0.8179859307359308 -0.7387499999999998 -0.25 -0.2061904761904763 -0.1410227272727273 0.2046334824442224 0.07238095238095266 0.42999999999999927 -0.4324675324675309 -0.07769423558897227 0.12499999999999789 0.0 0.03809523809523824 0.11190476190476029
35 3 -1.6073863636363637 -1.5457586580086582 -1.4585227272727275 -0.18 -0.17 -0.12761363636363632 0.20509976081827208 0.157619047619048 0.3644372294372302 -0.26904761904761876 -0.191809068124858 -0.08365800865801298 -0.011904761904760058 0.08295739348370945 0.18809523809523992
35 4 1.17 1.174809523809524 1.18 0.11857142857142856 0.12 0.12 0.15711445343875172 0.009999999999999995 0.020000000000000018 0.0 -0.010526315789473694 0.0 0.0 0.005263157894736839 0.0
35 5 -1.27 -1.2531461038961038 -1.2275 -0.2928409090909091 -0.24071428571428577 -0.2 0.18478090686984133 0.14999999999999997 0.06761904761904725 -0.10000000000000009 -0.034335839598997886 0.08127705627705373 -0.1880952380952397 0.030325814536341048 0.1730519480519449
35 6 1.7492045454545455 1.7499599567099573 1.75 -0.13 -0.12 -0.12 0.1605643038301036 0.019523809523808958 0.02318181818181797 0.0 0.012200956937798931 0.019047619047621867 0.0 0.005263157894736847 0.02499999999999801
35 7 -1.44 -1.4425000000000001 -1.42 0.0 0.0 0.0009523809523811034 0.1725272730082744 0.049999999999999996 0.1376190476190482 -0.10000000000000009 -0.07243107769423589 0.0 0.0 0.02631578947368421 0.0
35 8 2.6449999999999996 2.629654761904762 2.6805952380952385 1.37 1.37 1.3761904761904762 0.2157941160042433 0.04205627705627801 0.6358874458874517 -0.23419913419913563 -0.3346776030986588 -0.011904761904764083 0.0 -0.022134882661198955 0.0
35 9 -1.490340909090909 -1.4275086580086582 -1.4285714285714286 -0.19 -0.15000000000000002 -0.0775 0.20526384913026935 0.14318181818181802 0.42841991341991403 -0.5187229437229446 -0.22548416495784948 0.0555194805194803 -0.10000000000000009 -0.04377990430622 0.0
35 10 -1.5239285714285715 -1.5212705627705627 -1.49 -0.3025 -0.27 -0.27 0.1762641166479537 0.06 0.1831818181818179 0.0 0.08713830029619463 0.128571428571429 0.0 0.0 0.050000000000000044
35 11 -0.9949999999999999 -0.9179837662337664 -0.8674999999999999 -0.15392857142857141 -0.05 -0.04952380952380939 0.19102579152801943 0.18 0.14 -0.18409090909091264 -0.06967418546365892 0.08809523809524045 0.0 0.08947368421052632 0.15952380952380663
35 12 -1.27 -1.2569761904761907 -1.25 -0.09 -0.09 -0.08892857142857144 0.16066001866201468 0.020000000000000004 0.050000000000000044 -0.009523809523812599 -0.01578947368421054 0.0 0.0 0.010526315789473686 0.0
35 13 -0.8754383116883114 0.40597943722943863 1.5422727272727275 -0.13897727272727273 -0.111190476190476 -0.08321428571428571 0.44847584900138704 0.07 3.1268181818181824 0.6015151515151507 1.693483709273183 2.5016233766233658 -0.06904761904762038 0.014536340852130526 0.03809523809523992
35 14 -1.25 -1.2251277056277057 -1.2075 -0.03 -0.01119047619047601 0.0 0.16599755142364073 0.03 0.063181818181818 -0.10000000000000009 -0.0035885167464116087 0.08095238095237822 -0.07727272727272672 -0.01578947368421053 0.0
35 15 -1.321904761904762 -1.3155 -1.31 0.0 0.01 0.02 0.16047851801193527 0.03 0.03761904761904811 0.0 0.019799498746867424 0.088095238095236 0.0 -0.015789473684210527 0.0
35 16 -1.3447727272727275 -1.2705476190476195 -1.1406655844155844 -0.36369047619047623 -0.2891450216450214 -0.1675 0.25344657585616887 0.22 0.833982683982684 -0.7015151515151463 -0.4389382547277285 -0.21309523809523445 -0.15238095238095106 -0.06967418546365897 0.11904761904762223
35 17 3.022261904761905 -2.98316341991342 -2.702727272727273 -0.10523809523809537 -0.002142857142857143 0.0325 0.27016297353422675 0.233181818181818 0.7444372294372301 -0.22651515151514978 -2.832752335383914 0.8531385281385262 -0.3357142857142845 -0.012200956937798936 0.24642857142857344
35 18 0.04750000000000001 0.13937770562770554 0.26040584415584417 -0.1525 -0.1425000000000002 -0.13 0.1877764443903517 0.09761904761904798 0.277619047619048 -0.25681818181818195 -0.1461152882205516 -0.056818181818182045 -0.09047619047619533 -0.051378446115288405 0.0
35 19 -1.365 -1.371716167890081 -1.33 -0.02 -0.01 -0.01 0.18345013447885722 0.04097826086956525 0.2678260869565219 -0.19999999999999907 -0.14096109839816942 0.0 -0.009523809523812338 0.021567505720823815 0.07857142857142857
35 20 -1.5225000000000002 -1.5523084415584418 -1.5 0.07857142857142857 0.08 0.1 0.19957476000607807 0.127619047619048 0.3076190476190481 -0.20000000000000018 -0.16190476190476216 0.050000000000000044 -0.011904761904760128 0.06716791979949895 0.049999999999999975
35 21 -1.8276136363636366 -1.5818614718614716 -1.3526136363636363 -0.24079545454545456 -0.24 -0.2275 0.22781808018343774 0.04000000000000001 0.706818181818182 0.23333333333332984 0.3720095693779905 0.6126623376623386 -0.01590909090909129 0.010526315789473679 0.09999999999999981
35 22 -1.3510714285714287 -1.3626634199134202 -1.3210227272727275 -0.1121590909090909 -0.11 -0.0763095238095244 0.18860381988473776 0.06999999999999999 0.2676190476190481 -0.10681818181818237 -0.14085213032581478 0.0 -0.09318181818181795 0.019799498746867362 0.09999999999999995
35 23 -1.3814772727272724 -1.1857142857142853 -1.0203571428571427 -0.22 -0.20500000000000002 -0.1894047619047618 0.20153331064413182 0.05952380952380981 0.4731818181818179 -0.0380952380952404 0.19641148325358831 0.48062770562770973 0.0 0.02105263157894737 0.050000000000000044
35 24 -1.533095238095238 -1.4480313852813855 -1.3510714285714287 0.595340909090909 0.8028246753246754 0.9454058441558442 0.2844065673913852 1.123181818181818 0.3361904761904766 -0.30000000000000027 -0.14611528822055164 -0.019047619047621867 -0.7143939393939364 -0.5911483253588516 -0.21829004329004476
35 25 -1.1485876623376625 -1.028364718614719 -0.9774999999999998 -0.1625 -0.13690476190476136 -0.13 0.20951231920613989 0.09761904761904798 0.5223809523809527 -0.471753246753257 -0.15914786967418526 0.1516233766233721 0.0 0.051378446115288405 0.10000000000000009
35 26 -1.807288961038961 -1.6107218614718612 -1.3650000000000002 -0.23 -0.15217532467532469 -0.0785227272727273 0.26091022741190717 0.21 0.9995454545454536 0.15238095238095384 0.5260765550239228 0.8490259740259731 -0.16818181818182015 -0.10526315789473684 -0.043181818181817974
35 27 -2.68 -2.6667543290043296 -2.6575 -0.1525 -0.125 -0.10750000000000001 0.1771596028173717 0.16761904761904797 0.0808008658008661 -0.049999999999998934 0.04252677147414005 0.10000000000000009 0.0 0.0882205513784463 0.10000000000000009
35 28 -1.5863474025974025 -1.5639686147186147 -1.5274999999999999 -0.14 -0.13 -0.04750000000000001 0.18395175586445814 0.16 0.11318181818181805 -0.10000000000000009 -0.019377990430622032 0.050000000000000044 0.0 0.08421052631578947 0.2
35 29 -1.4723809523809523 -1.4598170995670998 -1.4449999999999998 -0.02 -0.02 0.0 0.17462468254290242 0.02 0.1100000000000001 -0.10000000000000009 -0.0513784461152885 0.1023809523809549 0.0 0.0 0.0
35 30 -1.54 -1.535 -1.53 -0.54 -0.54 -0.54 0.15866910431988937 0.037619047619047996 0.010000000000000009 0.0 0.0 0.0 0.0 0.019799498746867365 0.050000000000000044
35 31 -1.58 -1.5693095238095236 -1.5675 0.32 0.33 0.34 0.16064794437715044 0.02999999999999997 0.040000000000000036 -0.019047619047621867 -0.02105263157894739 0.0 0.0 -0.01578947368421051 0.0
35 32 -1.3725 -1.2933225108225108 -1.2178571428571425 -0.25 -0.24 -0.24 0.18562766311200554 0.01318181818181799 0.33047619047619015 0.0 0.11979949874686739 0.202380952380955 0.0 0.0069377990430621 0.031818181818177305
35 33 1.68 1.687527056277056 1.6989772727272727 0.09 0.10500000000000001 0.12897727272727272 0.16240670993675246 0.06000000000000001 0.030000000000000027 0.0 -0.01578947368421054 0.0 -0.09080086580086286 -0.03157894736842106 0.0
35 34 -2.016477272727273 -1.9155281385281389 -1.7875 0.04511363636363631 0.095 0.11 0.1999604937348407 0.07 0.4231818181818179 0.06904761904762191 0.21746411483253575 0.3227272727272723 -0.07857142857142861 -0.03157894736842106 0.0
35 35 1.78 1.7830000000000001 1.79 -0.3 -0.3 -0.3 0.15533972169256363 0 0.010000000000000009 0.0 0.0 0.0 0.0 0.0 0.0
35 36 1.7774999999999999 1.9949718614718623 2.119880952380951 -0.007386363636363692 0.035 0.052500000000000005 0.26894871735190284 0.21318181818181803 0.5398268398268442 -0.5190476190476234 0.2841193893825496 0.7499999999999996 -0.1699134199134213 -0.11220095693779897 -0.04285714285714649
35 37 -1.46 -1.4631904761904762 -1.44 0.33 0.33 0.35 0.18086898610438193 0.07 0.23047619047619183 -0.09047619047619526 -0.12130325814536412 0.0 -0.08170995670995773 -0.0368421052631579 0.0
35 38 -1.65 -1.658 -1.65 -0.01 -0.01 0.0 0.16570101327398587 0.047619047619047984 0.07000000000000006 0.0 -0.036842105263157926 0.0 0.0 0.025062656641604203 0.0
35 39 0.6638095238095238 0.6567012987012987 0.69 -0.445 -0.36 -0.31357142857142856 0.20210885513123736 0.32761904761904803 0.2099999999999997 -0.08809523809523934 0.08713830029619478 0.18495670995671204 -0.22857142857142881 -0.17243107769423577 -0.10000000000000009
35 40 -1.8634523809523813 -1.759382034632035 -1.642711038961039 -0.175 -0.08499999999999999 -0.057840909090909096 0.2158078398930158 0.163181818181818 0.503181818181818 -0.6238095238095176 -0.22272727272727272 0.0 -0.08095238095238211 0.08588516746411475 0.2
35 41 -0.7048863636363636 -0.6158722943722944 -0.52 -0.19 -0.14500000000000002 -0.09738095238095225 0.19786052296736387 0.13 0.30999999999999994 -0.3690476190476222 -0.16315789473684209 0.050000000000000044 0.03452380952380665 0.06315789473684212 0.10000000000000009
35 42 -1.4996428571428568 -1.4803441558441557 -1.46 -0.12047619047619024 -0.095 -0.0775 0.17509042283530904 0.06 0.1100000000000001 -0.169047619047622 0.010526315789473694 0.1666666666666683 0.0 0.03157894736842105 0.09999999999999998
35 43 -1.0607954545454543 -1.050159090909091 -1.04 0.00988095238095224 0.01 0.01630952380952367 0.16066919511851152 0.02 0.040000000000000036 0.0 0.005263157894736847 0.0340909090909125 -0.023809523809526622 -0.010526315789473684 0.0
35 44 -1.2650000000000001 -1.212699134199134 -1.1926136363636362 -0.21 -0.2 -0.155 0.2029510878711131 0.12 0.42080086580086606 0.050000000000000044 0.22147413989519266 0.3318181818181809 0.0 0.06315789473684211 0.13571428571428484
35 45 -1.7712932900432905 -1.4064318181818178 -1.07 -0.05 -0.04 -0.03 0.24921552203575187 0.05127705627705706 0.8480735930735939 0.30000000000000027 0.4463545226703125 0.818722943722946 -0.05000000000000761 -0.008190931875142115 0.047619047619052224
35 46 -1.18 -1.1478506493506495 -1.11 -0.4425 -0.4243181818181818 -0.3695941558441559 0.17131076314951352 0.07 0.07999999999999985 -0.10000000000000009 0.0 0.09318181818181781 0.0 0.0368421052631579 0.10000000000000009
35 47 -1.0925 -1.0590194805194804 -0.9836309523809521 0.04 0.055 0.08249999999999999 0.1856645533243448 0.09000000000000001 0.14318181818181785 -0.25162337662337275 -0.07535885167464097 0.050000000000000044 0.0 0.04736842105263158 0.10000000000000002
