42 0 -3.0793446200000005 -2.6302181740000004 -2.2610983 -0.030128299999999886 -0.01422420000000002 0.09184500000000018 0.3026147921929076 0.1770331999999999 1.50297356 -1.174360000000001 -0.7832449052631579 -0.17291979999999985 0.022921999999999665 0.09317536842105258 0.11947700000000006
42 1 -0.23772939999999998 -0.16160638 -0.022623700000000135 -0.13512990000000002 0.14527210000000002 0.16235369999999993 0.25898203405762105 0.4712198000000001 0.6980847999999997 -0.23581400000000086 0.22710463157894734 0.5168440000000007 -0.2533979999999991 -0.24801042105263163 -0.045058999999999516
42 2 0.2516710000000001 0.2701875800000001 0.3343942999999997 -0.1739010500000001 -0.1368412 -0.12036405 0.2055023281652644 0.2663976000000001 0.1938008 -0.3538780000000008 -0.10200042105263157 0.1240299999999972 -0.05683400000000005 0.1234846315789474 0.2723949999999997
42 3 0.23372590000000004 0.29111254 0.4168035999999996 -0.28056685 -0.02320459999999991 0.005714799999999964 0.263039725779277 0.3323689999999999 0.8319115999999998 -0.32655999999999796 0.28369073684210566 0.3463420000000039 -0.21257799999999882 -0.1749310526315789 -0.04443099999999922
42 4 -2.1622668000000003 -1.65385056 -1.18064 0.17745710000000003 0.2446060000000001 0.3127204499999999 0.33020691618883125 0.11618000000000017 1.6806535999999999 -1.8780339999999995 -0.29489557894736806 0.563001999999998 -0.12465800000000082 -0.03254031578947395 0.12434400000000068
42 5 -0.09314809999999996 0.16291262000000006 0.3406743000000002 0.13066325000000006 0.24884499999999998 0.30339465000000015 0.2564095191709968 0.37610920000000014 0.5307227999999995 -0.3001839999999967 -0.25800884210526304 0.07787200000000105 -0.45577100000000037 -0.19795221052631587 0.07316199999999995
42 6 0.2134885999999998 0.2959104600000001 0.3842261000000001 -0.1099392500000001 0.1779752000000001 0.27463225 0.24898659949137902 0.6428521999999999 0.3112368000000001 -0.3742880000000004 -0.1638088421052632 0.04584399999999711 -0.6743149999999998 -0.3383432631578947 0.024178000000001365
42 7 2.9665150000000002 -3.092541726 -2.88364098 -0.22453354999999992 -0.0003454000000000512 0.0651000499999998 0.26482694315895866 0.4369310000000002 0.6753888800000007 -0.6398692000000006 -3.301210905263158 0.03579599999999683 0.02088100000000037 0.22996368421052643 0.5292470000000005
42 8 0.06670930000000042 0.29412694000000006 0.48564810000000025 -0.08333560000000001 0.189342 0.2338672000000001 0.2514294336537995 0.48836420000000036 0.39752399999999977 -0.49423600000000123 -0.13895326315789455 0.22702200000000117 -0.5121340000000008 -0.2570337894736844 -0.06923700000000088
42 9 -3.0367411000000004 -2.9933013980000007 -2.93406624 -0.17708815000000006 -0.15533580000000013 -0.05249295000000004 0.1894093330688949 0.16105059999999982 0.18481411999999997 -0.21640879999999862 -0.0972705894736842 0.01092719999999936 0.004709999999999992 0.08476347368421043 0.13517700000000188
42 10 -2.2011085999999995 -2.1168711920000005 -1.747096 0.09397235000000004 0.1122863999999999 0.20952434999999997 0.34359269564526435 0.1706276000000002 1.9323560000000004 -0.3975240000000002 -2.5566541052631577 1.3806580000000013 -0.03626699999999872 0.07828515789473686 0.16218099999999902
42 11 0.09928679999999979 0.12553719999999993 0.17505500000000018 0.23899325 0.28578709999999985 0.3083479999999999 0.1974193178608057 0.19788280000000014 0.18243399999999976 -0.1544880000000015 -0.09601789473684198 -0.020095999999998337 -0.30520800000000015 -0.10414884210526323 0.07755799999999757
42 12 0.07525009999999988 0.23189528000000004 0.3844930000000001 0.19922514999999996 0.37548120000000007 0.4703092000000001 0.2637373950187673 0.5685283999999999 0.49907160000000017 -0.37679999999999936 -0.2616446315789476 -0.03987799999999986 -0.7287940000000004 -0.2992254736842105 0.11665099999999984
42 13 0.6451601000000002 1.23249396 1.7254614 -0.25901859999999993 -0.20708300000000013 0.0906518 0.3269257280232262 0.48723380000000005 1.4837128000000006 0.29296199999999883 0.7809014736842109 1.0556680000000007 -0.38543500000000064 -0.19428336842105276 0.1083299999999987
42 14 0.3619477999999998 0.38919986000000006 0.4868412999999998 -0.26332824999999993 -0.10627330000000001 -0.07816245000000005 0.22073149399201594 0.21216979999999985 0.5137668 -0.3042660000000019 -0.2704035789473684 -0.048669999999997327 -0.16092499999999954 -0.1028432631578946 0.016642000000000046
42 15 0.8494484999999999 1.3800676800000002 1.9423255000000004 0.25564309999999996 0.3551183 0.36157885000000023 0.36109597044233444 0.1507514000000001 2.189898800000001 0.9043199999999985 1.152578315789474 1.413628 -0.02841699999999947 0.06790663157894754 0.133293000000001
42 16 -0.02347149999999998 0.17250218000000012 0.32006020000000035 0.3929082 0.45771779999999973 0.4944558000000001 0.21628719269965918 0.13009020000000016 0.4446868000000004 -0.28134400000000115 -0.1713117894736844 0.12717000000000311 -0.15762799999999966 -0.06846852631578955 0.016327999999999898
42 17 -3.00549967 -2.96702211 -2.9306405 -0.04976115000000003 -0.02546539999999986 0.014922849999999876 0.17772166075067836 0.09740279999999979 0.16520796000000004 -0.13093800000000044 -0.08693833684210524 -0.05984839999999991 -0.02606200000000003 0.0502565263157893 0.09796799999999939
42 18 -0.6376869000000001 -0.41519906000000006 -0.18521290000000024 0.3272037 0.5208161 0.5738506999999999 0.2610110661945638 0.4963084 0.7013503999999999 -0.487327999999998 -0.3691317894736842 -0.07316200000000217 -0.12324500000000072 0.1843675789473684 0.5430629999999981
42 19 0.029296200000000105 0.05538017999999998 0.06603420000000015 -0.2476988999999999 -0.14400040000000003 -0.13462750000000007 0.20128753444360828 0.2921456 0.16962279999999996 -0.06939400000000262 0.08927515789473682 0.18274799999999702 -0.20378600000000024 -0.15376084210526317 -0.009419999999999984
42 20 0.7939176000000001 0.96382928 1.0749633 -0.015472350000000024 0.08678960000000013 0.2280660499999998 0.28702265048182457 0.6287849999999999 0.7169248000000001 -0.15166199999999908 0.37732884210526324 0.8898760000000028 -0.2836990000000028 0.22193189473684222 0.6879740000000001
42 21 0.3050039 0.33716378 0.39014499999999963 -0.32568865 0.08112189999999997 0.14958174999999996 0.22541986329647454 0.5040013999999999 0.08992960000000005 -0.18023599999999806 -0.043993052631578926 0.04584399999999933 -0.4675460000000009 -0.2652638947368421 -0.006437000000000248
42 22 -1.6545916 -1.58619612 -1.5019719000000002 0.0022451 0.026925499999999936 0.12403000000000008 0.19733556389520063 0.2193290000000001 0.24259640000000005 -0.4308079999999992 -0.08259852631578947 0.2640740000000008 -0.24586200000000002 -0.09317536842105281 0.04050600000000126
42 23 -0.6253467000000001 -0.37337425999999996 0.03069350000000015 -0.34812395 -0.16039119999999996 -0.09966360000000002 0.3155249308709968 0.3959226 1.1226756000000002 -1.0082539999999995 -0.5908818947368422 0.16704799999999853 -0.30332399999999815 -0.203852105263158 0.0026689999999995884
42 24 -0.29023019999999977 0.030062359999999975 0.3543175999999998 -0.03665950000000007 0.24328719999999993 0.2921220499999999 0.2665213496104872 0.4765891999999998 0.7956759999999998 -0.7771499999999976 -0.3979206315789474 -0.04238999999999882 -0.298299999999998 -0.2495143157894736 -0.0646839999999993
42 25 2.9254438 2.9980142240000003 3.1390941100000003 -0.046723200000000076 0.06743149999999987 0.1731788500000001 0.3025505308770046 0.9987398000000002 0.3203427999999997 -0.5846680000000015 -3.455467536842105 0.27980540000000387 -0.2158749999999987 0.41819842105263166 1.0471900000000012
42 26 0.10137489999999993 0.27772986 0.4105078999999998 0.15013124999999994 0.3446621000000001 0.4768325499999999 0.25773085753851266 0.4272912 0.3183332000000001 -0.3604720000000028 -0.16754378947368426 0.14255600000000035 -0.6443280000000018 -0.13027694736842108 0.3757010000000005
42 27 0.23126099999999972 0.32000681999999997 0.4228795000000001 0.3631802499999999 0.46753029999999995 0.57776 0.21925993855698428 0.3456197999999999 0.38772720000000005 -0.22482400000000125 0.042803157894736966 0.41322400000000314 -0.32561799999999863 0.036357894736842006 0.3648680000000015
42 28 0.04111829999999961 0.12267979999999994 0.19749030000000012 -0.45319620000000005 -0.3262617 -0.23492695000000008 0.21821057277290767 0.3809762000000001 0.29258520000000043 -0.28479799999999944 -0.11932000000000019 0.024492000000000402 0.1279549999999985 0.19173831578947376 0.25685199999999964
42 29 -0.151505 -0.14219490000000004 -0.13458040000000004 -0.23391429999999996 -0.20253 -0.19750600000000001 0.16189586581621973 0.046597599999999906 0.028699599999999936 -0.0056520000000004345 0.012163368421052501 0.03453999999999846 -0.04490200000000111 -0.02434326315789466 0.0023550000000016613
42 30 0.09564439999999985 0.25857272 0.39667620000000003 -0.2569776 -0.18168039999999996 -0.1565682499999999 0.20940808150921342 0.17618540000000005 0.3705828000000002 -0.3749160000000007 -0.18506168421052666 0.07253399999999743 -0.16893199999999942 -0.09272915789473686 0.002197999999998812
42 31 0.41155980000000025 0.46525066 0.5551205999999995 0.11149355000000011 0.2924439000000001 0.39041975000000023 0.22405901743978668 0.4146369999999999 0.34979600000000044 -0.43049399999999904 0.008527578947368454 0.209438000000004 -0.2926479999999987 0.02229400000000001 0.29484600000000083
42 32 -1.8990249000000001 -1.78211642 -1.6318266000000001 0.04938435000000002 0.06761989999999996 0.07464564999999995 0.21660130855698398 0.0933835999999999 0.5718568000000002 -0.5250080000000001 -0.3009772631578948 -0.031714000000000464 -0.019311000000000744 0.04686863157894741 0.056362999999999275
42 33 2.6514474000000003 2.65869766 2.6664409000000004 0.010715250000000065 0.024884500000000087 0.04115755000000004 0.16243660907227067 0.03014399999999995 0.018714400000000353 -0.04364600000000163 -0.009849684210526502 0.021979999999999222 -0.17191500000000026 -0.005189263157894837 0.16516399999999987
42 34 0.8859980999999999 0.98144782 1.0538311000000002 -0.30025465 -0.2900889000000001 -0.27089565000000004 0.20069210224870376 0.12239719999999998 0.24950440000000018 0.0009419999999993323 0.13131810526315799 0.31085999999999725 0.021980000000000333 0.06441957894736841 0.07834300000000072
42 35 -1.2513371 -1.2493180799999999 -1.2467998000000002 0.16962279999999996 0.17684480000000002 0.17690759999999983 0.1570746585308694 0.017269999999999675 0.010424800000000012 -0.0006279999999991848 0.005486736842105269 0.01884000000000219 -0.009734000000001242 -0.009072947368421048 0.0001569999999984084
42 36 0.5080990999999999 0.55430106 0.6259118999999999 0.6491871499999999 0.6778789000000003 0.8633273000000001 0.21244564134360847 0.3310188000000003 0.2530212000000005 -0.27192400000000116 -0.005057052631579103 0.03736599999999868 -0.27113900000000246 -0.02657431578947378 0.2163460000000006
42 37 0.01824340000000002 0.14604454 0.2588773000000002 0.026430949999999842 0.21314319999999998 0.28499424999999995 0.2356579957442452 0.5805232 0.2581707999999998 -0.24240800000000284 -0.13326821052631552 0.04552999999999807 -0.4921950000000008 -0.3055385263157895 -0.10895800000000122
42 38 1.6571664000000004 1.92796314 2.2521964 -1.18267315 -1.1413900000000001 -1.0669170500000003 0.33514262282496654 0.17621680000000017 1.198538 0.304894 0.6308094736842106 0.9382319999999966 -0.1742699999999997 0.0767647368421052 0.3340960000000004
42 39 0.009529899999999869 0.08490559999999996 0.1492127999999998 0.16897125000000002 0.34825740000000005 0.4797606000000001 0.21511829732195223 0.4525054000000004 0.19982959999999972 -0.17175800000000185 0.00542063157894711 0.26564400000000044 -0.5593910000000002 -0.001536947368421015 0.36015800000000153
42 40 0.18279509999999977 0.28871357999999986 0.4220316999999999 0.07444155000000013 0.15508460000000013 0.17759839999999993 0.24773286514551912 0.5183198000000002 0.5406452000000002 -0.5586060000000015 -0.284550105263158 -0.04741399999999674 -0.4022339999999991 -0.27279989473684224 -0.04254700000000167
42 41 1.9531114 2.3803900400000004 2.7176229000000003 -0.18927920000000004 -0.0411026000000001 -0.0009734000000000131 0.2656405255366019 0.27434179999999997 0.884538 0.023235999999999812 0.456556 0.7589380000000023 -0.012246000000000201 -0.006445263157894726 0.17646800000000185
42 42 -0.17766120000000007 0.054161859999999985 0.2677478 0.06683490000000003 0.13801869999999994 0.22480044999999999 0.25752663458628355 0.3691697999999999 0.6555064000000002 -0.6967659999999998 -0.3416981052631581 0.011618000000002127 -0.3036379999999983 -0.19429989473684203 -0.07850000000000024
42 43 0.38540360000000007 0.40196081999999994 0.4243239000000001 -0.22005120000000006 -0.09003950000000005 -0.08807699999999996 0.1762533523620796 0.18899659999999985 0.054573199999999655 0.0 0.028722736842105082 0.027003999999999362 -0.05966000000000027 -0.09947189473684202 0.0
42 44 0.5678690000000001 0.59715892 0.6399162999999999 -0.18826655000000003 0.08572199999999996 0.13469030000000004 0.20659079541876754 0.3838650000000001 0.16472439999999988 -0.22262600000000132 -0.08669705263157888 0.04301800000000133 -0.32844400000000107 -0.1959525263157895 0.006751000000001506
42 45 -0.13541250000000016 0.11271658000000002 0.3850110999999996 0.3483045 0.5417599 0.7091532999999999 0.30480573854169746 0.5113489999999998 0.6851479999999999 -0.7426100000000013 -0.2498778947368419 -0.054950000000000276 -0.8680529999999975 -0.18851568421052634 0.5590769999999978
42 46 -0.4325036 -0.29936131999999993 -0.12762530000000005 0.5180058000000003 0.7905735 0.8668205500000001 0.29609687812322616 0.6084377999999999 0.9878440000000004 -0.6308259999999999 -0.5199178947368422 -0.24335000000000218 -0.16280899999999932 0.2463082105263158 0.4912530000000004
42 47 -0.20121120000000026 0.13470913999999995 0.38854359999999977 -0.0036188500000000623 0.015511599999999959 0.09710449999999998 0.2608193081079395 0.23028760000000004 0.9450143999999998 -0.6845199999999996 -0.4886831578947367 -0.33095600000000225 -0.10157899999999831 0.06089947368421068 0.1884000000000008
