45 0 0.2570247000000001 0.3369439799999999 0.4046046999999998 0.21039570000000013 0.2329409 0.25927765000000014 0.17282730650475478 0.0526892000000001 0.15228999999999981 -0.0034540000000027327 0.07737621052631556 0.07347599999999899 -0.056520000000001014 -0.02630989473684196 0.00015700000000062886
45 1 -0.5412888999999997 -0.3516391800000001 -0.15714129999999993 0.13489440000000003 0.1604853999999999 0.19445234999999983 0.20988836177927703 0.12446959999999985 0.44349360000000004 -0.37868400000000024 -0.23341768421052633 -0.05934600000000012 -0.20582699999999954 -0.0655103157894736 0.04804199999999925
45 2 1.1360833999999995 1.6420849800000004 2.1003617000000006 -0.0033127000000000018 0.09804650000000004 0.3166140499999999 0.36049427255634703 0.5591398000000001 1.7989060000000001 -1.6105060000000004 -0.9467926315789474 -0.46785999999999994 0.14616699999999816 0.29092926315789475 0.35843099999999795
45 3 -0.019719199999999826 0.01796708000000009 0.06024090000000015 0.21846549999999998 0.37533989999999995 0.6018516500000001 0.2402067491639904 0.6984302 0.25559600000000016 -0.1353340000000003 0.13452421052631588 0.31619799999999865 -0.1320370000000004 0.20257957894736836 0.5754050000000033
45 4 0.42422969999999993 0.50856382 0.5877922999999998 0.07221999999999995 0.12263270000000004 0.25247954999999994 0.20553194195379934 0.31707720000000017 0.24360120000000007 0.03108600000000239 0.1282111578947369 0.24806000000000106 -0.2846409999999988 -0.16688273684210536 -0.07818600000000231
45 5 0.44790530000000006 0.9882773199999999 1.4751092 -0.006970800000000055 0.013454899999999936 0.04582829999999999 0.35638343003914974 0.3285696 1.9471767999999998 0.8952139999999975 1.024829894736842 1.2522320000000065 -0.3080340000000015 -0.17293136842105264 -0.029045000000000876
45 6 -0.4146841000000001 -0.25392237999999995 -0.09379179999999998 -0.08883844999999996 -0.06702330000000001 0.06148119999999996 0.2658482959531624 0.5112233999999998 0.7713096000000004 -0.7366439999999974 -0.3284440000000001 0.2477459999999998 -0.41479400000000055 -0.2531996842105263 -0.015857000000000232
45 7 -1.9447747 -1.5430745 -1.0375188000000004 0.006539049999999935 0.015087700000000037 0.030340250000000124 0.306814023656347 0.0751088000000002 1.6103176000000001 0.3720900000000005 0.8475355789473685 0.9972639999999999 -0.10236400000000034 -0.025698421052631672 0.046315000000000106
45 8 2.2129935000000005 2.2444877 2.3774196 0.62066025 0.6496346000000002 0.6842138499999999 0.24794372080539165 0.44327380000000005 0.39488639999999986 -0.3287580000000023 -0.20783494736842098 0.08917599999999748 -0.35638999999999976 -0.23330200000000004 0.07112100000000066
45 9 -0.45203440000000006 -0.21206932000000003 0.01667340000000006 0.2244315 0.28087300000000015 0.3389316000000002 0.21009815132832166 0.13709240000000023 0.4938592000000006 -0.5655139999999959 -0.24746505263157914 -0.0031399999999992545 -0.14271300000000098 -0.07084831578947383 -0.009419999999998874
45 10 0.3192752000000001 0.36460424 0.43251930000000016 0.03680080000000002 0.04336339999999994 0.06173240000000019 0.18546841170348097 0.09065179999999984 0.24554799999999988 -0.04929800000000206 0.10236399999999982 0.07096400000000003 -0.04458799999999874 -0.042852736842105235 0.011617999999999906
45 11 2.1997898 2.46516376 2.7209826999999995 -0.5004218 -0.48299479999999995 -0.4227539000000001 0.2849038736652644 0.32034280000000004 1.1654423999999999 0.5331719999999951 0.6133907368421052 0.6735300000000022 0.05180999999999991 0.16860147368421055 0.27867499999999934
45 12 0.1108733999999999 0.12910110000000002 0.14930699999999986 -0.83719465 -0.25410450000000007 0.2940845500000001 0.2818507676652642 1.0688246000000001 0.11197239999999997 -0.10519000000000167 0.04472021052631564 0.13784599999999925 -0.25857900000000156 0.5411046315789474 1.5635630000000011
45 13 0.3260576000000003 0.36299656 0.40075820000000006 0.3407056999999999 0.3916835999999999 0.42326415000000006 0.18639307644742986 0.21524699999999997 0.10864399999999952 -0.12465800000000415 -0.007932631578947589 0.06185799999999908 -0.14255599999999813 -0.11328789473684209 -0.03799400000000008
45 14 0.3332324999999996 0.34588042 0.3591846000000002 0.13315954999999996 0.1809111000000001 0.2441899500000001 0.181129196625137 0.2590186000000003 0.04201320000000042 -0.014758000000003602 0.02211221052631601 0.047727999999997994 0.07127799999999906 0.1363255789473686 0.1825909999999975
45 15 0.32042130000000046 0.3522609000000001 0.4068027000000001 -0.8946174 -0.6943953 -0.41404040000000003 0.25391168929074215 0.8684926000000002 0.14663800000000027 -0.21069400000000016 -0.03060673684210538 0.15103399999999878 -0.7518730000000001 -0.4571013684210527 -0.18007899999999966
45 16 0.2553605000000002 0.34457103999999994 0.36700319999999964 0.2374310999999999 0.2526130000000001 0.27879275000000014 0.20199373923914962 0.0888933999999999 0.44663359999999974 -0.22984799999999916 -0.1008766315789473 0.2461760000000024 -0.04348899999999878 0.02050915789473672 0.0932579999999994
45 17 0.2567107000000002 0.2985292200000001 0.3383820999999999 0.10251315000000016 0.11081059999999998 0.11649399999999982 0.17085099140475474 0.019813400000000314 0.1469520000000002 -0.058718000000002046 0.04875263157894725 0.13313599999999814 -0.019154000000001226 0.004412526315789384 0.042546999999999446
45 18 -1.2345224000000001 -1.17463632 -1.0663597 0.5544298000000002 0.7545420000000003 0.8885493500000001 0.2549422934079395 0.6334636 0.5122596000000001 -0.4744540000000008 -0.26961031578947375 -0.009734000000000131 0.2285920000000008 0.33340189473684206 0.4334770000000021
45 19 0.27206530000000007 0.5622578200000001 0.7856593999999999 0.10294490000000006 0.11611720000000003 0.12310370000000004 0.22272764665889472 0.12183199999999994 0.5892523999999999 -0.16485000000000305 0.25665368421052637 0.5507559999999989 -0.15872700000000073 -0.06412210526315787 0.04568699999999981
45 20 2.2303891000000005 2.29277148 2.3417963 -0.21700540000000001 -0.14652810000000005 -0.14106449999999998 0.21949989839456369 0.17436420000000008 0.4166780000000001 0.06342799999999649 0.21930421052631585 0.32185000000000574 -0.045058999999998406 0.09177063157894741 0.11665100000000206
45 21 -1.1932785000000004 -0.9487321599999999 -0.5817791999999999 -0.09192350000000016 -0.07499889999999998 -0.022976949999999996 0.364970691813672 0.628314 1.7986548 0.46220800000000173 0.9319519999999999 1.0471899999999978 0.05683400000000005 0.33069157894736845 0.564572000000001
45 22 0.15684299999999984 0.17837398000000002 0.17993769999999987 0.28815779999999996 0.29495590000000005 0.33627830000000014 0.17618306823532792 0.1328533999999999 0.11379360000000016 -0.0009419999999993323 0.059891368421052714 0.10550399999999849 0.015228999999998827 0.0699228421052631 0.06845199999999885
45 23 0.11533219999999977 0.35107398000000006 0.6218456 -0.09475735000000002 -0.021446200000000082 0.3317724000000002 0.29890476694551915 0.9285294000000004 0.7030460000000001 -0.14475400000000027 0.08825052631578956 0.4421120000000056 -0.8124750000000014 -0.4886996842105266 -0.039093000000000044
45 24 0.22028670000000006 0.38489806 0.6135716999999998 0.002402099999999907 0.038684799999999964 0.04143230000000003 0.2056227574582579 0.057618999999999865 0.5222448000000002 0.025119999999998477 0.27486568421052643 0.39375600000000066 -0.056519999999999904 -0.03032578947368414 0.004867000000000621
45 25 2.4477242 2.66821814 2.8741048 -0.4176043 -0.2855673000000001 -0.1042558500000001 0.2606486904060286 0.3218500000000002 0.8375008000000008 0.33378200000000025 0.44078989473684255 0.46346400000000454 -0.030615000000000503 0.14984410526315797 0.22796399999999828
45 26 0.04466650000000005 0.11194100000000004 0.19946850000000016 0.2053403000000001 0.21433639999999987 0.21765694999999996 0.1753516214964745 0.03369219999999973 0.17489800000000022 -0.07661599999999824 -0.07258357894736839 0.056206000000000866 -0.016327999999999898 -0.008048315789473667 0.012246000000000201
45 27 0.42534439999999996 0.5500086800000001 0.7028890000000002 0.6277958999999999 0.7812633999999998 0.8239595499999999 0.2317514667327802 0.38772720000000005 0.47213040000000017 -0.13093800000000044 0.1390524210526318 0.4788500000000018 -0.00612299999999788 0.12234431578947383 0.3895169999999992
45 28 0.33711040000000003 0.34016875999999996 0.3425897 0.5491860000000001 0.5569261000000001 0.6058159000000002 0.1628804211856465 0.07680440000000033 0.018086399999999614 0.0037679999999995495 0.00951915789473664 0.026690000000002545 -0.05228100000000069 -0.032573368421052684 0.01240299999999861
45 29 0.5112077 0.5152426 0.5192304 0.0016563499999999731 0.006484100000000104 0.013211550000000016 0.16027668663723876 0.04763380000000006 0.01142960000000004 -0.03359799999999913 0.0011568421052628832 0.036423999999997125 -0.05338000000000065 -0.02136852631578952 0.013816000000002049
45 30 0.41840500000000025 0.43946498 0.4624748999999999 0.11566189999999998 0.13458040000000004 0.14531919999999993 0.16664003104233446 0.05765040000000021 0.04678600000000044 -0.06185799999999908 0.019203578947368443 0.08572200000000141 -0.06452699999999756 -0.02576452631578948 0.03720900000000027
45 31 -0.042845300000000086 0.03916521999999996 0.11693360000000008 0.24005300000000007 0.2515453999999998 0.3348888499999999 0.18970223673978667 0.13414079999999995 0.1951824000000002 -0.13250800000000007 -0.00803178947368436 0.18526000000000042 -0.11931999999999832 -0.052950315789473665 0.01601399999999975
45 32 0.09236310000000025 0.15180958 0.20609390000000005 0.5210045000000001 0.6765129999999999 0.7062645000000003 0.22474218686590122 0.5294668000000002 0.19612439999999998 -0.11994800000000305 0.04022505263157903 0.12214600000000075 -0.41259600000000063 -0.2786667368421054 -0.0409769999999976
45 33 2.2006219000000002 2.662034852 3.1058603500000004 -0.33802100000000007 -0.31707720000000006 -0.27951494999999993 0.3066035240482579 0.2137083999999998 1.2821247999999992 0.25402600000000053 -2.630460631578948 1.201521000000001 -0.039093000000000044 0.11247810526315778 0.2579510000000007
45 34 -0.09335220000000011 -0.04499306000000003 -0.01279550000000007 0.1591822999999999 0.1699368000000001 0.18057355000000003 0.1815124352958376 0.09988339999999996 0.18023600000000028 -0.30458000000000096 -0.0948610526315791 0.07567400000000113 -0.09310100000000099 -0.022475789473684133 0.0877630000000007
45 35 3.0353281000000005 3.0954226759999997 3.0614843 -0.14146485000000003 -0.13826990000000006 -0.13605619999999985 0.19556856925526434 0.01871439999999991 0.4454278399999998 0.0006280000000025154 -3.070827452631579 0.07064999999999877 -0.002983000000000846 0.009089473684210356 0.01726999999999812
45 36 -0.3444109000000001 -0.2504778000000001 -0.1717109000000001 -0.02348720000000004 -0.018808599999999953 -0.006593999999999878 0.19221871852704772 0.10405960000000003 0.3169515999999999 -0.08572199999999919 -0.015666947368420933 0.1598260000000007 -0.12340200000000023 -0.05194221052631582 0.018369000000001412
45 37 -0.8484751000000001 -0.59654034 -0.3441754 0.20406074999999996 0.38543499999999986 0.39891345000000006 0.24096700427099682 0.31849019999999983 0.6420672000000001 0.04929799999999984 0.3206766315789475 0.590634000000001 -0.4452520000000004 -0.16099936842105264 0.012560000000000349
45 38 -0.4747994000000001 -0.15588216000000005 0.044964799999999805 -0.12132960000000009 -0.11677660000000001 -0.10307050000000012 0.21731741681239802 0.04574979999999984 0.5608667999999994 -0.3833939999999991 -0.29519305263157863 0.04239000000000326 -0.02103799999999989 0.0010576842105263452 0.05667700000000164
45 39 -0.26330470000000006 -0.2379963000000001 -0.12790790000000019 0.21881090000000014 0.26186030000000005 0.29528559999999987 0.21508544167035987 0.08245639999999987 0.5515096000000002 0.027003999999999362 0.2672966315789475 0.6305119999999986 -0.13706099999999832 0.0016526315789473266 0.13313600000000037
45 40 -0.10442070000000014 -0.09961964000000004 -0.0947652 0.24990475000000018 0.25129420000000025 0.25170240000000016 0.15666360655889494 0.004458800000000096 0.020221600000000173 -0.027631999999999657 -0.00902336842105278 0.00125600000000059 -0.0009419999999993323 0.0023467368421053137 0.002825999999999107
45 41 0.3595457000000003 0.51030966 0.6414549 -0.0022922000000000775 0.03926569999999996 0.1090679000000001 0.19337587746144266 0.1354282 0.2794599999999998 -0.05840400000000301 0.12930189473684184 0.0320279999999995 -0.09388600000000191 -0.07012115789473689 0.0026689999999995884
45 42 2.1419510000000006 2.6455931839999995 3.07368477 0.7714744500000001 0.813574 0.8440162999999998 0.3320761534281306 0.24325579999999958 1.7598067200000003 -0.8795139999999968 -0.7791893473684215 -0.5988608000000029 -0.011932000000003384 0.12802936842105242 0.27255200000000146
45 43 0.12461090000000019 0.18404482 0.2620644000000001 0.13330085000000008 0.14356080000000004 0.18995430000000008 0.19438951570029625 0.05582920000000002 0.29396679999999975 -0.3877900000000012 -0.1547193684210525 0.052752000000000354 -0.07316200000000106 0.015319894736842114 0.06107300000000038
45 44 -0.27788999999999986 -0.15032435999999993 0.023220300000000305 -0.04307295000000011 -0.03375500000000009 0.004827749999999964 0.1908092373270478 0.06399320000000008 0.3330911999999997 -0.28699599999999714 -0.15253789473684212 0.04678600000000088 -0.1007939999999996 -0.03252378947368418 0.03799400000000008
45 45 -0.5790317 -0.44307284 -0.36838479999999985 -0.028212899999999985 0.022890599999999872 0.13125985000000012 0.23437054576908609 0.2564752000000001 0.3680707999999999 0.17301400000000022 0.19372147368421047 0.4628359999999998 -0.18086399999999947 -0.13460684210526322 0.0003140000000001475
45 46 -0.27944429999999976 0.0015605800000000336 0.22190379999999987 0.29742864999999985 0.4818800999999999 0.52595785 0.26050104510411787 0.6233842000000003 0.29647880000000004 -0.30834800000000273 -0.1391846315789472 0.07222000000000284 -0.45278800000000063 -0.3280969473684212 -0.07991300000000034
45 47 -2.4693431 -1.1396746180000004 0.20532459999999986 -0.16408069999999997 -0.009121700000000121 0.051244800000000035 0.4684681981025891 0.2214955999999999 3.065896 0.15495900000000118 1.6136294736842107 2.2108740000000004 -0.043959999999999555 0.11133778947368433 0.16155300000000095
