47 0 -0.23320779999999997 0.03837080000000004 0.26912939999999996 0.19951560000000013 0.2181358000000001 0.25837489999999996 0.21481490026144273 0.10726239999999998 0.5769435999999999 -0.4166779999999992 -0.30365452631578943 -0.055263999999999314 0.026376000000000177 0.05645389473684209 0.07630200000000142
47 1 3.0505257 -2.599206278 -1.9634420000000001 0.1697562499999999 0.19058229999999998 0.20189415 0.38444288745099686 0.04179339999999998 1.8189140799999999 0.24303599999999648 -2.098709894736842 2.2291488 -0.047727999999999104 0.014559684210526435 0.10252099999999986
47 2 -0.40294050000000003 -0.37890380000000007 -0.3570494000000002 -0.08721349999999994 0.046032400000000084 0.09211974999999978 0.20423490979520056 0.4088593999999999 0.09733999999999998 -0.11335399999999662 -0.05123157894736841 0.02354999999999885 -0.06955100000000103 0.1686675789473683 0.41479399999999944
47 3 0.3148477999999998 0.32370574 0.3843831000000003 -0.10591220000000012 -0.06805950000000005 -0.03578030000000004 0.20922323469647447 0.20585839999999989 0.28285119999999964 -0.5209259999999993 -0.14886905263157876 0.17898000000000192 0.06154399999999893 0.10834652631578941 0.2560669999999987
47 4 2.5229429000000008 2.68623546 2.8259215 0.13651150000000006 0.15131660000000013 0.20826834999999994 0.23018618687736622 0.08770020000000023 0.5477416000000002 -0.7316199999999995 -0.28828505263157905 0.3375499999999976 0.002354999999999441 0.03860547368421066 0.08854800000000052
47 5 -0.42939499999999997 -0.27000860000000004 -0.11322840000000012 0.2308213999999999 0.36599840000000006 0.38118814999999984 0.22665694145634713 0.3301396000000001 0.3825148000000005 -0.35638999999999976 -0.0948610526315791 0.1871440000000013 -0.006123000000000101 0.16951042105263167 0.3293860000000004
47 6 -0.2019491000000001 0.05786706000000004 0.3194950000000001 0.0496669500000001 0.08887769999999984 0.10077044999999996 0.2157301753225891 0.054007999999999834 0.6364151999999996 -0.46974400000000305 -0.33419515789473664 -0.045215999999999035 -0.006594000000001987 0.02222789473684197 0.044902
47 7 -0.28533180000000025 0.42063439999999996 1.2166086999999999 0.0017740999999999452 0.04785359999999994 0.07097969999999987 0.32097206654488203 0.15159920000000016 1.6748760000000003 -1.7627959999999998 -0.8719614736842108 -0.025434000000001955 -0.1348629999999995 -0.027896421052631595 0.054007999999999834
47 8 -0.23578259999999984 0.20286597999999997 0.48856830000000007 0.14364715000000017 0.19086490000000012 0.25342155 0.25992600743532807 0.11592879999999983 0.5756247999999999 -0.7818600000000031 -0.3017044210526317 0.3491680000000019 -0.09655500000000039 0.06101515789473675 0.11084199999999989
47 9 -0.8450996000000001 -0.4934039 -0.2577626000000002 0.2431301999999999 0.2591913000000001 0.27245779999999997 0.2244019226894681 0.052563600000000266 0.7166736 -0.015385999999999456 0.3771966315789474 0.6129279999999993 0.001727000000000256 0.027665052631579087 0.047571000000000696
47 10 -0.6491164999999999 -0.6106923200000001 -0.5712602000000001 0.2642781 0.27741899999999997 0.31574270000000015 0.17547040029965927 0.08308439999999995 0.11297719999999956 -0.151034000000001 -0.02052568421052626 0.131880000000002 0.018055000000000154 0.04372863157894734 0.08054099999999953
47 11 -2.91758438 -2.7401087540000004 -2.53723775 -0.01810995000000004 -0.000251200000000007 0.03212219999999999 0.22503231792864006 0.1228996 0.4225183999999995 -0.589221000000002 -0.1696194947368425 0.2888171999999978 -0.08289600000000008 0.02406231578947377 0.13454899999999825
47 12 0.0947180999999998 0.3952631999999999 0.7028262 0.32076669999999985 0.3913696 0.45088830000000013 0.25398155510921355 0.2639798 0.8174676000000001 -0.6393040000000005 -0.3362444210526314 0.22670800000000213 0.028730999999999618 0.13893673684210525 0.25952100000000367
47 13 -0.013894500000000032 0.015250980000000003 0.060476399999999875 -0.014624549999999958 0.01918540000000002 0.28296894999999994 0.2430942930168566 0.4531961999999998 0.3776163999999995 -0.0709639999999978 0.07340989473684234 0.19593599999999656 0.005808999999999953 0.23852431578947356 0.35607600000000184
47 14 -0.3742722999999999 -0.11704036 0.19777289999999992 0.026462350000000023 0.40995839999999983 0.4358634 0.24554525793086932 0.4346701999999998 0.5731128000000001 -0.34540000000000015 -0.2975067368421051 0.031714000000000464 -0.015543000000002305 0.20628147368421043 0.1938950000000017
47 15 -0.4099740999999999 -0.3958692200000001 -0.38639270000000003 0.2515611 0.399879 0.42181190000000013 0.1809426153646275 0.23898540000000024 0.056582800000000155 -0.11272600000000077 -0.024525052631579013 0.014130000000001086 0.028730999999999618 0.12044378947368434 0.192639
47 16 1.0477865999999998 1.59528642 2.1185894 0.07572109999999999 0.110842 0.13225680000000006 0.2882179261544363 0.08176559999999977 1.3251428 -0.9300679999999995 -0.669976842105263 -0.13533399999999585 -0.1259139999999992 0.030309263157894832 0.08603600000000156
47 17 -0.09284979999999998 -0.06556005999999996 -0.015951200000000054 0.06211705000000012 0.07853140000000014 0.10026805000000005 0.18115659168564643 0.06920560000000009 0.20573279999999983 -0.11021399999999959 0.04885178947368425 0.04678600000000088 -0.11696499999999999 -0.027665052631578854 0.07237699999999903
47 18 -2.98817472 -2.9348101059999996 -2.8819406700000005 -0.17175015000000005 -0.09098150000000005 -0.027961700000000034 0.19082099607736627 0.21895220000000015 0.15708791999999994 -0.16051679999999902 -0.01437128421052638 -0.017081600000001806 0.07598799999999906 0.11523800000000008 0.15966900000000117
47 19 -0.02607769999999987 0.04221102000000001 0.10756069999999995 0.010950749999999954 0.019719200000000048 0.023188900000000068 0.18142414935379927 0.03312700000000013 0.22827799999999954 -0.20786799999999994 -0.12014631578947343 -0.011617999999999906 -0.03799400000000008 -0.009866210526315807 0.05165299999999817
47 20 -0.24958290000000016 0.20968291999999997 0.6644083000000001 0.26156199999999996 0.42016339999999996 0.6039554500000001 0.3312146560436084 0.7794422000000003 1.2499712000000005 -0.950164 -0.6578795789473687 -0.22199800000000325 -0.5146460000000008 -0.4102327368421054 -0.09482799999999902
47 21 0.5356839999999999 0.75212106 1.0280673999999996 -0.03682434999999995 -0.027804700000000016 -0.016963850000000058 0.2248638155627167 0.1465438000000001 0.5617459999999999 0.011618000000002127 0.2616776842105262 0.2782039999999997 -0.010989999999999611 0.07712831578947374 0.043960000000001775
47 22 -0.3560603 -0.33203930000000004 -0.3134819 0.33641175000000006 0.3753242 0.3960795999999999 0.18042179791176105 0.15787919999999978 0.13301039999999986 -0.1475800000000027 -0.032391578947368445 0.06845199999999885 0.04992599999999903 0.08309431578947357 0.09263000000000021
47 23 -0.3776006999999999 0.01959360000000001 0.4330374 -0.07869624999999991 0.10581800000000008 0.19858145 0.2910602688264109 0.3850895999999999 1.1775000000000002 -0.9514200000000006 -0.6197368421052633 -0.24837400000000232 0.09922399999999887 0.20267873684210522 0.23220300000000194
47 24 3.0642004000000003 -3.0732998059999996 -2.9250513000000002 0.08208744999999995 0.08581620000000001 0.08967839999999994 0.2134627708765382 0.013187999999999978 0.6396870800000007 0.2573230000000004 -2.968585747368421 0.41608140000000127 -0.025590999999998143 0.0005288421052631726 0.01491500000000201
47 25 -0.18461629999999984 -0.09736198 -0.028558299999999925 0.20913185 0.25598849999999984 0.2802371500000001 0.1898472756830988 0.12792360000000014 0.2677792000000001 0.024178000000001365 0.14093642105263163 0.22011400000000236 0.015543000000001195 0.06732821052631587 0.10047999999999835
47 26 -0.4373235000000002 -0.35758634 -0.26236269999999995 0.14786260000000007 0.16329569999999993 0.19157140000000006 0.20573397103723884 0.05834120000000009 0.4823667999999999 -0.08321000000000023 0.21659389473684207 0.510564 -0.042546999999999446 0.027483263157894733 0.09702600000000117
47 27 -0.049910300000000185 0.1927237799999999 0.4478111 0.18225345000000015 0.2561455 0.29635320000000004 0.22235151567099687 0.13432919999999982 0.6310144000000002 -0.3918719999999998 -0.33211284210526326 -0.07347599999999899 -0.019154000000000115 0.05774294736842095 0.12230299999999916
47 28 -0.3315055 -0.16632266000000007 0.015119099999999719 0.18033805000000003 0.19907600000000003 0.22985584999999997 0.19617545767481848 0.0770556 0.3956400000000002 -0.17521200000000237 -0.18595410526315784 -0.0037679999999951086 -0.009105999999999836 0.035779473684210444 0.06970800000000055
47 29 1.5757305000000001 1.78745756 2.2845540999999994 0.11300860000000024 0.14786259999999984 0.21496440000000006 0.34938813362641064 0.12682459999999995 1.5308128000000005 -2.2017680000000017 -0.8056909473684213 0.6009960000000047 -0.07049300000000036 -0.005751157894736973 0.12685599999999964
47 30 -0.3559975000000001 -0.03628583999999999 0.20711440000000036 -0.22418815000000003 -0.21527839999999998 -0.19600665 0.21470440800284404 0.024115200000000003 0.6210292000000002 -0.5884360000000011 -0.3085793684210529 0.07598800000000017 -0.029202000000000394 0.006527894736842192 0.056363000000000385
47 31 -0.0404431999999999 0.0881303800000001 0.17282560000000013 0.34127874999999996 0.3424798 0.40886724999999985 0.22723799756016871 0.2587674000000004 0.5683400000000001 0.024178000000001365 0.29912631578947374 0.5545240000000029 -0.00015700000000173908 0.13619336842105287 0.20818199999999898
47 32 -0.00728479999999998 0.11444671999999996 0.15924509999999992 0.22267309999999985 0.2713274 0.2825058000000001 0.2184748060009331 0.1892792000000001 0.5385727999999999 -0.4819899999999988 -0.23817726315789467 0.07567399999999891 0.02967300000000117 0.09962063157894742 0.18259099999999973
47 33 -0.9928366000000001 -0.73294508 -0.5134999000000001 0.1630209500000001 0.2308056999999999 0.24196839999999992 0.21709406250475466 0.10255240000000021 0.6085320000000003 0.10675999999999908 0.31760273684210544 0.41762000000000077 0.012246000000000201 0.05336347368421064 0.09137400000000073
47 34 1.1828851000000002 1.4486672600000001 1.7581487999999998 0.24080660000000004 0.24598759999999986 0.24973990000000001 0.2625228922608056 0.02530840000000012 1.1658819999999999 -1.2472079999999997 -0.6136221052631579 -0.031399999999992545 -0.04804200000000147 -0.007255052631579025 0.02229400000000159
47 35 -2.7948103800000004 -2.286893086 -1.7992514000000002 -0.09922399999999998 -0.02694120000000011 0.2988180999999999 0.37066147977991387 0.4619882000000002 1.7530431600000003 -0.06537479999999984 0.9226542947368422 1.7924375999999997 0.06279999999999952 0.24242452631578948 0.5052259999999997
47 36 -0.3178308000000001 -0.014362360000000018 0.20008080000000028 -0.024853100000000072 0.08776299999999992 0.20436690000000007 0.23039078685379916 0.25496799999999986 0.5928319999999996 -0.5438480000000023 -0.3120168421052629 -0.011617999999999906 0.022921999999998555 0.13417715789473683 0.2177589999999996
47 37 -0.18474190000000013 -0.12757506000000005 -0.040270499999999876 0.16455955000000005 0.2737138000000001 0.3429037000000002 0.2084276959971113 0.24815419999999988 0.34740959999999976 -0.34194599999999964 -0.1828471578947367 -0.0025119999999989595 0.04694299999999929 0.13060747368421047 0.17332800000000037
47 38 -0.10594360000000025 0.003092900000000043 0.08873639999999994 -0.26378355 -0.12296240000000003 0.1767741499999999 0.2239072108270478 0.5568162000000001 0.22564040000000007 -0.2364419999999967 -0.10709052631578929 -0.0012559999999983695 0.10016600000000042 0.29306115789473686 0.36910699999999963
47 39 -0.4945343000000002 -0.48112022000000004 -0.4620352999999999 0.2422980999999998 0.2721752000000002 0.28336144999999996 0.1746429929881943 0.1334814000000002 0.050365600000000565 -0.11052799999999863 -0.00803178947368436 0.10047999999999835 0.013502000000001901 0.06712989473684232 0.07237700000000014
47 40 -0.06989640000000008 0.055361340000000016 0.1424304000000003 0.040914199999999956 0.0470058000000001 0.12766455000000015 0.1937141216703599 0.1420535999999999 0.2610596000000003 -0.167362000000002 -0.13462336842105263 0.03956400000000082 -0.006750999999999285 0.07398831578947367 0.10409099999999838
47 41 2.138497 2.1962635799999997 2.3187644 0.18724605 0.19519810000000015 0.21746854999999998 0.206186572290742 0.057618999999999865 0.31067160000000005 -0.4622079999999995 -0.16351136842105266 0.1036199999999976 -0.10016600000000042 -0.03032578947368414 0.05086799999999947
47 42 -1.0961897 -0.82076774 -0.6031155000000001 0.0032420499999999963 0.0250572 0.04812834999999993 0.2569042987983855 0.032907200000000136 1.0875704 0.4308080000000003 0.5724054736842105 0.6713319999999978 -0.033911999999999276 0.01528684210526315 0.06358499999999934
47 43 2.3712809 2.6011948400000002 2.8352473000000002 0.12910109999999997 0.14845920000000024 0.18645319999999993 0.23587102925061473 0.09994619999999999 0.8191004 0.3102319999999992 0.4311054736842105 0.510250000000001 0.005809000000001063 0.05260326315789473 0.1020500000000013
47 44 -0.3267327 -0.29050652 -0.2634616999999999 -0.07215719999999998 -0.06204640000000006 -0.05533465000000004 0.178789865335965 0.05633160000000004 0.19166559999999988 -0.25559599999999794 -0.08765557894736846 0.047728000000002435 -0.021822999999999704 0.029648210526315808 0.07504599999999972
47 45 -2.2947120000000005 -2.1552991400000003 -2.0585055 0.05428274999999988 0.07206299999999999 0.13479234999999995 0.22378554744551898 0.12745260000000003 0.3344100000000001 -0.45969600000000166 -0.1641724210526317 0.14035800000000043 -0.038935999999999416 0.05440463157894721 0.08321000000000023
47 46 -0.2409479 -0.04913157999999997 0.14269730000000036 0.05042840000000004 0.11768719999999988 0.16077585000000016 0.21104067820475478 0.1623380000000001 0.45762360000000024 -0.3925000000000023 -0.2408545263157896 -0.0989099999999965 0.06468400000000152 0.085441052631579 0.10675999999999908
47 47 -1.1899658 -0.66458414 -0.2057171000000001 0.04038040000000015 0.07223570000000001 0.13114209999999987 0.3389193702225892 0.15464500000000014 1.9324816 -0.1475800000000027 0.9453713684210528 1.9590459999999998 0.017584000000000488 0.07850000000000006 0.11994799999999972
