5 0 0.7417258493771858 1.1425298023692623 1.5147581331769797 -0.06 -0.05 -0.017499999999999998 0.28259912469650206 0.11759231107171836 1.2615131501910626 0.47341042294868074 0.6639542895742434 0.7478355891292815 -0.05684776284464194 0.004250029337181622 0.09719669117647511
5 1 0.650769902488721 0.8385857066464482 0.9875 -0.24 -0.20594579767390836 -0.0828974474239706 0.24525184047330756 0.22 0.7900000000000005 0.15000000000000568 0.4157894736842107 0.620470990712525 -0.2712257071011123 -0.1105263157894737 0.0
5 2 2.9985742520200924 3.0037446486674266 3.0100000000000002 -0.21108009923799412 -0.21 -0.20356748025843552 0.15888214590506966 0.01999999999999999 0.02999999999999936 0.0 0.01578947368421019 0.042288415783933164 0.0 0.007764603123714204 0.0
5 3 1.1567960548942529 1.5021359654957536 1.7927531739677163 -0.07250000000000001 -0.04682576073363917 -0.029197579803880623 0.262162383916594 0.05283825095395063 1.126322143211509 -0.7177987430254551 -0.5875379701113207 -0.44997734110956866 0.0 0.012462029888678994 0.08395159607761249
5 4 0.52 0.5402287365272186 0.548708051508845 -0.45 -0.349810884819443 -0.13 0.19766199884476596 0.35 0.11489783363360745 -0.14978452033568124 -0.04736842105263174 0.024903933336211104 -0.17477341389727863 -0.15789473684210528 0.051477856417696394
5 5 1.5768010119212648 1.7306950756907171 1.9751300210716431 -0.0015282360624183304 0.0 0.023924747019683907 0.2395762159433828 0.10527046593651387 0.860540931873027 -0.6004936664208238 -0.45291627993317213 -0.29999999999999805 0.0 0.055405508387638885 0.1
5 6 -0.1524999999999994 0.0011168455749582362 0.01396892479801072 -0.5175000000000001 -0.47853536631658866 -0.4475 0.2392470660639613 0.28 0.5100000000000002 -0.12908441869079107 0.26842105263157906 0.29011238506074 0.06410558854633042 0.1473684210526316 0.20000000000000018
5 7 1.9453418697828704 2.1571740007187765 2.399476719980571 -0.16 -0.16 -0.1544737836524745 0.2316522793115861 0.04999999999999999 0.7117665359561856 -0.6862871089858569 -0.37461396629272925 -0.049999999999998934 0.0 0.026315789473684206 0.050000000000000044
5 8 0.07537991868835721 0.10298132249838403 0.12690644544822832 -1.1025 -1.07 -1.04 0.17819238126304218 0.14033813178699128 0.10507499806623094 -0.17824767803842323 -0.055302630561174196 0.07817321360468504 0.0 0.07295439080338607 0.12243128158970107
5 9 0.33000000000000007 0.5890136570106963 0.7716130135960739 -0.025613256776928738 -0.01 0.0 0.22319228611652883 0.05141930806706671 0.7089205268296097 -0.5592287243369332 -0.3731160667524262 -0.12285799604906639 -0.0571757876774229 -0.013500564410633438 0.04905949214191142
5 10 -0.9925000000000006 -0.7860404704071644 -0.6787141590304475 -0.1 -0.06113971308264789 -0.0275 0.2861452307036219 0.55 0.9299999999999997 -1.0106752127306982 -0.4526315789473681 0.014164070245008542 -0.18237454100366918 -0.27894736842105267 -0.03470150317684585
5 11 -2.4145626972300147 -1.8341265329208625 -1.4465063916928675 -0.05288927320798287 -0.007970734168698734 0.02 0.27420055107075947 0.10032385539813399 0.9640300563556676 -0.7257076644076876 -0.48633160860824604 0.20000000000000018 -0.02999114110858238 0.05280202915691263 0.2515675807195078
5 12 -0.7108876451043856 -0.5901163237047546 -0.43500000000000005 -0.1525 -0.1027903279094741 -0.03167009884678747 0.22039434459997 0.16 0.5777292509782921 -0.3994453572021159 -0.30406802683068 -0.17132362201418172 -0.12780065897858317 -0.038764564453486076 0.09999999999999988
5 13 1.496660484185865 1.6031829947992446 1.7597009515180484 -0.26 -0.245 -0.1989598789535338 0.2188635855528825 0.10884894597191563 0.6138431613431607 -0.2779597233523201 0.1947307530223632 0.5635704899955962 -0.10000000000000009 -0.057288918932587175 0.0
5 14 -2.1146300772071167 -1.6583950469028603 -1.3352015706235003 -0.21 -0.2 -0.2 0.27779920445864137 0.04999999999999999 1.3400000000000016 -0.988982814569902 -0.7052631578947377 -0.31944855797341964 0.0 0.021052631578947358 0.08362121353921281
5 15 0.9057739542291898 1.3323029470516616 1.7616844285887874 0.14482186268756816 0.26979574711019894 0.3431539634533456 0.3251692578851478 0.5427660611971231 1.3368129828650352 0.08967096410123054 0.7035857804552818 1.1508909800845868 -0.10478652285944995 0.22334714198137134 0.4677103905208253
5 16 0.7475000000000002 1.301710807842169 1.9322784076269008 0.07979901687998515 0.09491369401732681 0.1 0.3124615631981016 0.13898737438804437 1.3030378768358672 -0.9293192328102495 -0.6858094088609828 -0.19372755749101966 -0.05016879942973833 0.03630914441476018 0.11367843651342129
5 17 0.4582653237444228 0.6044431571753195 0.7450000000000002 -0.1044852183765967 -0.09 -0.08750000000000001 0.22184241002690736 0.039999999999999994 0.7072373802993116 0.20089347283648917 0.37223020015753244 0.4665765053470919 0.0 0.015789473684210523 0.08377857580800299
5 18 0.18000000000000016 0.2702851549996359 0.32462770638972027 -0.15 -0.15 -0.1460113171251513 0.18821087169108225 0.010000000000000009 0.3600000000000003 -0.2498782499433011 -0.14367381828784767 0.050000000000001155 -0.06352027827565179 -0.005263157894736847 0.028939274290535055
5 19 0.6931267585568259 0.7776377168310276 0.8865280500409882 -0.13 -0.13 -0.13 0.1870725195811386 0.010000000000000009 0.35716861515389087 -0.25544176951102615 -0.18798348165994258 -0.14276813876611671 0.0 0.0 0.0
5 20 2.1000000000000005 2.510399386243744 2.977769658592125 -0.09 -0.05325848064978482 0.01988024654495822 0.27121588643135036 0.16 1.1661858763950113 -0.8553443256119353 -0.5716767770500062 -0.250000000000008 -0.11746502303361189 -0.08421052631578947 -0.03241979670598378
5 21 -1.9243876099327477 -1.617786948499866 -1.3475000000000001 -0.27 -0.26 -0.25 0.23306911163646304 0.05705990398664176 0.82529951993321 -0.699999999999994 -0.42384185259642565 -0.11185455607478079 -0.10000000000000009 -0.024768370519285134 0.0
5 22 -0.7194674611015065 -0.55647786119805 -0.37999999999999945 -0.013661243516917759 0.002291848708026339 0.01 0.22107992490028386 0.042871760328457756 0.6814870413138312 -0.4999999999999982 -0.3586773901651743 -0.023656282385020322 -0.053856642581381446 -0.022564084383398818 0.0
5 23 0.9449999999999996 1.2484059349917505 1.4925000000000002 -0.22 -0.22 -0.20500000000000002 0.24794313744113847 0.13 0.9300000000000006 0.01684662284136662 0.4894736842105266 0.8999999999999986 -0.06064878904341098 -0.06842105263157895 0.0
5 24 0.7556889081031919 0.8848718735016655 1.045 -0.008536016047399852 0.0688936917465893 0.09320196448976012 0.2390799847114805 0.1477873834931786 0.7253882207915672 -0.6500000000000039 -0.30060501788037597 0.0 -0.22734307972922607 -0.07251967552272559 0.1148644792347394
5 25 0.40136509048165037 0.41301715208731943 0.43000000000000016 -0.11 -0.11 -0.11 0.16152983082477992 0.009999999999999995 0.06999999999999984 0.0 0.03684210526315781 0.08649093709275829 0.0 0.005263157894736839 0.0
5 26 1.4293271727770591 1.5673235655301807 1.9151970300869188 -0.19751223412199947 -0.026581132613421682 0.0 0.3041201641453447 0.48 1.1499999999999995 -0.049999999999998934 0.4542051716096941 1.13270322786998 -0.19999999999999982 -0.23157894736842108 0.0
5 27 0.3400000000000003 0.4522496435020128 0.49641418948551863 -1.1398166149177897 -1.07 -0.8727084951627713 0.26442631483639756 0.5831800149700597 0.6277398952095807 -0.49605316354701584 -0.3303894185313582 -0.050000000000001155 0.09202343093205223 0.306936849984242 0.3625875775946502
5 28 1.4674999999999998 1.6197687414480015 1.7800000000000002 -0.9974999999999999 -0.8512932515816605 -0.5574999999999999 0.2755428156098486 0.7454967709885757 0.6427483854942879 0.10000000000000231 0.3382886239443621 0.5751638747269139 0.12243258182967454 0.39236672157293456 0.6710245205147378
5 29 -2.876040021322443 -2.481021133292683 -2.180165190334054 -0.20614670803011592 -0.2 -0.19 0.2507148388224664 0.03 1.0486744802567318 -0.7094536316310518 -0.5393785832461314 -0.20630729261261527 -0.023917620298247733 -0.008497277847851715 0.06172205411137971
5 30 -0.20999999999999952 -0.1748748471354529 -0.12894762154599443 -0.0071457403651116694 0.021466513790287176 0.0446155502747661 0.17216574412321803 0.060000000000000005 0.0842772646617235 -0.15492472906747823 -0.01804066561143305 0.09999999999999787 0.0 0.021052631578947368 0.04740022436719084
5 31 1.2027931070432092 1.2928382993235554 1.4047070890503095 0.07926952478877015 0.08855773468488294 0.09071875405861746 0.19448510443989192 0.05 0.40000000000000036 0.08528607299793878 0.2088619565299623 0.33523491414832907 -0.09989557722253448 -0.02631578947368421 0.0
5 32 -0.9509126428738044 -0.9401971877351996 -0.9300000000000002 -0.7449805170119748 -0.7368252857476094 -0.6546593954669115 0.18923491913906268 0.20889236215727636 0.1768611309734306 0.0 0.09308480577548979 0.15007972826867222 -0.14446181078638154 -0.003293695817816759 0.06834973662062371
5 33 -1.735434141610297 -1.4564726107326789 -1.259785733247374 -0.16 -0.1552445048632914 -0.10501202786155386 0.22954039643224938 0.12 0.7202374995188427 -0.4970255368543297 -0.379072368167812 -0.09999999999999787 0.0 0.06315789473684211 0.15
5 34 2.713685715804261 2.929114215214725 3.118696589358422 -1.1824553164721705 -1.138437717332509 -1.098356802529815 0.2947067696062132 0.2369592671993761 0.5934412153236464 -0.9271534218837307 -6.51000612978892 0.651769825255053 -0.10000000000000009 0.06842105263157901 0.20000000000000018
5 35 0.5275000000000002 0.5687627672108009 0.5963874107722258 0.07 0.08 0.11997276068787466 0.19282147747987538 0.23054645156211356 0.20520539069586585 -0.15228578536489734 -0.10800283720835044 0.0 0.0 0.10273967931361369 0.12670530433123786
5 36 0.2793828070304726 0.34422669405217465 0.3999999999999999 -0.43 -0.42 -0.41 0.1739261523345534 0.019999999999999962 0.18999999999999995 -0.10673565013666758 -0.09999999999999998 -0.009593272507421868 0.0 0.005263157894736847 0.0
5 37 2.7832889032269756 2.884626873356477 3.097808578385465 -0.04457361214077067 -0.04 -0.03 0.21335059737019293 0.04292189548604622 0.6172845829387965 0.035995540691191596 -2.981914375024868 0.5637047658842076 -0.013824080938471123 0.022590471308445378 0.0871601786853863
5 38 0.47467591221967276 0.4844663622685005 0.5 -0.01 0.0 0.02 0.16329653248509274 0.06 0.040000000000000036 -0.049999999999998934 -0.02105263157894739 0.0 -0.06663241352075484 -0.03157894736842106 0.0
5 39 1.2307599396899276 1.2688692461633875 1.3322256986920118 0.009019470903032593 0.015 0.03 0.18908804578923144 0.13 0.26282551594746795 -0.19999999999999574 -0.13832921891971997 0.0 0.0 0.06842105263157895 0.09999999999999999
5 40 2.9025000000000003 2.9712939516991232 3.0745303678253024 -0.23652818682424448 -0.1842731524789521 -0.14 0.20820305835191213 0.16999999999999998 0.44074982267707075 0.09999999999999787 -3.0732895670120683 0.29736424484927193 -0.15704709047070706 -0.08947368421052633 0.0
5 41 2.9647948576520005 -3.084774637649113 -2.828435154707045 -0.12738277613203552 0.062167774184100584 0.21518466089161253 0.25665511338503677 0.5728524562584116 0.5600000000000005 -0.5140846053750359 -0.13793572026336312 0.1499999999999968 0.017448159119763246 0.26261296944477097 0.5487079758529785
5 42 0.73 1.1359777555434956 1.6199999999999997 0.034999999999999996 0.08419696289646922 0.18834394390451462 0.26589305880957087 0.25 0.8685666408868269 -0.7572212786667737 -0.4466140215193825 0.09902682367823434 0.0 0.10983224760488745 0.28312713757931274
5 43 0.24750000000000005 0.38265315522431126 0.5021259909537472 0.04265980705946027 0.053280281752930925 0.19129121032069557 0.2057985095946217 0.2436014065853773 0.2365605635058617 -0.23651833032588804 0.019035783125436693 0.10000000000000009 -0.11747872492080436 0.06640420417806821 0.08231925226793523
5 44 -0.16741955805388636 0.09214746820007261 0.4085959630776064 -0.042499999999999996 -0.03 -0.03 0.21340285556473754 0.020000000000000004 0.6467802431198877 -0.7333923905997719 -0.3192488500355289 0.0 0.0 0.010526315789473686 0.0
5 45 -1.2475000000000005 -1.229228220027208 -1.1684973543905004 -0.25576548395745846 -0.1995680558039704 -0.04908815903197951 0.2088010713199456 0.28601058243800015 0.2760105824379995 -0.21895517049518642 0.012626009243158546 0.33345661483665023 -0.11256613361231671 0.11895293812526324 0.31745045108942727
5 46 0.6736437951206258 0.7286102492975489 0.9443268287778408 -0.010908658736125293 0.03179568611883043 0.151739200260931 0.2558203641832376 0.22 0.4935596387418252 -0.681045533813021 -0.2597682309167501 0.3181857064452759 -0.16907759813039688 0.008518147565221389 0.18201859693542988
5 47 -1.8707236776736327 -1.651066313848919 -1.4731882476770048 -0.12 -0.11499999999999999 -0.07871404520154315 0.2189644371076385 0.07999999999999999 0.6499999999999986 0.16668414680371502 0.34210526315789397 0.5000000000000071 0.0 0.03157894736842106 0.08802649203750415
5 48 0.1287578162569703 0.28454363414242084 0.4109248686666959 0.27 0.27 0.28 0.2183388223944692 0.28409119300437263 0.3837631662942865 -0.28120904105924854 -0.20198061383909813 -0.10000000000000009 -0.09999999999999981 -0.1495216805286172 0.0
5 49 0.9260400100362852 0.9533893179424411 0.98 -0.3025 -0.29 -0.24104001003628492 0.18283488410605106 0.16147342158153744 0.1299999999999999 -0.10000000000000231 -0.0684210526315789 -0.021836422652005694 -0.017040347446839743 0.08498601135870391 0.1573671079076873
5 50 1.7756140627071453 2.1004222976730147 2.399358530536323 -0.15 -0.11499999999999999 -0.08907073473183844 0.2533638573347327 0.09000000000000001 1.0277761985648417 -0.673134247758933 -0.5409348413499167 -0.2707923232283038 -0.10000000000000002 -0.036842105263157884 0.0
5 51 -2.2349999999999994 -2.035540745088265 -1.8100000000000005 -0.09 -0.07462142654800738 -0.07 0.21809452022513656 0.01999999999999999 0.6954661143642811 0.20610735742022657 0.3660347970338322 0.4147932744701166 0.0 -0.0006825772742504775 0.0
5 52 1.1294688922610017 1.4074211939488352 1.5764812897500373 -0.6382406448750186 -0.08299171362280425 0.13023634331405604 0.3539668716482165 0.816545776483896 1.1680501210818128 0.3725223592118676 0.6147632216220068 0.7815800624900826 -0.8999999999999999 -0.42976093499152423 0.24198797040749606
5 53 -0.8377497705519861 -0.49461737428584474 -0.08844605837118341 -0.85 -0.8134165901839954 -0.7992058703443271 0.2801259093817169 0.17999999999999994 1.206905689091805 0.4809985485447126 0.603634573206213 0.86360849981748 -0.2154940282301876 -0.08947368421052627 0.08416590183995376
5 54 1.4300000000000002 1.6036056922822381 1.7652009864586222 -0.11 -0.10233099333099309 -0.1 0.22956351025179128 0.07360142051389175 0.7505500418438624 0.019633616947386523 0.39502633781255914 0.7766931237898989 0.0 0.038737589744153554 0.09999999999999995
5 55 0.6499999999999999 0.659897552759399 0.6699999999999999 0.0275 0.07859528625665642 0.16736741632972296 0.1881203414585563 0.31 0.04999999999999982 -0.08655969858386403 -0.009134448793909754 0.09926835809407841 -0.11507461756550161 0.05789473684210527 0.2634808230774215
5 56 0.3586254218710175 1.9429596902406412 -3.0084602346482265 -0.09378730881437677 -0.08 -0.05190443480141763 0.49005471292721375 0.052687746337601454 3.118572158959889 -4.1602900856346245 -4.571968672636009 0.6016107097358492 -0.08794385218819668 0.012426025628456277 0.13212130580897832
5 57 2.5490414860346395 2.6152115979006085 2.748829223919677 -1.49 -1.2733642162642522 -1.1475 0.37631334874129907 0.3899999999999999 1.04901697577701 0.11544815086153459 0.5521141977773736 0.7680592504656159 0.04475475606503965 0.20156402032505677 0.31701490872588
