51 0 -0.11260039999999993 -0.09872474000000002 -0.07393130000000014 -0.035654699999999984 -0.03124300000000002 -0.011374649999999986 0.17116586767227074 0.036863599999999996 0.1450052000000004 -0.07378999999999802 0.0405886315789475 0.13187999999999978 -0.0050240000000001395 0.019401894736842104 0.04066300000000078
51 1 -0.4499462999999999 -0.36068238 -0.2633989 -0.08949784999999999 -0.08503120000000008 -0.07853140000000008 0.19547535664679289 0.08185979999999993 0.24347559999999957 -0.375858 -0.12814505263157872 0.08383800000000052 0.004866999999999511 0.043084105263157854 0.0681379999999987
51 2 -0.22347380000000017 -0.22357114000000014 -0.22323830000000022 -0.05055399999999999 -0.04697439999999997 -0.04618940000000005 0.1561975959499777 0.005275200000000035 0.006782400000000077 -0.0009420000000015527 0.0017187368421051356 0.0012559999999983695 -0.009263000000001576 0.002280631578947388 0.012559999999999238
51 3 -0.2699457999999998 -0.17566415999999999 -0.06212490000000015 -0.3391514000000001 -0.29720100000000005 -0.2755193000000001 0.1990675431346911 0.12117260000000019 0.35557360000000005 -0.2939040000000004 -0.18714400000000003 -0.07975600000000416 -0.007849999999999246 0.04554652631578948 0.11256900000000125
51 4 -0.0733975 0.13232588 0.3029942999999998 0.1359541500000001 0.1778653 0.22208435000000026 0.22163484789074198 0.17445840000000024 0.4238371999999999 -0.45404400000000456 -0.22307221052631573 -0.010362000000001537 -0.15056299999999911 -0.0902832631578949 0.022764999999999036
51 5 -0.2069730999999999 -0.16306648 -0.12260130000000002 0.13775179999999998 0.22385060000000012 0.22874115 0.1839236375474299 0.15530440000000012 0.12767240000000024 -0.12183200000000172 0.028226947368421223 0.10864399999999996 -0.016641999999998935 0.07711178947368431 0.052595000000001946
51 6 -0.19738040000000012 -0.19335178000000003 -0.18172750000000004 -0.2774661 -0.26432520000000004 -0.2559571 0.16373925056207977 0.03629839999999995 0.04458800000000007 -0.07316199999999995 -0.02346736842105267 0.040192000000001116 -0.00125600000000059 0.015567789473684278 0.026532999999999696
51 7 -0.31910249999999996 -0.30720504000000004 -0.29632179999999997 -0.22180959999999994 -0.16420629999999992 -0.1410330999999999 0.17091411582004135 0.15181899999999993 0.02668999999999988 -0.0037679999999995495 0.013981263157894643 0.037680000000002156 -0.12874000000000052 -0.07990473684210522 -0.02229399999999937
51 8 -0.2152470000000003 -0.13843318 -0.07631769999999993 -0.035387799999999914 -9.420000000004425e-05 0.03889674999999998 0.18436334254679307 0.06769839999999983 0.20648640000000018 -0.008163999999999394 0.10249621052631568 0.21822999999999926 -0.09985200000000027 0.02396315789473688 0.09357199999999954
51 9 -0.21450910000000023 -0.21276326 -0.21034859999999989 -0.02117145000000009 -0.017332800000000037 -0.011170550000000057 0.15760852346207962 0.011712200000000061 0.009294399999999925 -0.003140000000001475 0.0002313684210526234 0.00125600000000059 -0.028103000000000433 -0.004941368421052557 0.014444000000001234
51 10 -0.39138529999999994 -0.3740839 -0.35777159999999997 0.03952474999999994 0.045216000000000145 0.05024000000000001 0.1675060967219523 0.04050600000000015 0.10707400000000034 0.03234199999999854 0.056354736842105436 0.1017360000000056 0.0 0.02131894736842113 0.02841700000000169
51 11 -0.27189260000000026 -0.22261344000000002 -0.16698520000000017 -0.07733034999999988 -0.07330329999999996 -0.0716469500000001 0.17037449077991393 0.013596199999999836 0.16560359999999985 0.03234200000000298 0.08557326315789461 0.12559999999999905 -0.009419999999999984 0.001586526315789401 0.015072000000000418
51 12 -0.2850178 -0.2654273400000001 -0.23730550000000006 0.025386899999999768 0.04402280000000014 0.0573442500000001 0.1684288332557102 0.0385278 0.061229999999999674 -0.06028799999999945 -0.016294947368420878 0.030144000000000837 -0.08525100000000174 -0.014163052631579114 0.04113399999999934
51 13 -0.2587674 -0.23405873999999996 -0.21479170000000014 -0.05316019999999999 -0.04465079999999999 -0.04196609999999995 0.16095233377481843 0.01755259999999992 0.055829200000000245 -0.015386000000001676 0.02419452631578962 0.04709999999999992 -0.006436999999998028 0.008758947368421194 0.027946000000000915
51 14 -0.29957170000000033 -0.28449656 -0.2628808 -0.0882811 -0.06297269999999999 -0.051959150000000065 0.16399908283660183 0.053254399999999924 0.05469880000000016 -0.03924999999999956 -0.02878884210526324 -0.00376800000000177 -0.04710000000000103 -0.02802863157894733 -0.011461000000000388
51 15 -1.4987063000000003 -0.9793722800000001 -0.43440329999999994 -0.15124594999999996 -0.12983900000000004 -0.12267979999999995 0.3000607036875573 0.06681919999999986 1.5567491999999998 -1.1052799999999996 -0.8096903157894736 -0.5425919999999995 -0.09168799999999977 -0.03516799999999992 -0.00251200000000118
51 16 -0.2490962000000002 -0.20314544000000004 -0.16172569999999997 0.05831764999999994 0.07584670000000016 0.08245639999999999 0.17024314575125155 0.026627200000000073 0.10192440000000014 -0.14412599999999776 -0.020988421052631503 0.09419999999999984 -0.023079000000001404 -0.008858105263157966 0.014129999999998866
51 17 -0.04609519999999989 -0.044182939999999934 -0.04234289999999996 -0.09200200000000003 -0.06556320000000004 -0.035175850000000064 0.16512545274615598 0.08842240000000001 0.016453599999999735 -0.042704000000000075 -0.008097894736842052 0.027632000000001877 0.022451 0.0465381052631579 0.058718000000000936
51 18 -0.22884320000000002 -0.17848388000000004 -0.12351190000000012 -0.4050443000000001 -0.36770970000000003 -0.29207495000000006 0.1834208861442452 0.09140539999999997 0.11360519999999985 -0.12560000000000127 -0.017782315789473858 0.11555199999999877 0.012873999999999386 0.047066947368421076 0.15480200000000055
51 19 -0.17342220000000008 -0.17347244000000003 -0.11574040000000019 -0.44488305 -0.3851838000000001 -0.2877025000000001 0.21512459697609243 0.3091329999999999 0.3798143999999999 0.009105999999998726 0.18076484210526286 0.27380799999999983 -0.2885660000000001 -0.08706063157894736 0.11476700000000006
51 20 -0.2994303999999999 -0.2903620800000001 -0.2814695999999999 -0.012002650000000059 -0.010801599999999967 -0.009812500000000057 0.15833434297481852 0.004553000000000029 0.03925000000000045 0.0 0.020657894736842344 0.03391200000000261 -0.01114700000000024 -0.0015534736842105548 0.000628000000000295
51 21 -0.2265667 -0.050701579999999954 0.05355270000000023 -0.11029249999999996 -0.04877989999999999 -0.038826099999999975 0.23639503046144283 0.11815819999999988 0.7769615999999999 -0.6079040000000013 -0.4089271578947368 -0.09200199999999992 -0.1069169999999997 -0.04467063157894737 0.0346970000000002
51 22 -0.3010946000000002 0.20924017999999997 0.8212512999999998 -0.04845019999999989 -0.04075720000000005 -0.03188669999999999 0.29214972562004154 0.032216400000000034 1.4263764 -1.0701119999999986 -0.7507244210526316 -0.33660800000000046 -0.07928500000000005 -0.004247263157894803 0.03485399999999972
51 23 -0.33120720000000003 -0.3234828 -0.3107344000000003 0.014812949999999936 0.02322029999999997 0.02917059999999999 0.16038769041112422 0.019059800000000182 0.04785359999999983 0.0 0.01821199999999979 0.06154399999999782 0.0 0.010031473684210623 0.024334999999998663
51 24 -0.2102073000000001 -0.09584222 0.061559700000000106 -0.0871271500000001 -0.06947249999999994 -0.053905950000000036 0.22108083592577382 0.10471899999999978 0.5717311999999994 0.1585700000000001 0.30091115789473655 0.5259499999999995 -0.13093800000000044 0.0007767368421053359 0.15354599999999885
51 25 -0.23155930000000013 -0.2300364 -0.22802679999999986 0.01862019999999992 0.0237541 0.025025800000000042 0.15697375331876745 0.018337600000000176 0.010110799999999642 -0.0034539999999982918 -0.0037018947368419744 0.0 -0.004709999999999992 0.009651368421052724 0.015700000000002934
51 26 -0.21025440000000017 -0.20745980000000008 -0.20414710000000003 0.12201255 0.12559999999999993 0.12688740000000004 0.15639603669328977 0.008854800000000163 0.006280000000000285 -0.0034539999999982918 -0.0005288421052629388 0.0028260000000002172 -0.007222000000000062 0.004627368421052702 0.015229000000001047
51 27 -0.6156755 -0.40438176 -0.15191319999999997 0.02654869999999998 0.0325932000000001 0.05684970000000006 0.23878978035125167 0.07714979999999994 0.8542684 0.0 0.438344 0.4976899999999973 -0.0469430000000004 0.014807578947368364 0.05950300000000075
51 28 -0.17138120000000012 -0.16758180000000006 -0.16114479999999998 -0.23408699999999993 -0.23364739999999995 -0.2323286 0.15633687289456374 0.009451399999999888 0.011806400000000217 -0.0018839999999942236 0.006114736842105214 0.0062800000000007294 -0.0009420000000004425 0.0049744210526315195 0.014444000000000123
51 29 -0.19549640000000013 -0.19484956000000014 -0.19403629999999994 0.07520300000000013 0.07649040000000018 0.07787200000000016 0.15529996942195218 0.0029201999999999284 0.0032656000000002017 -0.0025119999999989595 9.915789473677181e-05 0.0018839999999986645 -0.006751000000000396 0.0001487368421052746 0.012874000000000496
51 30 -0.15214869999999991 -0.042832740000000036 0.05815279999999989 -0.1611526499999999 -0.13450189999999995 -0.13132265000000004 0.1882000166136719 0.034006199999999875 0.3023819999999997 -0.35576199999999947 0.01807978947368417 0.36298399999999953 -0.012089000000000683 0.01708821052631575 0.04741399999999896
51 31 -0.16888489999999978 -0.17369223999999994 -0.15593239999999997 -0.03369220000000006 -0.012889699999999893 -0.005086800000000058 0.1717737384537994 0.0619208 0.13326159999999998 -0.12308800000000009 -0.07013768421052631 -0.00031399999999903727 -0.048826999999999066 -0.01128747368421051 0.01978200000000041
51 32 -0.2542144000000002 -0.22614280000000003 -0.19807120000000022 -0.14816090000000004 -0.13045130000000005 -0.09606044999999996 0.1758905344531624 0.12227159999999992 0.1200736 -0.02982999999999736 0.04878568421052633 0.10173600000000116 0.04097699999999982 0.06435347368421049 0.08116899999999871
51 33 -0.12699729999999998 -0.08534834000000002 -0.08214240000000017 -0.2689567 -0.2583906 -0.19620289999999996 0.20427413897227076 0.1705962000000001 0.38835520000000034 -0.2062979999999981 -0.2010261052631579 0.0003140000000012577 -0.19452299999999978 -0.08967178947368426 0.040191999999998895
51 34 -0.19979820000000015 -0.05660164000000003 -0.025025799999999987 0.15788704999999997 0.1615687 0.16696165000000002 0.2336362504162197 0.02540259999999983 0.8670795999999998 0.06531199999999959 0.4563576842105263 0.5626880000000001 -0.027631999999999657 -0.006841894736842047 0.02606199999999892
51 35 -0.8855899000000002 -0.64513812 -0.34177329999999995 -0.1381913999999999 -0.1246737 -0.11790699999999998 0.22149745296462744 0.06719600000000003 0.6621631999999997 -0.6735300000000022 -0.1761374736842104 0.07127800000000128 -0.04176199999999963 0.005222315789473683 0.03987799999999986
51 36 -0.1965011999999997 -0.1945041599999999 -0.19342399999999982 0.05106424999999981 0.052375199999999844 0.053450650000000044 0.15552264919328976 0.004333199999999815 0.00621719999999959 -0.0015700000000040681 0.0016195789473683637 0.002512000000005621 -0.01365900000000031 0.0009419999999999165 0.01365899999999809
51 37 -0.21100800000000008 -0.20697937999999994 -0.20232590000000006 -0.15138725000000008 -0.14420449999999996 -0.142399 0.15761030574297133 0.012905399999999956 0.013188000000000422 -0.01852599999999871 0.0020492631578949982 0.027945999999998694 -0.001884000000000885 0.005486736842105269 0.01601399999999975
51 38 0.33282429999999996 0.5180874400000001 0.7206142999999999 -0.12884990000000002 -0.1128673 -0.07771500000000009 0.22177615273214324 0.08242499999999997 0.63428 -0.3968959999999999 0.058602315789473745 0.6044500000000008 -0.08619300000000107 -0.019418421052631526 0.08211100000000027
51 39 -0.20722430000000003 -0.19446648000000002 -0.18334459999999997 -0.001609249999999951 0.003972100000000034 0.01597475000000026 0.1649222135085764 0.044556599999999946 0.048042000000000584 -0.04929800000000206 0.007767368421052423 0.07661600000000268 -0.03469699999999909 0.015452105263157967 0.07127800000000017
51 40 -0.09953800000000024 -0.08873640000000009 -0.041134000000000004 -0.12041900000000005 -0.10902079999999992 -0.09641369999999994 0.1757438294168566 0.025496799999999986 0.20121119999999992 -0.0722199999999984 0.07245136842105254 0.1654779999999989 -0.042703999999998965 -0.011915473684210573 0.010990000000000721
51 41 -0.2728816999999998 -0.18883331999999992 -0.10784330000000009 -0.11972035000000003 -0.10190869999999996 -0.09093440000000003 0.17804821475379928 0.05030279999999987 0.2138968000000001 -0.15762799999999855 -0.11257726315789479 -0.02982999999999958 -0.05118199999999962 -0.0008593684210525678 0.05353699999999906
51 42 -0.23042890000000016 -0.13463064000000008 -0.026909800000000095 -0.058152800000000004 -0.033048500000000036 -0.018290499999999876 0.18428112524042353 0.0536312000000001 0.2540260000000001 0.019154000000001226 0.11561810526315798 0.23581400000000308 -0.056363000000000385 -0.028226947368421105 -0.004239000000001436
51 43 -0.1207644000000001 -0.08298706 -0.028762399999999744 -0.16205540000000002 -0.15830310000000003 -0.15479415000000002 0.17601491244297135 0.018431799999999887 0.12936799999999948 -0.17301400000000022 -0.03946484210526323 0.014758000000001381 -0.029044999999999765 -0.0016030526315789408 0.029987000000000208
51 44 -0.26135790000000014 -0.24160730000000014 -0.22243760000000012 -0.21439134999999998 -0.21264080000000007 -0.21063904999999994 0.16054319229838535 0.010801599999999967 0.05777600000000005 -0.004710000000001102 0.018344210526315876 0.02857399999999899 -0.01962499999999867 -0.0001487368421052746 0.01962499999999978
51 45 -0.38753879999999996 -0.03752928000000004 0.011916300000000102 -0.12059954999999994 -0.10311759999999992 -0.08627934999999998 0.2959953664620797 0.08634999999999993 1.3979908 0.056520000000002124 0.7357846315789475 0.8609880000000003 -0.01601399999999975 0.04544736842105259 0.1884000000000008
51 46 -0.2697731000000001 -0.24437992000000008 -0.22702200000000028 0.011649400000000032 0.01306240000000003 0.01453035000000008 0.15993051202577388 0.007912800000000164 0.0538824 -0.0618580000000013 -0.02835915789473684 0.0 -0.004709999999998882 0.00332178947368431 0.012874000000000496
51 47 -0.1255843000000001 -0.07665367999999997 -0.02967300000000017 0.011304000000000203 0.01851029999999998 0.019813400000000092 0.1670034072480669 0.015543000000000085 0.11756160000000015 0.0 0.04683557894736833 0.08603600000000267 -0.006437000000000248 -0.0044786315789473105 0.0026690000000006986
