52 0 -1.4866958000000001 -1.13245984 -0.7882655999999999 0.19164205000000006 0.2333333999999999 0.2913448999999999 0.2861005353257739 0.15835019999999989 1.2769752 -0.7824880000000001 -0.6720922105263158 -0.5570359999999996 -0.03092900000000065 0.08334221052631573 0.22403900000000032
52 1 -0.14065630000000018 0.031874140000000085 0.14390620000000043 -0.2023965499999999 -0.1806912999999999 -0.13853680000000013 0.2458549292856466 0.12490920000000028 0.45643040000000035 -0.343201999999998 0.20492631578947387 0.45969600000000277 -0.08289600000000119 0.06574168421052647 0.1251290000000005
52 2 0.2480756999999999 0.28653756 0.32411080000000037 -0.0626429999999999 -0.013439199999999984 0.01020500000000013 0.1886052872149459 0.17037639999999987 0.2100660000000003 -0.13973000000000013 0.02283936842105296 0.084152000000004 -0.11900599999999928 -0.08967178947368415 -0.06358500000000156
52 3 -2.1441961000000003 -1.6544157600000005 -1.3904862000000002 -0.24316945 -0.15037460000000002 -0.1089423000000001 0.3660370115614427 0.33293419999999974 1.9795188000000001 0.1463239999999999 1.041852 1.869869999999998 -0.39862299999999906 -0.17522852631578933 0.07787199999999883
52 4 0.07028889999999965 0.4272974800000002 0.8931415999999999 0.05955795000000014 0.0820953000000001 0.1718208 0.2577085918920159 0.13266500000000003 0.9763516000000005 -0.5055399999999999 -0.5090435789473684 -0.003140000000001475 0.0 0.0690965263157895 0.125286
52 5 -0.5140494000000001 -0.2647365400000001 -0.01844750000000006 0.010362000000000038 0.08523530000000001 0.12644780000000005 0.23904430362832166 0.19524519999999979 0.6455211999999997 -0.43394799999999956 -0.07916105263157885 0.41542200000000085 -0.4152649999999991 -0.04440621052631567 0.2067690000000011
52 6 0.9032209999999998 0.9180292400000001 0.9755509 -0.22426665 -0.1763424 -0.08991389999999994 0.20142511223469103 0.17072179999999992 0.20058319999999963 -0.3205940000000007 -0.1055701052631577 0.16108200000000572 -0.19075500000000023 -0.017435263157894686 0.1416139999999999
52 7 -1.6572606 -1.35215622 -1.4210698 0.19327485000000005 0.21191859999999996 0.22456494999999999 0.324635187744245 0.22039659999999994 1.7080972000000003 0.07441799999999832 0.8989985263157896 0.9429420000000011 -0.16846100000000086 -0.11599821052631576 0.004082000000000807
52 8 -0.04648770000000013 -0.01598574000000008 0.011916299999999769 -0.012277400000000105 -0.00797559999999986 0.0012559999999998128 0.17414447600157015 0.12484640000000025 0.0764904000000004 -0.10016599999999931 -0.00687494736842101 0.056205999999998646 0.0026690000000006986 0.0657086315789475 0.032969999999999944
52 9 -0.10556680000000007 -0.031883560000000054 -0.03538779999999997 0.004411700000000129 0.016908900000000116 0.025543899999999953 0.21333262356207955 0.06151260000000014 0.6001795999999997 -0.21791600000000022 -0.3157848421052631 -0.0003140000000012577 -0.08917600000000081 -0.016658526315789467 0.054950000000000276
52 10 -0.34474059999999995 -0.26514160000000003 -0.1922307999999998 0.0026925500000000158 0.15065720000000016 0.1599673000000001 0.2010111296238631 0.235657 0.2782040000000001 -0.2656439999999982 -0.018873052631578815 0.2333020000000019 -0.038935999999998305 0.10305810526315803 0.223097000000001
52 11 2.9527775000000003 -3.0792676899999996 -2.81695837 0.08997670000000002 0.1096802 0.14900085000000002 0.26439095700042364 0.10415380000000019 1.1406049999999999 0.47925819999999897 -2.7049447368421053 0.6401831999999974 0.016327999999999898 0.054817789473684306 0.08760599999999896
52 12 -0.04212309999999986 -0.0039564000000000595 0.06217199999999978 0.03490894999999994 0.04286099999999993 0.09050265000000002 0.18897703281940448 0.07080700000000029 0.31965200000000005 0.027945999999998694 0.16823789473684214 0.3055219999999981 -0.07457500000000117 -0.03087115789473697 0.02213699999999874
52 13 0.6350807000000002 0.8434762200000001 1.05975 0.11333829999999995 0.13522410000000007 0.14470689999999997 0.24161662628055094 0.07846859999999989 0.7246492 -0.7379000000000002 -0.3813943157894737 -0.04992600000000014 -0.0905889999999987 -0.001950105263157759 0.059974000000000416
52 14 -0.21519989999999978 -0.17872565999999993 -0.13669989999999999 -0.16866510000000012 -0.1378146 -0.09812500000000007 0.18165883350666565 0.12289960000000022 0.1804872000000004 -0.16987400000000097 -0.08438336842105265 0.01884000000000219 0.004552999999998253 0.06443610526315784 0.09686899999999943
52 15 2.41623 2.598588012 2.7526653 -0.4183657500000001 -0.05559369999999997 -0.022113450000000034 0.2804812122302325 0.5594851999999999 0.8818250399999998 0.2103799999999989 -2.841144715789474 0.5827839999999984 -0.3463420000000006 -0.2944658947368421 -0.0987529999999992
52 16 -1.9234698000000001 -1.2131201600000001 -0.5205491999999999 0.11927289999999985 0.29057560000000004 0.3716582499999998 0.3834086871391497 0.2587046000000002 1.7359804000000005 0.46848800000000024 0.9136738947368424 1.637510000000002 -0.2562239999999971 -0.12710389473684214 0.07300500000000154
52 17 -0.12490920000000016 0.13312971999999998 0.37240399999999996 -0.06506080000000003 -0.05320730000000007 -0.04749250000000005 0.24318652001558272 0.06132420000000005 0.9374783999999998 -0.7099539999999993 -0.4811802105263158 -0.16359399999999802 -0.0320279999999995 -0.014410947368421044 0.04254700000000056
52 18 -0.23083710000000002 -0.19423412000000004 -0.004568700000000092 -0.19329055 -0.14838069999999992 -0.1256314 0.24112250966144272 0.1540798000000001 0.8308439999999995 -0.6248600000000004 -0.43728631578947336 -0.12214599999999631 0.03234200000000076 0.08109463157894742 0.11665099999999873
52 19 0.053599799999999975 0.16922087999999985 0.2487193999999997 -0.02660365000000009 -0.024868799999999913 0.03337035000000005 0.18772583855825797 0.08716640000000009 0.29057559999999993 -0.17835200000000162 -0.15293452631578944 -0.050239999999999174 0.0012559999999994798 0.04587705263157899 0.06656800000000018
52 20 0.04940790000000017 0.049530360000000065 0.050255700000000014 0.04605595000000001 0.04920379999999991 0.05204549999999991 0.15597023001685667 0.01409859999999985 0.0030144000000000837 -0.0006280000000025154 -0.0015865263157895178 0.0 0.0 0.007420315789473606 0.014130000000002196
52 21 -0.6353789999999999 -0.4287889799999999 -0.2121854999999998 0.020582700000000065 0.07324049999999993 0.11916300000000002 0.22620938003787577 0.13071819999999978 0.6396808000000003 -0.44493799999999917 0.011865894736841952 0.46629000000000254 -0.13266499999999848 -0.0010081052631578423 0.1348629999999995
52 22 -0.33373490000000006 -0.18178402 -0.029578800000000016 -0.9288434 -0.6165233 0.006727449999999913 0.31859781933532816 1.1937024 0.45172040000000013 -0.48199000000000103 -0.2377475789473685 0.07127799999999906 -0.9471809999999992 -0.6140848421052633 -0.24413499999999977
52 23 -0.06838920000000026 -0.024630160000000047 0.013486300000000062 -0.04754744999999999 -0.026846999999999954 -0.017434849999999946 0.17365564803532801 0.041134000000000004 0.17351639999999957 -0.11335399999999662 -0.09132442105263135 -0.042704000000000075 -0.000628000000000295 0.018360736842105298 0.04490200000000111
52 24 -0.17450549999999987 0.05638812 0.30654249999999994 -0.024884500000000087 -0.00844659999999997 0.023047600000000057 0.3364716884563472 0.12374739999999984 1.8990719999999999 -1.4038939999999989 -0.9995115789473682 -0.5096220000000007 -0.10581800000000086 0.05818915789473677 0.18887099999999823
52 25 -0.23782360000000002 -0.10239539999999998 0.02665860000000031 0.014648099999999942 0.01981339999999998 0.02516710000000011 0.20240744372832162 0.019781999999999966 0.5034676 -0.35450599999999666 -0.22449347368421058 -0.017897999999998415 -0.017584000000000488 0.010411578947368404 0.03972100000000034
52 26 0.14988790000000018 0.15052532000000002 0.15676449999999997 0.3502041999999999 0.3580542 0.36342359999999996 0.160933479746793 0.028888000000000025 0.04421120000000034 -0.02229400000000048 -0.023269052631579124 0.0 -0.015699999999999603 0.005866842105263051 0.013973000000000457
52 27 -0.14453420000000017 0.30749392 0.7798817999999998 0.06488024999999997 0.06845199999999996 0.09770110000000004 0.3087387866550731 0.16105060000000004 1.5419912000000005 -1.0597499999999993 -0.811574315789474 -0.48732800000000465 -0.017741000000001117 -0.03791136842105267 0.07740100000000028
52 28 -0.19813399999999992 -0.13755397999999996 -0.08198539999999999 -0.14976230000000007 -0.1473445000000001 -0.14600214999999994 0.17471825359328977 0.033723599999999854 0.1952452 -0.13847400000000176 -0.10216568421052627 -0.013187999999999533 0.00015699999999951864 0.01774926315789466 0.02841699999999947
52 29 0.05049120000000018 0.05229356000000016 0.05281480000000016 0.22476120000000016 0.22597009999999995 0.22610354999999993 0.15564427895252547 0.006907999999999914 0.006531200000000403 -0.0021979999999999222 -0.0029747368421054916 0.0 -0.0010989999999999611 0.0021979999999999222 0.014129999999999976
52 30 0.06732160000000031 0.09952229999999998 0.13798730000000026 -0.25814725000000005 -0.2523147 -0.24824054999999995 0.17482654126844901 0.025747999999999882 0.18890239999999991 -0.15857000000000232 -0.09942231578947364 -0.064055999999999 -0.05416499999999935 -0.002660736842105286 0.0422329999999993
52 31 0.061638199999999976 0.08876466000000001 0.1100726999999998 -0.15382075000000006 -0.1506729 -0.13451760000000001 0.16930199572195226 0.036298400000000175 0.11649399999999988 -0.12308800000000009 -0.061312631578947306 -0.035482000000000014 -0.04474500000000048 -0.01910442105263167 0.02119500000000052
52 32 0.07473199999999969 0.17205315999999993 0.24195269999999958 -0.0855806999999999 -0.07328760000000001 -0.04354395000000005 0.18194242157864016 0.06079040000000013 0.2472436 -0.1661059999999992 -0.11422989473684224 0.025748000000000992 -0.04804200000000147 0.0051396842105263345 0.013816000000000939
52 33 -0.024460600000000166 0.14959901999999992 0.29789180000000015 -0.13494149999999988 -0.11611719999999992 -0.09410579999999996 0.2077005725525255 0.05485580000000012 0.5358724000000001 -0.43300600000000244 -0.2800549473684211 -0.09953799999999902 -0.04992599999999903 0.0032061052631579983 0.06044500000000008
52 34 0.02320460000000013 0.11979728000000003 0.20000229999999997 0.18293640000000005 0.18441220000000003 0.18499310000000002 0.1724745137474299 0.009043200000000251 0.19436600000000048 -0.1287399999999983 -0.10229789473684237 -0.02354999999999885 -0.0136589999999992 -0.0026772631578948257 0.0025119999999989595
52 35 -0.40108790000000005 -0.22442208000000002 0.058717999999999826 0.028181499999999915 0.05075809999999992 0.0960447499999999 0.26796970396972286 0.1355537999999996 1.1531964000000001 0.2888800000000047 0.6069454736842106 0.9614680000000009 -0.10990000000000055 -0.0713441052631577 -0.01491499999999979
52 36 0.6477035 0.7912956999999998 0.9815954 0.0031949500000001407 0.10763919999999993 0.15151285000000003 0.28800634928755714 0.4909076000000001 0.7552328000000004 -1.0104519999999972 -0.3974909473684212 0.11963400000000401 -0.7471630000000007 -0.25837242105263164 0.09153100000000025
52 37 -1.2851706 -0.8044774200000001 -0.2795385 0.0006436999999999138 0.012402999999999942 0.04314360000000006 0.2993693830034809 0.13363840000000016 1.4789400000000001 -1.0986859999999976 -0.7783894736842106 -0.22545199999999932 0.020567000000000224 0.07033600000000008 0.10424799999999901
52 38 -0.38874770000000014 0.03237653999999999 0.4173216999999998 -0.010095099999999968 0.005290899999999987 0.030277450000000095 0.3615887936391496 0.09526760000000012 2.1993816 -1.6064240000000019 -1.1575692631578949 -0.7247119999999985 -0.018839999999998858 0.05014084210526322 0.15825599999999773
52 39 0.11336970000000013 0.13539366 0.159512 0.04712354999999985 0.05099360000000008 0.08724490000000001 0.17133423107290754 0.08138879999999982 0.09897279999999986 -0.10456199999999916 -0.05209094736842098 0.00502400000000236 -0.0571480000000002 -0.04034073684210522 0.005809000000001063
52 40 -0.06338089999999974 0.26773837999999994 0.4307137999999998 -0.023432250000000043 -0.011476699999999895 0.014734449999999899 0.2703806525219522 0.0345713999999997 1.2505992 -0.8239360000000007 -0.6582101052631578 -0.2829140000000008 -0.002982999999999736 0.018195473684210366 0.04584399999999822
52 41 0.5919685000000001 0.85332012 1.0520727000000003 0.08722919999999995 0.10721530000000012 0.11843294999999993 0.20700408224424519 0.0700219999999998 0.5000135999999991 0.0012560000000094718 0.26316505263157847 0.23989599999999722 -0.06374199999999997 0.003487052631578774 0.08603599999999934
52 42 -2.4737548 -1.41352595 -0.5569104 0.09205694999999992 0.13820710000000003 0.16430050000000002 0.39907881663857653 0.20397439999999967 2.3928056 0.5184139999999982 1.2593713684210528 2.181672000000001 -0.19766300000000125 -0.10735494736842088 0.0025120000000000697
52 43 0.11304000000000003 0.12231870000000007 0.15489620000000015 -0.18106025000000003 -0.15971610000000003 -0.11534790000000006 0.17910097981494588 0.09749700000000017 0.1322568000000004 -0.1133540000000055 -0.06960884210526337 0.011304000000000869 -0.0634279999999976 0.02376484210526322 0.1409859999999985
52 44 -0.20604680000000009 -0.17793437999999998 -0.15141080000000007 -0.16696165000000007 -0.15712559999999998 -0.15027255 0.17032734959010506 0.023236000000000256 0.1507200000000002 -0.16045399999999876 0.000396631578947321 0.10801599999999967 -0.045215999999997925 -0.001933578947368336 0.0334409999999985
52 45 0.8139037000000001 1.04814456 1.4278050999999996 0.0020174499999999207 0.02783610000000003 0.03626700000000005 0.3076139000760924 0.03300140000000007 1.6479347999999998 -0.6072759999999988 0.5713808421052631 1.6331140000000022 -0.022607999999999517 0.017269999999999872 0.06719600000000048
52 46 0.09219040000000023 0.12543358 0.1553357999999999 -0.04969835 -0.03449289999999994 -0.02385614999999991 0.16393377779520063 0.02932760000000001 0.06794960000000039 -0.0810120000000003 -0.035762947368421255 -0.00031399999999903727 -0.006593999999999767 0.013931684210526258 0.03689500000000012
52 47 0.1175301999999997 0.11977529999999996 0.12192620000000032 0.12158865000000008 0.12271120000000002 0.12448530000000013 0.15691787480093305 0.009451400000000332 0.016955999999999527 -0.02731800000000062 -0.008792000000000156 0.0006280000000025154 -0.0012560000000017002 0.004181157894736878 0.013344999999997942
