64 0 2.4984375000000005 2.856233455882353 -2.975294117647059 0.1175 0.1529411764705885 0.1825 0.30320892924199017 0.12 1.5304044117647075 -1.0834558823529505 -0.6666989164086697 -0.3999999999999937 -0.11470588235293878 2.921639538487254e-18 0.11764705882352545
64 1 -1.2336842105263157 -0.5571549385104928 0.2830882352941178 0.10750000000000001 0.14736842105263165 0.17152777777777786 0.3595060037284362 0.15000000000000002 2.106777777777778 -1.5941176470588525 -1.1088304093567252 -0.7030959752321952 -0.18529411764706155 -0.028362573099415034 0.09999999999999995
64 2 -2.5586145510835907 -2.27197708118335 -1.89 0.02140624999999922 0.045 0.08 0.27958535234555565 0.07 1.3066666666666664 0.46764705882352486 0.6771929824561402 0.8904411764705977 -0.059374999999994765 0.021052631578947364 0.10000000000000002
64 3 -0.022463235294117964 0.9208873774509818 1.7779687500000005 -0.08249999999999999 -0.01 0.014264705882352804 0.44509529178079354 0.09999999999999999 3.06281045751634 1.2499999999999998 1.6120055039559684 2.048235294117632 -0.17499999999999724 -0.04736842105263159 0.09999999999999995
64 4 -2.66 -2.343652573529412 -2.1516176470588233 -0.26735294117647046 -0.23333333333333384 -0.15411764705882344 0.3395202818939975 0.8475000000000004 1.2975000000000003 -1.0098039215686283 -0.6776315789473687 -0.049999999999998934 -0.7568627450980423 -0.3723684210526317 0.033333333333338266
64 5 0.9686764705882345 1.6905042892156854 2.3550000000000004 -0.052500000000000005 -0.04 0.0 0.3511346931260925 0.06 2.1100000000000003 -1.9779411764706334 -1.1105263157894738 -0.24166666666667558 -0.049999999999999975 0.021052631578947375 0.10294117647058673
64 6 -1.3979411764705876 -1.3352883986928101 -1.1694117647058824 -0.12 -0.11 -0.11 0.2211697200440508 0.020000000000000004 0.7182352941176469 -0.14999999999999902 0.2727554179566563 0.7965277777777813 -0.09999999999999995 -0.005263157894736838 0.09687500000000175
64 7 -0.91125 -0.02400784313725418 0.7521078431372554 -0.16 -0.15 -0.12 0.3583327974904505 0.04000000000000001 2.204666666666667 0.4243464052287538 1.160350877192983 1.645833333333332 -0.09999999999999988 0.010526315789473694 0.09999999999999988
64 8 -1.2820312500000002 -1.1770912990196074 -1.07 0.12 0.14470588235294135 0.15 0.19148385260604447 0.07 0.34833333333333316 -0.052941176470586715 0.10964912280701751 0.30000000000000027 0.0 0.0368421052631579 0.09705882352941314
64 9 -1.6116176470588242 -1.3704033905228754 -1.2127941176470587 0.02 0.055 0.09338235294117678 0.2147162415073101 0.12000000000000001 0.5 -0.24150326797385047 0.24148606811145537 0.4527982026143773 -0.10000000000000529 -0.057894736842105256 0.0
64 10 1.9851797385620915 2.078340277777778 2.2045833333333333 -0.02 -0.01 0.0125 0.21114201331796476 0.08 0.5517647058823532 -0.4964052287581666 -0.2904024767801859 -0.10000000000000009 0.0 0.042105263157894736 0.09999999999999999
64 11 -1.1872886029411767 -0.6090893231854153 0.15703124999999912 0.11649999999999958 0.135 0.1625 0.3313443294077608 0.1 1.896993464052288 -1.2469061747506167 -0.9984176126590989 -0.5054385964912278 -0.10000000000000009 -0.03157894736842105 0.0
64 12 -2.123645833333334 -1.1545680147058817 -0.23772058823529385 0.03 0.060000000000000005 0.16 0.41454188599025105 0.14 2.8029411764705885 0.9981617647058927 1.4752321981424152 1.9587499999999887 0.0 0.07368421052631581 0.10000000000000006
64 13 -1.6324999999999998 -1.5450944852941173 -1.5073988970588232 -0.01 0.0 0.042499999999999996 0.21280920225294028 0.08 0.2850980392156883 -0.2500000000000002 0.15005159958720438 0.2339583333333306 -0.1 0.01578947368421053 0.05
64 14 2.19 2.224455108359133 2.2658823529411762 0.03 0.034 0.04 0.17132726125786438 0.060000000000000005 0.10999999999999988 -0.11315789473684168 -0.04210526315789478 0.0 -0.010000000000000009 0.021052631578947368 0.0
64 15 -1.0525000000000002 -0.6688923611111117 -0.12156249999999968 -0.07426470588235289 0.005 0.1125 0.288242490015581 0.32 1.2064705882352942 -0.840359477124194 -0.6349845201238391 -0.1468750000000018 -0.2656249999999969 -0.16842105263157897 -0.09999999999999995
64 16 1.4884742647058822 1.8018528186274516 2.119457720588235 -0.16 -0.16 -0.1575 0.2685564731178691 0.010000000000000009 1.2776470588235298 0.6000000000000005 0.6724458204334367 0.7000000000000062 0.0 0.0 0.0
64 17 0.20338235294117654 0.3795504201680678 0.4469432773109241 -0.0025 0.02 0.0325 0.2686361838532322 0.05 1.1925000000000008 0.30000000000000027 0.6276315789473688 0.6388655462184828 -0.061764705882352014 0.005263157894736845 0.09999999999999999
64 18 -2.829375000000001 -2.145647549019608 -1.5482352941176467 0.04296874999999974 0.08499999999999999 0.1 0.3565200631349443 0.11 2.157416666666667 0.7892156862745192 -2.1697807017543855 1.1944852941176498 -0.09999999999999995 0.03684210526315789 0.10000000000000005
64 19 1.6750833333333333 2.0071424428104576 2.344117647058823 -0.09 -0.08 -0.06843750000000004 0.2779914064445203 0.07 1.3164166666666666 0.6234640522875745 0.6928508771929824 0.7964950980392183 -0.01875000000000071 0.02631578947368421 0.10000000000000009
64 20 1.7887500000000005 2.216534423374613 2.512205882352941 -0.1 -0.08176470588235255 -0.0275 0.3106249717738315 0.09187500000000007 1.571875 -1.286397058823534 -0.8220394736842106 -0.3966666666666607 -0.1 0.01973684210526331 0.1823529411764746
64 21 1.5964705882352945 1.7711325571895422 2.003970588235294 0.12911764705882348 0.14 0.14647058823529438 0.27156535041716806 0.1868749999999995 0.6014379084967327 -0.12941176470588123 -0.3165462676298593 0.39869281045751714 -0.10000000000000009 -0.08266253869969027 0.0
64 22 1.385441176470588 1.7644267798786188 2.288088235294118 -0.02 -0.01 -0.009852941176470419 0.294306440102429 0.06 1.5173333333333323 0.35588235294117365 0.793333333333333 1.3447712418300806 -0.1 -0.02631578947368421 0.0029411764705916145
64 23 -0.82 -0.8117058823529412 -0.81 -0.13 -0.13 -0.13 0.15799778203625964 0.010000000000000009 0.029999999999999916 0.0 0.01578947368421048 0.02058823529411502 0.0 0.0 0.0
64 24 0.2298529411764707 0.23647058823529413 0.25 -0.0020588235294120424 0.02 0.03 0.16497938014428468 0.03823529411764798 0.05000000000000002 -0.049999999999999906 0.021052631578947375 0.09999999999999995 -0.09999999999999998 0.0 0.04999999999999999
64 25 1.3985294117647056 1.614614093137255 1.8326470588235297 -0.11 -0.1 -0.09485294117647042 0.2290056225218095 0.036874999999999505 0.8041176470588234 0.2705882352941158 0.42321981424148597 0.5505514705882353 0.0 0.015789473684210523 0.04264705882353337
64 26 -0.7555055147058822 -0.318653390522875 0.18616013071895468 0.0755882352941176 0.155 0.17 0.3275104953660893 0.18058823529411833 1.7843749999999976 0.5989379084967263 0.939144736842104 1.1979166666666567 0.005882352941183611 0.09504643962848333 0.18602941176470822
64 27 0.35352941176470587 0.38101143790849673 0.42 -0.14 -0.14 -0.14 0.17305336238434685 0.010000000000000009 0.18999999999999995 0.0 0.09999999999999998 0.1111111111111146 0.0 0.0 0.0
64 28 2.6179411764705884 2.617588235294117 2.62 -0.02 -0.02 -0.01 0.15710977321595201 0.02 0.010000000000000231 0.0 0.0 0.0 0.0 -0.010526315789473684 0.0
64 29 -2.7908823529411766 -2.5576822303921563 -2.33940625 0.03 0.045 0.0625 0.20673558677079512 0.06 0.4947058823529411 -0.30058823529411693 -0.00804953560371533 0.049999999999998934 -0.09999999999999995 0.005263157894736846 0.04999999999999999
