73 0 0.7613235294117648 0.8427874957000343 0.9311764705882353 0.20566176470588227 0.245 0.27 0.19073030015994064 0.12470588235294186 0.24470588235294088 -0.15000000000000013 -0.09040247678018545 0.0147058823529439 -0.14999999999999986 -0.01578947368421054 0.14705882352941305
73 1 2.813529411764706 3.107375 -2.8821875 -0.04 -0.03 0.0 0.24073913126279115 0.06 0.9070588235294119 -0.3941176470588226 -2.9823529411764733 0.8169117647058766 -0.06176470588235722 0.0 0.011764705882352018
73 2 0.5075000000000001 0.525375 0.5425 -0.45 -0.45 -0.44 0.1650889508702178 0.030000000000000027 0.05999999999999994 0.0 0.02105263157894739 0.10000000000000009 0.0 0.010526315789473694 0.07500000000000284
73 3 0.7417647058823529 0.7519411764705881 0.76 -0.5 -0.5 -0.4975 0.16086346957652214 0.03235294117647047 0.030000000000000027 -0.0176470588235339 -0.014551083591331358 0.0 0.0 -0.017027863777089723 0.0
73 4 0.4442810457516342 0.5215878267973857 0.5947058823529413 0.19 0.2 0.2 0.18096562705085278 0.010000000000000009 0.23941176470588266 -0.3 0.02569659442724441 0.29687500000000144 0.0 0.005263157894736847 0.0
73 5 0.5737499999999995 0.6226599264705882 0.6657812499999999 0.6375 0.6929411764705882 0.7124999999999999 0.182148977274147 0.10999999999999999 0.09999999999999998 -0.14999999999999403 0.03684210526315787 0.19705882352941684 -0.12058823529411733 -0.017647058823529547 0.10000000000000009
73 6 0.9851011029411771 1.6105735294117653 2.297058823529412 -0.11 -0.1 -0.09 0.2901790323146054 0.039999999999999994 1.43 0.009375000000000355 0.7526315789473683 1.4176470588235168 0.0 0.012693498452012349 0.07812500000000097
73 7 0.71 0.739816176470588 0.742205882352941 0.04 0.05 0.052500000000000005 0.17381584431127306 0.048749999999999585 0.16874999999999962 -0.10000000000000009 -0.08881578947368401 0.0 -0.09642857142857322 -0.02565789473684189 0.0
73 8 -1.361764705882353 -0.94145955882353 -0.7828921568627448 0.08750000000000001 0.10500000000000001 0.15 0.3209258753771854 0.09812499999999993 1.7537500000000001 -1.325694444444446 -0.9230263157894739 -0.3639705882352906 -0.09999999999999998 -0.05164473684210522 0.0
73 9 0.6075 0.7563055555555555 0.8707352941176472 -0.28250000000000003 -0.26411764705882346 -0.19671052631578922 0.19146816693757687 0.09999999999999998 0.24 -0.24117647058823466 -0.11052631578947367 0.10000000000000009 0.0 0.05263157894736841 0.09999999999999953
73 10 0.1539705882352937 0.45889889705882353 0.809705882352941 -0.2931617647058826 -0.1881250000000005 -0.00926470588235288 0.2717042020613882 0.3529411764705885 0.8105882352941194 -0.4176470588235287 -0.005572755417957583 0.6235294117647039 -0.35183823529412006 0.0616099071207429 0.3970588235294185
73 11 -1.39 -0.7634068580677754 -0.1390537084398959 0.0675 0.08 0.10705882352941175 0.3639231325459245 0.21 2.018 -0.10294117647059231 1.0621052631578949 2.441392083149083 0.0 0.11052631578947367 0.20000000000000012
73 12 0.6475000000000001 0.655 0.68 -0.12 -0.11 -0.11 0.16862465390553968 0.02647058823529387 0.10999999999999999 -0.10000000000000009 -0.057894736842105256 0.0 -0.023529411764706826 -0.01393188854489151 0.0
73 13 -0.8 -0.5202830882352937 -0.13 -0.1825 -0.045 0.0125 0.2601809942843195 0.15 0.9474632352941179 0.19411764705882684 0.49866486068111465 0.7117647058823521 -0.10000000000000009 -0.04901315789473652 0.1
73 14 -2.23 -2.203374183006536 -2.1873529411764707 0.025694444444444527 0.06625000000000042 0.12 0.1826403709628747 0.21000000000000002 0.1064705882352941 -0.10000000000000009 -0.013622291021671357 0.10000000000000009 -0.10000000000000006 0.05263157894736842 0.2000000000000001
73 15 -1.050441176470588 -0.8661840686274507 -0.675 -0.13 -0.13 -0.12044117647058823 0.21286607403235544 0.020000000000000004 0.6376470588235296 0.20000000000000018 0.3356037151702787 0.4474509803921628 0.0 -0.005263157894736839 0.0
73 16 -2.15484375 -1.747468341503268 -1.4260294117647057 -0.10794117647058828 0.0038235294117647985 0.052500000000000005 0.3223266642376771 0.33999999999999997 1.5773611111111112 0.4999999999999938 0.8301900584795324 1.1492647058823535 -0.2849264705882326 -0.1789473684210526 -0.1
73 17 1.8390349264705883 2.11253227124183 2.437058823529412 -0.11046875000000002 -0.07941176470588265 0.009889705882353089 0.2778892425371165 0.15 0.7311764705882349 -1.2444852941176432 -0.20092879256965981 0.7187499999999902 -0.10000000000000009 0.0736842105263158 0.2647058823529372
73 18 0.57 0.605866369047619 0.6035937499999999 -0.05 -0.04 -0.01890625000000005 0.18252662967528385 0.16 0.15999999999999992 -0.10000000000000009 -0.08421052631578943 0.0 -0.10000000000000002 -0.06591478696741869 0.00436507936507468
73 19 -0.6014062499999997 -0.5658304738562091 -0.5189062500000001 -0.14 -0.14 -0.12 0.17531168359320415 0.020000000000000018 0.20500000000000007 -0.13709150326798175 0.028947368421052656 0.1781250000000012 0.0 0.010526315789473694 0.0
73 20 2.5205882352941176 2.7850698529411764 3.0047058823529404 -0.45264705882352885 -0.2870588235294117 -0.187941176470588 0.29900434660439673 0.36 0.9757352941176487 -0.9000000000000097 -0.41942724458204395 -0.19705882352940796 -0.20294117647059207 0.1631578947368421 0.49705882352940794
73 21 -0.85 -0.8288823529411765 -0.8274999999999999 -0.07 -0.057352941176470676 -0.04 0.17118735253337483 0.04000000000000001 0.1482352941176469 -0.10000000000000009 -0.06222910216718257 0.050000000000000044 -0.044117647058821985 -0.02105263157894737 0.0
73 22 0.5079166666666663 0.6972024101307186 0.8585294117647055 0.03647058823529439 0.2 0.24647058823529439 0.23132738763816454 0.39 0.46 -0.3292483660130724 -0.2421052631578947 -0.14852941176470125 -0.1249999999999972 0.1631578947368421 0.35
73 23 -2.7416176470588236 -2.4313979166666675 -2.1965882352941177 -0.1815 -0.15000000000000002 -0.08750000000000001 0.26357209378731605 0.2423529411764704 0.9950000000000001 -0.7005882352941195 -0.5013931888544891 -0.4009803921568622 0.08137254901960961 0.1275541795665634 0.18235294117646939
73 24 0.43 0.43503125000000004 0.45 -0.04 -0.04 -0.03 0.16332523834638324 0.020000000000000004 0.08000000000000002 0.0 0.026315789473684206 0.10000000000000009 0.0 -0.005263157894736845 0.0
73 25 0.66 0.683 0.7 -0.06 -0.045 -0.0375 0.16508007627084265 0.049999999999999996 0.06999999999999995 0.0 0.03157894736842102 0.10000000000000009 -0.09999999999999996 -0.02631578947368421 0.0
73 26 -1.9073529411764705 -1.6301145833333333 -1.3475000000000001 -0.04953124999999943 0.020571895424836777 0.1525 0.22972345771913802 0.22999999999999998 0.6199999999999999 -0.39999999999999925 -0.32105263157894737 -0.050000000000000044 0.0 0.11578947368421055 0.1998161764705828
73 27 -1.1336764705882352 -1.0099693627450983 -0.876158088235294 -0.02 -0.015 -0.009166666666666864 0.20990120271288634 0.03 0.5931250000000005 -0.4460784313725452 -0.3121710526315791 -0.1735294117647046 -0.05 -0.015789473684210527 0.0
73 28 0.64 0.6553823529411765 0.67 0.22 0.255 0.325 0.17144678247297948 0.16 0.030000000000000027 0.0 0.0 0.0 -0.13823529411765428 -0.07894736842105263 0.0
73 29 -1.603235294117647 -1.426915155228758 -1.3188333333333333 -0.10250000000000001 -0.07500000000000001 -0.0375 0.22536616295382345 0.16999999999999998 0.6134191176470591 0.16286764705881862 0.32285216718266274 0.4323529411764748 0.0 0.08947368421052633 0.15294117647058303
