75 0 1.5958823529411765 1.7468793828956617 2.0025 -0.3126470588235295 -0.035 0.2635714285714285 0.3106578701504894 0.8139130434782611 0.907826086956522 -0.7281249999999961 -0.4778032036613274 -0.19999999999999907 -0.6693754640706249 -0.4283752860411901 -0.24285714285714344
75 1 0.1766176470588233 0.5205633169934646 0.96 0.6866176470588226 1.0688235294117643 1.2091176470588234 0.33660942040541797 1.0388235294117654 1.02 -0.14411764705882193 0.45820433436532493 0.9043300653594811 -0.8086601307189702 -0.5467492260061924 -0.20000000000000018
75 2 -1.5344444444444445 -1.521436274509804 -1.4049999999999998 0.08750000000000001 0.22 0.39249999999999996 0.23826749279491916 0.36 0.41882352941176526 -0.6939338235294157 -0.22043343653250802 0.1531249999999984 -0.25000000000000533 -0.18947368421052632 -0.09999999999999454
75 3 -0.8148529411764708 -0.3754841503267981 0.06264705882352874 0.015 0.08 0.15720588235294106 0.32383080240190126 0.24 1.6747058823529428 -1.1444852941176507 -0.8814241486068118 -0.6970588235294186 -0.2 -0.08482972136222877 -0.09999999999999988
75 4 -0.18 -0.16917647058823532 -0.17 -1.23 -1.23 -1.23 0.16365489650471157 0.028235294117646914 0.046470588235293875 0.0 0.024458204334365196 0.0 0.0 0.014860681114551008 0.0
75 5 0.32118421052631585 0.42210827743378043 0.5495588235294113 0.3380555555555557 0.355 0.5075000000000001 0.21379134954210333 0.24000000000000005 0.40764705882352964 -0.19955882352941157 0.08823529411764715 0.48631535947712257 0.0 0.12631578947368424 0.2079861111111217
75 6 -0.8724999999999999 -0.7461525735294119 -0.7432812499999999 -0.0748090277777783 -0.025 0.07250000000000001 0.22685367539668708 0.13 0.5794117647058816 -0.6983455882353062 -0.24179566563467453 0.13235294117646623 0.0 0.06842105263157895 0.2705882352941205
75 7 0.20750000000000002 0.22047712418300658 0.23 -0.51 -0.51 -0.5 0.15801001257657515 0.010000000000000009 0.03 0.0 0.015789473684210527 0.0 0.0 -0.005263157894736847 0.0
75 8 0.7902941176470589 1.0637077205882348 1.27609375 0.28 0.32 0.33 0.23370935430152134 0.07 0.803529411764706 -0.49724264705882426 -0.42291021671826623 -0.24540441176470362 -0.10000000000000009 -0.0368421052631579 0.0
75 9 3.0508823529411764 2.9671428752535496 3.0871874999999998 0.23382352941176493 0.3 0.31 0.2674712599798504 0.4640909090909092 0.79 -0.532352941176466 -0.41578947368421054 0.01875000000000071 -0.5073529411764794 -0.2442583732057417 0.0
75 10 0.20485294117647068 0.7682900326797393 1.5575 -0.7594117647058828 0.7773161764705883 1.1394117647058826 0.4832940769436625 1.97 1.8547058823529412 0.050000000000000044 0.9761609907120743 1.5466911764706008 -0.18529411764706127 0.9789473684210527 1.8330882352941251
75 11 0.057499999999999996 0.10621052631578942 0.1625 -0.2125 -0.2 -0.19 0.17480035113582942 0.09 0.14 -0.10000000000000009 -0.0736842105263158 0.0 0.0 0.047368421052631574 0.10000000000000009
75 12 -0.2521874999999999 0.16987911764705857 0.6086948529411772 0.4247518382352941 0.52 0.5513419117647049 0.3071749376571115 0.61 0.733749999999999 -1.004779411764704 -0.3674342105263152 0.0 -0.10000000000000009 0.2338815789473683 0.5343750000000029
75 13 -1.991084558823529 -1.728717279411765 -1.47 -0.04 -0.03 -0.017499999999999998 0.21948335492073417 0.06 0.6070588235294121 -0.6141544117646958 -0.2526315789473684 0.13235294117647456 0.0 0.02631578947368421 0.1
75 14 0.45 0.47160416666666655 0.4875 -0.1225 -0.06676470588235306 -0.035 0.17402137103627743 0.14 0.08000000000000002 0.0 0.04210526315789474 0.10000000000000009 0.0 0.0736842105263158 0.10000000000000005
75 15 -0.27138888888888885 0.013443096405229338 0.27960784313725545 -0.1979411764705883 0.056764705882353404 0.1604003267973861 0.3904739603904971 1.0299305555555551 1.5115277777777778 0.34130718954248057 0.7955409356725144 1.2424836601307132 -1.279779411764728 -0.20084064327485351 0.7080065359477057
75 16 1.9874999999999998 2.328953431372549 2.773823529411765 -0.10264705882352959 0.24075367647058837 0.3252941176470584 0.28612914919868543 0.5 1.0100000000000002 -0.9937499999999977 -0.4473684210526317 0.0 -0.049999999999999906 0.20822368421052645 0.3970588235294156
75 17 1.4616544117647057 2.0102457107843135 2.5254411764705895 -0.8445833333333336 -0.7573529411764703 -0.5102941176470597 0.3448394035470715 0.45277777777777806 1.6316666666666655 0.14999999999999902 0.5157378740970057 1.4156250000000181 -0.10000000000000009 0.1432576539387683 0.20882352941176519
75 18 -0.4799999999999995 -0.33726205065359494 -0.17 0.02 0.02 0.03 0.22156202394946853 0.019999999999999997 0.7247058823529408 -0.7579861111111128 -0.3814241486068109 0.0 -0.014705882352942408 -0.010526315789473684 0.0
75 19 -0.05 0.1770243055555553 0.41078125000000015 -0.09671875000000016 -0.09 -0.07 0.23092321067342517 0.05 0.815882352941177 -0.7348447712418236 -0.4294117647058826 0.0 -0.058680555555558275 -0.02631578947368421 0.0
75 20 -3.11 -3.0860882352941177 -3.06 0.04750000000000001 0.0744117647058822 0.135 0.18466370094956727 0.21 0.08000000000000007 -0.0588235294117645 -3.2421052631578946 0.10000000000000009 -0.1999999999999999 -0.11052631578947367 -0.049999999999999906
75 21 -0.5165909090909087 -0.41435918080285716 -0.33360119047618997 0.10750000000000001 0.13 0.1525 0.2464953000842929 0.5024999999999997 0.45999999999999996 -0.12272727272727546 0.022368421052631406 0.47319786096256616 -0.24711538461537802 -0.2644736842105262 -0.01875000000000071
75 22 -1.800735294117647 -1.7840522058823531 -1.685 -0.00505514705882378 0.1210000000000006 0.2523529411764691 0.27838394852980364 0.5558823529411765 0.8083823529411771 -0.6047058823529439 -0.42546439628483 -0.10000000000000009 0.041666666666666796 0.12875386996904004 0.5481617647058854
75 23 -0.58 -0.3903245506535945 -0.20823529411764694 0.385 0.4561764705882352 0.6024999999999999 0.2682485370339885 0.44117647058823584 0.8564705882352939 0.3588235294117649 0.45077399380804933 0.5573529411764724 0.10000000000000009 0.2321981424148609 0.3565359477124157
75 24 -1.8723529411764708 -1.8101319444444446 -1.6797058823529414 -0.4334803921568629 -0.21617647058823514 -0.07531249999999982 0.2718754029138088 0.41000000000000003 0.855294117647059 -0.8069852941176392 -0.45015479876160996 0.05032679738562029 -0.03198529411765148 0.19071207430340545 0.3470179738562108
75 25 0.677916666666665 0.7992771650326792 1.02 -0.08791666666666695 -0.015 -0.01 0.2624596279689868 0.13 1.0837500000000013 -1.2981617647058836 -0.5703947368421058 0.0 0.0 -0.06315789473684212 0.0
75 26 -0.39602941176470563 0.0679520016339865 0.46615808823529403 0.1575 0.26875000000000016 0.4046874999999999 0.3025837691798818 0.42000000000000004 1.2717647058823531 -0.8959558823529437 -0.6693498452012384 -0.4601102941176524 -0.30000000000000027 -0.21578947368421061 -0.15
75 27 -1.055269607843137 -0.7384336192810452 -0.4258854166666664 0.02 0.035 0.05208333333333334 0.2582802112724748 0.13 1.0470588235294116 0.45208333333333295 0.5510835913312692 0.5999999999999992 0.0 0.06842105263157895 0.1
75 28 -3.1198529411764704 -2.89054387254902 -2.6786764705882358 -0.31 -0.24375000000000013 -0.04786764705882359 0.2520347072609161 0.35 0.6941176470588237 0.15698529411765527 -3.1390608875129 0.49632352941177293 -0.10000000000000006 0.125438596491228 0.4132352941176455
75 29 1.8893137254901973 1.9701093954248363 2.1571875 -0.5675 -0.45562500000000017 -0.36888888888888904 0.2733710282625225 0.16999999999999998 0.5757352941176452 -0.5470588235294138 -0.30301857585139225 0.20000000000000018 -0.20000000000000018 -0.005921052631579149 0.2194444444444399
