83 0 -3.0524999999999998 -2.9241047794117647 -2.7944209558823525 0.1575 0.165 0.2530790441176473 0.23267884783381598 0.39249999999999974 0.5024999999999995 -0.352941176470587 -0.23289473684210496 -0.049999999999998934 -0.4125000000000044 -0.20131578947368411 0.0
83 1 0.8785049019607845 1.1530369281045756 1.4453308823529412 0.2005882352941173 0.30411764705882327 0.435 0.32554389138497536 0.24999999999999997 1.48 0.5039460784313743 0.7789473684210527 0.9882352941176431 -0.4108455882352986 -0.13157894736842105 0.050000000000000044
83 2 0.15955882352941153 0.32852423747276727 0.3479411764705895 -0.5149999999999992 -0.3862500000000004 -0.14638888888888907 0.33561800174413536 1.0286666666666662 0.6877777777777788 -0.08703703703703491 0.3619883040935678 0.7543300653594789 -0.8193218954248449 -0.38994152046783526 0.09705882352941342
83 3 2.624871323529412 2.9008235294117646 -3.0976470588235294 0.20750000000000002 0.3963398692810456 0.9670220588235297 0.3341739416036036 0.8275000000000003 0.6897058823529418 -0.8908088235294076 -3.5628568971448202 0.3330473856209193 -0.7446691176470506 -0.42500000000000016 0.0
83 4 0.2981862745098035 0.35194566993464055 0.4592647058823527 0.13485294117647068 0.165 0.19203125000000026 0.21451258799919343 0.21000000000000002 0.47 -0.12113970588234713 0.17763157894736856 0.5472426470588249 -0.10000000000000009 0.06710526315789488 0.2500000000000001
83 5 2.7775 2.8023235294117645 2.838235294117647 -1.01 -1.01 -1.0 0.19516167437886753 0.020000000000000018 0.10000000000000009 -0.09999999999999787 -0.05263157894736847 0.0 0.0 0.010526315789473694 0.0
83 6 -1.403478260869565 -1.339094106973365 -1.282127926421405 -0.07250000000000001 -0.07 -0.05890000000000009 0.1859304591720921 0.09500000000000001 0.16999999999999993 -0.16697324414715387 0.04696356275303667 0.3194679487179497 0.0 0.03947368421052633 0.09731457800511566
83 7 0.3275 0.332375 0.34 0.62 0.63 0.691158088235294 0.18035762451883272 0.25187500000000007 0.020000000000000018 -0.050000000000000044 -0.010526315789473694 0.0 -0.20000000000000018 -0.13256578947368425 -0.050000000000000044
83 8 1.1869577205882351 1.2828905637254904 1.4949999999999999 -0.0719117647058824 0.015 0.11750000000000001 0.2779179779603031 0.4023529411764704 0.9906666666666664 -0.06470588235294228 0.4517440660474716 0.9761029411764788 0.10000000000000005 0.21176470588235285 0.3
83 9 0.32470588235294134 0.3883541666666668 0.4621875000000002 -0.042031250000000256 -0.01 0.015 0.1869135585227235 0.1485714285714293 0.12125000000000041 -0.20000000000000573 0.04144736842105239 0.25863970588235363 0.0 0.07819548872180491 0.15000000000000002
83 10 -2.8991000000000002 -2.877798823529411 -2.829558823529412 0.017499999999999998 0.03 0.04 0.18277979204501796 0.09 0.20176470588235285 -0.2939999999999965 -0.10619195046439624 0.10000000000000009 -0.09999999999999999 -0.047368421052631574 0.0
83 11 0.9613235294117659 1.412050857843138 2.0422058823529414 -0.06985294117647067 0.1 0.28382352941176436 0.40199457275590955 0.63 2.218235294117647 0.8444444444444477 1.151702786377709 1.359803921568633 -0.39999999999999997 -0.3315789473684211 -0.20294117647059184
83 12 0.37323529411764733 0.39822038398692816 0.4125 -0.12876838235294052 -0.07 0.14505208333333358 0.21276690804396176 0.5 0.14999999999999997 -0.20000000000000018 -0.07894736842105261 0.04999999999999977 -0.4449346405228749 -0.2631578947368421 -0.06875000000000075
83 13 -1.9595588235294117 -1.3992203308516395 -0.8951260504201684 -0.1925 -0.12166666666666687 -0.0775 0.3318817264595738 0.20437499999999978 1.7329411764705884 -1.1562195931004022 -0.912074303405573 -0.6803921568627486 -0.12058823529411733 -0.03388157894736831 0.09999999999999995
83 14 -1.6132352941176462 -1.2599572303921553 -0.7642279411764702 0.0857352941176472 0.11 0.13823529411764643 0.3952723231242771 0.13999999999999999 2.568749999999999 0.988235294117642 1.351973684210526 2.0147058823529385 -0.05588235294117859 0.05263157894736842 0.19999999999999996
83 15 -1.0098749999999999 -0.6330652777777782 -0.22161764705882347 -0.06 -0.025 -0.01 0.2695354552823604 0.06 1.221875 -0.8020833333333302 -0.6430921052631579 -0.4943423202614401 0.0 0.026315789473684206 0.09999999999999996
83 16 0.8571250000000006 0.904437650829563 1.1046666666666667 0.21871568627450944 0.44 0.6061249999999997 0.2820202497655483 0.65 0.8099999999999998 0.09999999999999898 0.4263157894736841 0.38076923076922786 -0.4960906862745067 -0.3421052631578947 -0.19136029411765149
83 17 -0.6016176470588235 -0.12103073646125066 0.38308823529411784 0.1375 0.18323529411764694 0.2 0.3094948954775306 0.18588235294117658 1.5370588235294123 0.5552450980392237 0.8089783281733749 1.1007352941176358 -0.23235294117646924 -0.03993808049535608 0.10000000000000009
83 18 0.7823611111111113 1.128678921568628 1.4081801470588238 -0.4651388888888888 -0.3756066176470585 -0.37 0.260082913526475 0.17000000000000004 1.02 0.36111111111110983 0.5368421052631579 0.7116013071895477 0.0 0.08947368421052633 0.14999999999999958
83 19 2.8666176470588236 2.9013006127450987 3.0236764705882355 -0.042499999999999996 0.020165441176470785 0.09156249999999996 0.22650201380320878 0.21 0.598235294117647 -0.016078431372548163 0.30573787409700703 0.770588235294114 -0.049999999999999975 0.09473684210526313 0.10459558823529427
83 20 -0.8320588235294117 -0.4536267156862738 0.13343750000000032 0.2995588235294115 0.31599999999999984 0.34191176470588214 0.3363746523984126 0.06666666666666665 1.9333333333333333 0.541666666666666 1.017543859649123 1.3554166666666634 -0.09333333333333138 0.003508771929824555 0.10000000000000009
83 21 2.5952941176470588 2.829294526143791 3.092352941176471 -0.1525 -0.15 -0.15 0.23829541088831638 0.05 0.8882352941176466 0.3562500000000024 -2.837770897832817 0.547058823529416 0.0 0.02631578947368421 0.049999999999999975
83 22 -2.9539705882352942 -2.796031045751634 -2.5864705882352936 0.21611111111111087 0.345 0.37 0.27922693755198924 0.39999999999999997 0.9570588235294126 -0.7499999999999973 -0.3932275541795673 -0.022222222222221255 -0.32538126361655806 -0.21052631578947367 -0.04999999999999977
83 23 -3.03 -3.0308480392156865 -2.99 -0.07 -0.07 -0.06 0.1798982869388171 0.04 0.20764705882352974 -0.049999999999998934 -0.05687564499484025 0.09999999999999787 0.0 0.021052631578947368 0.049999999999999975
83 24 2.081323529411765 2.109119485294117 2.140294117647059 -0.8475 -0.67 -0.47617647058823565 0.22124098480161475 0.598235294117647 0.08823529411764675 -0.1437500000000047 0.014241486068111592 0.14705882352941346 -0.39999999999999925 -0.314860681114551 -0.20000000000000517
83 25 0.5275000000000001 0.5693566176470588 0.6322058823529414 -0.23 -0.215 -0.20941176470588266 0.20743281840492067 0.3305882352941173 0.26941176470588263 -0.19999999999999962 0.04767801857585124 0.0 -0.10000000000000009 -0.16873065015479863 0.0
83 26 2.8416176470588237 2.8995845588235296 2.936957720588235 -0.05 -0.05 0.005147058823528812 0.19198585064408094 0.08294117647058849 0.2899999999999996 0.0 0.10230263157894712 0.2882352941176447 -0.1529411764705864 -0.021807275541795432 0.023529411764709254
83 27 -2.958970588235294 -2.7520189950980396 -2.5577113970588234 0.16093137254901968 0.2 0.275 0.26249137150130314 0.16999999999999998 1.0482352941176485 -0.6911764705882306 -0.510216718266255 -0.2852941176470569 -0.1555147058823557 -0.057894736842105256 0.09999999999999981
83 28 -0.8308455882352939 -0.1598507202442387 0.5273529411764705 -0.8119901960784311 -0.785 -0.75 0.3247331424241581 0.07705882352941229 1.7717647058823531 -1.3765344427244885 -0.9325077399380806 -0.48447712418300315 -0.07509803921567915 0.040557275541795945 0.12647058823529622
83 29 -0.8169444444444445 -0.4477730800653591 -0.033823529411764315 0.08 0.095 0.11 0.26090418474400173 0.039999999999999994 1.137222222222222 0.3359477124182972 0.5985380116959064 0.7523897058823514 -0.049999999999999975 -0.005263157894736847 0.0
