86 0 -0.473658088235294 -0.4046746323529412 -0.36749999999999994 -0.13 -0.11705882352941152 -0.0744117647058824 0.20327590578151078 0.16 0.3917647058823531 -0.2518382352941165 -0.20619195046439637 -0.08437499999999737 -0.15937499999998922 -0.06315789473684212 0.02058823529411516
86 1 -0.25531249999999894 -0.08050844083247335 0.09619485294117722 0.2975 0.32 0.3564705882352943 0.24834230878039232 0.18 0.628235294117647 -0.6947058823529402 0.12291021671826638 0.7674632352941193 -0.050000000000000044 0.05789473684210524 0.17647058823529543
86 2 0.02 0.020000000000000004 0.02 -0.07031250000000011 -0.07 -0.07 0.15533972169256358 0.009999999999999995 0 0.0 0.0 0.0 0.0 -0.005263157894736839 0.0
86 3 -0.19106249999999997 -0.09934460784313728 -0.01 -0.09416666666666659 -0.06 -0.0275 0.1898140167564291 0.12000000000000001 0.28 -0.2 -0.14736842105263157 0.0 0.0 0.06315789473684212 0.10000000000000495
86 4 -0.04 -0.002374999999999959 0.03 0.0075 0.08580882352941166 0.2425 0.18531507864535726 0.24000000000000002 0.07 0.0 0.03684210526315789 0.04999999999999999 -0.1625000000000043 -0.1 0.1
86 5 0.01 0.01305882352941178 0.02 0.15196180555555558 0.24970588235294083 0.28338235294117675 0.19227473709817003 0.39722222222222187 0.019999999999999997 0.0 -0.005263157894736842 0.0 -0.04999999999999977 0.1774853801169589 0.33944035947712026
86 6 -0.18 -0.1645588235294118 -0.1575 -0.05 -0.05 -0.03737132352941136 0.1687089253113717 0.05874999999999958 0.1 -0.10000000000000009 -0.05263157894736843 0.0 -0.09999999999999995 -0.030921052631578728 0.0
86 7 0.017499999999999998 0.017500000000000005 0.02 0.0 0.0 0.0 0.15533972169256358 0 0.01 0.0 0.005263157894736842 0.0 0.0 0.0 0.0
86 8 0.04 0.04271874999999999 0.04578124999999984 -0.15 -0.135 -0.12 0.16065494746237177 0.04000000000000001 0.010000000000000002 0.0 0.0 0.0 0.0 0.010526315789473679 0.05294117647059185
86 9 -0.01044117647058822 0.010974264705882376 0.04 -0.0025 0.025625000000000207 0.03588235294117601 0.16863151027932174 0.09 0.05 -0.04999999999999999 -0.015789473684210523 0.008823529411764392 -0.09999999999999999 -0.02631578947368421 0.0
86 10 -1.3552941176470579 -0.605063071895424 -0.09983333333333315 0.0375 0.06 0.07562499999999994 0.31008968321038993 0.08352941176470682 1.4641176470588235 -0.2 0.7288338493292058 1.2187499999999951 -0.18117647058823463 -0.04245614035087762 0.10000000000000006
86 11 -0.05 -0.032312499999999994 -0.017499999999999998 -0.01 -0.005 0.0 0.16100711692157899 0.01 0.049999999999999996 -0.049999999999999975 0.0072368421052632316 0.09999999999999996 0.0 0.005263157894736842 0.0
86 12 -0.042499999999999996 0.01426678921568635 0.05703125000000027 0.1 0.12062745098039185 0.20750000000000002 0.21044967483003857 0.35937500000000033 0.15062499999999968 -0.0966666666666682 0.0792763157894735 0.2852941176470664 -0.25000000000000533 -0.18914473684210548 -0.049999999999999906
86 13 -0.2185294117647059 -0.18174632352941206 -0.03 0.02609375000000078 0.1149448529411764 0.21088235294117672 0.25227315100736286 0.4288235294117644 0.658125 -0.5470588235294093 -0.3463815789473684 -0.0441176470588266 -0.3987616099071173 -0.16878869969040236 0.05
86 14 -0.06 -0.06250000000000001 -0.06 -0.05 -0.045 -0.04 0.15887982473934037 0.03 0.020000000000000004 0.0 0.010526315789473686 0.0 0.0 -0.005263157894736842 0.0
86 15 -0.052500000000000005 0.03485543300653585 0.1001562500000002 -0.05 -0.04 -0.03 0.19423846477895254 0.03 0.33764705882352963 -0.3466666666666686 -0.031269349845201945 0.2503267973856203 -0.09705882352941325 -0.015789473684210527 0.0
86 16 -0.2625 -0.2006174428104576 -0.13 -0.15 -0.08823529411764694 0.08708333333333357 0.2057040082091277 0.3523529411764704 0.17000000000000004 -0.07941176470587757 0.010526315789473679 0.19999999999999996 0.0 0.18544891640866865 0.2833333333333284
86 17 -0.33220588235294135 -0.23836580882352942 -0.13323529411764712 -0.0125 0.0 0.0125 0.19450242956261624 0.05 0.37 -0.33033088235294633 -0.06842105263157897 0.30919117647058414 -0.01764705882353064 1.460819769243627e-18 0.09117647058823036
86 18 -0.08382352941176462 -0.03125183823529424 0.025 -0.43 -0.41941176470588265 -0.3165196078431371 0.21444227247604364 0.5 0.18 -0.1470588235294133 -0.07368421052631578 -0.008823529411760081 -0.5310661764705932 -0.2328947368421052 0.03823529411765336
86 19 0.02 0.0575386029411767 0.07 0.0157261029411769 0.15500000000000003 0.24 0.2055399424782732 0.29000000000000004 0.26125000000000154 0.0 0.13750000000000082 0.18437499999999762 0.008823529411769587 0.15263157894736845 0.2970588235294133
86 20 0.09 0.11466911764705874 0.13205882352941173 -0.13382352941176479 -0.12 -0.10562500000000022 0.17323613504362498 0.07999999999999999 0.09999999999999999 -0.10000000000000002 -0.0263157894736842 0.0 -0.09044117647058661 0.01578947368421053 0.10000000000000009
86 21 -0.33499999999999996 -0.2789013480392158 -0.22140625000000005 -0.15718749999999987 0.065 0.26264705882352957 0.2331164241179238 0.4158823529411769 0.25352941176470367 -0.3917279411764718 -0.09318885448916396 0.19999999999999976 -0.09999999999999981 0.17151702786377734 0.6031249999999988
86 22 -0.02 -0.014500000000000002 -0.01 -0.2425 -0.24 -0.21620588235294103 0.16868103371333526 0.15 0.01 0.0 0.0 0.0 -0.10000000000000009 -0.07894736842105263 0.0
86 23 0.0 0.006205882352941173 0.02 -0.07804227941176495 0.04071691176470603 0.1486856617647055 0.19277593750614852 0.22 0.03 0.0 1.460819769243627e-18 0.0 -0.44650735294117827 -0.08947368421052632 0.21562500000000248
86 24 -0.21 -0.17558394607843136 -0.16666666666666669 -0.0325 -0.015 0.01 0.17755325293406188 0.11 0.11000000000000001 0.0 0.05789473684210528 0.1979166666666659 -0.1 -0.057894736842105256 0.0
86 25 -0.05 -0.04341176470588241 -0.04 0.12 0.13 0.13 0.15710977321595201 0.020000000000000004 0.010000000000000002 0.0 0.0 0.0 0.0 0.0 0.0
86 26 -0.6487500000000005 -0.5295019607843139 -0.4225 0.04 0.04 0.04 0.1980711175492145 0.010000000000000002 0.48294117647058843 -0.30000000000000027 -0.25417956656346763 -0.19833333333333036 0.0 -0.005263157894736843 0.0
86 27 -0.15025000000000008 0.01609801930497575 0.18 -0.07 -0.055 0.01 0.2099197177465179 0.09 0.5394736842105265 -0.4053267973856223 -0.2839335180055403 -0.01840277777778357 0.0 0.04736842105263159 0.09999999999999998
86 28 -0.1225 -0.08628676470588223 -0.0693749999999998 0.0705882352941176 0.09 0.1 0.19423841821527185 0.175 0.20470588235294082 -0.09999999999999995 0.10773993808049516 0.10000000000000002 0.0 0.09210526315789473 0.1205882352941174
86 29 -0.9561764705882357 -0.6951850490196081 -0.4938235294117648 0.0375 0.0711764705882357 0.1225 0.24996420347289156 0.1 0.9170588235294115 -0.7933823529411799 -0.17244582043343665 0.39999999999999425 -0.1088235294117653 0.010526315789473684 0.09999999999999996
