17 0 -2.8125 -2.7760000000000002 -2.7375000000000003 -0.05 -0.04 0.0075 0.19421492961174905 0.31000000000000005 0.1200000000000001 0.0 0.06315789473684216 0.10000000000000231 0.0 0.16315789473684214 0.2
17 1 0.17 0.18000000000000002 0.24 -0.08249999999999999 0.09 0.1 0.22323821656050943 0.37 0.41000000000000003 0.0 0.20000000000000004 0.34999999999999987 -0.3 -0.19473684210526315 -0.049999999999999975
17 2 -0.785 -0.4999999999999999 -0.16 -0.455 -0.445 -0.425 0.2829406385654591 0.16999999999999998 1.28 0.5999999999999994 0.6736842105263158 0.7500000000000002 -0.14999999999999986 -0.0631578947368421 0.0
17 3 0.12 0.127 0.1325 0.19 0.21 0.31999999999999995 0.1924296644894316 0.38999999999999996 0.04000000000000001 0.0 0.02105263157894737 0.0 0.0 0.20526315789473681 0.3999999999999995
17 4 -0.22000000000000003 0.2105 0.5725 -0.05 0.015000000000000001 0.12 0.3063113635441601 0.18000000000000002 1.5 -1.2000000000000002 -0.7894736842105264 -0.30000000000000016 0.0 0.09473684210526317 0.09999999999999995
17 5 0.12 0.1315 0.14 0.02 0.02 0.0225 0.16156025802263785 0.039999999999999994 0.04000000000000001 -0.10000000000000009 -0.015789473684210527 0.0 0.0 -0.021052631578947368 0.0
17 6 0.135 0.15649999999999997 0.2125 1.22 1.24 1.2525 0.21605638362611063 0.44000000000000006 0.18 -0.1999999999999999 -0.010526315789473694 0.09999999999999981 -0.15000000000000013 -0.23157894736842108 0.0
17 7 0.3 0.3095 0.3125 0.1475 0.5349999999999999 0.9950000000000001 0.2759466428658363 1.3199999999999998 0.040000000000000036 -0.050000000000000044 -0.02105263157894739 0.0 -0.9000000000000001 -0.6947368421052631 -0.6
17 8 0.325 0.8055 1.3325 -0.05 -0.015 0.1375 0.3204823238265244 0.36 1.29 0.24999999999999994 0.6263157894736843 0.8000000000000002 -0.20000000000000004 0.005263157894736835 0.3999999999999999
17 9 0.14 0.18350000000000002 0.215 0.515 0.935 1.02 0.25732316929692894 1.0 0.16999999999999998 -0.1999999999999999 -0.0894736842105263 0.0 0.10000000000000009 0.5263157894736842 0.9499999999999998
17 10 0.1325 0.316 0.495 0.07 0.375 0.6475 0.2799837234776258 0.81 0.5 -0.55 -0.2631578947368421 0.050000000000000044 0.24999999999999967 0.42631578947368426 0.6499999999999997
17 11 0.24 0.2955 0.3375 0.54 0.58 0.59 0.19023099517221792 0.14999999999999997 0.24999999999999997 0.0 0.13157894736842105 0.20000000000000018 -0.10000000000000009 0.03684210526315789 0.050000000000000044
17 12 2.8225 2.8520000000000003 2.93 -0.3524999999999999 -0.31 -0.3 0.21192802142074732 0.09000000000000002 0.4900000000000002 -0.15000000000000124 0.1947368421052632 0.5500000000000016 -0.050000000000000044 0.0263157894736842 0.10000000000000009
17 13 -0.08499999999999999 0.06500000000000002 0.20750000000000002 -0.2225 -0.16 -0.07 0.2432434906081383 0.25 0.45999999999999996 0.2999999999999998 0.2421052631578947 0.35000000000000003 -0.2500000000000001 0.13157894736842105 0.35000000000000003
17 14 0.12 0.12150000000000001 0.12 0.33 0.35 0.37 0.15976485050103453 0.03999999999999998 0.020000000000000018 0.0 0.0 0.0 0.0 0.021052631578947358 0.0
17 15 -2.4124999999999996 -2.2689999999999997 -2.1449999999999996 -0.825 -0.77 -0.49 0.2557433891841453 0.66 0.5 -0.40000000000000036 -0.2631578947368421 -0.10000000000000231 0.10000000000000009 0.3473684210526316 0.5000000000000002
17 16 1.32 1.6104999999999996 1.9575 -0.265 0.0 0.11500000000000002 0.3380053470729036 0.9299999999999999 1.1800000000000002 0.40000000000000036 0.6210526315789475 0.7999999999999985 -0.6 -0.48947368421052634 -0.3499999999999999
17 17 2.3425000000000002 2.7102500000000003 -3.11375 -0.0625 0.025 0.1925 0.3242124954359204 0.41 1.5300000000000002 0.3500000000000014 -2.5 1.0499999999999998 -0.35 -0.2157894736842105 -0.09999999999999995
17 18 -1.11 -0.7834999999999999 -0.4 0.015 0.11 0.1525 0.30290838573572987 0.29 1.4 -0.8500000000000002 -0.7368421052631579 -0.6000000000000004 0.10000000000000005 0.15263157894736842 0.19999999999999998
17 19 -0.15999999999999998 0.46049999999999996 1.0675 0.1375 0.17 0.175 0.3518028642135584 0.19000000000000003 2.05 -1.6999999999999995 -1.0789473684210527 -0.4500000000000001 0.0 0.10000000000000002 0.1999999999999999
17 20 0.02 0.0375 0.03 0.20750000000000002 0.21 0.21 0.19297999107468866 0.33999999999999997 0.09999999999999999 0.0 0.05263157894736842 0.04999999999999999 -0.049999999999999906 -0.17894736842105263 0.0
17 21 1.6775 1.7805 2.005 -0.5725 -0.45499999999999996 -0.3225 0.2854859750902673 0.43000000000000005 0.8299999999999998 -1.1999999999999988 -0.43684210526315786 0.15000000000000124 -0.3500000000000003 -0.042105263157894736 0.40000000000000036
17 22 -0.385 -0.3635 -0.28 0.78 0.84 0.87 0.22296944297943116 0.41 0.37 0.0 0.1789473684210526 0.3 -0.050000000000000044 0.17894736842105266 0.3500000000000003
17 23 -0.4325 -0.3355 -0.25 0.0075 0.02 0.02 0.19507967057487122 0.05 0.41 -0.40000000000000024 -0.1473684210526316 0.10000000000000009 0.0 0.021052631578947368 0.04999999999999999
17 24 -0.28500000000000003 -0.184 -0.045000000000000005 0.4525 0.595 0.6425 0.24670286015659867 0.37000000000000005 0.68 0.10000000000000005 0.35789473684210527 0.55 -0.050000000000000044 0.15789473684210525 0.34999999999999976
17 25 -2.2075 -2.0555 -1.8525 0.51 0.785 0.8 0.34103569313156723 0.87 1.2700000000000002 0.3000000000000025 0.6684210526315791 1.0499999999999998 0.050000000000000044 0.45789473684210524 0.7
17 26 -0.02 -0.005500000000000001 0.01 1.2575 1.26 1.28 0.167836577548785 0.09000000000000008 0.05 0.0 0.015789473684210523 0.0 -0.050000000000000044 -0.005263157894736847 0.10000000000000009
17 27 0.31 0.31500000000000006 0.32 -0.07 -0.05 0.0125 0.1677706519534261 0.12000000000000001 0.010000000000000009 0.0 0.005263157894736847 0.0 0.0 0.06315789473684211 0.1
17 28 0.2375 0.2485 0.26 0.2275 0.24 0.26 0.1721653535640391 0.13000000000000003 0.07000000000000003 -0.10000000000000009 -0.03684210526315792 0.0 0.0 0.06842105263157898 0.10000000000000009
17 29 -0.07500000000000001 -0.0014999999999999985 0.0625 0.435 0.515 0.5725 0.20203816787699302 0.29000000000000004 0.25 0.0 0.13157894736842107 0.2 -0.20000000000000018 -0.15263157894736845 -0.10000000000000009
17 30 -0.1 -0.014500000000000004 0.0525 0.4175 0.485 0.49 0.21469730212179006 0.16999999999999998 0.41 0.0 0.2157894736842105 0.45 -0.3 -0.0894736842105263 0.0
17 31 0.0 0.18849999999999995 0.21 0.1525 0.21 0.2675 0.2886566919550489 0.64 0.89 -0.4999999999999999 -0.42105263157894735 0.05 -0.6000000000000001 -0.3368421052631579 -0.10000000000000009
17 32 0.7300000000000001 0.8875 1.1075 0.14 0.175 0.2625 0.2580812122195626 0.26 0.6100000000000001 -0.7499999999999998 -0.3210526315789474 0.30000000000000027 -0.20000000000000018 -0.1368421052631579 0.0
17 33 0.0 0.004 0.0025 0.82 0.84 0.84 0.16418997930950552 0.040000000000000036 0.07 -0.1 -0.021052631578947368 0.0 0.0 0.0 0.0
17 34 -0.07 0.055499999999999994 0.19 0.4125 0.54 0.5824999999999999 0.22990765548298098 0.35000000000000003 0.51 -0.44999999999999996 -0.26842105263157895 0.0 -0.24999999999999994 -0.1842105263157895 -0.10000000000000009
17 35 -1.1324999999999998 -1.105 -1.07 1.38 1.38 1.4 0.1757764534058177 0.030000000000000027 0.20999999999999996 -0.2500000000000002 -0.11052631578947367 0.0 0.0 -0.01578947368421054 0.0
17 36 -0.16 0.2925 0.84 0.2 0.31 0.4175 0.3396094689439735 0.22999999999999998 1.6400000000000001 0.5499999999999999 0.8578947368421053 1.2 -0.3999999999999998 -0.0736842105263158 0.24999999999999967
17 37 0.02 0.127 0.22750000000000004 0.6625000000000001 0.815 1.0925000000000002 0.2656940971236155 0.71 0.55 -0.4 -0.2894736842105263 -0.09999999999999996 0.20000000000000018 0.3736842105263158 0.4500000000000004
17 38 -0.16 -0.10200000000000001 -0.057499999999999996 -0.12 -0.12 -0.11 0.16960662907217328 0.05000000000000002 0.12000000000000001 0.0 0.06315789473684212 0.10000000000000009 -0.09999999999999995 -0.026315789473684223 0.0
17 39 -0.1525 -0.11199999999999996 -0.08750000000000001 0.1375 0.25 0.37249999999999994 0.19009914398150035 0.28 0.08000000000000002 0.0 0.021052631578947364 0.10000000000000009 0.0 0.13157894736842102 0.3
17 40 -0.30500000000000005 -0.26449999999999996 -0.13 0.51 0.51 0.5325 0.24348731388697317 0.3499999999999999 0.66 -0.049999999999999975 0.3473684210526315 0.8499999999999999 0.0 0.18421052631578944 0.3500000000000003
17 41 0.3375 0.5075000000000001 0.65 -0.36499999999999994 -0.14 0.05750000000000001 0.25956240821128657 0.72 0.47000000000000003 -0.4000000000000001 -0.23684210526315788 -0.10000000000000009 0.3 0.37894736842105264 0.49999999999999994
17 42 -0.025 0.1285 0.2475 -0.09 -0.07500000000000001 -0.07 0.19815565743032174 0.06 0.28 -0.35 0.07368421052631578 0.35000000000000003 0.0 0.026315789473684206 0.09999999999999995
17 43 0.26 0.325 0.3875 -0.5175 0.06 0.415 0.29645725992940886 1.48 0.2 -0.20000000000000018 -0.10526315789473684 0.0 0.4500000000000002 0.7789473684210527 1.0
17 44 0.0275 0.0935 0.14250000000000002 1.3675000000000002 1.435 1.45 0.1827400219075824 0.16999999999999993 0.15000000000000002 -0.049999999999999906 0.06315789473684212 0.1999999999999999 0.0 0.08947368421052627 0.15000000000000013
17 45 0.02 0.067 0.12 0.995 1.045 1.0925000000000002 0.1827248083086535 0.20999999999999996 0.11 -0.09999999999999998 -0.05263157894736842 0.0 0.09999999999999898 0.11052631578947367 0.20000000000000018
17 46 -0.5 -0.48850000000000005 -0.4775 0.3175 0.33 0.34 0.17311123372144915 0.13 0.030000000000000027 0.0 0.0 0.0 0.0 0.06842105263157895 0.050000000000000044
17 47 -2.6925 -1.5690000000000002 -0.53 -0.37249999999999994 -0.11 0.10750000000000001 0.29755218467280625 0.5 2.92 -1.95 -1.5368421052631578 -0.7499999999999996 -0.4999999999999999 0.08947368421052626 0.34999999999999976
17 48 0.145 0.15250000000000002 0.1925 0.9675 0.98 1.0025 0.18027765020893344 0.07000000000000006 0.21 -0.09999999999999981 0.06842105263157894 0.15 0.0 -0.005263157894736847 0.10000000000000009
17 49 1.415 1.519 1.66 -0.07500000000000001 -0.03 0.05500000000000001 0.2251756176721165 0.32 0.48 0.0 0.2421052631578947 0.40000000000000036 0.1 0.16842105263157894 0.25
17 50 -2.51 -2.259 -2.1025 -0.4375 -0.36 -0.285 0.2514600511176924 0.14 0.8400000000000001 -0.6999999999999995 -0.44210526315789467 -0.2499999999999991 0.04999999999999977 0.07368421052631578 0.20000000000000018
17 51 1.1775000000000002 1.9895000000000005 3.0825 0.015 0.085 0.215 0.40426280173637863 0.3 2.5200000000000005 -1.4500000000000002 -1.1473684210526311 -0.5000000000000004 0.049999999999999906 0.15789473684210525 0.2500000000000001
17 52 0.2525 0.387 0.5125 0.0225 0.66 1.11 0.29742540468173145 1.13 0.35000000000000003 -0.3 -0.1842105263157895 0.0 -0.05000000000000001 0.5947368421052632 1.0000000000000004
17 53 -0.935 -0.8065 -0.69 -0.3925 -0.185 0.025 0.2809957320783806 0.54 0.8999999999999999 0.2999999999999997 0.47368421052631576 0.6000000000000005 0.10000000000000006 0.28421052631578947 0.44999999999999996
17 54 0.1 0.13349999999999998 0.1525 -0.3175 0.26 0.49 0.2692642216722788 1.02 0.22999999999999998 -0.3 -0.12105263157894736 0.050000000000000044 0.24999999999999967 0.5263157894736843 0.8500000000000001
17 55 0.37750000000000006 0.506 0.63 0.63 0.665 0.785 0.21878752890583802 0.17000000000000004 0.35999999999999993 -0.34999999999999976 -0.18947368421052627 -0.10000000000000009 -0.10000000000000009 0.08947368421052633 0.2500000000000002
17 56 0.2875 0.8915000000000001 1.34 0.0975 0.13 0.17 0.27509711550164306 0.13 0.8300000000000001 -0.7000000000000004 -0.43684210526315786 0.0 0.0 0.06842105263157895 0.15
17 57 0.305 0.4135 0.53 -0.12 -0.025 0.0025 0.2140707046939025 0.25 0.38999999999999996 -0.30000000000000027 0.021052631578947347 0.3500000000000003 0.049999999999999975 0.13157894736842105 0.2
17 58 0.2675 0.6165 0.9400000000000001 -0.23 -0.085 -0.0075 0.28067117530122915 0.38999999999999996 1.05 -0.7499999999999998 -0.5526315789473685 -0.34999999999999987 0.10000000000000002 0.20526315789473684 0.3
17 59 -1.83 -1.56 -1.2775 0.04 0.09 0.16 0.25857048156111806 0.38999999999999996 0.76 -0.7000000000000006 -0.32105263157894737 0.050000000000000044 -0.40000000000000024 -0.13157894736842107 0.10000000000000002
17 60 0.22999999999999998 0.41100000000000003 0.5824999999999999 0.065 0.095 0.2825 0.26159088806848146 0.71 0.3 -0.44999999999999984 -0.15789473684210525 0.10000000000000009 0.0 0.3526315789473684 0.65
17 61 0.275 0.4245 0.4625 0.2 0.215 0.23 0.22680610978132984 0.06 0.75 0.050000000000000044 0.39473684210526316 0.5499999999999996 0.0 0.031578947368421054 0.10000000000000009
17 62 0.05 0.07749999999999999 0.08 0.09500000000000001 0.10500000000000001 0.1725 0.18531395999837721 0.23 0.11 0.0 0.04736842105263159 0.049999999999999975 -0.20000000000000004 -0.11578947368421054 0.0
17 63 -0.08 0.754 1.6749999999999998 0.6225 1.0 1.05 0.5152993549434053 0.84 3.1399999999999997 0.4500000000000004 1.6105263157894736 2.65 -0.9000000000000001 -0.44210526315789467 0.0
17 64 0.10500000000000001 1.7652500000000004 -3.1237500000000002 -1.2175 -0.995 -0.7749999999999999 0.256380611789525 0.44999999999999996 3.0900000000000003 -3.7 -5.221052631578948 -0.5500000000000016 -0.40000000000000036 0.07368421052631578 0.8499999999999996
17 65 -0.03 -0.030000000000000006 0.0225 -0.38 -0.28 -0.2 0.22921533530772048 0.4 0.45 0.0 0.23684210526315788 0.30000000000000004 -0.35000000000000003 -0.21052631578947367 0.0
