31 0 -2.89 -2.6925 -2.525 -0.24 -0.21 -0.2 0.21987296847742305 0.06999999999999998 0.43000000000000016 -0.40000000000000036 0.2263157894736843 0.7000000000000006 -0.09999999999999995 0.0 0.09999999999999981
31 1 -0.37 -0.263 -0.16 -0.4 -0.335 -0.31 0.20413277617753264 0.3 0.21999999999999997 -0.1999999999999999 -0.08421052631578946 0.10000000000000009 -0.3 -0.1473684210526316 0.0
31 2 0.05 0.06800000000000002 0.09 -0.17 -0.16 -0.16 0.15888996713862633 0.010000000000000009 0.039999999999999994 0.0 -0.010526315789473679 0.0 0.0 -0.005263157894736847 0.0
31 3 -0.09 -0.0485 -0.004999999999999999 -0.2975 -0.045000000000000005 0.05 0.20147262769280705 0.42 0.11 -0.15 -0.05789473684210527 0.0 0.04999999999999977 0.22105263157894733 0.35000000000000014
31 4 -0.17 -0.16399999999999998 -0.16 -0.3 -0.28500000000000003 -0.28 0.15976485050103456 0.04999999999999999 0.010000000000000009 0.0 -0.005263157894736847 0.0 -0.04999999999999977 -0.026315789473684206 0.0
31 5 -0.49 -0.492 -0.49 -0.14 -0.14 -0.14 0.15976485050103453 0.04000000000000001 0.020000000000000018 0.0 0.0 0.0 0.0 -0.02105263157894737 0.0
31 6 -0.16 -0.15250000000000002 -0.14 -0.19 -0.19 -0.19 0.1562247474542578 0 0.01999999999999999 0.0 0.0 0.0 0.0 0.0 0.0
31 7 -0.19 -0.188 -0.19 -0.24 -0.24 -0.24 0.1562247474542578 0 0.01999999999999999 0.0 -0.010526315789473679 0.0 0.0 0.0 0.0
31 8 -0.29 -0.12799999999999997 -0.017499999999999998 -0.6375 -0.31 -0.27 0.2261695728021421 0.43999999999999995 0.33 -0.2000000000000001 -0.15789473684210525 0.0 -0.10000000000000009 0.18947368421052627 0.3500000000000003
31 9 -0.555 -0.3935 -0.31 -0.23 -0.215 -0.21 0.19083203375390487 0.04000000000000001 0.27999999999999997 -0.19999999999999962 -0.14736842105263154 0.0 -0.09999999999999981 -0.0052631578947368324 0.049999999999999906
31 10 -0.3 -0.2665 -0.2475 -0.3 -0.3 -0.295 0.16774529595521118 0.04999999999999999 0.09999999999999998 -0.10000000000000009 -0.05263157894736841 0.0 0.0 0.026315789473684206 0.050000000000000044
31 11 -0.4325 -0.40800000000000003 -0.38 -0.07 -0.05 -0.05 0.17040544443993674 0.020000000000000004 0.14 -0.10000000000000009 -0.0736842105263158 0.0 0.0 -0.010526315789473679 0.0
31 12 -0.17 -0.16349999999999998 -0.16 -0.3 -0.3 -0.295 0.15711991561523794 0.019999999999999962 0.010000000000000009 0.0 0.0 0.0 0.0 -0.010526315789473665 0.0
31 13 0.31 0.32250000000000006 0.33 0.5974999999999999 0.61 0.6125 0.16157040042192383 0.06000000000000005 0.020000000000000018 0.0 0.0 0.0 -0.10000000000000009 -0.03157894736842108 0.0
31 14 0.09 0.13199999999999998 0.19 0.19 0.19 0.21 0.16775036715485417 0.01999999999999999 0.12 -0.050000000000000044 -0.010526315789473682 0.0 0.0 -0.005263157894736847 0.0
31 15 -0.21 -0.21000000000000002 -0.21 -0.42 -0.415 -0.38749999999999996 0.16418997930950546 0.10999999999999999 0 0.0 0.0 0.0 -0.10000000000000009 -0.057894736842105256 0.0
31 16 -0.66 -0.66 -0.66 0.0375 0.05 0.07 0.15976485050103453 0.04000000000000001 0.020000000000000018 0.0 0.005263157894736847 0.0 0.0 -0.02105263157894737 0.0
31 17 -0.33 -0.2485 -0.17750000000000002 -0.2725 -0.23 -0.2175 0.18012551421964385 0.07000000000000003 0.21999999999999997 -0.20000000000000004 -0.11578947368421051 0.0 0.0 0.026315789473684223 0.10000000000000009
31 18 -0.4 -0.34700000000000003 -0.2875 -0.9574999999999999 -0.8049999999999999 -0.745 0.20556812852448375 0.39 0.19 -0.14999999999999986 -0.09999999999999999 0.0 -0.2999999999999997 -0.20526315789473687 -0.14999999999999958
31 19 -1.75 -1.2239999999999998 -0.71 -0.605 -0.255 -0.10500000000000001 0.34486201468619404 0.52 1.44 -1.25 -0.3736842105263158 -0.09999999999999898 -0.40000000000000013 0.15789473684210523 0.5500000000000003
31 20 -0.3 -0.3 -0.3 -0.23 -0.23 -0.23 0.157109773215952 0 0.019999999999999962 0.0 0.005263157894736847 0.0 0.0 0.0 0.0
31 21 -0.295 -0.28450000000000003 -0.26 -0.24 -0.23 -0.23 0.16858468092011844 0.05000000000000002 0.10999999999999999 -0.10000000000000009 -0.057894736842105256 0.0 0.0 -0.026315789473684223 0.0
31 22 -0.3524999999999999 -0.3285 -0.3 -0.09 -0.07 -0.07 0.17129047020163096 0.03 0.13999999999999996 -0.10000000000000009 -0.07368421052631575 0.0 -0.049999999999999975 -0.015789473684210527 0.0
31 23 -0.24 -0.24000000000000005 -0.24 -0.52 -0.52 -0.52 0.1544546959308694 0 0 0.0 0.0 0.0 0.0 0.0 0.0
31 24 -0.5025 -0.4205 -0.37 -0.3524999999999999 -0.335 -0.31 0.20572026451377343 0.23000000000000004 0.35 -0.3 -0.09473684210526312 0.0 0.0 0.08947368421052634 0.050000000000000044
31 25 -0.495 -0.3765 -0.2775 -0.04 -0.01 0.04 0.200937514706479 0.09 0.28 -0.24999999999999994 0.04736842105263158 0.10000000000000009 -0.10000000000000002 -0.031578947368421054 0.10000000000000002
31 26 -0.2425 -0.24499999999999997 -0.225 -0.052500000000000005 -0.05 -0.0375 0.17831996429875457 0.06 0.21 -0.20000000000000004 -0.1105263157894737 0.0 0.0 0.031578947368421054 0.09999999999999995
31 27 -0.555 -0.43649999999999994 -0.35500000000000004 -0.08249999999999999 -0.05 -0.03 0.19893925919915617 0.15 0.35 -0.3 0.0 0.10000000000000009 0.0 0.05263157894736842 0.10000000000000002
31 28 -0.28250000000000003 -0.21749999999999997 -0.15 -0.15749999999999997 -0.095 -0.06 0.1990583309667735 0.22000000000000003 0.26999999999999996 -0.3 -0.0052631578947368324 0.15 0.0 0.11578947368421054 0.1999999999999999
31 29 -0.3524999999999999 -0.2615 -0.21000000000000002 -0.4125 -0.17 -0.0225 0.2672909164671995 0.8300000000000001 0.19999999999999998 -0.3500000000000002 -0.06315789473684212 0.4000000000000001 -0.4 0.18947368421052635 0.6499999999999998
31 30 -0.34750000000000003 -0.2655 -0.18500000000000003 -0.315 -0.255 -0.19000000000000003 0.19878184916223784 0.12 0.24000000000000002 -0.40000000000000024 -0.12105263157894736 0.15 -0.049999999999999906 -5.843279076974508e-18 0.20000000000000018
31 31 -0.31 -0.21000000000000002 -0.1 -0.9125 -0.895 -0.7424999999999999 0.2828538196275711 0.7000000000000001 0.52 -0.7999999999999998 -0.12105263157894736 0.0 -0.6999999999999997 -0.24736842105263154 0.40000000000000036
31 32 -0.37 -0.35700000000000004 -0.33 -0.4 -0.38 -0.38 0.17044601403708068 0.03999999999999998 0.09999999999999998 -0.10000000000000009 -0.05263157894736841 0.0 -0.050000000000000044 -0.010526315789473694 0.0
31 33 -0.4175 -0.4065 -0.38 -0.42 -0.415 -0.38749999999999996 0.17477986125197773 0.10000000000000003 0.13 -0.09999999999999981 -0.06842105263157895 0.0 -0.10000000000000009 -0.052631578947368446 0.0
31 34 -0.385 -0.35100000000000003 -0.31 -0.7424999999999999 -0.65 -0.47 0.2338354010304678 0.52 0.2 -0.1999999999999999 0.10526315789473684 0.15000000000000013 -0.6999999999999997 -0.09473684210526317 0.14999999999999986
31 35 -0.8025000000000001 -0.6365000000000001 -0.46749999999999997 -0.7625000000000001 -0.73 -0.7 0.24265016024990876 0.25 0.45 -1.0000000000000004 -0.036842105263157975 0.95 -0.2500000000000002 -0.13157894736842105 0.0
31 36 -0.33 -0.262 -0.21 -0.38 -0.37 -0.365 0.17227184875654183 0.03999999999999998 0.13999999999999999 -0.14999999999999986 -0.06842105263157897 0.0 0.0 -0.021052631578947358 0.0
31 37 3.1325 -3.0545 -3.0199999999999996 -0.93 -0.66 -0.57 0.2693401639011725 0.30999999999999994 0.4400000000000004 -0.29999999999999805 -3.205263157894736 0.15000000000000124 -0.20000000000000018 0.0736842105263158 0.49999999999999933
31 38 -0.16 -0.15700000000000003 -0.16 -0.28 -0.28 -0.27 0.15888996713862635 0.020000000000000018 0.03 0.0 -0.015789473684210527 0.0 0.0 -0.010526315789473694 0.0
31 39 -0.7049999999999998 -0.599 -0.46749999999999997 -0.39249999999999996 -0.33 -0.3175 0.21535919509919263 0.19 0.5 -0.39999999999999925 -0.2631578947368421 -0.10000000000000009 0.0 0.08421052631578946 0.19999999999999962
31 40 -0.1 -0.09600000000000002 -0.09 -0.83 -0.8 -0.7675000000000001 0.1704510852367236 0.12 0.05 -0.10000000000000002 0.005263157894736839 0.10000000000000002 -0.19999999999999962 -0.06315789473684211 0.0
31 41 0.09000000000000001 0.213 0.3425 -0.5325 -0.515 -0.47 0.20260614223700762 0.07000000000000006 0.27 -0.75 -0.1421052631578948 0.6499999999999999 -0.20000000000000018 0.0263157894736842 0.24999999999999994
31 42 -0.35 -0.3215 -0.3 -0.59 -0.575 -0.5475000000000001 0.1642153353077204 0.039999999999999925 0.04999999999999999 -0.050000000000000044 -0.005263157894736847 0.0 0.0 0.005263157894736847 0.0
31 43 -0.44 -0.4035 -0.33 -0.61 -0.5700000000000001 -0.46249999999999997 0.18988858777232345 0.19 0.16999999999999998 -0.14999999999999986 -0.0894736842105263 0.0 -0.10000000000000009 0.010526315789473694 0.20000000000000018
31 44 -0.2125 -0.21150000000000002 -0.17750000000000002 -0.33 -0.33 -0.3275 0.17035473244350685 0.030000000000000027 0.15 -0.15 -0.07894736842105263 0.0 0.0 0.01578947368421054 0.0
31 45 -0.5375 -0.3995 -0.25 -0.21 -0.2 -0.17 0.2287814434662665 0.15 0.59 -0.6 -0.3105263157894737 -0.050000000000000044 -0.10000000000000002 0.026315789473684206 0.3
31 46 -0.52 -0.3775 -0.245 -0.37 -0.31 -0.26 0.2065850054768955 0.14 0.45000000000000007 -0.3999999999999995 -0.23684210526315788 -0.10000000000000009 0.0 0.0736842105263158 0.1999999999999999
31 47 -0.19 -0.1925 -0.19 -0.3125 -0.31 -0.3 0.15976485050103456 0.040000000000000036 0.01999999999999999 0.0 -0.010526315789473679 0.0 0.0 -0.02105263157894739 0.0
31 48 0.0 0.006 0.01 -0.56 -0.56 -0.54 0.1633252383463832 0.06999999999999995 0.019999999999999997 0.0 -0.005263157894736842 0.0 0.0 -0.02105263157894739 0.0
31 49 -0.4525 -0.341 -0.2175 -0.7625 -0.16499999999999998 0.12 0.2790735445657024 1.02 0.29000000000000004 -0.30000000000000016 -0.15263157894736845 -0.10000000000000009 -0.049999999999999975 0.48421052631578954 0.8999999999999998
31 50 -0.385 -0.374 -0.35750000000000004 -0.61 -0.595 -0.59 0.18804510527810459 0.29 0.08999999999999997 -0.10000000000000009 -0.04736842105263156 0.0 -0.10000000000000009 -0.14736842105263154 0.0
31 51 -0.37 -0.37249999999999994 -0.37 -0.7825 -0.77 -0.77 0.16152475962513696 0.06000000000000005 0.020000000000000018 0.0 -0.010526315789473694 0.0 -0.050000000000000044 -0.03157894736842108 0.0
31 52 -0.28 -0.263 -0.225 -0.35 -0.315 -0.28 0.17834532029696945 0.10999999999999999 0.16 -0.20000000000000004 -0.08421052631578947 0.0 0.0 0.057894736842105256 0.10000000000000009
31 53 -0.31 -0.2809999999999999 -0.2375 -0.12 -0.1 -0.1 0.16328466874923933 0.01999999999999999 0.07999999999999999 -0.049999999999999906 -0.04210526315789473 0.0 0.0 0.010526315789473679 0.0
31 54 -0.09 -0.07750000000000003 -0.07 -0.24 -0.24 -0.24 0.1562247474542578 0 0.01999999999999999 0.0 -0.010526315789473679 0.0 0.0 0.0 0.0
31 55 -0.59 -0.37699999999999995 -0.1375 -0.865 -0.765 -0.7224999999999999 0.28409362651628867 0.3400000000000001 0.87 -0.45000000000000007 -0.12105263157894736 0.25 -0.5000000000000004 -0.1789473684210527 0.14999999999999958
31 56 -0.245 -0.217 -0.21 -0.59 -0.44999999999999996 -0.20500000000000002 0.21433460992332348 0.44999999999999996 0.19 0.0 0.10000000000000002 0.10000000000000009 0.0 0.23684210526315788 0.3500000000000002
31 57 -0.305 -0.24250000000000002 -0.17750000000000002 -0.3175 -0.26 -0.2175 0.19871856059069334 0.23999999999999996 0.24000000000000002 -0.3 -0.09473684210526317 0.0 -0.19999999999999976 -0.005263157894736835 0.14999999999999986
31 58 -0.5775 -0.434 -0.44 -0.8625 -0.8 -0.7150000000000001 0.2922318877033551 0.37 1.05 -0.9499999999999997 -0.4368421052631579 0.0 -0.24999999999999967 -0.057894736842105256 0.2999999999999997
31 59 -0.3025 -0.28150000000000003 -0.26 -0.35 -0.315 -0.3075 0.17045108523672364 0.04999999999999999 0.07 -0.10000000000000009 -0.005263157894736847 0.10000000000000009 -0.10000000000000009 -0.01578947368421054 0.0
