32 0 0.3375 0.47650000000000003 0.5875 -0.72 -0.5800000000000001 -0.34750000000000003 0.2613730293318186 0.66 0.56 -0.5999999999999994 -0.25789473684210523 -0.04999999999999977 -0.5 -0.3315789473684211 -0.24999999999999967
32 1 -0.7925 -0.7194999999999999 -0.67 -0.1 -0.09 -0.09 0.17683389995537346 0.03 0.12 -0.04999999999999949 0.05263157894736847 0.20000000000000018 0.0 -0.015789473684210527 0.0
32 2 -0.5225 -0.5185000000000001 -0.51 -0.07750000000000001 0.015 0.03 0.18206798653089373 0.19 0.08000000000000002 0.0 0.04210526315789474 0.050000000000000044 0.0 0.08947368421052633 0.20000000000000004
32 3 -0.66 -0.6445000000000001 -0.6375 0.19 0.19 0.2025 0.16512571706762957 0.04999999999999999 0.07000000000000006 0.0 0.036842105263157926 0.10000000000000009 0.0 0.015789473684210527 0.09999999999999981
32 4 -0.86 -0.8554999999999999 -0.84 -0.02 -0.02 -0.02 0.15799479897764615 0.009999999999999998 0.020000000000000018 0.0 0.010526315789473694 0.0 0.0 0.005263157894736841 0.0
32 5 -0.52 -0.5195 -0.52 -0.17 -0.16 -0.16 0.1562247474542578 0.010000000000000009 0.010000000000000009 0.0 -0.005263157894736847 0.0 0.0 0.005263157894736847 0.0
32 6 -1.4949999999999999 -1.088 -0.6025 -0.042499999999999996 -0.025 0.09 0.32575150310357415 0.24 1.6900000000000002 -1.4999999999999991 -0.8894736842105262 -0.30000000000000027 -0.09999999999999996 0.10526315789473684 0.20000000000000004
32 7 -0.56 -0.5414999999999999 -0.52 -0.14 -0.14 -0.14 0.1606498762627287 0.01999999999999999 0.040000000000000036 0.0 -0.010526315789473694 0.0 0.0 0.010526315789473679 0.0
32 8 -0.63 -0.61 -0.6075 -0.19 -0.19 -0.17750000000000002 0.16334552314495515 0.01999999999999999 0.07999999999999996 -0.050000000000000044 -0.026315789473684174 0.0 0.0 0.0 0.0
32 9 -0.77 -0.7510000000000001 -0.73 -0.28 -0.16 -0.0275 0.19177284271167191 0.32 0.06000000000000005 0.0 0.03157894736842108 0.10000000000000009 -0.35000000000000003 -0.16842105263157897 0.0
32 10 -0.82 -0.7184999999999999 -0.6124999999999999 0.03 0.035 0.05 0.18636633534829003 0.030000000000000002 0.32999999999999996 0.0 0.17368421052631577 0.34999999999999976 0.0 -0.010526315789473687 0.0
32 11 -0.09 0.1355 0.3525 0.6425000000000001 0.705 0.75 0.2701364680108726 0.31 0.83 -0.8499999999999996 -0.3789473684210526 0.10000000000000002 -0.30000000000000027 -0.16315789473684209 0.0
32 12 -0.7224999999999999 -0.716 -0.6575 -0.14 -0.12 -0.10750000000000001 0.18998250638971156 0.11 0.28 0.0 0.1473684210526316 0.20000000000000018 -0.10000000000000002 -0.05789473684210527 0.0
32 13 -0.58 -0.5584999999999999 -0.54 -0.52 -0.51 -0.51 0.16242499898576004 0.030000000000000027 0.05999999999999994 -0.050000000000000044 -0.005263157894736847 0.04999999999999949 0.0 -0.01578947368421054 0.0
32 14 -0.67 -0.6065 -0.6275 0.08750000000000001 0.26 0.2625 0.22721200860075463 0.4 0.43000000000000005 -0.3500000000000003 -0.2052631578947369 0.050000000000000044 0.0 0.21052631578947367 0.4
32 15 -0.7 -0.6999999999999998 -0.7 -0.33 -0.33 -0.33 0.1544546959308694 0 0 0.0 0.0 0.0 0.0 0.0 0.0
32 16 -0.98 -0.9754999999999999 -0.96 -0.042499999999999996 -0.005 0.0 0.16335566554424116 0.07 0.030000000000000027 0.0 0.0 0.0 0.0 0.0368421052631579 0.09999999999999998
32 17 -0.56 -0.5465000000000002 -0.54 -0.12 -0.12 -0.1175 0.16515107306584445 0.020000000000000018 0.050000000000000044 -0.10000000000000009 -0.010526315789473694 0.0 0.0 0.0 0.049999999999999975
32 18 -2.64 -2.6410000000000005 -2.64 -0.91 -0.9 -0.89 0.17603323461398027 0.020000000000000018 0.009999999999999787 0.0 0.0 0.0 0.0 0.0 0.0
32 19 -0.91 -0.9099999999999999 -0.91 -0.2225 -0.21 -0.21 0.1562247474542578 0.020000000000000018 0 0.0 0.0 0.0 -0.050000000000000044 -0.010526315789473694 0.0
32 20 -0.35 -0.18450000000000003 -0.057499999999999996 0.7349999999999999 0.8049999999999999 0.925 0.24157526877358113 0.32999999999999996 0.66 -0.5500000000000003 -0.331578947368421 0.0 0.10000000000000009 0.17368421052631577 0.24999999999999967
32 21 -0.68 -0.6745 -0.66 -0.23 -0.21 -0.1975 0.1669363381881618 0.09 0.039999999999999925 0.0 0.0 0.04999999999999949 0.0 0.04736842105263159 0.10000000000000009
32 22 -0.75 -0.696 -0.7075 0.03 0.03 0.1 0.22563729968761415 0.54 0.28 0.0 0.1473684210526316 0.20000000000000018 0.0 0.28421052631578947 0.40000000000000024
32 23 -0.77 -0.7415 -0.72 -0.34 -0.32 -0.31 0.17215521116475316 0.03999999999999998 0.08000000000000007 -0.10000000000000009 0.03684210526315787 0.10000000000000009 0.0 -0.005263157894736847 0.0
32 24 -0.75 -0.6170000000000001 -0.5725 -0.1 -0.095 -0.09 0.21807005558034817 0.10999999999999999 0.57 0.0 0.3 0.4500000000000004 0.0 0.05789473684210527 0.10000000000000009
32 25 -0.67 -0.6405000000000001 -0.61 -0.21 -0.2 -0.19 0.17855831068197495 0.14 0.07000000000000006 -0.10000000000000009 -0.010526315789473694 0.10000000000000009 0.0 0.07368421052631578 0.15
32 26 -0.7 -0.6035 -0.645 -0.24 -0.22 -0.1475 0.2523428455515438 0.49 0.5700000000000001 -0.09999999999999953 0.30000000000000004 0.30000000000000027 0.0 0.2578947368421053 0.3
32 27 -0.12 -0.10550000000000001 -0.0825 -0.10750000000000001 0.125 0.665 0.26811549352914926 0.98 0.16999999999999998 0.0 0.07894736842105263 0.2 0.050000000000000044 0.5157894736842106 0.9500000000000001
32 28 -0.82 -0.7995000000000001 -0.79 -0.155 0.04 0.08249999999999999 0.2634017120369995 1.11 0.13 -0.10000000000000009 -0.04736842105263162 0.0 -0.09999999999999996 0.5368421052631579 1.2
32 29 1.8125 2.1935 2.7299999999999995 -0.9175 -0.35 -0.165 0.42365717473325504 0.8099999999999999 1.1999999999999997 -2.1499999999999995 -0.6315789473684209 0.9000000000000008 -0.6500000000000001 -0.41578947368421054 0.0
32 30 -0.82 -0.82 -0.82 -0.1 -0.09 -0.09 0.1553397216925636 0.010000000000000009 0 0.0 0.0 0.0 0.0 0.005263157894736847 0.0
32 31 -0.8025000000000001 -0.7895 -0.77 -0.17 -0.155 -0.14 0.17497256683841136 0.12 0.08999999999999997 -0.050000000000000044 0.010526315789473694 0.10000000000000009 0.0 0.06315789473684211 0.10000000000000009
32 32 -0.99 -0.9905000000000002 -0.9874999999999999 -0.26 -0.26 -0.26 0.15887982473934034 0.020000000000000018 0.030000000000000027 0.0 0.01578947368421054 0.0 0.0 0.0 0.0
32 33 -0.63 -0.623 -0.61 -0.23 -0.225 -0.17250000000000001 0.17226170635725588 0.16 0.040000000000000036 -0.10000000000000009 -0.005263157894736847 0.10000000000000009 -0.15000000000000013 -0.06842105263157897 0.0
32 34 -0.99 -0.8765000000000001 -0.7975 -0.415 -0.35 -0.35 0.19715399407683884 0.10000000000000003 0.38 -0.30000000000000027 -0.09999999999999998 0.10000000000000009 0.0 0.052631578947368446 0.10000000000000009
32 35 -1.03 -1.0090000000000001 -1.03 -0.23 -0.23 -0.23 0.18747713091808998 0.09 0.28 0.0 0.1473684210526316 0.0 0.0 0.047368421052631574 0.0
32 36 -0.7525 -0.7454999999999999 -0.73 -0.23 -0.195 -0.17 0.1820882713294657 0.07 0.22999999999999998 0.0 0.12105263157894736 0.20000000000000018 -0.09999999999999981 -0.0052631578947368324 0.049999999999999906
32 37 1.9 2.1079999999999997 2.335 -0.09 -0.060000000000000005 0.0 0.2107515031035742 0.12000000000000001 0.5000000000000002 -0.049999999999998934 0.2473684210526316 0.2499999999999991 0.0 0.06315789473684211 0.15
32 38 -0.9125 -0.8615000000000002 -0.85 -0.14 -0.14 -0.12 0.19415407521603312 0.12 0.32999999999999996 -0.24999999999999967 -0.11578947368421051 0.10000000000000009 -0.10000000000000009 -0.05263157894736843 0.0
32 39 -0.6525000000000001 -0.4539999999999999 -0.29 -0.26 -0.21 -0.17750000000000002 0.23433014726763773 0.13 0.75 -0.6500000000000004 -0.3526315789473684 -0.050000000000000044 -0.10000000000000009 -0.06842105263157897 0.0
32 40 -0.72 -0.6905000000000001 -0.655 -0.3225 -0.31 -0.31 0.16858468092011847 0.03999999999999998 0.12 -0.10000000000000009 -0.04736842105263156 0.0 0.0 0.021052631578947358 0.0
32 41 -0.0375 0.0635 0.2025 -0.7449999999999999 -0.505 -0.3025 0.25870699825550747 0.6100000000000001 0.3 -0.5 -0.09999999999999999 0.24999999999999994 0.20000000000000018 0.3052631578947369 0.4999999999999999
32 42 -1.0550000000000002 -1.0435 -0.99 -0.16 -0.155 -0.1175 0.19188440910381763 0.06000000000000001 0.3500000000000001 -0.050000000000000044 0.16842105263157897 0.20000000000000018 -0.049999999999999906 0.005263157894736841 0.0
32 43 1.675 2.0945 2.5 -0.15500000000000003 0.20500000000000002 0.6 0.35660366749158173 1.0 1.33 0.39999999999999925 0.7000000000000001 1.0999999999999999 0.30000000000000027 0.5157894736842106 0.7999999999999998
32 44 -0.87 -0.8314999999999999 -0.8175 -0.3225 -0.31 -0.31 0.17132596859913182 0.03999999999999998 0.15000000000000002 -0.15000000000000013 -0.05263157894736841 0.050000000000000044 0.0 0.010526315789473665 0.0
32 45 -0.8 -0.7985000000000002 -0.8 -0.24 -0.235 -0.23 0.15622474745425782 0.009999999999999981 0.010000000000000009 0.0 -0.005263157894736847 0.0 0.0 0.0052631578947368324 0.0
32 46 -1.0725 -1.0605000000000002 -1.05 -0.25 -0.24 -0.21500000000000002 0.17482043084912172 0.07999999999999999 0.1200000000000001 -0.10000000000000009 -0.06315789473684216 0.0 0.0 0.04210526315789473 0.10000000000000009
32 47 -0.8 -0.7840000000000001 -0.79 0.02 0.02 0.03 0.16508007627084262 0.02 0.09000000000000008 -0.050000000000000044 -0.04736842105263162 0.0 0.0 -0.010526315789473684 0.0
32 48 -0.63 -0.6215000000000002 -0.625 -0.3325 -0.31 -0.31 0.166860270193517 0.07999999999999996 0.06000000000000005 0.0 -0.03157894736842108 0.0 0.0 -0.021052631578947358 0.0
32 49 -0.935 -0.8865000000000001 -0.83 -0.3 -0.245 -0.24 0.18764691468213718 0.09999999999999998 0.24 -0.14999999999999958 0.0 0.24999999999999967 -0.10000000000000009 -0.05263157894736841 0.0
32 50 -0.8925 -0.8664999999999999 -0.835 -0.15 -0.14 -0.1375 0.16782643514949896 0.03 0.09000000000000008 -0.10000000000000009 -0.02105263157894739 0.04999999999999949 0.0 0.015789473684210527 0.049999999999999906
32 51 -0.68 -0.6695000000000001 -0.66 -0.09 -0.07 -0.07 0.15888996713862633 0.01999999999999999 0.020000000000000018 0.0 0.005263157894736847 0.0 0.0 -0.010526315789473677 0.0
32 52 -0.73 -0.7270000000000001 -0.72 -0.1 -0.1 -0.09 0.1562298186539008 0.010000000000000009 0.010000000000000009 0.0 0.0 0.0 0.0 0.005263157894736847 0.0
32 53 -0.86 -0.8569999999999999 -0.86 -0.24 -0.195 -0.1575 0.17124482940484398 0.12 0.07000000000000006 0.0 0.036842105263157926 0.050000000000000044 0.0 0.06315789473684211 0.10000000000000009
32 54 -0.86 -0.6755 -0.555 -0.2 -0.07500000000000001 -0.0625 0.22865466347519176 0.26 0.54 -0.2500000000000002 -0.12105263157894741 0.10000000000000009 -0.20000000000000004 -0.1368421052631579 0.0
32 55 -0.61 -0.45999999999999996 -0.21500000000000002 -0.0925 -0.07 -0.057499999999999996 0.20690956225404677 0.05 0.51 -0.40000000000000036 -0.268421052631579 0.0 0.0 0.005263157894736847 0.0
32 56 -1.2675 -0.8985 -0.575 -0.09 -0.02 0.11750000000000001 0.30060585824982766 0.51 1.0699999999999998 -1.0499999999999998 -0.5631578947368421 0.10000000000000009 0.14999999999999994 0.26842105263157895 0.35000000000000003
32 57 -0.995 -0.892 -0.7575 -0.19 -0.19 -0.11 0.2788067994644813 0.13999999999999999 1.1400000000000001 -0.9999999999999998 -0.6 -0.24999999999999967 -0.049999999999999975 0.04736842105263159 0.1999999999999999
