40 0 -2.0324999999999998 -2.012758658008658 -1.9880952380952384 -0.19 -0.19 -0.18 0.1672395669485288 0.010000000000000009 0.12428571428571433 -0.14999999999999902 -0.0654135338345865 0.0 0.0 -0.005263157894736847 0.0
40 1 -2.235 -2.2200357142857143 -2.1898809523809524 -0.12 -0.12 -0.09464285714285756 0.16775873134127825 0.039999999999999994 0.054285714285713826 -0.09047619047619415 -0.02857142857142833 0.049999999999998934 0.0 0.012531328320801702 0.006818181818182556
40 2 0.5790909090909095 0.940226190476191 1.3035714285714295 -0.25108766233766144 -0.185 -0.12357142857142815 0.29104828569358615 0.15 1.1928571428571428 0.07500000000000062 0.554887218045112 1.0253246753246736 -0.08409090909091269 0.07368421052631581 0.22857142857142015
40 3 -2.5471915584415603 -2.2135854978354983 -1.8957954545454547 -0.16 -0.15285714285714286 -0.03357142857142815 0.27084262664043496 0.15 1.1642857142857141 -0.7654761904762053 -0.6127819548872179 -0.27619047619046544 0.0 0.07368421052631578 0.1285714285714286
40 4 -1.3153571428571422 -1.0205649350649344 -0.7935714285714282 0.12 0.13 0.14821428571428613 0.21609976238046885 0.03 0.6100000000000001 0.040476190476179674 0.3210526315789474 0.2617965367965497 -0.049999999999999906 0.0 0.06190476190475899
40 5 -2.158928571428572 -2.0121666666666673 -1.8957954545454547 -0.09107142857142858 -0.08499999999999999 -0.057499999999999996 0.21181479607413092 0.0757142857142857 0.5542857142857143 -0.37142857142857033 -0.28120300751879695 -0.11190476190475973 -0.07619047619048183 -0.013533834586466158 0.026190476190473353
40 6 -1.951964285714284 -1.6266201298701304 -1.3990909090909094 -0.14909632034631998 -0.10523809523809469 -0.0024999999999999996 0.2880346188096931 0.4657142857142857 0.9757142857142858 -0.8229437229437198 -0.4736842105263157 -0.1190476190476164 -0.10681818181818258 0.13784461152882233 0.31818181818180935
40 7 -1.4224999999999999 -1.3743939393939395 -1.3276190476190477 0.09 0.127857142857142 0.13 0.1837213990616674 0.05000000000000002 0.2366666666666677 -0.2976190476190532 -0.12456140350877247 0.09686147186146243 -0.05238095238096374 2.921639538487254e-18 0.050000000000000044
40 8 -1.9825 -1.9684761904761903 -1.96 0.18 0.18 0.19 0.16723449574888577 0.020000000000000018 0.1142857142857141 -0.10000000000000009 -0.06015037593984953 0.0 0.0 -0.0052631578947368324 0.0
40 9 -1.9315476190476186 -1.9253333333333338 -1.92 -0.05 -0.05 -0.04 0.16067348436446804 0.030000000000000002 0.040000000000000036 -0.0023809523809470434 -0.00852130325814566 0.03809523809524151 0.0 -0.01578947368421053 0.0
40 10 -1.390113636363636 -1.2097694805194799 -0.9375 -0.13 -0.12159090909090953 -0.1175 0.24081708273574606 0.020000000000000004 0.9500000000000001 0.14999999999999958 0.4651629072681703 0.6738095238095188 0.0 0.0 0.0
40 11 -1.7118181818181817 -1.3933051948051953 -1.0325 0.03 0.045 0.08 0.2727621312717254 0.28 1.0542857142857143 -0.6682900432900507 -0.5548872180451127 -0.3500000000000003 0.0 0.14736842105263157 0.10000000000000006
40 12 0.8356493506493492 1.1766168831168833 1.6010714285714287 -0.010476190476190195 0.0 0.056428571428571855 0.29927385167236775 0.09999999999999999 0.8252380952380964 -1.3493506493506682 -0.4343358395989981 0.7522727272727214 -0.1 0.05263157894736842 0.1404761904761877
40 13 -2.2432142857142847 -2.151248917748917 -1.9948863636363643 -0.15 -0.08833333333333221 0.0 0.25836307761366906 0.18571428571428572 0.8871428571428575 -0.3214285714285703 0.2162907268170425 0.8190476190476181 -0.1452380952380901 -0.04962406015037595 0.14523809523810655
40 14 -2.3706006493506537 -2.047699134199134 -1.76 -0.21047619047619062 -0.15000000000000002 -0.07 0.2510779356496273 0.20999999999999996 0.4671428571428571 -0.050000000000000044 0.18045112781954883 0.641233766233753 -0.1999999999999999 -0.11052631578947367 -0.009523809523812321
40 15 -2.204886363636363 -1.8098008658008655 -1.5266883116883112 -0.09605519480519484 0.0073809523809518175 0.2025 0.31865628295278575 0.3670779220779222 1.3076190476190481 0.11590909090908763 0.6882205513784464 1.1113636363636337 -0.3686147186147255 -0.11353383458646618 0.14047619047617949
40 16 -2.6410876623376627 -2.1401623376623387 -1.7198863636363644 -0.13 -0.11 -0.08785714285714286 0.3137494636455739 0.08857142857142858 1.6571428571428573 -1.2422077922077934 -0.8721804511278196 -0.47770562770561353 -0.10000000000000002 0.006015037593984945 0.12543290043290772
40 17 1.3948863636363642 1.7079805194805204 2.073928571428572 -0.47 -0.4571428571428572 -0.35750000000000004 0.2822159375682976 0.13428571428571429 1.3142857142857145 0.475000000000001 0.6917293233082707 0.9175324675324581 -0.1214285714285715 -0.07067669172932331 0.0
40 18 -1.66 -1.5723419913419914 -1.508295454545455 -0.0225 0.004047619047619612 0.07047619047619062 0.1894841140378327 0.11 0.24 -0.2681818181818174 -0.11052631578947367 0.050000000000000044 -0.09999999999999995 0.05588972431077723 0.15638528138527485
40 19 -0.4125 -0.34021103896103905 -0.27784090909090914 0.0975 0.11 0.11369047619047676 0.18299953853693157 0.07 0.18857142857142856 0.04556277056276467 0.03233082706766916 0.20000000000000018 -0.0880952380952324 -1.460819769243627e-18 0.09999999999999995
40 20 -1.9696753246753254 -1.4231038961038962 -0.8289231601731598 -0.09 -0.055 0.06190476190476162 0.33373828168219843 0.24428571428571427 1.036493506493508 -1.140476190476204 -0.3373433583959896 1.2022727272727303 -0.23333333333333892 0.008270676691729319 0.2904761904761961
40 21 -2.2046590909090913 -2.1843722943722947 -2.1487499999999997 -0.04857142857142942 -0.04 -0.02 0.16963491582862356 0.05 0.08428571428571452 -0.07500000000000062 -0.04436090225563922 0.049999999999998934 -0.08409090909091277 -0.02631578947368421 0.0
40 22 -0.515 -0.44001839826839795 -0.31809523809523793 -0.20392857142857185 -0.07214285714285715 -0.017499999999999998 0.23225309299104469 0.2757142857142857 0.5757142857142857 -0.2964285714285714 0.14185463659147837 0.3959956709956716 -0.2000000000000001 -0.1451127819548872 -0.06904761904761615
40 23 -2.884642857142858 -2.5830064935064936 -2.2442370129870115 -0.26 -0.2403138528138521 -0.18500000000000003 0.2567909859132021 0.16 0.7414285714285715 -0.049999999999998934 0.3902255639097745 0.8775974025974165 -0.1250000000000001 -0.010526315789473687 0.14761904761904476
40 24 -0.8157629870129882 -0.27020562770562895 0.3667045454545452 0.03579545454545476 0.09 0.10352272727272738 0.36758616175603165 0.13999999999999999 2.23857142857143 -1.5785714285714278 -1.1781954887218056 -0.962554112554125 -0.049999999999999975 0.054636591478696456 0.16904761904761623
40 25 0.87 0.8986580086580087 0.97 -0.020952380952380813 -0.004761904761905285 0.01125 0.19065260574106718 0.04 0.3461904761904767 -0.3250000000000003 -0.18220551378446145 -0.006818181818182278 -0.07619047619048143 0.010526315789473684 0.07857142857143662
40 26 -2.1810876623376627 -2.0048809523809523 -1.8250000000000002 -0.07678571428571429 0.02880952380952409 0.05 0.23598615157763259 0.17190476190476248 0.723809523809525 -0.7428571428571429 -0.3779448621553881 -0.14999999999999125 0.0 0.09047619047619078 0.20714285714285718
40 27 -1.77 -1.2511482683982693 -0.7007954545454548 -0.26 -0.215 -0.16741883116883138 0.28191855123648213 0.10428571428571426 1.2642857142857142 -1.2832251082251052 -0.6601503759398496 -0.10000000000000009 -0.10000000000000009 -0.013533834586466181 0.050000000000000044
40 28 -1.0773809523809528 -0.9508809523809528 -0.7873863636363643 -0.13 -0.12023809523809467 -0.12 0.20620190993233317 0.010000000000000009 0.5723809523809534 -0.49999999999999933 -0.30125313283208077 0.0 0.0 -0.005263157894736847 0.0
40 29 -1.6585714285714281 -1.635314935064935 -1.6042857142857145 0.06357142857142815 0.28404761904761877 0.3342857142857152 0.2015264670078963 0.41000000000000003 0.06428571428571406 -0.10000000000000009 0.033834586466165294 0.14967532467532463 -0.3853896103896113 -0.21578947368421056 0.0
40 30 -1.6935876623376627 -1.1083993506493521 -0.668181818181819 -0.18 -0.15880952380952323 -0.1479761904761906 0.3605124023089617 0.07571428571428572 2.227619047619048 -1.3312770562770755 -1.1724310776942355 -0.5687229437229413 -0.049999999999999906 0.03984962406015038 0.11590909090908721
40 31 -1.81 -1.7929480519480525 -1.79 0.24 0.27 0.2925 0.1826017768655598 0.09428571428571428 0.22285714285714286 -0.07499999999999951 -0.09624060150375939 0.06590909090909536 -0.09999999999999967 0.01278195488721804 0.09999999999999995
40 32 -2.1035876623376626 -2.0803246753246754 -2.014166666666666 -0.19170454545454524 -0.19 -0.18714285714285755 0.18962412179429627 0.020000000000000018 0.320476190476191 -0.4669913419913452 -0.16867167919799528 0.049999999999998934 0.0 0.005263157894736847 0.0
40 33 1.8082142857142858 2.2210021645021647 2.5979058441558447 0.09500000000000001 0.20050865800865852 0.2923809523809522 0.29551192258778786 0.15619047619047674 1.2219047619047625 0.2840909090909127 0.6431077694235592 1.0295454545454485 -0.2857142857142857 -0.08220551378446145 0.03409090909090473
40 34 0.15579545454545476 0.45671103896103976 0.8600162337662345 -0.07964285714285757 -0.010714285714285714 0.1325 0.3028417960946183 0.2057142857142857 1.3471428571428572 0.5174242424242431 0.7090225563909774 0.8333333333333387 -0.03409090909090473 0.10827067669172931 0.27261904761905276
40 35 -2.4926136363636355 -1.929167748917748 -1.3031655844155834 -0.11670454545454524 -0.04 -0.0275 0.38502636605033874 0.23190476190476247 2.3676190476190486 0.93127705627705 -2.0591478696741854 1.4523809523809217 -0.04047619047618806 0.09172932330827069 0.26742424242423535
40 36 -1.7767045454545454 -1.5488019480519473 -1.3239123376623372 -0.1725 -0.16 -0.14761904761904776 0.2721148373905566 0.08000000000000002 1.2252380952380963 0.470238095238088 0.6448621553884718 0.8206709956710057 -0.10000000000000009 0.0 0.08333333333333068
40 37 -0.8457467532467535 -0.7745898268398268 -0.68 0.03 0.06 0.08249999999999999 0.19705543510792592 0.12047619047619104 0.2757142857142857 -0.33333333333333937 -0.13984962406015036 0.09999999999999953 -0.09999999999999999 -0.06340852130325844 -0.00952380952380389
40 38 -1.97 -1.877012987012987 -1.7883333333333322 -0.01 -0.004761904761905326 0.02 0.18397367003288959 0.030476190476191038 0.25 -0.3071428571428658 -0.01578947368421054 0.1159090909090954 -0.00238095238094674 0.010526315789473684 0.0023809523809551966
40 39 -2.3625 -2.135152597402598 -2.073181818181819 0.18500000000000003 0.24380952380952325 0.28440476190476205 0.2633340856363017 0.21000000000000002 1.0266666666666677 -1.1126623376623568 -0.38345864661654133 0.2681818181818163 -0.13690476190476766 0.03157894736842106 0.18809523809524067
40 40 -1.9569642857142857 -1.7762976190476198 -1.6615909090909096 -0.01 0.02 0.08079545454545477 0.26559767371697796 0.23 0.9890476190476194 -0.9023809523809379 -0.5205513784461155 -0.08571428571428563 -0.14999999999999997 0.04736842105263159 0.19999999999999998
40 41 -2.1039880952380954 -1.7649404761904772 -1.6081818181818188 0.06 0.0675 0.11 0.31558501305333114 0.13428571428571429 1.6528571428571428 -1.9720779220779716 -0.7172932330827068 0.28127705627704946 -0.10000000000000009 0.012781954887218044 0.15000000000000002
40 42 -1.98 -1.9325313852813857 -1.94 0.0375 0.04 0.05 0.1986661351957446 0.07761904761904649 0.42428571428571416 -0.2499999999999991 -0.22330827067669165 -0.015909090909087542 0.0 0.04010025062656672 0.1
40 43 -1.626087662337663 -1.5985551948051948 -1.52 -0.015714285714285715 0.0 0.02 0.19824769595088246 0.06190476190476246 0.3599999999999999 -0.4345238095238124 -0.18947368421052624 0.0 -0.1 -0.03258145363408551 0.0
40 44 -1.5625 -1.554714285714286 -1.53654761904762 -0.12886904761904777 -0.04214285714285715 0.0025 0.1820280263976525 0.19 0.08000000000000007 -0.009523809523812599 0.03157894736842108 0.10000000000000009 -0.20238095238095533 0.005263157894736844 0.2
40 45 -2.207619047619049 -2.042098484848486 -1.8682142857142858 0.0979761904761902 0.10119047619047591 0.12 0.22390950172163204 0.1957142857142857 0.42714285714285727 -0.783333333333347 -0.17994987468671808 0.5779220779220784 -0.15238095238094676 -0.10300751879699249 0.0
40 46 -2.076428571428572 -2.0495238095238095 -2.0175 -0.06 -0.06 -0.05 0.17130773028207819 0.04 0.15047619047619087 -0.10000000000000231 -0.07919799498746888 -0.049999999999998934 -0.03409090909090466 -0.021052631578947368 0.0
40 47 -1.36 -1.3539999999999999 -1.3575 0.07 0.09 0.10250000000000001 0.1615349020244229 0.039999999999999994 0.040000000000000036 0.0 -0.02105263157894739 0.0 0.0 0.021052631578947364 0.0
