56 0 0.11779709999999999 0.22391025999999994 0.32153600000000004 0.1090286499999999 0.10980580000000006 0.11164269999999998 0.1842803341620797 0.01598260000000007 0.3040776000000003 0.12214600000000075 0.16004084210526331 0.23110399999999975 -0.004396000000000955 0.007883052631578851 0.013816000000000939
56 1 -1.4344933 -0.5947348400000001 0.1826852 0.014341950000000048 0.0404118 0.08027410000000013 0.40297442636399056 0.16057959999999993 2.6438172000000004 0.6920559999999998 1.3914827368421054 1.7502360000000006 -0.016642000000000046 0.08451557894736839 0.18588800000000183
56 2 0.7420604999999998 0.8039970000000001 0.8679274000000003 0.1766564 0.18334459999999997 0.21846550000000015 0.184692473313672 0.06820080000000028 0.26909800000000006 -0.1899699999999993 -0.1416305263157895 -0.09514200000000139 -0.08273899999999834 -0.031846210526315845 0.008006999999999875
56 3 2.7808938999999997 3.100177264 -2.80551778 -0.03023034999999996 -0.0028102999999999323 0.034689150000000224 0.27332518249157 0.08116900000000005 1.1418861200000006 0.020190200000003156 -2.631591031578948 0.9432559999999945 -0.12764100000000056 -0.0427205263157895 0.03501099999999924
56 4 2.3184661 2.3305551 2.3797118000000004 0.42844515 0.4533689000000001 0.5054536500000002 0.19937750496399037 0.13976140000000026 0.22852920000000054 -0.11555200000000543 -0.016361052631578568 0.07724399999999854 -0.18164899999999928 -0.0735586315789475 0.09137400000000184
56 5 -2.2353974 -2.1382929000000006 -2.0193183 0.2960863000000001 0.3182547000000001 0.4505507499999999 0.21585296821048733 0.2817208000000002 0.25634960000000007 -0.32781599999999855 -0.09876126315789485 0.1475800000000005 -0.2285920000000019 -0.02786336842105263 0.18981299999999868
56 6 2.2652274000000006 2.3391304400000004 2.5778929 0.06663079999999999 0.0841206000000001 0.10655590000000009 0.26768122040284414 0.1316915999999999 1.1547036000000013 -0.3673800000000016 0.3849309473684212 0.8512539999999991 -0.06766700000000014 0.02601242105263153 0.13407800000000192
56 7 -0.44363489999999994 -0.08369042 0.12486209999999986 0.20684749999999985 0.30180110000000004 0.32732145 0.2618514313563472 0.13410940000000005 0.9851436000000002 -0.5435340000000011 -0.3848317894736841 -0.16076800000000224 -0.07441799999999721 0.04870305263157886 0.17803799999999703
56 8 -2.73193031 -2.31376238 -1.8925879 0.06723525000000008 0.19519810000000015 0.22939270000000012 0.2817319168355191 0.19232500000000008 1.1522795200000002 0.3183959999999997 0.6037525894736844 0.7259680000000013 -0.20378599999999802 0.00494136842105244 0.09419999999999873
56 9 1.3681922000000002 1.7391832000000005 2.1761142 0.22670800000000002 0.24335000000000007 0.2505327500000001 0.31666593902450013 0.06556319999999993 1.734222 -1.4503660000000007 -0.9127484210526314 -0.4625220000000052 -0.09781100000000209 -0.03450694736842102 -0.0006279999999991848
56 10 0.27033830000000014 0.27548790000000006 0.28112420000000016 0.3044151500000001 0.30903879999999995 0.31196685 0.15698942150411785 0.008446600000000304 0.009985200000000027 -0.021351999999998927 -0.004098526315789529 0.0009419999999993323 -0.010362000000001537 -0.00117336842105254 0.0034540000000016224
56 11 0.24220389999999992 0.24709601999999994 0.25413589999999997 0.16654559999999985 0.16798999999999997 0.16991325000000007 0.16292199425061465 0.020849600000000024 0.0705243999999996 -0.06280000000000285 -0.03711810526315768 0.0 -0.015385999999999456 -0.010973473684210538 0.011303999999999759
56 12 2.8885488 3.10042187 -3.10782442 0.21495655000000008 0.25377479999999986 0.25920699999999997 0.26454374166322625 0.06364779999999959 1.1248108000000006 0.06562599999999641 -2.71325747368421 0.584039999999999 -0.13439199999999984 -0.020591789473684067 0.05165300000000039
56 13 2.6890018 -3.0496264040000005 -2.2313468 0.21319029999999978 0.2660365 0.3347004499999999 0.33059531891048727 0.19386360000000002 1.7190872000000006 -0.4995740000000026 -0.13710892631579005 0.49235200000000034 -0.10393400000000108 -0.010642947368421026 0.19923300000000088
56 14 -1.9763788 -1.97495638 -1.9731446 -0.07438659999999997 -0.07363300000000006 -0.07189815000000005 0.1557030671512516 0.007316199999999995 0.004772799999999799 -0.0012559999999994798 -0.0025119999999998945 0.0031399999999992545 -0.010205000000000908 -0.0036357894736842823 0.0012559999999983695
56 15 0.09936529999999966 0.11646887999999993 0.13630739999999986 0.016092499999999843 0.08704080000000003 0.17387749999999985 0.1794814865041178 0.1543623999999999 0.06995919999999956 -0.05337999999999843 0.008891157894736695 0.08415199999999734 -0.008006999999999875 0.0756905263157895 0.16170999999999824
56 16 0.4406832999999999 0.9110239 1.3507024000000005 0.29517570000000015 0.2999642 0.3031748499999999 0.3132917565862835 0.014349799999999968 1.7672548000000003 -1.1457859999999975 -0.9301341052631579 -0.7438659999999997 -0.008478000000000652 0.004643894736842125 0.029359000000001023
56 17 -3.0501850100000003 -2.746258758 -2.4610064 0.1509162499999998 0.16252639999999985 0.1770175 0.24286583226207953 0.056111800000000045 0.9408067999999998 -0.7134394 -0.432493684210527 -0.23926799999999915 -0.01350199999999857 0.02055873684210522 0.04819899999999988
56 18 0.35876069999999993 0.3597341000000001 0.3610529000000001 -0.17792025 -0.17416010000000004 -0.16342915000000002 0.15711900992513694 0.015825600000000106 0.006845200000000329 -0.0015699999999996272 0.0012560000000003562 0.0018839999999986645 -0.011460999999999277 0.005883368421052707 0.01475799999999916
56 19 -0.06917420000000007 0.030549060000000017 0.11355810000000022 -0.09931035000000016 0.06290990000000007 0.08646775000000001 0.2187819873181307 0.20802500000000013 0.4595076000000007 -0.3281299999999998 -0.24016042105263197 -0.14067199999999946 -0.010675999999998353 0.10545442105263174 0.29782899999999946
56 20 0.3285853000000002 0.8245388800000001 1.0645856 0.07814674999999977 0.11775000000000002 0.12982329999999992 0.2739433962136721 0.06578300000000015 1.2137356000000001 0.013502000000000791 0.6388082105263159 1.0622620000000005 -0.07645899999999872 0.03297 0.07944200000000068
56 21 0.8093193000000003 0.95662298 1.1959789 0.1662865500000002 0.1926703999999999 0.20709870000000014 0.26644108736653827 0.09821919999999995 0.6161935999999999 -1.1241199999999996 -0.2785014736842107 0.5058540000000011 -0.0646839999999993 0.0009419999999999165 0.09938100000000172
56 22 2.0222228 2.15154056 2.2803779000000004 0.050946500000000006 0.20700450000000004 0.23130025000000004 0.2056179677952006 0.22721039999999992 0.35218240000000023 0.007535999999999099 0.18535915789473698 0.2854259999999975 -0.1381599999999994 -0.1098008421052632 -0.02731800000000062
56 23 3.1342852 -3.094648666 -3.01689944 0.3136546000000002 0.31962060000000003 0.3268269 0.2000043655881943 0.057462000000000346 0.4571149200000004 -0.44299119999999803 -6.421147957894737 0.4861975999999979 -0.02590499999999829 0.01912094736842121 0.04929800000000095
56 24 0.7488743 1.20274874 1.5468896 -0.014852199999999982 0.018949899999999964 0.02789105000000003 0.2719003637194044 0.10497020000000012 1.2024315999999997 0.4314360000000006 0.6328587368421051 0.9102860000000002 -0.040192000000001116 -0.013915157894736834 0.017583999999999378
56 25 2.8761301000000006 -2.996897012 -2.5872092800000006 0.16136460000000008 0.16751899999999997 0.17021940000000002 0.2772195891149458 0.01755259999999992 1.3478763999999996 0.04867000000000399 -2.5958545263157897 1.1347960000000001 -0.02967300000000117 0.007238526315789368 0.035167999999999866
56 26 1.6915023000000002 1.92123098 2.2222408 0.30948624999999996 0.31610380000000016 0.3226978 0.2774507884493406 0.15539860000000028 1.2424979999999994 0.3987799999999986 0.6539463157894734 0.864442000000003 0.009734000000001242 0.08178873684210541 0.07017899999999688
56 27 0.015590100000000162 0.16896026000000003 0.32638730000000027 0.2850963 0.2953327 0.29957170000000005 0.21027365893914965 0.028134400000000337 0.5883103999999997 -0.5721080000000001 -0.2840873684210525 0.03108599999999795 -0.021823000000000814 0.013468947368421243 0.03501099999999924
56 28 0.12126680000000001 0.14164225999999996 0.1521644000000001 -0.010621050000000076 -0.009106000000000058 -0.0036659500000000844 0.1650964075563472 0.014192799999999783 0.10248960000000018 -0.0775579999999998 -0.041943789473684163 0.011931999999998943 -0.015700000000000713 -0.0017022105263158295 0.014286999999999495
56 29 0.1429956 0.14451850000000008 0.14516220000000035 0.2925145499999999 0.2944220999999999 0.29597640000000003 0.15604278102004138 0.009576999999999947 0.008352399999999705 -0.005023999999997919 0.0043959999999998445 0.01350199999999857 -0.0007849999999998136 0.0027929473684210207 0.01491499999999868
56 30 0.26972600000000035 0.2693868800000002 0.26978880000000016 -0.16254994999999994 -0.16224379999999994 -0.16224379999999994 0.1551691008200414 0.005306599999999939 0.0026375999999999067 0.0 -0.0012229473684210429 0.0 0.0 0.0027929473684210207 0.000628000000000295
56 31 0.7428298000000002 1.801721638 2.7080616 0.07006910000000005 0.07798190000000005 0.08415984999999987 0.412458867846411 0.14801960000000025 2.7594194400000003 0.4665725999999992 -1.8529371368421055 2.5801380000000007 -0.0032970000000009936 0.07790505263157908 0.08650700000000011
56 32 0.4301486 0.44521745999999995 0.46564629999999996 0.19835380000000008 0.20238869999999998 0.20763250000000005 0.1639012197684491 0.04823040000000023 0.05802720000000017 -0.07975600000000194 -0.030540631578947458 0.013502000000000791 -0.026846999999999843 0.01518768421052638 0.057776000000001604
56 33 -2.35708653 -1.476180568 -0.1926076 -0.01496210000000009 0.006279999999999952 0.06349864999999982 0.46816805546316254 0.1276096000000002 3.11599784 -2.2802366000000007 -1.7791801894736845 -0.6346568000000019 -0.11539500000000036 -0.037415578947368466 0.1265420000000006
56 34 0.050616799999999795 0.058956640000000005 0.06769840000000027 0.21888940000000012 0.22449429999999992 0.22538919999999996 0.1573588899627165 0.008226799999999868 0.017897999999999747 -0.027631999999999657 -0.009419999999999868 0.0 -0.0009419999999993323 0.004247263157894687 0.012874000000000496
56 35 -1.6912982 -1.68984752 -1.6805280000000002 0.18711259999999996 0.19174409999999997 0.19767084999999984 0.16267719329520067 0.03830800000000001 0.04308080000000003 -0.00031399999999903727 0.004957894736842097 0.03579599999999905 -0.0018840000000019952 0.020162105263157898 0.029045000000001986
56 36 0.2533352000000001 0.6321699199999999 1.0012361 0.14804315000000007 0.16491280000000008 0.2030167000000001 0.29518818212195225 0.220742 1.3466204000000004 0.44085599999999836 0.7087475789473686 0.9803080000000008 -0.018997000000000597 0.11201536842105266 0.15637199999999907
56 37 -2.54244073 -1.7676535799999993 -0.9741536000000002 0.16914394999999993 0.18515009999999998 0.21763339999999992 0.42599799152634715 0.07143499999999992 2.9839420000000003 1.3308262000000015 -1.734767368421053 1.7655906 -0.05290899999999876 -0.021533789473684218 0.034069000000001015
56 38 -3.03698759 -2.4027251740000004 -1.8971565999999997 -0.05575854999999996 0.10914639999999987 0.12150229999999995 0.3055560375816338 0.19873059999999976 1.3855563999999996 -0.15731400000000062 -2.662389473684211 1.1363659999999998 -0.010832999999997872 0.10459505263157882 0.23581400000000086
56 39 0.7074419999999999 1.00989936 1.1760869999999999 0.1916656000000001 0.20887280000000008 0.21308825000000003 0.2552076548034809 0.10258380000000034 1.0070608 -0.9956939999999914 -0.37240399999999996 0.12402999999999942 -0.051495999999999764 -0.0539914736842107 0.03328399999999898
56 40 0.2652828999999999 0.26938688 0.2743732000000003 0.09383104999999997 0.10740369999999988 0.1435921999999999 0.16365830600730263 0.07853139999999992 0.02486880000000058 -0.051495999999997544 -0.013088842105263463 0.0417619999999963 0.0018839999999997747 0.029383789473684224 0.0591890000000006
56 41 0.6365408000000001 0.6367543200000001 0.6385190000000002 0.45347879999999996 0.45547269999999984 0.45713690000000007 0.15654304088055096 0.005840399999999857 0.01369039999999977 -0.013187999999999533 -0.007205473684210405 0.0034539999999982918 -0.016642000000000046 -0.00307389473684203 0.009733999999999021
56 42 -1.89813 -1.54038352 -1.2771479000000001 0.09849395000000016 0.11330689999999988 0.14580590000000004 0.2888557851582577 0.10161039999999977 1.4216663999999999 -0.9564440000000007 -0.6872633684210526 -0.04081999999999919 -0.0883910000000021 -0.05230578947368418 -0.006279999999998509
56 43 -0.2856615000000001 -0.029820579999999985 0.20606249999999993 0.028660349999999946 0.06955100000000003 0.13306534999999997 0.30828751852768477 0.1985108000000002 1.5018620000000005 -1.091150000000003 -0.7904536842105265 -0.4989460000000001 -0.1618670000000011 0.032275894736842246 0.23785499999999904
56 44 0.42614509999999983 1.05644672 1.7398425999999998 -0.08033690000000004 -0.06480960000000002 -0.024201550000000016 0.33248949241940445 0.16745620000000017 1.8596964000000002 -1.376890000000004 -0.9772010526315787 -0.11241199999999729 -0.13203700000000151 -0.08537494736842106 -0.015386000000000566
56 45 2.0526651 2.2622224200000005 2.6895827000000003 -0.009663350000000015 0.014695199999999797 0.06397750000000013 0.3489016280729076 0.0776836000000003 2.0541252 -0.16296599999999994 0.9951155789473684 2.2714759999999967 -0.1340779999999997 -0.012279052631578814 0.0646839999999993
56 46 -2.4304856000000004 -2.4209305800000003 -2.4123364 0.19594385000000009 0.21559240000000002 0.22407825000000003 0.16201907841367194 0.04606380000000021 0.025999200000000222 -0.04050600000000015 -0.011998105263158037 0.012559999999997018 -0.025276999999999106 -0.012725263157894871 0.031243000000000798
56 47 -1.9050066 -1.8411609800000002 -1.8201010000000002 0.023385149999999966 0.02926479999999998 0.031180199999999936 0.20233976362577388 0.03538780000000008 0.48889799999999983 -0.2424079999999995 -0.18628463157894734 0.10770199999999952 -0.009734000000002352 0.015121578947368453 0.030615000000000503
