61 0 0.8474999999999999 1.1103467728758174 1.3524908088235301 0.2879411764705888 0.4 0.4534999999999994 0.2850228731421194 0.7193750000000014 0.66 -0.24333333333333762 0.1771929824561383 0.69724264705882 0.0 0.3169590643274847 0.5970588235294081
61 1 0.95 1.1736957086343316 1.2068750000000033 0.64 0.65 0.66 0.27772107864154144 0.21777777777777912 1.0538888888888895 -0.050000000000000044 0.5546783625730999 0.9773940058479691 -0.17222222222221917 -0.11461988304093639 0.10000000000000009
61 2 1.955 2.1760637254901964 2.4038235294117656 -0.125 -0.07 -0.038382352941176014 0.23799920685618733 0.14 0.8070588235294143 0.2531250000000018 0.42476780185758645 0.5000000000000138 0.0 0.06842105263157894 0.10588235294117346
61 3 0.5019501278772376 0.6589689578005117 0.795 0.09 0.09 0.1 0.19518724370352988 0.020000000000000004 0.44 0.119999999999989 0.23157894736842097 0.2992327365728814 0.0 0.010526315789473686 0.0
61 4 2.7044444444444444 2.9085671977124186 3.109264705882353 -0.10294117647058827 -0.1 -0.08 0.21448712848988047 0.06 0.5464705882352963 0.0 -3.0176470588235285 0.5000000000000004 -0.0058823529411734105 0.02631578947368421 0.09999999999999995
61 5 -1.8497058823529406 -1.6412710375816988 -1.3869117647058817 0.0275 0.04 0.05 0.23837796763620056 0.04 0.8882352941176472 0.30000000000000027 0.4674922600619195 0.6215277777777828 -0.09999999999999996 2.1912296538654404e-18 0.09999999999999999
61 6 -1.4723529411764713 -1.0503897058823544 -0.6887683823529418 -0.2831250000000013 -0.21 -0.19970588235294134 0.33094376288298705 0.2 1.7670955882352968 -1.1820465686274562 -0.9300503095975245 -0.6494485294117852 -0.21249999999999158 -0.04736842105263159 0.043198529411770104
61 7 2.16 2.166676470588235 2.19 0.17 0.1761764705882357 0.18 0.16846864222121527 0.02742647058823705 0.13117647058823723 -0.10882352941176787 -0.0690402476780196 0.0 0.0 0.014434984520124764 0.005882352941183888
61 8 1.9497058823529407 2.0172385620915025 2.0268749999999995 -0.08 -0.06 -0.0348437499999998 0.20896119586369383 0.18 0.438602941176474 -0.5549632352941358 -0.2308436532507758 0.10000000000000009 -0.2 -0.06842105263157897 0.05000000000001045
61 9 -0.2625 -0.20079379084967308 -0.15 -0.06 -0.05 -0.034038461538462406 0.17915739397597522 0.039999999999999994 0.15823529411764903 -0.04999999999999977 0.08328173374613107 0.20000000000000018 -0.08823529411765313 -0.020123839009288963 0.08823529411765313
61 10 -2.576764705882354 -1.247183986928108 -0.3376470588235333 -0.19544117647058828 -0.15 -0.08750000000000001 0.21338500019688292 0.3212500000000017 2.9888235294117633 -3.5738970588235786 -2.3126934984520116 -0.9574999999999823 -0.297426470588243 -0.08947368421052632 0.053750000000014286
61 11 1.1741666666666675 1.6775841503267983 2.262647058823534 -0.05 -0.003823529411765319 0.09 0.30356274947319195 0.15823529411764695 1.47 0.3976102941176529 0.7697368421052625 1.1882352941176533 -0.1999999999999999 -0.056578947368421645 0.10000000000000006
61 12 2.430193014705882 2.51572691993464 2.6516819852941182 -0.1 -0.09 -0.08485294117647041 0.21199681008947346 0.04999999999999999 0.476470588235296 -0.5000000000000182 -0.2507739938080505 0.027287581699348973 0.0 0.010526315789473677 0.049999999999999975
61 13 1.7599999999999998 2.0258981617647045 2.0685845588235274 -0.027426470588236038 0.04 0.185 0.3278668630595838 0.2341176470588245 1.6376470588235268 -1.0562499999999941 -0.3998142414860644 0.12499999999999956 -0.20000000000000012 -0.12111455108359061 -0.015624999999987593
61 14 -1.7782812500000003 -1.6768937908496728 -1.611250000000001 -0.39499999999999996 -0.33 -0.3039705882352944 0.2241617609873442 0.2937500000000019 0.4537500000000021 -0.029411764705877808 0.2388157894736853 0.421875000000006 -0.21875000000000894 -0.15460526315789577 0.0
61 15 -0.42485294117647 -0.008652696078429644 0.5538694852941218 0.055441176470588785 0.13369485294117614 0.3199999999999967 0.4300346173164677 0.6235294117647061 2.408308823529418 0.9147058823529578 1.2675309597523252 1.6961519607843174 -0.2281249999999979 0.15448916408668745 0.620588235294119
61 16 -0.39 0.0772683823529419 0.65 -0.1525 -0.125 -0.05985294117647093 0.2719515204649752 0.08625000000000028 1.178125 0.0 0.6200657894736842 0.3500000000000003 -0.05294117647058144 0.017763157894736693 0.10000000000000002
61 17 -0.06656249999999896 0.02924852941176498 0.11631250000000104 0.04 0.05911764705882261 0.09208333333333334 0.2039146586236735 0.09999999999999999 0.3147058823529425 -0.1399999999999882 0.16563467492260134 0.4077818627450974 -0.11470588235294915 -0.03250773993808147 0.09166666666666672
61 18 1.318262867647058 1.3263037173202616 1.4432352941176478 0.22 0.25 0.28250000000000003 0.22354638590516743 0.14 0.6382352941176469 -0.19393382352941524 0.2520317337461292 0.7999999999999996 -0.10000000000000009 -0.07368421052631578 -0.0058823529411630715
61 19 -0.0035845588235291805 0.23745955882353006 0.47109375000000014 -0.13578125000000107 -0.07500000000000001 -0.024999999999999998 0.24581229332240337 0.19 0.8472426470588243 0.39503676470586535 0.4459171826625391 0.4970588235294142 -0.14540441176470062 -0.09999999999999999 -0.07812499999999292
61 20 0.57 0.756248161764707 0.7889154411764736 -0.08249999999999999 -0.07 -0.07 0.25924322860291993 0.04999999999999999 1.0376470588235307 0.0 0.5461300309597531 1.0183823529411784 0.0 0.021052631578947375 0.049999999999999975
61 21 -2.58 -2.2559436274509794 -2.1008823529411753 -0.12 -0.09705882352941184 -0.08352941176470487 0.2810171497958216 0.1047058823529429 1.3135294117647145 0.13235294117647456 0.6913312693498498 1.0040441176470627 0.0 0.05510835913312785 0.08235294117647299
61 22 1.1567647058823514 1.7520120098039205 2.3599999999999994 -0.009999999999999534 0.08 0.08 0.37259840956416784 0.47 2.0269117647058827 -1.39448529411764 -1.0667956656346749 -0.6545098039215602 0.0 0.24736842105263154 0.34705882352942785
61 23 -2.2949999999999995 -1.8320937499999985 -1.4248437499999989 -0.7449999999999999 -0.6196874999999997 -0.5 0.313612912850048 0.43941176470588156 1.3776470588235306 0.6476102941176409 0.7250773993808055 0.9000000000000019 -0.2999999999999997 -0.23126934984520078 -0.19999999999999962
61 24 -0.17 -0.16950000000000004 -0.1675 -0.16 -0.16 -0.16 0.15710977321595193 0.010000000000000009 0.01999999999999999 0.0 0.010526315789473679 0.0 0.0 0.0 0.0
61 25 0.4744577205882338 1.0218815067693725 1.5432843137254884 -0.025833333333333004 -0.005 0.0 0.34529856288925875 0.07266666666666745 2.074745098039221 -1.1977941176470297 -1.0919711042311686 -0.8941176470588161 0.0 0.03824561403508814 0.1
61 26 2.2667647058823532 2.725540400326799 3.116470588235294 -0.21205882352941147 -0.1864705882352939 -0.056617647058823994 0.27614546929471007 0.22823529411764695 1.0538602941176487 0.12941176470588234 -2.7505998452012377 0.8176470588235185 -0.12777777777778646 0.08328173374612997 0.25091911764705627
61 27 -2.770735294117647 -2.4879170751633977 -2.1997058823529403 -0.1 -0.1 -0.08 0.2487619831422018 0.03 1.034705882352943 0.4970588235294193 0.5445820433436542 0.6003472222222239 0.0 0.015789473684210527 0.0
61 28 -0.16499999999999998 0.5829840028994072 1.3210714285714307 0.02 0.045 0.05 0.33573215515844873 0.07 1.838196078431376 0.15 0.9674716202270401 1.6936011904761412 -0.09999999999999999 -0.03157894736842106 0.09999999999999995
61 29 2.15 2.1559999999999997 2.16 -0.01 -0.01 -0.01 0.15533972169256366 0 0.010000000000000231 0.0 0.005263157894736963 0.0 0.0 0.0 0.0
