70 0 -0.91796875 -0.7379460784313729 -0.5859283088235299 -0.02382352941176609 0.01 0.03 0.23072901688085973 0.04411764705882365 0.7769934640522889 -0.4882352941176332 -0.40894392844857314 -0.32048611111111347 -0.1 -0.017956656346749287 0.06378676470587549
70 1 -0.8724999999999999 -0.6398011029411771 -0.44514705882352995 -0.0125 0.001764705882353064 0.07250000000000001 0.25894979847684335 0.11 1.0158823529411776 -0.8481617647058937 -0.5136222910216726 -0.024080882352959798 -0.049999999999999975 0.057894736842105256 0.13235294117646937
70 2 -0.35397058823529515 0.006463235294116914 0.33281249999999984 0.0375 0.095 0.19 0.24807881448749788 0.18375000000000055 0.87 -0.7187499999999871 -0.45789473684210524 -0.13437500000000463 -0.1562500000000014 -0.09473684210526317 0.0
70 3 -0.2770751633986928 -0.0008146499828001446 0.28293859649122716 0.051323529411766086 0.065 0.08 0.26500270052940617 0.16 1.0752941176470583 -0.8411764705882567 0.12414860681114444 1.1110197368421093 0.0 0.08421052631578947 0.19738562091502923
70 4 -0.3054411764705882 -0.16275306372549062 -0.050735294117647455 -0.2 -0.18093750000000103 -0.16 0.2112631880590417 0.08000000000000002 0.5562500000000004 -0.3990808823529505 -0.292763157894737 -0.19411764705881615 -0.050000000000000044 0.01578947368421053 0.0
70 5 -0.11 -0.11098529411764715 -0.09 -0.05 -0.05 -0.05 0.17165370531676521 0.010000000000000002 0.1847058823529429 -0.049999999999999975 -0.0972136222910226 0.0 0.0 0.005263157894736843 0.0
70 6 -0.23735294117647196 -0.2010183823529413 -0.16 0.08750000000000001 0.13617647058823548 0.29176470588235254 0.19718303146183955 0.3816666666666666 0.1 -0.10000000000000009 -0.050657894736842964 0.0 -0.31176470588235483 -0.16403508771929823 0.049999999999999975
70 7 -0.17432904411764705 -0.15124260620915092 0.058349673202614416 0.0661764705882352 0.09176470588235269 0.1125 0.2727108341211656 0.08000000000000002 1.1960000000000024 -1.3905228758169819 -0.6294736842105275 0.016666666666666635 -0.10000000000000006 0.018947368421053882 0.13000000000001183
70 8 -0.8919117647058821 -0.623100651444788 -0.3325 -0.04 0.00230392156862825 0.02 0.22347124990289713 0.08 0.5773684210526324 -0.050000000000000044 0.30387811634349077 0.6865808823529327 0.0 0.03684210526315789 0.1
70 9 -1.0950000000000002 -0.7939221813725477 -0.6513725490196061 0.038333333333333136 0.05235294117646936 0.08 0.3099001456816652 0.14529411764706018 1.0747058823529483 -0.41666666666666075 0.5656346749226043 1.8617647058823255 -0.21666666666666012 -0.07647058823529483 0.10000000000000002
70 10 -0.7294117647058831 -0.5653462009803926 -0.4269209558823533 0.07 0.08 0.0914705882352944 0.19975425546647246 0.020000000000000004 0.47000000000000003 -0.415747549019595 -0.24736842105263154 -0.10000000000000009 0.0 0.005263157894736839 0.039338235294103796
70 11 -0.5225 -0.5100220588235297 -0.51 0.0275 0.04 0.04 0.1724103611171435 0.019999999999999997 0.172352941176471 -0.10000000000000009 -0.09071207430340579 0.0 0.0 -0.010526315789473684 0.0
70 12 -1.068262867647063 -0.7478261846405231 -0.4480882352941168 0.04 0.12305555555555522 0.23 0.27236008608680823 0.21 0.9218749999999998 -0.7544117647058884 0.0491679566563459 0.4987132352941162 0.0 0.10526315789473686 0.18235294117646936
70 13 -0.5337867647058816 -0.057408088235294884 0.476617647058824 0.11 0.11 0.131617647058824 0.2702462753927893 0.058823529411765316 1.1388235294117655 -1.354436274509805 -0.43166150670794623 0.35588235294117365 0.0 0.030959752321981747 0.10000000000000002
70 14 -1.0549999999999995 -0.9012083333333347 -0.5221875000000012 0.1875 0.19999999999999896 0.22235294117647042 0.31351034847519005 0.07999999999999999 1.304705882352943 -1.6932598039215758 -0.686687306501549 0.5970588235294081 -0.10000000000000009 -0.031578947368421054 0.0
70 15 -1.4838807189542496 -1.0898629493464065 -0.7192187500000008 0.12 0.12906250000000008 0.17 0.30623669750968435 0.09705882352941225 1.6171323529411772 -0.9499999999999997 -0.8511222910216723 -0.6888276143790645 0.0 0.047368421052631574 0.09999999999999988
70 16 -0.16 -0.16000000000000003 -0.16 -0.04 -0.04 -0.03 0.1553397216925636 0.010000000000000002 0 0.0 0.0 0.0 0.0 0.005263157894736843 0.0
70 17 -0.45514705882352957 -0.3995496323529414 -0.32 -0.01 -0.005 0.0 0.18669331958938806 0.02 0.18411764705882366 -0.3187499999999985 -0.08368808049535664 0.19411764705882212 0.0 -0.005263157894736842 0.0
70 18 -0.4106250000000048 0.3188305964052268 1.0163970588235292 -0.16779411764705765 -0.15 -0.12944444444444428 0.3580767839784515 0.09 1.9741544117647067 -1.6407924836601706 -1.0390286377708982 -0.32500000000001195 -0.10000000000000009 -0.047368421052631574 0.08529411764705085
70 19 -0.7865625000000006 -0.39931066176470525 0.14540441176470986 0.03 0.04 0.07250000000000001 0.28849952429164294 0.05 1.048235294117645 -0.44375000000001497 0.3801857585139269 0.620588235294123 -0.09687500000000762 0.010526315789473684 0.09999999999999996
70 20 -1.19 -1.1791176470588236 -1.17 0.08 0.08 0.08 0.16066628308510308 0.01999999999999999 0.040000000000000036 0.0 0.010526315789473694 0.050000000000000044 0.0 0.0 0.0
70 21 -2.2175000000000002 -2.122950367647059 -2.04 -0.1889705882352951 0.2820588235294118 0.3 0.22968346738138604 0.57 0.29250000000000065 -0.22187499999999138 -0.15394736842105297 0.0 -0.27941176470588164 -0.3 0.0
70 22 -0.8841666666666658 -0.7607611111111111 -0.6920220588235286 0.21 0.22 0.245 0.2236059519607618 0.10117647058823467 0.616470588235296 -0.35000000000000975 -0.16261609907120747 0.0 -0.15 -0.05325077399380772 0.0
70 23 -1.4422916666666676 -1.1335150720471263 -0.9264285714285719 -0.035 -0.01558823529411734 0.0 0.27931465038837544 0.08 1.2757142857142858 -0.9723775017253611 -0.6714285714285715 -0.32530997143325524 -0.0808049535603782 -0.011911357340720794 0.1058823529411734
70 24 -1.225882352941178 -1.0719275735294123 -0.9011764705882357 0.1475 0.17 0.19484375000000093 0.23437437553956092 0.06999999999999998 0.7872058823529419 -0.49681372549021274 -0.41431888544891676 -0.33933823529412765 -0.09999999999999981 0.01710526315789532 0.09999999999999995
70 25 -2.5096507352941164 -2.3567748366013066 -2.249099264705885 -0.07 -0.07 -0.057499999999999996 0.22426194261549837 0.049999999999999996 0.5029411764705878 -0.347058823529407 0.12096663226694385 0.24950980392156596 -0.049999999999999975 -0.02631578947368421 0.0
70 26 0.016176470588235202 0.36082406045751586 0.7218229166666679 -0.01 0.03 0.07015625000000074 0.26666512495195643 0.06 0.956470588235298 -0.9232026143790895 -0.50340557275542 -0.23235294117647243 -0.1 -0.03157894736842105 0.09999999999999998
70 27 -0.3025 -0.3015 -0.3 0.0275 0.03 0.03911764705882399 0.15805193051621239 0.020588235294118386 0.010000000000000009 0.0 0.0 0.0 0.0 0.005572755417957043 0.0
70 28 -0.9371875000000002 -0.8026117238562097 -0.6570833333333329 -0.03 -0.015333333333333728 -0.01 0.21162913154280874 0.019999999999999997 0.6264705882352939 -0.45016339869280053 -0.3297213622291021 -0.14117647058824512 0.0 0.010526315789473682 0.0
70 29 -0.7825 -0.5031289974323071 -0.26589583333333416 -0.12 -0.10500000000000001 0.0 0.2679661437907373 0.22 1.0506666666666675 -0.8939583333333594 -0.512923976608187 -0.21388888888887847 0.0 0.11578947368421054 0.1343750000000049
