79 0 0.7509742647058817 1.0295049557103535 1.311810661764706 0.2989705882352944 0.31 0.3425 0.269092576044685 0.16352941176470748 1.1376470588235312 -0.651286764705889 -0.5987616099071216 -0.5194852941176392 0.0 0.0860681114551092 0.09999999999999981
79 1 2.55 -2.8585110294117633 -1.9009742647058818 0.1175 0.13264705882352856 0.15 0.1830192632168104 0.07312500000000124 2.08 0.1000000000000012 -2.2105263157894743 0.5970588235294083 -0.10000000000001036 -0.03848684210526381 0.025000000000000022
79 2 -0.330606617647059 0.17526632696938482 0.6125 0.16 0.19647058823529387 0.2531249999999996 0.3023810174368254 0.45235294117646935 1.1800000000000002 0.10000000000000009 0.6210526315789473 1.1027777777777654 -0.4147058823529387 -0.23808049535603648 -0.008823529411763481
79 3 2.356323529411765 2.381719975490196 2.4151470588235298 -0.060882352941176526 -0.04 -0.03 0.1796001936593854 0.06625000000000028 0.1900000000000004 -0.13529411764704902 0.09473684210526324 0.25000000000000133 -0.08888888888888559 0.0019736842105261736 0.10000000000000006
79 4 2.3237316176470575 2.392955882352941 2.475882352941176 0.16906249999999987 0.17433333333333256 0.18 0.18202708258259692 0.01999999999999999 0.23999999999999977 -0.2499999999999991 -0.06249999999999902 0.13823529411764346 -0.018750000000002792 0.0052631578947368324 0.022291666666673232
79 5 0.5636764705882339 0.6159758169934635 0.6942647058823525 -0.9003124999999997 -0.6102941176470577 -0.2436764705882339 0.2670682753817376 0.8126388888888872 0.3522222222222248 -0.20000000000000018 -0.18538011695906567 -0.10000000000000009 0.1411764705882261 0.4277046783625722 0.755228758169949
79 6 0.3009974424552434 0.5030769580116274 0.72921052631579 0.31 0.31 0.31338235294117583 0.2254888465824887 0.010000000000000009 0.7815000000000001 0.3395555555555535 0.4113157894736843 0.5084492604059068 0.0 -0.005263157894736847 0.0
79 7 2.4050000000000002 2.4520349264705885 2.49 -0.16 -0.15 -0.13955882352941132 0.16958799489936757 0.04000000000000001 0.10999999999999988 -0.10000000000000231 0.0 0.10000000000000009 0.0 0.005263157894736847 0.08450980392155152
79 8 2.31 2.3493128676470585 2.391470588235294 0.44 0.45 0.46 0.1670245807907731 0.040000000000000036 0.10000000000000009 -0.10000000000000231 -0.04210526315789478 0.0 0.0 0.0 0.0
79 9 -1.2151470588235314 -0.9149779411764714 -0.5774999999999999 -0.0026470588235313727 0.06437500000000028 0.1 0.2621773931022204 0.18000000000000196 0.9672222222222229 -0.6612745098039036 -0.5090643274853806 -0.3572508169934735 -0.24375000000000274 -0.0947368421052642 0.09999999999999995
79 10 2.3275 2.355823529411765 2.4 -0.3114705882352944 -0.225 -0.1741176470588235 0.20186563969902138 0.30000000000000004 0.22941176470588198 -0.10000000000000009 0.07337461300309563 0.15000000000000124 0.10000000000000002 0.15789473684210528 0.24117647058823494
79 11 2.41 2.4564687499999995 2.4931250000000005 0.08 0.08 0.09 0.1668906973913749 0.03 0.08000000000000007 -0.10000000000000231 -0.02631578947368295 0.0 -0.049999999999999975 0.005263157894736839 0.09999999999999995
79 12 2.5 2.554881358407674 2.5727631578947365 0.1875 0.2265625000000006 0.2575 0.19411739600991093 0.16954545454545394 0.2799999999999998 0.04230769230768372 0.14736842105263148 0.11295546558705238 0.0 0.0842105263157895 0.10000000000000009
79 13 -0.5365882352941171 -0.28590845588235175 -0.11 -0.03140624999999965 -0.025 -0.01 0.2654189701294372 0.04375000000000194 1.19205882352942 0.30000000000000004 0.6273993808049578 0.7474264705882327 -0.04999999999999999 0.023026315789474706 0.0718750000000069
79 14 2.62 2.6299291666666664 2.64 -0.1 -0.060000000000000005 -0.0375 0.16932950322528312 0.06999999999999999 0.040000000000000036 -0.006249999999996536 0.009122807017544724 0.006249999999996536 -0.1 -0.03684210526315789 0.0
79 15 -0.39 -0.3455524918300656 -0.30220588235294077 -0.17 -0.16 -0.16 0.17216320949066066 0.03 0.16999999999999998 -0.10000000000000009 -0.0894736842105263 -0.07140522875817318 0.0 0.015789473684210527 0.009375000000001327
79 16 2.15 2.1565 2.16 0.07 0.07 0.07 0.157109773215952 0 0.029999999999999805 0.0 0.015789473684210423 0.0 0.0 0.0 0.0
79 17 2.1741666666666655 2.239126676986584 2.2602941176470583 0.38867647058823573 0.39 0.4 0.18386087117916078 0.027368421052629988 0.30470588235294116 -0.32352941176469585 -0.11145510835913226 0.10000000000000009 0.0 0.010526315789473694 0.03327205882353662
79 18 0.8602499999999985 1.1932047794117642 1.321666666666664 -0.2040625000000001 -0.16 -0.15200000000000058 0.2975424183229096 0.20666666666666667 1.42 -1.350784313725491 -0.7157894736842105 0.0 -0.19374999999999296 -0.1087719298245614 0.0
79 19 0.46897058823529536 1.5837787990196097 2.5006250000000008 -0.2925 -0.14500000000000002 -0.05505208333333385 0.4050958448743462 0.33 2.460000000000002 0.39999999999999813 1.2947368421052643 2.0270833333333615 -0.2000000000000001 0.08947368421052633 0.1588235294117757
79 20 0.6615349264705881 1.1385994689542474 1.4494117647058784 -0.7183823529411775 -0.44176470588235306 -0.38 0.40142318086143564 0.36000000000000004 2.288051470588237 -1.7123161764705723 -1.204237616099072 0.044117647058816156 -0.3579656862745176 -0.15263157894736842 0.17334558823528107
79 21 0.3516666666666657 0.3879033905228754 0.4545588235294112 0.08 0.09029411764705919 0.11 0.19152136376385387 0.0499632352941177 0.3258455882352974 -0.29981617647058867 -0.1714976780185776 0.0 -0.09999999999999995 -0.021381578947368782 0.09687499999999655
79 22 2.2875 2.303797385620915 2.32 -0.0225 -0.01 -0.007222222222222387 0.1657274016104039 0.04 0.07705882352941229 0.0 0.040557275541795945 0.10000000000000009 -0.04999999999999999 0.005263157894736842 0.05
79 23 1.9612040441176388 2.2858166731166136 2.69 0.09 0.09906249999999986 0.11 0.31980305872021647 0.08470588235293958 1.7252941176470604 -1.7561145510835825 -0.9080495356037162 0.0 -0.050000000000000044 0.04458204334365241 0.09999999999999995
79 24 1.6806525735294122 1.8966878676470593 2.0799999999999996 -0.20343749999999938 -0.19 -0.17 0.24203561717543717 0.06999999999999998 0.9011764705882346 0.3987499999999988 0.474303405572755 0.6012499999999987 -0.049999999999999906 0.03684210526315788 0.10000000000000009
79 25 0.714117647058824 0.8744240196078424 0.9854411764705879 0.1575 0.235 0.2933823529411763 0.24392828342980422 0.21999999999999997 0.7899999999999999 -0.6500000000000083 -0.3578947368421052 0.050000000000000044 -0.14999999999999986 0.047368421052631574 0.21249999999999186
79 26 2.3160937500000003 2.3479871323529418 2.39 -0.07 -0.05 0.025 0.19345678555757917 0.1752941176470592 0.22125000000000128 0.0 0.1164473684210533 0.20000000000000018 -0.20000000000000004 -0.018266253869968847 0.050000000000000044
79 27 2.3369354838709677 2.4114223859631823 2.4703571428571434 -0.23 -0.2 -0.19107142857142995 0.17871163618792701 0.06 0.18999999999999995 0.0 0.07894736842105259 0.1424369747899279 -0.07952380952379323 -0.010526315789473679 0.06019607843136904
79 28 2.3022058823529408 2.3373294117647054 2.3810294117647057 -0.09 -0.04794117647058879 -0.03 0.17966037260191922 0.06749999999999945 0.1299999999999999 -0.11470588235294121 0.01578947368421066 0.29999999999999805 -0.10000000000000005 -0.0355263157894734 0.0647058823529387
79 29 2.5162500000000003 2.5241764705882352 2.5725 -0.3816176470588235 -0.37 -0.35 0.18835802812666314 0.050000000000000044 0.33000000000000007 0.0 0.17368421052631583 0.2441176470588191 -0.10000000000000009 0.005263157894736847 0.10000000000000009
