81 0 -0.7624999999999995 -0.3746168709150318 -0.027077205882351876 -0.07 -0.034666666666666276 -0.017499999999999998 0.2762729372941274 0.05 1.2844444444444458 0.5474264705882335 0.6760233918128662 0.7976348039215763 -0.09999999999999995 -0.02631578947368421 0.0029411764705919267
81 1 1.396764705882352 1.392205882352941 1.4920588235294112 0.01 0.01 0.01 0.20224608706235545 0 0.54 -0.3029411764705925 -0.28421052631578947 -0.011764705882357784 0.0 0.0 0.0
81 2 -2.8575 -2.6115666494668046 -2.4230882352941183 0.04750000000000001 0.05 0.05955882352941121 0.23714505425473942 0.02882352941176532 0.897647058823531 -0.6500000000000061 -0.4724458204334373 -0.3083333333333349 0.0 0.004643962848297537 0.00312499999999237
81 3 -0.06134191176470737 0.23024142156862637 0.5054687499999994 0.0689062499999999 0.11 0.13 0.2618456131936609 0.08000000000000002 1.1 -0.6999999999999997 -0.5789473684210527 -0.303921568627435 -0.07058823529412253 0.017647058823530255 0.10000000000000009
81 4 -0.79 -0.6430165333677326 -0.5572977941176465 -0.14 -0.12 -0.12 0.21880156154500707 0.020000000000000018 0.707549019607845 0.0 0.3723942208462342 0.7952205882352842 0.0 -0.010526315789473694 0.0
81 5 2.52 2.8776133578431367 -3.0154411764705866 -0.0125 0.0 0.0125 0.25781629906727827 0.03 1.1000000000000005 -0.5470588235294183 -0.3784442724458131 -0.050000000000001155 0.0 0.015789473684210527 0.09117647058824511
81 6 -1.8994117647058832 -1.4668952205882362 -0.9905882352941184 0.0 0.01 0.0225 0.296948117331268 0.09000000000000001 1.52 -0.9911764705882353 -0.7999999999999999 -0.5498161764705661 0.0 0.04736842105263158 0.1
81 7 0.5629687500000001 0.8601587009803936 1.3021139705882367 -0.03 -0.02 -0.018529411764706127 0.31433124089494474 0.1 1.7025367647058829 0.4999999999999777 0.8960719814241487 1.2838848039215938 -0.05 0.0368421052631579 0.1
81 8 0.7056862745098027 0.8260026315789464 0.8827941176470586 -0.042499999999999996 -0.017500000000001112 0.01 0.27250016323986326 0.065 1.2523529411764716 -1.0460784313725648 -0.6591331269349849 -0.15000000000000013 0.0 0.0026315789473684236 0.09999999999999996
81 9 -0.6258333333333344 -0.4753447712418303 -0.37156249999999924 0.01 0.02 0.02 0.2219916043694847 0.028823529411765317 0.5874264705882385 0.05588235294118393 0.06265479876161033 0.3499999999999995 0.0 0.015170278637771218 0.05000000000001043
81 10 2.1238529411764695 2.7029993055555535 3.1122385620915027 0.02 0.045 0.0676470588235296 0.4115025104727192 0.12470588235293872 2.7763970588235294 -1.5785743464052238 -1.3552416580667392 -0.8989093137254933 -0.09999999999999999 -0.042105263157894736 0.02352941176469359
81 11 -2.3579411764705887 -2.0331292892156876 -1.8880147058823538 0.022647058823529072 0.045 0.06 0.30863345664829717 0.07 1.617058823529412 -1.1676470588235737 -0.8405572755417957 -0.09374999999999023 -0.020588235294112106 0.03157894736842106 0.18529411764705084
81 12 1.1728472222222195 1.7135681781045737 2.0948529411764705 0.04750000000000001 0.07352941176470718 0.09109374999999979 0.36269788207043185 0.17176470588235307 2.1888235294117653 -1.3472058823529454 -1.1520123839009293 -0.5970588235294083 -0.021874999999995856 0.07987616099071214 0.15000000000001046
81 13 1.7508082706766916 1.773964385227775 1.8 -0.05 -0.05 -0.05 0.17305012576575138 0.019999999999999997 0.1900000000000024 -0.15588235294116903 -0.10000000000000125 0.09705882352940787 0.0 -0.010526315789473682 0.0
81 14 0.515 0.5465430964052289 0.58 -0.01 0.0 0.01 0.17158238033870563 0.03 0.10999999999999999 -0.015624999999998557 0.042105263157894715 0.23235294117646965 -0.061111111111114405 4.382459307730881e-18 0.06562499999999861
81 15 -2.577656249999998 -2.1196061274509788 -1.6114705882352895 -0.13 -0.11499999999999999 -0.099 0.37683442473972406 0.09 2.4223529411764715 0.6460784313725454 -2.0303405572755415 1.5911764705882547 -0.10000000000000009 -0.047368421052631574 0.0
81 16 0.5875 0.6076647058823532 0.6119117647058827 0.21 0.215 0.23 0.16937422494171114 0.03 0.10000000000000009 -0.10000000000000009 0.014551083591331884 0.0 0.0 -0.015789473684210527 0.0
81 17 2.399264705882353 2.767036259459925 -3.1066176470588225 -0.10500000000000001 -0.0028947368421053127 0.052500000000000005 0.29551851285948183 0.19 1.3077777777777788 0.3990196078431252 -2.6169590643274856 0.8274509803921393 -0.15 -0.047368421052631574 0.15
81 18 -2.115 -1.6176774509803935 -1.2467941176470578 -0.04765624999999907 -0.03 0.1975 0.35612728812176925 0.35 1.938235294117645 -1.3529411764705612 -1.0201238390092868 -0.21250000000000657 0.0 0.18421052631578946 0.31764705882354105
81 19 0.8172058823529422 0.8871231617647064 0.9824999999999999 0.057499999999999996 0.07 0.08 0.2056807060418938 0.1 0.4770220588235282 0.0 0.23560371517027845 0.4882352941176432 -0.09374999999999312 -0.03157894736842106 0.0
81 20 1.5785294117647062 1.9222896241830072 2.359926470588237 -0.10250000000000001 -0.09 -0.08234375000000094 0.2577433262807858 0.020000000000000004 1.1255555555555563 0.44607843137254743 0.5923976608187139 0.8623161764705711 -0.03327205882354731 -0.005263157894736847 0.0
81 21 1.7155882352941183 2.196571078431374 2.7162500000000023 -0.21109375000000036 -0.185 -0.023970588235294396 0.3520116273729805 0.43 1.8016911764705905 0.8011029411764736 0.94825851393189 1.0985294117647082 -0.4303921568627522 -0.21282894736842176 -0.10000000000000009
81 22 -0.500735294117647 -0.1615460784313716 0.2677941176470599 0.02 0.03 0.036250000000000004 0.2809552519729951 0.05220588235293927 1.3672058823529436 0.4636029411764814 0.7195820433436545 0.700919117647058 -0.04264705882352022 0.009210526315789183 0.06102941176469635
81 23 1.9407352941176477 2.1896576388888898 2.5199632352941186 -0.09558823529411775 -0.06633333333333373 -0.06 0.28995732219032677 0.07999999999999999 1.4377573529411798 0.43318627450979363 0.7567143962848315 0.9794117647058764 -0.09999999999999988 -0.04210526315789473 0.0
81 24 1.9074999999999984 2.1519130777310918 2.3536213235294117 -0.04 -0.03 -0.02 0.2739204006535496 0.03764705882352904 1.304705882352942 -0.6498161764705968 -0.6866873065015485 -0.4909926470588122 -0.09999999999999998 0.014551083591331074 0.09999999999999999
81 25 -2.6825 -2.61402033883729 -2.472500000000002 -0.0625 0.014131944444444426 0.17 0.24532219676321038 0.25 0.47414860681114623 -0.6499999999999795 -0.24955189832165592 0.20000000000000018 -0.09999999999999995 0.11578947368421054 0.19444444444444772
81 26 -2.404779411764708 -1.8365784313725502 -1.232812500000001 0.01208333333333284 0.03 0.04859375000000146 0.3264762055736738 0.049999999999999996 1.8605882352941183 -1.1954248366013132 -0.9792569659442728 -0.7283088235294177 -0.04926470588235231 0.01578947368421053 0.09999999999999996
81 27 -2.4525 -2.4474166666666664 -2.44 0.11 0.12 0.12 0.16156532922228087 0.03 0.050000000000000266 0.0 -0.005263157894736963 0.0 0.0 0.015789473684210527 0.008333333333333318
81 28 -0.16867647058823523 -0.17084742647058818 -0.16 -0.06 -0.06 -0.05 0.16758659819581215 0.020000000000000004 0.11812500000000017 0.0 0.05164473684210534 0.04705882352941851 0.0 -0.00526315789473684 0.0
81 29 1.0550000000000006 1.3923639705882362 1.739411764705882 -0.0225 -0.01 -0.007205882352939763 0.27854312708910617 0.05 1.3458823529411763 -0.10000000000000009 0.6337461300309587 1.1463235294117742 -0.04411764705881616 -0.0052631578947368455 0.07058823529410166
