2 0 0.9917562898200151 1.140860698886558 1.2475000000000005 -0.7623204673482166 -0.755 -0.625 0.22788441710422638 0.339330248212031 0.5 0.09999999999999787 0.2631578947368421 0.32053444634800976 0.0 0.17859486748001635 0.1830950965144812
2 1 0.050000000000000266 0.07049987866041099 0.0900000000000003 -0.1 -0.08 -0.0675 0.16421534105711913 0.05 0.06000000000000005 -0.09999999999999787 -0.02631578947368435 0.0 -0.09999999999999995 -0.02631578947368421 0.0
2 2 0.7800203008519713 0.9194820351553613 1.080001893686228 0.007462896109104163 0.01 0.019996544097317125 0.19736797070243367 0.0299539129267516 0.4099999999999997 -0.3499999999999992 -0.01578947368421066 0.49984162163564383 -0.05024735927263892 -0.005263157894736839 0.0502473592726389
2 3 -2.615 -2.3290178201331306 -2.045016501898848 -0.08499999999999999 0.30000000000000004 0.34 0.28067949943186965 0.4601320151907899 0.9600487842878249 -0.9982623276371916 -0.5052888338356972 -0.19972473724918727 -0.29999999999999993 -0.236911586942521 -0.0001790612721225271
2 4 0.7600000000000002 0.860976563588913 0.9464425290793292 0.05 0.06133889303792326 0.08 0.19305651486315012 0.06602467170712457 0.37000000000000055 -0.2671926123986551 -0.19473684210526346 -0.1002508601173624 0.0 0.02631578947368421 0.07089559617384406
2 5 -0.8700066794318032 -0.8454969408804832 -0.8175000000000003 -0.19 -0.19 -0.18745126311823526 0.16688329158057588 0.010000000000000009 0.10993792950565329 -0.10000000000001563 -0.005295826575972478 0.14905891918289227 -0.050117519418286516 0.0 0.050117519418286516
2 6 -0.004514728511761671 0.007264228773294461 0.016109272514901275 0.15226879030924484 0.16 0.17 0.16422308316787443 0.06 0.025187636646798343 -0.06959358428592635 -0.01305913860694838 0.0 -0.06712753891143203 -0.026315789473684206 0.0
2 7 0.12493193647404158 0.7330764774166635 1.2526660320552567 0.1324169839723719 0.185 0.28004537568397253 0.2886312218063793 0.13 1.1800000000000006 -0.049546243160276116 0.6158563285860986 0.8504867436805563 -0.20055344018418736 -0.06842105263157892 0.0
2 8 -0.8725521039440705 -0.5009991267306199 -0.007531057175221084 0.17 0.19 0.21 0.27463635557385135 0.06 1.2900000000000005 -0.9992387100134137 -0.6789473684210527 -0.4994628288215318 -0.10000000000000009 -0.031578947368421054 0.0
2 9 0.07935216453739126 0.07815631973761303 0.08250000000000013 0.01 0.01 0.01 0.16086716136342238 0.01 0.04239985778620414 -0.05354468119666306 -0.02231571462431797 0.0 0.0 0.0 0.0
2 10 -2.835378034587404 -2.248929195834225 -1.7475117874468529 0.01 0.018691550603529096 0.0225 0.3394524906333828 0.12 1.9734478427974835 0.7349496491371044 1.0386567593670966 1.3170143723035244 0.0 0.06315789473684211 0.1
2 11 0.05928750410166156 0.07550749206881543 0.08250000000000013 0.18 0.19 0.19638506148077034 0.17143118533557034 0.02724259331085732 0.1518647494944967 0.0 0.07992881552341931 0.10000000000000231 0.0 0.014338207005714379 0.024099590128197762
2 12 0.1499999999999999 0.15465298524165294 0.16000000000000014 0.0275 0.03 0.030228929667750242 0.15889523936208796 0.02 0.029999999999999805 0.0 0.015789473684210423 0.015298524165296284 -0.004578593355004882 7.304098846218135e-19 0.0
2 13 -2.1448755806015063 -1.9874808156333401 -1.8774592602172788 -0.04 -0.03 -0.01 0.2362828429826165 0.04 0.8699999999999992 0.19999999999999574 0.45789473684210485 0.6999999999999895 -0.05 -0.005263157894736842 0.0001569082192119306
2 14 2.9875770638807935 -3.1364466646173708 -2.975 -0.13 -0.12 -0.12 0.21128055801307447 0.010000000000000009 0.6299592434858265 0.19994193170932206 -2.9737056613232498 0.4003346762993587 0.0 0.005263157894736847 0.0004403109134103189
2 15 0.1459559214822218 0.14761767147275323 0.1499999999999999 0.08 0.08 0.08180441317690214 0.15711484441559498 0.01999999999999999 0.009999999999999787 0.0 -0.00526315789473673 0.0 0.0 -0.010526315789473679 0.0
2 16 -0.10266240846077428 0.07590248696593054 0.29100408163265296 -0.04 -0.03 -0.012512120326721813 0.20152398256658755 0.08705794161742672 0.4399999999999995 0.0 0.22631578947368383 0.3404127966976077 -0.07148322566608098 0.026315789473684216 0.09999999999999998
2 17 -0.07000000000000073 -0.027078117426768706 0.012500000000000178 0.11499999999999999 0.197272246272245 0.37 0.19681085477849242 0.35 0.13000000000000078 -0.11002421399115801 -0.06661868854129514 0.0 0.0 0.18421052631578946 0.2999999999999998
2 18 -0.16500000000000048 -0.07549999999999979 0.022500000000000075 -0.14 -0.005 0.10750000000000001 0.2146794514990466 0.39 0.2699999999999996 -0.2000000000000024 -0.036842105263158044 0.19999999999999574 -0.09999999999999995 0.12105263157894738 0.35
2 19 0.43194248437476057 0.46873594191874945 0.598804450753454 0.29 0.29220734443738905 0.3 0.22726731273509082 0.010000000000000009 0.7905245164613807 0.15336813003109662 0.416065534979674 0.40677811625483923 -0.0004541213597877847 -0.005263157894736847 0.0
2 20 1.3905235938224378 2.049958695207196 2.6308685859083525 -0.065 -0.025 -0.019674280284367726 0.32343495586912524 0.11 1.7299999999999995 0.008340510403010981 0.9105263157894735 1.7499999999999982 -0.05751685273031232 -1.460819769243627e-18 0.09999999999999999
2 21 -0.599977283317801 -0.5595002095525728 -0.5349999999999997 -0.56 -0.545 -0.5375000000000001 0.18201730745410682 0.06999999999999995 0.2400000000000002 -0.1499999999999968 -0.12105263157894759 0.0001514445479944282 -0.10000000000000009 -0.01578947368421054 0.05015144454799447
2 22 -0.9849955377063807 -0.8184891490225926 -0.6575000000000002 0.1175 0.13 0.17 0.2111871422408204 0.12000000000000001 0.519936971972643 0.1995956139908467 0.2736510378803384 0.3500000000000014 -0.10000000000000002 -0.0368421052631579 0.0
2 23 -1.790741325633046 -1.4877654880714206 -1.156203165468907 -0.03661663155813568 0.15980761054136275 0.4964814571853401 0.33358948641352076 0.8457582048677065 1.2060438778577636 0.6139068940364856 0.6347599357146124 0.7172946818257064 0.10003772323464845 0.44513589729879294 0.7127393221261882
2 24 0.9974999999999996 1.2524956006754244 1.6075000000000004 -0.385 -0.305 -0.20500000000000002 0.34898429195265035 0.17000000000000004 1.8299999999999996 0.49994811259564287 0.9526315789473685 1.299148236700568 -0.15000000000000013 0.06842105263157894 0.2999999999999998
2 25 -0.4499801031021099 -0.30049427387733074 -0.029999999999999805 0.0500245610843274 0.07500000000000001 0.215 0.28041481683402586 0.17 1.1899999999999995 0.0 0.6052631578947371 0.9499999999999975 0.0 0.08947368421052633 0.2500000000000001
2 26 3.0700000000000007 -2.9794582809118935 -2.677491625088379 -0.5398656325103772 -0.12996258103815883 0.045 0.34353274432039144 1.0797026523964603 0.7598017682643068 -0.049999999999998934 -2.9264713050151236 0.7993407700310962 0.15027355623100652 0.5577382381034002 0.899348837209294
2 27 1.1393863893427194 1.1419305345771829 1.2600000000000002 -0.11 -0.10991914345372861 -0.08241234133467416 0.20897254534430443 0.060000000000000005 0.4900000000000002 -0.3000000000000025 -0.2578947368421054 0.04994295195912879 0.0 0.03157894736842106 0.04908854146213566
2 28 0.98 1.0974989878276182 1.2125000000000004 -0.7849999999999999 -0.500145753089638 0.21248764084977545 0.28693226802248917 0.7403103116054988 0.16999999999999993 -0.20000000000000018 -0.06318391400047284 0.15000000000000124 -0.399792485121373 0.34751770793195774 0.558417868908716
2 29 0.007500000000000173 0.038999817624301006 0.05991275862068948 -0.23004778705242274 -0.10001236338824945 0.010013812617862005 0.21004156339725014 0.25996350194188295 0.13000000000000034 -0.10000000000000231 -0.04210526315789478 0.04951295759332015 -0.2502316991554595 0.11580868318848268 0.05088245675964803
2 30 -0.0025430486654923123 0.25300304381731265 0.4800135795763169 0.22 0.245 0.28 0.233401902122891 0.07999999999999999 0.7100573982206563 0.15000000000000124 0.37371442011613487 0.6005008423257574 -0.10000000000000009 -0.021052631578947358 0.0
2 31 -1.125031615767523 -0.5620467944240718 -0.14505639596602923 0.28248419211623843 0.43493878191780067 0.5525 0.32870863317370064 0.23994229259960426 1.4799422925996049 -0.9995043960298816 -0.7315485750524237 -0.45001577892773037 -0.4494334701499217 -0.08950405652652405 0.1996450694036217
2 32 1.1199999999999997 1.123764211713658 1.1300000000000003 -0.06 -0.05 -0.05 0.16041264583682446 0.03728728901136612 0.03000000000000025 -0.0510615883837251 -0.010526315789473927 0.0 -0.046204296338430116 -0.01578947368421053 0.0
2 33 -1.3350000000000004 -0.95415522974849 -0.6225000000000005 0.1758938480816271 0.1867780938833579 0.2325 0.316503518101074 0.12629865835223028 1.7068154093828076 -1.3499999999999979 -0.898323899675162 -0.4285108460028475 -0.10000000000000009 -0.05594666229064752 0.0
2 34 0.8397268940584723 1.2241650950247094 1.645 0.06 0.08 0.09 0.3054667595944245 0.06404605263157977 1.6427672353998315 0.6423344705144995 0.8646143344209639 0.9718607832372195 -0.09999999999999995 -0.02631578947368421 0.014783725064196895
2 35 -0.14999999999999902 -0.1520001411499006 -0.14999999999999902 -0.06 -0.05 -0.04 0.1632948125884543 0.06999999999999999 0.02000000000000135 0.0 -0.010526315789474395 0.0 0.0 0.036842105263157884 0.09999999999999998
2 36 0.6125000000000003 0.8635047707195067 1.1000000000000003 0.17 0.21 0.2625 0.24870618686356447 0.15999999999999998 0.9099999999999993 0.349999999999997 0.47894736842105223 0.5499999999999994 -0.10000000000000009 -0.08421052631578947 -0.04999999999999977
2 37 2.53 2.6309765551788513 2.72 -1.45 -1.435 -1.4 0.26778195234556035 0.050000000000000044 0.3304452690166939 0.0 0.1739185626403652 0.3522263450834706 -0.10000000000000009 -0.026315789473684233 0.0
