42 0 1.1509826999999997 1.23638442 1.3111855 -0.18772489999999997 -0.07102679999999995 -0.06030369999999996 0.18576120536462734 0.14409459999999985 0.2106311999999999 -0.0009419999999993323 0.09406778947368422 0.18839999999999968 -0.015386000000000566 0.06760915789473676 0.039092999999998934
42 1 0.11070070000000021 0.11766836000000003 0.12636930000000024 -0.11844864999999999 -0.1024739 -0.07610574999999997 0.162223056380551 0.04666040000000016 0.024554800000000654 -0.027003999999999362 0.0010907368421051913 0.05306599999999939 -0.05086800000000058 -8.26315789473488e-05 0.008478000000000652
42 2 0.24375820000000004 0.27749750000000006 0.3050353 -0.0059424499999999325 0.0059973999999999306 0.01324294999999992 0.1666822629117611 0.03865339999999984 0.09941239999999985 -0.022921999999996334 0.044984631578947346 0.05432199999999998 -0.03595300000000079 -0.0078004210526316205 0.016327999999999898
42 3 0.28024499999999986 0.6171795600000001 0.5409749 -0.55256935 -0.48778330000000014 -0.46039465 0.38610161070029614 0.27380799999999983 1.9217428 -1.2939939999999983 -0.9572703157894735 0.10644599999999782 -0.09498500000000076 0.14410947368421045 0.4479209999999989
42 4 0.3299983000000003 0.3364133200000001 0.3413964999999999 -0.12067804999999987 -0.0743081000000001 -0.008689950000000002 0.1729433512194045 0.18350160000000004 0.024554799999999766 -0.051496000000001985 -0.012923578947368298 0.026376000000005728 -0.0885479999999994 0.04177852631578935 0.14867899999999934
42 5 0.29077969999999964 0.8208745000000001 1.5727161000000005 -0.40461255000000007 -0.2907012 -0.10592790000000007 0.21303275214679293 0.3836138000000002 1.7161983999999997 -1.3837979999999983 -0.9032623157894737 0.02103799999999989 -0.4254700000000011 -0.10821431578947367 0.19970399999999944
42 6 0.33196079999999983 0.33760652 0.34144359999999974 -0.5276455999999998 -0.5052260000000001 -0.4739359000000001 0.17089712166080576 0.1283318 0.028762400000000188 -0.04176200000000296 -0.014741473684210438 0.016327999999998788 -0.08022700000000049 -0.008742421052631654 0.09796799999999939
42 7 0.08233079999999982 0.21411660000000002 0.3087719000000002 -0.4098720500000001 -0.15379719999999997 0.2517495000000001 0.24572428611940442 0.7009736 0.20749120000000065 -0.07378999999999802 0.07496336842105278 0.16170999999999713 -0.6083749999999999 -0.3587863157894735 0.005651999999999324
42 8 0.34285659999999996 0.36052852 0.3683063000000003 -0.32027215 -0.2926166 -0.25784110000000005 0.1702560611748184 0.09916120000000017 0.04220160000000028 -0.07881400000000038 -0.007701263157894498 0.036738000000000604 -0.12010499999999924 0.019583684210526458 0.13015299999999952
42 9 0.4906564000000002 0.49384036 0.49767430000000035 -0.028880150000000104 -0.02640740000000008 -0.025096449999999937 0.15641988164042356 0.005118199999999851 0.013941599999999887 -0.00031399999999903727 0.006114736842105214 0.011618000000002127 -0.015385999999999456 0.0010742105263157682 0.015543000000000085
42 10 0.3861101 0.40495010000000004 0.4208698999999996 -0.17273140000000003 -0.15981030000000007 -0.14819229999999994 0.16513944977545544 0.043018 0.05626880000000023 -0.02197999999999478 0.025913263157894988 0.04867000000000177 -0.047570999999999586 0.008130947368421015 0.03830800000000023
42 11 0.41782410000000025 0.41336844000000017 0.4227696000000005 -0.3551968 -0.35412920000000003 -0.35208820000000013 0.17733476530857653 0.18023600000000006 0.07297360000000053 -0.02983000000000402 -0.03840715789473712 0.0009419999999993323 -0.006907999999999914 0.09486105263157898 0.022765000000000146
42 12 1.8181071000000002 2.07862348 2.3651107999999996 -0.44620185 -0.38001850000000004 -0.15122240000000003 0.2833343540353281 0.44402739999999996 0.9587675999999998 -0.8669539999999953 -0.5046145263157894 -0.14726599999999923 -0.42688300000000123 -0.19510968421052635 0.06672500000000081
42 13 1.5817592999999999 1.6988530400000001 1.8218123 0.28101429999999994 0.3518998000000001 0.44953809999999994 0.24199233731749348 0.3174540000000001 0.36179079999999963 -0.5473020000000028 -0.06471705263157873 0.09074600000000377 -0.4920380000000013 -0.16708105263157902 0.15354599999999996
42 14 0.32473879999999955 0.57244712 0.5865677000000002 -0.4179654000000001 -0.3627171 -0.3212377 0.2850728518818249 0.27895760000000025 1.2031852000000005 -1.2996460000000032 -0.47751136842105263 0.3485399999999972 -0.14114300000000024 -0.1362760000000001 -0.0836809999999999
42 15 0.2555175000000002 0.27500434 0.296887 -0.15198385000000003 -0.14902439999999995 -0.14127645000000005 0.1695159396595317 0.07451220000000003 0.09551879999999935 0.005023999999995699 0.05027305263157861 0.10205000000000242 -0.012246000000000201 0.03225936842105259 0.06656800000000018
42 16 1.451622 1.9919155200000005 2.4704263999999996 0.25634175000000015 0.26809320000000003 0.29386474999999995 0.28193434305252546 0.11247479999999976 1.1755531999999995 -0.12246000000000201 0.5421623157894735 1.2098419999999965 -0.10236399999999923 0.011303999999999934 0.14334100000000016
42 17 -3.08629501 -3.0188462400000002 -2.9731199900000003 0.1637588499999998 0.16535239999999995 0.1702272500000001 0.17954703546227074 0.009106000000000058 0.26989556000000015 -0.19113179999999952 -0.1420502947368422 -0.09457679999999913 -0.011775000000001645 0.0017352631578947924 0.024178000000001365
42 18 1.1229739 1.31149008 1.6378710999999995 -0.08914460000000013 0.022608000000000184 0.1552573 0.31217811886908603 0.5271745999999999 0.6251739999999999 -0.936347999999998 -0.329038947368421 0.5771320000000024 -0.34665600000000074 0.1117674736842105 0.5652000000000013
42 19 0.3394967999999997 0.48880066000000016 0.6068678000000002 -0.3711951 -0.33761280000000005 -0.31055384999999996 0.21952643869520075 0.16880640000000002 0.5155251999999999 -0.4367739999999998 -0.2713290526315789 -0.08415199999999956 -0.17552599999999918 -0.08322652631578942 0.009262999999999355
42 20 1.8405738000000005 1.8523519400000006 1.9597210999999994 0.20118765000000005 0.2774033 0.30476055000000013 0.21273097194679289 0.12798639999999972 0.5090567999999998 -0.09702600000000672 0.18684652631578946 0.11680799999999714 -0.19640699999999955 -0.057974315789473686 0.07143499999999858
42 21 0.1740345000000002 0.18290500000000015 0.2025457000000005 -0.3371732 -0.3242364 -0.3202014999999999 0.17323597166781207 0.12924239999999987 0.03755439999999988 -0.023864000000002328 -0.014047368421052569 0.03610999999999809 -0.02229399999999937 0.06802231578947361 0.037679999999999936
42 22 0.3790764999999998 0.41360393999999995 0.4391918 -0.2599449 -0.24812279999999998 -0.22111095000000008 0.1691682815888312 0.04248420000000008 0.07039880000000043 -0.021979999999999222 0.031036421052631782 0.08352399999999927 -0.04191900000000026 0.022360105263157938 0.03799400000000008
42 23 0.3018953 0.33086807999999995 0.37793039999999967 -0.30125160000000006 -0.29528560000000004 -0.2818228500000001 0.17601743300666553 0.0725340000000001 0.17169519999999938 -0.14820799999999856 -0.09036589473684178 -0.022608000000001738 0.0062800000000007294 0.03817578947368426 0.040349000000000634
42 24 0.40901640000000006 0.41092552 0.4118109999999998 -0.2511529 -0.2504621 -0.24820129999999996 0.1605445345264108 0.04983179999999998 0.011932000000000276 -0.010362000000001537 0.006280000000000145 0.024492000000000402 -0.007536000000000209 0.026227263157894726 0.03626699999999983
42 25 0.45117090000000015 0.53178412 0.6312185 -0.15226645 -0.14258740000000003 -0.13169945000000005 0.1944477454060287 0.02804020000000018 0.41969239999999974 -0.27789000000000064 0.07499642105263139 0.3950119999999968 -0.0031399999999992545 0.008957263157894737 0.04081999999999919
42 26 0.3083009 0.31770519999999997 0.3253511000000001 -0.08996884999999999 -0.07495180000000001 -0.0570538000000001 0.1713866151302325 0.14830220000000027 0.02700400000000025 -0.053693999999999686 -0.007800421052631503 0.048983999999998584 -0.018997000000000597 0.07805378947368435 0.13486300000000062
42 27 0.14880460000000006 0.15133543999999993 0.16017139999999974 -0.2588694500000001 -0.2544970000000001 -0.24682754999999995 0.18508819788692032 0.23820039999999998 0.0487327999999998 -0.0037679999999995495 0.018212000000000023 0.030772000000001132 -0.008164000000000504 0.12536863157894737 0.20990900000000035
42 28 0.1875679 0.26029344 0.33533630000000003 -0.24696885000000002 -0.23865570000000003 -0.22359155000000008 0.18203216096271652 0.037868400000000024 0.22852919999999965 -0.31085999999999947 -0.01926968421052637 0.22356799999999843 0.01114700000000024 0.019930736842105275 0.03453999999999957
42 29 -2.1322798 -1.9634043199999998 -1.8591783000000002 0.3352656500000001 0.3467188 0.42354674999999986 0.20769749293086953 0.13583640000000052 0.4557396 -0.44117000000000073 -0.23536778947368422 -0.04741400000000007 -0.06154400000000115 0.01920357894736856 0.09435700000000047
42 30 0.44595850000000004 0.5167341 0.6133832999999999 -0.4911666500000001 -0.4095816 -0.3663124 0.20527161545125172 0.16751899999999997 0.4085768000000001 0.03611000000000031 0.199571789473684 0.32844399999999885 0.05039700000000091 0.0881678947368421 0.11994800000000083
42 31 -0.40944029999999987 -0.03805052000000002 0.3348338999999999 -0.29429649999999996 -0.25424579999999997 -0.21173020000000004 0.2619354921830986 0.1380344 0.7272240000000001 -0.0015699999999996272 0.36787578947368405 0.7470060000000012 -0.10676000000000019 -0.04868652631578944 -0.014444000000000123
42 32 0.20691029999999988 0.21281664000000008 0.22180959999999972 -0.20508910000000002 -0.19653259999999995 -0.19337690000000002 0.1603717071875573 0.03262459999999989 0.028322800000000203 -0.01852599999999871 0.006015578947368208 0.02857400000000121 -0.0015699999999996272 0.017170842105263102 0.031556999999998725
42 33 0.5364532999999998 0.8036076400000001 1.1022969999999994 -0.39800285 -0.384336 -0.35235509999999987 0.25482322435698396 0.09696320000000003 0.9344011999999999 -0.27474999999999916 0.3017044210526317 0.6958240000000027 -0.05793300000000001 0.05103326315789475 0.062643
42 34 3.0942031000000005 3.0947055000000008 3.098504900000001 0.17473315000000011 0.18364289999999994 0.18730099999999994 0.15804749332386298 0.022168399999999755 0.016830399999999024 -0.001255999999996149 0.007337684210526257 0.027946000000005355 -0.00015699999999951864 0.011518842105263017 0.021980000000000333
42 35 -0.3438143 -0.11347017999999998 0.13875659999999967 -0.07892389999999999 0.007771500000000042 0.04355965000000017 0.23231562062386302 0.1640336 0.7195624000000005 -0.5620599999999998 -0.37871705263157923 -0.195936000000001 0.026376000000001287 0.08630042105263157 0.11413899999999977
42 36 1.4274440000000004 1.463868 1.4843094000000003 0.10982934999999999 0.14514649999999985 0.15288659999999998 0.1763284299378757 0.04103980000000007 0.17131839999999965 -0.0596600000000036 0.04376168421052631 0.11743600000000409 -0.07017900000000021 -0.014130000000000035 0.0400350000000016
42 37 1.4335513 1.49699186 1.5733441000000004 0.015817749999999964 0.05082089999999995 0.14940904999999993 0.20352064928628347 0.2571346000000001 0.22626840000000037 -0.32436199999999804 -0.03794442105263164 0.11209800000000048 -0.2548109999999981 0.02609505263157899 0.13297900000000085
42 38 1.5874426999999995 1.8767968400000001 2.1906367 0.78208765 0.9342442 1.0048863500000003 0.2575423895321434 0.3499215999999996 0.6992152000000003 -0.4452519999999982 -0.3680080000000001 -0.15794200000000203 -0.2815010000000018 -0.18416926315789453 -0.037837000000000565
42 39 0.3043287999999995 0.3055753800000002 0.30784560000000005 -0.2153411999999999 -0.2136456 -0.21104725000000002 0.15736976508628345 0.015291799999999967 0.011994800000000527 -0.01350199999999857 -0.006313052631579225 0.001883999999996444 -0.006908000000001024 0.008048315789473667 0.013502000000000791
42 40 0.23060159999999996 0.2513664199999999 0.2812811999999997 -0.5006180500000001 -0.48169169999999994 -0.4527409000000001 0.16857608586653813 0.0763647999999999 0.07981879999999997 -0.08132599999999934 -0.04174547368421039 0.00251200000000118 -0.06750999999999951 -0.01986463157894735 0.010519000000001055
42 41 1.7422760999999998 1.9516701400000003 2.1514495000000005 -0.01918540000000002 0.007661599999999935 0.034312349999999825 0.20435557836717513 0.04697439999999986 0.4363343999999998 -0.35796000000000383 -0.21877536842105244 0.041448000000001706 -0.07520300000000035 -0.020476105263157872 0.03987800000000097
42 42 0.4897929000000002 0.4926251800000001 0.4982394999999997 -0.16205540000000007 -0.1597946 -0.1585307499999999 0.159018368035965 0.02320460000000013 0.027443600000000234 -0.026375999999999067 -0.014444000000000123 0.0 -0.0010989999999999611 0.012212947368421122 0.018369000000000302
42 43 0.4801531000000002 0.48181102000000003 0.4828692000000001 -0.30242910000000006 -0.29939899999999997 -0.29764060000000003 0.15764923995634714 0.02687840000000019 0.005903200000000108 -0.0018839999999986645 -0.001751789473684449 0.003140000000001475 0.0 0.014146526315789575 0.015229000000001047
42 44 0.517629 0.5183983 0.5286189999999998 -0.2752838 -0.27087209999999995 -0.26899595 0.1645254905487039 0.055295399999999884 0.05614320000000017 -0.046472000000001845 -0.02954905263157904 0.011932000000003384 0.0 0.029102842105263097 0.04584399999999933
42 45 0.44639810000000013 0.4760491199999999 0.5018975999999999 -0.24949654999999998 -0.0774952000000001 0.03130580000000016 0.19105033212641082 0.31343480000000024 0.07950480000000004 -0.07787199999999661 -0.04144800000000007 -0.0015699999999996272 -0.18133500000000025 -0.13277242105263165 0.06703899999999985
42 46 0.41437009999999974 0.41593067999999994 0.4370252000000002 -0.23644200000000004 -0.2233168000000001 -0.2163224500000001 0.17081199937864008 0.05962859999999992 0.0936347999999998 -0.08634999999999948 -0.04928147368421042 0.038935999999996085 -0.005494999999999806 0.03138347368421048 0.06452699999999978
42 47 0.4521600000000001 0.4556139999999999 0.46373090000000017 -0.23069580000000006 -0.22451 -0.22124439999999995 0.1637083354295955 0.048481600000000125 0.033095600000000225 -0.04238999999999882 -0.011898947368420799 0.032655999999999796 -0.057462000000001456 -0.010808210526315842 0.024492000000000402
