46 0 -0.7239583999999999 -0.60683954 -0.5040171 0.13940814999999995 0.14706189999999986 0.14988789999999996 0.19988404524615602 0.0696766000000002 0.4400396 -0.49109599999999975 -0.09377031578947391 0.04333200000000037 -0.013345000000000162 0.03667189473684221 0.05918899999999949
46 1 0.11487690000000028 0.5688675200000002 0.9346838000000004 -0.011044950000000053 0.019860499999999948 0.17789669999999996 0.29188428988755727 0.31026339999999997 1.255183600000001 0.25371199999999927 0.6606229473684215 1.0060559999999996 -0.21823000000000037 -0.1568347368421052 -0.048984000000000805
46 2 -2.92919453 -2.8917745220000004 -2.86728001 0.6086105000000002 0.6284082 0.6372159000000002 0.1781284595188949 0.06110440000000006 0.20538740000000022 -0.19511959999999995 -0.060129347368421154 0.06214059999999799 -0.08744899999999944 -0.0065444210526318485 0.045215999999999035
46 3 1.7563433000000002 1.7665388800000001 1.7740843000000002 -0.4080744 -0.3444737 -0.23583755 0.18910549302641075 0.32159879999999985 0.06769839999999938 0.00628000000000295 0.023731789473683904 0.06719599999999382 -0.20723999999999965 0.03844021052631573 0.22827799999999954
46 4 -1.8176832 -1.5721352 -1.2716372000000002 0.038213800000000075 0.05893779999999993 0.10912285000000016 0.26763994905889493 0.16255779999999986 1.1194728000000005 -0.7432379999999983 -0.5891962105263161 -0.47539600000000126 0.047728000000001325 0.08555673684210519 0.11696499999999999
46 5 3.0685492999999995 3.1229221679999997 -3.11952877 0.5753343500000001 1.0766903 1.1498052 0.2542471689025891 0.9879381999999997 0.14182123999999963 -0.06936259999999805 -0.04439960000000044 0.007661599999999602 -0.8908179999999999 -0.5199674736842104 -0.10299199999999953
46 6 -0.25426150000000014 -0.20909260000000005 -0.17092590000000019 0.19047239999999993 0.2383730999999999 0.2771835000000001 0.19967420876144265 0.3233885999999999 0.18827440000000006 -0.17018800000000223 -0.05982526315789479 0.07284799999999869 -0.07755799999999868 0.1226087368421053 0.3253040000000007
46 7 -1.4062019 -1.08499874 -1.1001618 -0.99435165 -0.3435945 -0.029068550000000026 0.4721923728125479 1.48304084 2.1027952 -1.0726239999999998 -0.9328444210526315 0.21257799999999882 0.2233324999999986 0.7594767578947369 1.1828380000000012
46 8 0.4110731000000002 0.41857770000000005 0.41771420000000004 -0.06764345000000005 -0.0462051 -0.03130579999999994 0.1657157082041178 0.08704080000000003 0.04019200000000023 -0.030144000000000837 -0.019170526315789596 0.020723999999998632 0.017741000000001117 0.04581094736842107 0.06751000000000063
46 9 -2.0652251 -1.7174575399999998 -1.3492266000000002 0.04764165000000009 0.06689770000000017 0.08326495000000006 0.2740595008321433 0.04361459999999995 1.2909796 -0.7991300000000023 -0.679462947368421 -0.5655140000000014 0.008478000000000652 0.02295505263157892 0.04207599999999867
46 10 -0.4192841999999999 -0.29883380000000004 -0.14641820000000005 0.1801261 0.20083440000000008 0.20740485000000008 0.1894814963429713 0.08415200000000023 0.3030727999999998 -0.18651600000000101 -0.1595119999999999 -0.03140000000000143 0.006123000000000101 0.04429052631578959 0.0604450000000023
46 11 -0.027553499999999786 0.32850994 0.6978493000000002 -0.09969499999999998 -0.06364779999999992 -0.03245189999999998 0.23790605471176104 0.09624100000000002 0.6062083999999999 -0.7187460000000034 -0.3162145263157892 0.09985199999999805 -0.05338000000000065 0.00948610526315791 0.08446599999999971
46 12 -1.1174317999999999 -0.9670289400000002 -0.8536090000000002 -0.07176470000000001 0.03703630000000002 0.14595504999999986 0.23274974915634705 0.24868800000000002 0.5987352000000004 -0.4797920000000011 -0.31512378947368436 -0.12968199999999985 -0.28605400000000003 -0.05906505263157888 0.0736329999999985
46 13 -0.6510005000000002 -0.52972114 -0.42444950000000026 0.5944804999999999 0.600525 0.62960925 0.18823133573405412 0.05234380000000005 0.24623879999999998 0.04584399999999933 0.12959936842105263 0.17458399999999985 -0.07316199999999995 -0.01963326315789461 0.04097699999999982
46 14 0.07170189999999987 0.09595212 0.11114029999999997 -0.29617265 -0.2443548000000001 0.0894743 0.20960002603469097 0.5137039999999999 0.1104023999999999 -0.0043959999999998445 0.05810652631578942 0.07850000000000135 0.042860999999999594 0.2630328421052632 0.3224780000000016
46 15 -2.8180887699999997 -2.805010984 -2.7923125100000004 0.39195834999999996 0.4329432000000001 0.47046620000000006 0.17686850105672933 0.19873059999999976 0.052613840000000245 -0.10735659999999925 -0.024178000000000078 0.0471942000000003 0.00047099999999966613 0.06086642105263136 0.14805099999999904
46 16 -2.69971862 -2.6940094720000003 -2.6907978800000003 0.7435205999999999 0.7509623999999999 0.7535764500000002 0.15967539278169746 0.02138339999999994 0.02878752000000029 -0.01196340000000129 0.014569599999999926 0.04245280000000129 -0.03469699999999909 -0.011254421052631547 0.007222000000000062
46 17 -0.9378395000000002 -0.6169032400000001 -0.27482850000000003 -0.029445349999999926 -0.005023999999999917 0.005777600000000049 0.2608545821525255 0.06656799999999996 1.1201636000000001 0.3353519999999999 0.5895597894736843 0.8129460000000011 -0.059032000000001084 -0.0076351578947366884 0.037680000000001046
46 18 -0.4089693000000001 -0.35630522 -0.30311989999999966 -0.03724039999999995 -0.03240480000000001 -0.027938150000000106 0.1700569029920159 0.03077200000000002 0.09978920000000002 -0.00251200000000118 0.05252063157894738 0.13847399999999954 -0.029044999999999765 -0.00968442105263157 0.020566999999999114
46 19 -2.2268879999999998 -1.8351290400000004 -1.6173669000000002 -0.7320517500000001 -0.5611022999999999 -0.38262470000000004 0.3685203789410605 0.4880501999999999 1.5502808000000003 0.010047999999998058 0.8159372631578948 1.5809899999999988 -0.5104069999999999 0.03526715789473693 0.471314000000001
46 20 0.06407170000000006 0.0667030200000001 0.0703516999999999 -0.09157810000000005 -0.07953620000000006 -0.07008480000000011 0.15822383182004143 0.03089760000000008 0.011680800000000158 -0.0015699999999996272 0.004594315789473856 0.02354999999999885 0.0003140000000012577 0.01626189473684215 0.028259999999999952
46 21 -2.4099657 -2.40901114 -2.4029949000000004 0.2913292000000001 0.29676139999999995 0.3005686499999998 0.15927497981176114 0.02392680000000036 0.02285920000000008 -0.013815999999999828 0.008163999999999979 0.025747999999998772 -0.015700000000000713 0.012593052631579137 0.03344099999999961
46 22 -2.4270002 -2.189427486 -1.9627826 0.2857871000000002 0.291392 0.29597640000000014 0.23570034858373567 0.021603199999999934 0.8897441199999998 -0.4860719999999985 -0.4682863789473683 -0.36047199999999835 -0.022922000000000775 -0.001123789473684154 0.03202799999999839
46 23 -1.2172838000000001 -1.0054908 -0.7033286000000001 -0.12482285000000004 -0.09498499999999999 -0.07649040000000001 0.2842046934181307 0.10600639999999983 1.3499488000000004 0.26281800000000244 0.5704884210526316 1.0349439999999988 -0.14852199999999982 -0.05579284210526307 0.033911999999999276
46 24 -0.33930839999999995 -0.33171902 -0.32758049999999994 -0.045867550000000035 -0.029029300000000036 -0.026187599999999978 0.16543566525889492 0.05381959999999997 0.06970799999999988 -0.03454000000000068 0.01774926315789478 0.07190600000000158 -0.0023549999999983307 0.025913263157894755 0.04709999999999992
46 25 -2.312139 -2.22719258 -2.191249 -0.14381985000000008 -0.12522319999999998 0.20888065000000022 0.2583088597824617 0.5471450000000002 0.5279595999999998 -0.2110079999999992 -0.061610105263157876 0.39092999999999933 0.030458000000000984 0.28797105263157907 0.35073799999999933
46 26 -2.369444 -2.3634497399999996 -2.3406345 0.21906995 0.22176249999999997 0.22304990000000008 0.16570167552322607 0.022451 0.09551879999999979 -0.08540799999999793 -0.050273052631578836 0.00031399999999903727 -0.01852599999999871 -0.011816315789473683 0.009420000000002204
46 27 -0.9757393000000002 -0.95938304 -0.9340243999999998 0.012591399999999808 0.01612389999999997 0.027004000000000028 0.17215238241558284 0.04832460000000016 0.1349572000000001 -0.14538200000000057 -0.07103010526315795 0.022922000000000775 -0.005965999999999472 0.021219789473684362 0.03830799999999912
46 28 -0.05113489999999998 -0.04688648000000004 -0.04129100000000008 -0.15799695000000002 -0.13527120000000004 -0.12313509999999994 0.16128439088182472 0.04110259999999988 0.03328399999999965 -0.030143999999996396 -0.01751789473684192 -0.00031399999999903727 0.007693000000000838 0.021632947368420988 0.04207600000000089
46 29 -0.14316830000000003 -0.14140048 -0.14031090000000002 -0.2014152999999999 -0.1992016000000001 -0.19774935 0.15573056616016875 0.007849999999999913 0.005903200000000108 -0.0056519999999959936 -0.0031069473684211097 0.00125600000000059 -0.0003140000000012577 0.003437473684210505 0.007850000000000357
46 30 -1.4266747 -1.41146768 -1.4011307999999998 -0.1439768500000001 -0.1317701 -0.11442160000000007 0.16145267857354464 0.03940699999999997 0.03742880000000004 -0.01852599999999982 0.013452421052631587 0.020723999999998632 -0.03924999999999956 -0.02074052631578946 -0.0006279999999991848
46 31 0.2512627999999997 0.9915554799999999 1.6139914000000002 -0.03083479999999994 -0.01142960000000004 0.020512050000000004 0.3589841533760923 0.13005880000000003 2.132813600000001 0.2907639999999989 1.122533473684211 1.8246539999999944 -0.1395729999999995 -0.06134568421052627 0.01632800000000101
46 32 0.2356256000000001 0.23617196000000007 0.23575120000000016 -0.08437180000000005 -0.0806038 -0.07316199999999995 0.15622818363978658 0.017458399999999985 0.002574799999999211 0.0 9.915789473677181e-05 0.0 0.0 0.00918863157894736 0.012560000000000349
46 33 1.2030752999999994 1.76980762 2.3141172 -0.17496864999999995 -0.13652719999999996 -0.10909144999999992 0.31500044676462746 0.08032119999999998 1.7259323999999996 -1.3731220000000022 -0.7419324210526312 -0.6261159999999988 -0.018839999999999968 0.017881473684210513 0.0755170000000005
46 34 3.0186861000000005 3.02019958 3.0217947 0.20198834999999998 0.20720859999999997 0.20878645000000018 0.15704135147927706 0.01328219999999991 0.012936800000000304 -0.027317999999993958 0.004065473684210917 0.02700399999999714 -0.007064999999998323 0.006329578947368531 0.01632800000000323
46 35 0.9589873999999998 1.51227424 1.9397193000000001 -0.035764599999999924 -0.015260399999999952 0.00963979999999992 0.34878671769583736 0.2335531999999998 1.9497516 -1.2519180000000052 -1.026185052631579 -0.582783999999994 -0.01601400000000197 0.12292273684210515 0.20315799999999995
46 36 -0.12917960000000017 -0.11588798 -0.10340019999999983 -0.27022840000000004 -0.2517652 -0.24384454999999994 0.16173209948182485 0.039155800000000074 0.03968959999999999 -0.00251200000000118 0.016658526315789585 0.042076000000002 -0.016956000000000193 -0.003916736842105291 0.028103000000001543
46 37 1.7899099000000005 2.0211646200000004 2.2540333000000006 0.3039755499999999 0.33587010000000017 0.35358755000000003 0.22270887871749356 0.09162519999999974 0.6818823999999992 -0.5491859999999926 -0.35888547368421014 -0.17018799999999779 -0.0618580000000013 -0.048223789473684074 -0.029202000000000394
46 38 -3.13190194 -3.111891976 -3.05624521 0.016414350000000133 0.02334589999999992 0.03614139999999988 0.18271127111195226 0.06509220000000004 0.2418490800000006 -0.2039743999999999 -0.06286279999999965 0.04383440000000016 -0.06546900000000022 -0.03425905263157897 0.02496300000000007
46 39 -2.5507052100000003 -2.305712676 -2.0980852 0.10469544999999997 0.11883329999999981 0.1305769 0.23423069803303492 0.055358200000000135 0.83827952 -0.6336520000000001 -0.441199747368421 -0.27870639999999947 -0.0571480000000002 -0.020624842105263264 0.03092899999999954
46 40 3.0334127 -2.6693174540000006 -2.1680287 -0.017010949999999914 0.020928100000000005 0.09870590000000001 0.3137904186692771 0.32467599999999996 1.4798191999999997 0.4056879999999996 -2.526410947368421 1.0550400000000004 0.05479299999999965 0.17088210526315786 0.2136769999999999
46 41 2.4761412000000003 2.4760250200000002 2.4772873000000004 -0.07111315000000007 -0.06882880000000013 -0.060170250000000036 0.15676760523278024 0.016013999999999973 0.01011080000000053 -0.01098999999999517 -0.005321473684210805 0.0 -0.00047099999999966613 0.007965684210526318 0.017897999999998415
46 42 -1.3776122 -1.05329102 -0.7530190999999999 -0.14739945 -0.10644600000000004 -0.06493520000000003 0.2748386665372388 0.17379900000000004 1.1155792 -0.8079219999999987 -0.5871469473684211 -0.38527800000000334 -0.20158800000000032 -0.09147315789473687 0.03846499999999975
46 43 0.24021000000000026 0.45636131999999996 0.665052 -0.13611115000000001 -0.12819049999999999 -0.030811250000000012 0.20994178997163374 0.12120400000000009 0.5084287999999995 0.0788140000000026 0.26759410526315763 0.38778999999999897 0.0 0.05751157894736832 0.09906700000000046
46 44 -2.3748448 -2.19444238 -1.9933348000000002 0.044964799999999916 0.055216900000000124 0.14101740000000001 0.2315884589563471 0.2330821999999999 0.6485356 -0.5378819999999995 -0.3222962105263159 0.032969999999998834 -0.18745800000000035 -0.10575189473684206 0.02480600000000166
46 45 -0.30010550000000014 0.17119279999999995 0.7086351999999999 -0.04126744999999998 -0.03471269999999993 -0.021768049999999983 0.2695019187709967 0.05491860000000015 1.126318 -0.8352399999999993 -0.592798947368421 -0.13816000000000273 -0.05322300000000002 -0.021533789473684218 0.008006999999999875
46 46 -0.3192124000000002 -0.29859202000000007 -0.2390639000000001 -0.06711750000000011 -0.03483829999999988 0.12329209999999985 0.2179931481448822 0.43313160000000006 0.29415520000000006 -0.2891940000000015 -0.15481852631578952 -0.0273179999999984 0.04976900000000062 0.227964 0.23267399999999827
46 47 0.8616160000000002 0.9460663 1.0223055 0.47866945000000005 0.49208510000000016 0.49654390000000015 0.18649435010093302 0.07429240000000004 0.2887544000000002 -0.2508860000000013 -0.1519760000000001 -0.006908000000001024 0.010205000000000908 0.038704631578947435 0.04741399999999896
