49 0 -0.04579689999999992 0.3744795400000001 0.8611135999999999 0.11877835000000014 0.12717 0.13699034999999998 0.2601047769525255 0.047539600000000126 0.8604855999999996 -0.2593639999999997 0.45288715789473666 0.9897279999999986 -0.035167999999998756 0.0017022105263159463 0.027632000000001877
49 1 -0.058827900000000044 0.29310958 0.6591331 0.1889338000000001 0.19174409999999986 0.20044975000000004 0.23082020930284386 0.023926799999999915 0.7490784000000001 -0.05808999999999953 0.3942517894736843 0.42578400000000016 -0.03830799999999912 0.000413157894736744 0.017741000000000007
49 2 0.3962836999999998 0.48094751999999985 0.5822031 0.1705726500000001 0.17447409999999997 0.17554955000000005 0.1761733534480669 0.009639799999999976 0.19348680000000007 0.020409999999997375 0.10183515789473688 0.1416139999999988 -0.008478000000001762 0.0031399999999999558 0.012717000000000978
49 3 0.08744899999999989 0.14566460000000003 0.18698700000000013 -0.34940350000000003 -0.22659810000000002 -0.20025349999999997 0.1920964921754554 0.2510116 0.15247839999999968 0.010676000000000574 0.07612021052631567 0.1497779999999982 0.01726999999999923 0.1311693684210526 0.2695689999999995
49 4 2.2683674 2.37735366 2.5111521999999997 0.05647289999999994 0.0669919 0.07587025000000008 0.18831582499647456 0.03171400000000002 0.33629400000000054 -0.34634199999999726 -0.1692955789473687 -0.010047999999995838 -0.0455300000000014 0.014179578947368538 0.05730499999999972
49 5 0.1907549999999999 0.67050304 1.1469948999999997 -0.00949064999999999 0.01334499999999994 0.09225320000000015 0.26610770940602857 0.1699681999999998 0.962724000000001 -0.03454000000000512 0.503061052631579 0.8239360000000007 -0.13313600000000259 -0.07316199999999984 0.0
49 6 0.5358410000000002 0.7008291600000002 0.8602814999999997 -0.03922644999999997 -0.032703099999999985 -0.026839150000000034 0.2197772431092134 0.02668999999999988 0.7092003999999998 -0.7027320000000015 -0.06911305263157903 0.38307999999999787 -0.04082000000000141 -0.004924842105263134 0.029044999999999765
49 7 0.044415299999999935 0.36749618 0.7380412999999999 -0.10759995000000006 -0.06353789999999992 -0.055546599999999946 0.22680095536335357 0.0699592 0.5719823999999996 -0.04741399999999896 0.29664736842105255 0.3297000000000039 -0.045059000000000626 -0.005156210526315757 0.031556999999999835
49 8 2.1158262 2.1166897000000002 2.1171450000000003 0.0020567000000000224 0.006154399999999782 0.00857220000000014 0.15657811983214343 0.01789799999999997 0.005840400000000301 -0.0006280000000025154 0.000925473684210961 0.0 0.0 0.009419999999999984 0.019310999999999634
49 9 0.058482500000000215 0.3303813800000001 0.5968983000000003 0.07787199999999994 0.0823779 0.08871285000000001 0.22709123055634708 0.009011799999999681 0.7515275999999997 0.08415199999999956 0.395540842105263 0.6681919999999986 -0.019310999999998524 0.0025285263157893176 0.021508999999998446
49 10 0.20670619999999995 0.38500167999999996 0.5815751000000002 0.13289265000000006 0.17304540000000002 0.19525304999999998 0.21926542699074203 0.09354060000000008 0.3919347999999996 -0.29359000000000135 0.20628147368421032 0.4458800000000007 -0.21697399999999867 -0.04923189473684215 0.04066299999999967
49 11 0.02041000000000004 0.10815416000000003 0.18800749999999966 0.1364172999999998 0.14417310000000005 0.14771344999999997 0.19765880743723885 0.024115200000000225 0.4423003999999997 -0.4163640000000002 -0.058205684210526194 0.02857399999999899 -0.023079000000000294 0.0034870526315791245 0.05557799999999835
49 12 -0.6364309000000001 -0.36866112 -0.051700099999999916 0.16397080000000014 0.18863549999999996 0.19232500000000008 0.2823281852136719 0.06895439999999975 1.3622575999999997 -1.4321540000000033 -0.7169776842105262 -0.1306240000000014 -0.07787199999999883 -0.023401263157894626 0.025748000000002103
49 13 0.02653300000000014 0.31616660000000013 0.6219397999999999 0.3544824499999999 0.36998620000000004 0.3967468500000001 0.24126251766144272 0.06807519999999978 0.7966179999999996 -1.0154759999999974 0.050306105263157916 0.8732340000000005 -0.06437000000000026 0.006874947368420893 0.03830800000000023
49 14 0.20069309999999985 0.46501516 0.7912799999999997 -0.07625489999999985 -0.042766800000000105 0.04055309999999995 0.23112389915125148 0.1301844000000001 0.6216572 -0.11523799999999973 0.3233869473684213 0.6217200000000012 -0.015542999999998974 0.06527894736842121 0.11382499999999962
49 15 0.14042079999999957 0.42820179999999997 0.7263134 0.1536637500000001 0.17216619999999994 0.17755915000000005 0.21360864955889472 0.04147939999999983 0.5733639999999998 -0.013187999999997313 0.29833305263157905 0.46220800000000395 -0.04600099999999996 -0.020145578947368244 0.0050240000000001395
49 16 -2.58362026 -2.297824996 -2.0649111 0.28898205 0.30067069999999996 0.3159860500000001 0.23579296824711146 0.06345940000000039 0.6472482000000002 -0.5099359999999975 -0.09646741052631583 0.5787020000000032 -0.08352400000000038 -0.03339968421052652 0.04443099999999922
49 17 -0.09256719999999985 -0.06859957999999997 -0.037664299999999984 -0.06614409999999993 -0.04574979999999995 -0.0361571 0.16747199095698406 0.06462119999999993 0.06399319999999964 -0.02857400000000343 0.02908631578947379 0.08854800000000163 -0.054950000000000276 -0.02303768421052627 0.0028260000000013275
49 18 -0.12939939999999994 -0.03065581999999991 -0.048371699999999906 -0.2783845500000001 -0.23303509999999994 -0.17408160000000011 0.22873042314488207 0.1897502000000002 0.6131164 -0.030457999999999874 0.32269284210526317 0.4989460000000001 0.08697799999999978 0.09986852631578957 0.13439199999999984
49 19 0.10752929999999983 0.28646848 0.4564775000000003 -0.03151775000000001 -0.027396500000000046 -0.013486300000000118 0.2132953969837355 0.033660800000000046 0.4389719999999997 -0.21069400000000016 0.23103789473684194 0.44148399999999866 -0.05039700000000091 -0.017716210526315813 0.0373660000000009
49 20 0.1914771999999998 0.44704493999999995 0.6877698999999998 0.04036470000000009 0.09346209999999999 0.10379270000000007 0.2118133723735448 0.06415020000000027 0.5359979999999998 -0.0015699999999996272 0.2821042105263157 0.32310599999999967 -0.023078999999999184 0.02707010526315799 0.04191900000000137
49 21 0.3527632999999999 0.6084378 0.8218949999999998 0.009388600000000025 0.014192800000000005 0.01612389999999997 0.23495243893469106 0.031682599999999894 0.8734223999999999 -0.6776119999999985 -0.06656799999999971 0.6418159999999973 -0.04427400000000192 -0.012526947368420976 0.02841699999999947
49 22 0.05655140000000014 0.21393762 0.3312385999999998 0.20110915000000007 0.25873599999999985 0.3689107500000002 0.27166227293660195 0.2436326000000002 1.0841163999999996 -1.0635179999999966 -0.5705875789473682 -0.13564800000000155 -0.19452299999999978 -0.12434399999999997 -0.016956000000001303
49 23 2.0758226 2.3034726000000005 2.4523243 -0.09114635000000004 -0.06708609999999993 -0.06265085000000004 0.24109514202577392 0.04785359999999983 0.5881220000000003 -0.6148120000000024 0.17521200000000015 0.8666399999999985 -0.03862200000000038 -0.0010246315789473822 0.04081999999999919
49 24 0.5979815999999998 0.5981229000000001 0.6001796000000001 -0.02136769999999999 -0.01967209999999997 -0.01854954999999986 0.15625392736781213 0.0064998000000000555 0.013816000000000273 -0.012874000000004937 -0.002445894736842319 0.0025120000000034004 -0.004239000000000326 8.263157894746567e-05 0.009419999999998874
49 25 -0.19164990000000004 0.05684341999999996 0.26140500000000044 0.1564662 0.16789580000000004 0.22458065000000005 0.2343642520506146 0.10883239999999961 0.5107524000000008 -0.5513839999999992 0.1396804210526313 0.8503119999999997 0.01114700000000246 0.05728021052631558 0.07379000000000024
49 26 0.2930875999999998 0.46032085999999994 0.6564954999999999 0.2888564500000001 0.30153419999999986 0.3290092000000001 0.19252088570220693 0.043803000000000036 0.38559199999999993 0.0025119999999989595 0.2029431578947368 0.2782039999999997 0.00047099999999966613 0.0223435789473684 0.03563899999999953
49 27 2.7304027000000004 2.79276938 2.8395176999999996 0.13525549999999997 0.14326249999999996 0.16506195 0.17361323104488213 0.043269199999999675 0.14148840000000007 -0.12465800000000193 -0.00042968421052616703 0.13188000000000422 -0.0010990000000010713 0.0213189473684209 0.032813000000001535
49 28 -1.3277333 -1.2751382999999998 -1.2401744000000001 -0.13958870000000007 -0.07851570000000008 -0.03660455000000007 0.19717786490921335 0.20127399999999995 0.27826680000000015 -0.4056880000000007 -0.12160063157894734 0.15134800000000004 0.0028260000000002172 0.10157073684210517 0.17160100000000122
49 29 0.34145930000000013 0.4540785400000001 0.5443504000000002 -0.15872700000000006 -0.1142489000000001 -0.10236399999999996 0.1962347836149458 0.10854980000000003 0.1786032000000004 -0.1541740000000047 0.09400168421052653 0.2851120000000007 0.00047099999999966613 0.04767842105263159 0.0979680000000005
49 30 0.08088640000000002 0.23139288000000002 0.41805959999999986 -0.24203904999999998 -0.2162831999999999 -0.20537170000000005 0.1928572568385128 0.04989460000000001 0.33510079999999975 -0.06437000000000026 0.171444 0.17615399999999948 -0.02119500000000052 -0.02098842105263162 0.00612299999999899
49 31 0.06928410000000007 0.2934832399999999 0.4270556999999998 0.14863189999999987 0.2052775 0.22101674999999998 0.24989660077672937 0.12337059999999966 0.7073164000000007 -0.144439999999999 0.3722717894736846 0.811061999999998 -0.09749699999999972 0.0019831578947368386 0.14600999999999975
49 32 -0.3800341999999999 -0.2941332200000001 -0.20048899999999992 0.08418340000000002 0.09647650000000008 0.1134482 0.1775432637162198 0.059251799999999966 0.19530800000000026 -0.07002199999999847 -0.083490947368421 0.01632800000000101 -0.058874999999999345 -0.02771463157894724 0.018997000000000597
49 33 -1.0997693000000002 -1.03202066 -1.0431551 0.1050879500000001 0.1192101000000001 0.12110195000000007 0.19249575836462737 0.039312799999999815 0.38722480000000026 -0.21540399999999904 -0.20039810526315796 0.040192000000001116 -0.020567000000000224 0.01426221052631577 0.042546999999998336
49 34 -0.5059167999999998 -0.41766082000000004 -0.3663124000000001 1.22379145 1.2525303 1.27750115 0.218830407702207 0.12107840000000003 0.30401480000000003 -0.21603199999999934 0.15640505263157878 0.3111739999999985 0.02354999999999885 0.06372547368421054 0.089804
49 35 -0.9871846000000001 -0.49775907999999996 0.005118200000000184 0.13382680000000008 0.16761320000000002 0.2329173500000002 0.30280368258500956 0.12547439999999987 1.5397304 -1.0123359999999981 -0.8103844210526315 -0.49046799999999946 -0.14946400000000137 -0.058866736842105215 0.04223300000000041
49 36 1.0571595000000003 1.04953244 1.2025885999999997 0.007747950000000059 0.04932939999999997 0.07460640000000007 0.2424718479983853 0.043646000000000074 0.9069576000000001 0.057461999999999236 0.47734610526315796 0.6433860000000013 -0.08054099999999953 -0.022492315789473673 0.017584000000000488
49 37 0.2920671 0.38077524 0.43645999999999985 0.16300525 0.16872789999999993 0.1723075 0.1878184582060287 0.01661059999999992 0.21151039999999988 -0.2232539999999994 0.07740926315789463 0.2336159999999987 -0.00015699999999618797 0.0010081052631578423 0.016641999999998935
49 38 1.9859872000000003 2.2359217800000004 2.5227544999999996 -0.2907326000000001 -0.22937700000000005 -0.2166286 0.2716645236754555 0.09740280000000001 1.1786932000000006 -1.1448440000000026 -0.6203648421052634 -0.1604540000000032 -0.05416500000000157 0.006775789473684238 0.12748399999999993
49 39 0.3462791999999998 0.4855476200000002 0.5966 -0.04692729999999995 -0.03421030000000003 -0.02371485000000001 0.21430878829328986 0.06810660000000013 0.5721708000000003 0.06280000000000285 0.30114252631578964 0.5071100000000017 -0.04584400000000044 0.033383157894736865 0.07598800000000017
49 40 0.23653619999999986 0.24153194000000006 0.24661560000000016 -0.006609700000000163 -0.005400799999999983 -0.003736599999999979 0.15676870473278026 0.004615799999999837 0.014506800000000375 -0.0009419999999993323 0.00763515789473704 0.024177999999999145 -0.011931999999998943 0.001140315789473577 0.015229000000001047
49 41 0.11671380000000042 0.49727237999999996 0.9437898 -0.04161284999999998 0.0056363000000000385 0.029123500000000024 0.24230561437545536 0.05061680000000002 0.6545016000000001 -0.05557800000000057 0.33303831578947374 0.7714979999999994 -0.06154399999999893 0.009403473684210678 0.025120000000000697
49 42 -0.14257169999999997 0.15618360000000012 0.46366810000000025 -0.04934510000000003 -0.04662900000000003 -0.04499619999999993 0.2439330566537992 0.010801599999999967 0.9951287999999998 0.41699199999999825 0.523752 0.6053920000000002 -0.00047099999999966613 0.00568505263157893 0.021352000000000038
49 43 0.20370750000000004 0.29541120000000004 0.35945150000000026 0.1657291999999999 0.169246 0.17873664999999994 0.18678704379265285 0.034540000000000015 0.33032799999999973 -0.26218999999999326 -0.10847873684210527 0.04929799999999762 -0.032970000000002164 -0.018178947368421062 0.002825999999999107
49 44 0.30654249999999994 0.40246636000000013 0.5175034000000002 -0.06899365000000007 -0.0667721 -0.05630805 0.17878086073469104 0.015762799999999855 0.22884320000000002 -0.2392680000000036 -0.09439831578947362 0.06185799999999908 -0.006907999999999914 0.007949157894736778 0.018211999999999673
49 45 0.29374699999999965 0.5415966199999999 0.785785 -0.021524699999999952 -0.007991300000000034 -0.0026297500000000973 0.2112116310837357 0.03133720000000029 0.5176604000000005 0.062486000000001596 0.2724528421052634 0.47947800000000207 -0.014287000000000605 0.013931684210526374 0.03108600000000017
49 46 -1.0242209000000002 -0.9940737599999998 -0.9213388 -0.007504600000000083 -0.0021666000000001295 0.02084175000000016 0.18553727697545544 0.05796440000000014 0.291706 -0.031399999999999206 0.12103873684210532 0.2744359999999979 -0.0522810000000018 -0.02748326315789485 -0.000628000000000295
49 47 -0.0981407000000003 -0.09651732000000002 -0.09485939999999993 -0.05112704999999995 -0.04983179999999998 -0.04856010000000005 0.15807058949010502 0.02618760000000009 0.012685599999999742 -0.01601399999999975 -0.004296842105262839 0.0012560000000028104 -0.0211949999999983 -0.0137829473684211 0.001884000000000885
