59 0 0.12643210000000005 0.22538291999999993 0.30748449999999994 0.34222075 0.6252525 0.6571941499999998 0.22780041967545547 0.41805959999999964 0.3027587999999999 -0.053693999999999686 0.07360821052631589 0.2449200000000018 -0.358117 -0.22003136842105242 0.029359000000002133
59 1 -0.8447228 -0.10084423999999989 0.5074711000000004 -0.28565365 -0.21601630000000005 -0.1570157000000001 0.3131315066773663 0.24419780000000002 1.5532952 -0.9752839999999985 -0.7813311578947371 -0.06593999999999989 -0.08964700000000048 0.09203505263157888 0.2598350000000005
59 2 0.08496840000000017 0.08720093999999996 0.08781009999999989 0.089333 0.09250440000000004 0.0940430000000001 0.15613875175125158 0.011461000000000165 0.005777599999999605 -0.000628000000000295 0.0016526315789472097 0.0012559999999983695 -0.014600999999998532 -0.006032105263157982 0.0
59 3 0.02293769999999995 0.03361998000000006 0.03973670000000029 -0.17434850000000007 -0.14761140000000006 -0.13457255 0.16723162725316232 0.04537300000000011 0.07441799999999965 -0.026689999999998104 -0.019567157894736686 0.05589199999999961 -0.04992600000000014 0.012923578947368414 0.07206299999999999
59 4 -0.42620789999999975 -0.29813986000000015 -0.18427090000000024 -0.03087404999999993 0.13748490000000002 0.16243219999999997 0.2052176639015701 0.17543179999999992 0.2576684 -0.2050419999999975 0.07357515789473681 0.3394340000000007 -0.02841700000000058 -0.030375368421052526 0.10063699999999898
59 5 -0.1936123999999999 -0.18245597999999993 -0.1733751 0.31164499999999995 0.3591061000000001 0.36964864999999986 0.16683859408118784 0.07338179999999994 0.06323959999999973 -0.03862199999999927 -0.013419368421052624 0.03234200000000076 -0.04945500000000158 0.0013055789473686253 0.03563899999999953
59 6 0.09452969999999972 0.30785816 0.5181784999999999 0.03217714999999988 0.0367223000000001 0.04785360000000005 0.2117529342856465 0.03551340000000014 0.48060839999999994 -0.5177860000000001 -0.2529517894736842 0.00031400000000347816 -0.021979999999998112 0.0019335789473684528 0.040348999999999524
59 7 0.002480600000000055 0.03139372000000003 0.059534399999999765 0.03523080000000006 0.07289509999999999 0.0968690000000001 0.18058935764870382 0.15093980000000018 0.0725967999999999 -0.1434980000000019 -0.03820884210526311 0.1353340000000003 -0.110842000000001 -0.05395842105263151 0.05432200000000109
59 8 -0.021022299999999938 -0.006148119999999979 0.011696499999999777 0.13238239999999996 0.1499507000000001 0.15557130000000008 0.16353345623787582 0.03928140000000013 0.047288399999999786 -0.014130000000003307 0.02459115789473694 0.056519999999999904 -0.02841699999999836 -0.018393789473684377 0.020567000000002444
59 9 0.10754499999999967 0.12238463999999998 0.1416453999999998 0.07413540000000002 0.07740100000000005 0.08080789999999999 0.16047673233787582 0.0067509999999999515 0.04703720000000011 -0.05526399999999709 -0.004825684210526245 0.0015699999999996272 -0.0017269999999991459 0.0035531578947368167 0.013972999999999347
59 10 -0.03226350000000022 -0.02571660000000007 -0.01890280000000022 0.2015723000000001 0.2051675999999999 0.21138480000000026 0.15768671260793943 0.012434399999999846 0.019593599999999878 0.0 0.010312421052631514 0.026376000000003508 -0.012560000000001459 0.005800736842105241 0.014129999999999976
59 11 0.8219420999999999 1.2049907000000002 1.5561211999999998 -0.009176649999999953 0.005432200000000109 0.010982150000000024 0.2929633044773663 0.1011708 1.4202848000000006 -1.0531559999999995 -0.6722244210526318 -0.5218680000000031 -0.033912000000000386 0.053247789473684214 0.08007000000000208
59 12 -0.1079061 -0.04249048000000004 -0.02659580000000006 0.07718905000000009 0.0812946 0.09127980000000013 0.18820445385762108 0.031243000000000132 0.34841440000000024 -0.243663999999999 -0.10355389473684201 0.13031000000000015 -0.02841699999999947 -0.011931999999999995 0.0006279999999991848
59 13 -0.06973940000000001 -0.03775849999999994 -0.002574799999999766 -0.012206750000000044 0.10470329999999994 0.30634625 0.20468468656144273 0.39438400000000007 0.1476428000000003 -0.2116360000000017 -0.048620421052631625 0.07379000000000024 -0.04317499999999974 0.17572431578947367 0.3647110000000009
59 14 0.20830760000000004 0.24296378000000002 0.3435631 0.05329365000000008 0.10035439999999995 0.27067585000000005 0.2313249205174938 0.25923839999999987 0.49888319999999986 -0.5441619999999991 -0.2625701052631578 0.05557800000000057 -0.16390799999999928 -0.12444315789473674 0.00863500000000017
59 15 0.0091216999999999 0.06965148000000003 0.14825509999999986 0.09955370000000002 0.14001259999999982 0.14384339999999995 0.1897101195073026 0.0777150000000002 0.20943800000000046 -0.27883199999999997 -0.11023052631578971 0.05055400000000043 -0.05557800000000168 -0.040902631578947475 -0.003297000000002104
59 16 0.24785589999999968 0.27471546 0.30803400000000025 0.3880019499999999 0.3917621 0.39298670000000013 0.16650575814934085 0.007033600000000195 0.08534520000000034 -0.05212400000000672 -0.020757052631579113 0.09137399999999962 -0.01365900000000031 -0.000760210526315796 0.008321000000001133
59 17 -0.19045670000000026 0.04272283999999997 0.39234299999999966 0.09164089999999991 0.12012069999999986 0.18095820000000012 0.30522700957672894 0.13049840000000001 1.5412376 0.5231240000000037 0.8024517894736838 0.9479660000000001 -0.004709999999999992 0.0574950526315789 0.1367470000000004
59 18 0.02880949999999982 0.21773702000000003 0.4374648000000003 -0.16496774999999997 -0.14428300000000005 -0.13491009999999998 0.20245667463660197 0.08766879999999988 0.43708800000000014 -0.3692640000000025 -0.22984800000000022 -0.011618000000004347 -0.09231600000000006 -0.04614147368421046 0.01240299999999972
59 19 -0.3254610000000001 -0.14833988 -0.0033911999999999276 -0.13980065000000003 -0.0031870999999998872 0.05407079999999986 0.21509650207800324 0.24655280000000013 0.39645639999999993 -0.011618000000002127 0.2013566315789473 0.36298399999999953 0.06405600000000011 0.11490747368421045 0.20881000000000038
59 20 -0.3062284999999999 -0.24283817999999996 -0.1772843999999999 0.022458849999999808 0.030929000000000095 0.04674675000000006 0.17624098077035988 0.026030599999999682 0.17226039999999987 0.06405600000000122 0.09066336842105256 0.15794200000000203 0.010832999999997872 0.010411578947368638 0.037837000000000565
59 21 -0.0045215999999997925 0.18862294000000002 0.28087300000000004 0.0327188000000001 0.04595389999999999 0.06995134999999997 0.2482811610652641 0.0921590000000001 0.9548739999999993 -0.5925180000000063 -0.47328063157894723 0.016955999999999083 -0.1340779999999997 -0.037018947368421026 0.06028799999999834
59 22 1.2438167999999998 1.7614520800000002 2.3320309 0.14681855 0.18381560000000008 0.26273949999999985 0.3386769175429712 0.17166379999999992 1.9147720000000001 0.741982000000001 1.0077747368421053 1.2255420000000017 -0.026375999999999067 0.0805988421052631 0.1871440000000013
59 23 -0.018965600000000027 0.010663439999999946 0.043536099999999744 0.29537195000000005 0.3009375999999999 0.30257825 0.16379467282704782 0.01840039999999976 0.06531199999999959 -0.07316200000000217 -0.03437473684210505 0.0 0.0007849999999987034 0.009634842105263067 0.016485000000000527
59 24 -0.08983540000000001 -0.058306659999999934 -0.03136860000000019 0.0032028000000000056 0.021461899999999923 0.02423294999999992 0.17083120334042354 0.025622400000000045 0.1263536000000003 0.014130000000001086 0.06650189473684226 0.1334499999999994 0.0 0.012031157894736884 0.02983000000000069
59 25 0.26884680000000005 0.74923226 1.2144891999999998 0.24884499999999993 0.2911721999999999 0.31550719999999993 0.28805112362577384 0.10694839999999983 1.3940972 0.2816580000000002 0.7197541052631579 1.108734 -0.0009420000000015527 0.04384431578947354 0.10299200000000175
59 26 0.047461100000000034 0.04951152000000001 0.05036560000000012 0.40521699999999994 0.4054996000000002 0.4058450000000001 0.15525259654679302 0.003077199999999891 0.005903200000000108 -0.0003140000000012577 -0.001553473684210438 0.0006280000000025154 -0.011931999999996723 -0.0008097894736841818 0.00737899999999958
59 27 -0.3107658 -0.24951696 -0.17499219999999982 0.20748334999999984 0.2324385 0.2537591 0.17902309169328992 0.06418159999999995 0.21408520000000042 0.005338000000001397 0.11122210526315814 0.1849460000000014 0.006437000000000248 0.033085684210526434 0.05604900000000135
59 28 -0.16970130000000005 0.04868255999999991 0.21859110000000004 0.02990850000000017 0.041416599999999915 0.07422174999999998 0.2020628420780031 0.07630199999999987 0.44694759999999967 -0.24523399999999862 -0.21646168421052597 -0.0015699999999996272 -0.03501100000000035 0.015666947368420933 0.05212400000000006
59 29 -0.05300320000000003 -0.03934734000000002 -0.0351994000000001 0.2253028500000001 0.2291728999999999 0.23133164999999994 0.16060337732067834 0.008729200000000104 0.059283199999999425 -0.001884000000000885 0.031201684210526014 0.04364599999999719 -0.0010990000000010713 -0.0001817894736842375 0.013973000000000457
59 30 -0.14910289999999993 -0.03484457999999999 0.05498140000000007 -0.15098690000000003 -0.13941599999999998 -0.13253155000000005 0.21442755008946812 0.08948999999999985 0.5900687999999996 -0.6415020000000005 -0.3105625263157893 0.015386000000003897 -0.0056520000000004345 0.04665378947368409 0.0748889999999991
59 31 -0.1352869 -0.13459296 -0.12998030000000016 0.25463830000000004 0.3167318000000001 0.3231688 0.1713938738525255 0.1145786000000002 0.05469880000000016 -0.00031399999999903727 0.02878884210526324 0.05808999999999731 -0.12528599999999668 -0.06030452631578958 0.018839999999999968
59 32 0.6306376000000001 0.67281094 0.8825598000000001 -0.05120554999999999 0.03694209999999998 0.044431000000000165 0.26382616727290764 0.1311891999999999 1.1041496000000004 -0.13690400000000214 0.47734610526315785 0.738213999999997 0.010204999999999798 0.069046947368421 0.09592699999999899
59 33 -0.10807880000000014 -0.04773428000000002 -0.025339799999999912 0.013674699999999929 0.02491589999999999 0.042751099999999875 0.18738407167227064 0.0395011999999999 0.30539640000000023 -2.220446049250313e-15 0.16073494736842117 0.2778899999999984 -0.04709999999999992 -0.0087754736842105 0.045058999999999516
59 34 -0.08603599999999989 0.14870726 0.43153019999999975 0.10256025000000019 0.1068228 0.11028464999999993 0.22137868922895862 0.030206799999999978 0.5623112000000008 -0.48858399999999413 -0.08435031578947357 0.28416999999999915 -0.050083000000000766 -0.015105052631578913 0.024020999999998516
59 35 0.29393540000000007 0.5122627399999999 0.6137758000000002 0.116651 0.13169160000000002 0.2510430000000001 0.2944953668429713 0.23122960000000026 1.3144668 0.2367560000000002 0.6918246315789474 1.1278879999999991 -0.040192000000000005 0.056503473684210596 0.14475399999999805
59 36 -0.023502900000000104 0.06377967999999996 0.07242409999999988 0.3842104 0.4113243000000001 0.4311220000000001 0.20681424107864016 0.07463780000000009 0.5133900000000002 -0.5805859999999985 -0.27020526315789484 0.04961199999999888 -0.055263999999999314 -0.039283052631578996 -0.007850000000001467
59 37 -0.02681559999999994 -0.0244448999999999 -0.023314499999999794 0.11225499999999977 0.11360520000000007 0.11497895000000014 0.15547522411813058 0.0042704000000000075 0.005714800000000242 -0.0006280000000025154 0.0014543157894736662 0.000628000000000295 -0.0072219999999989515 0.002247578947368425 0.013973000000001567
59 38 -0.6860272000000001 -0.38795641999999997 -0.12547439999999976 0.026635049999999993 0.10621050000000021 0.11363660000000003 0.27202190058182474 0.2346836000000001 0.8259456000000003 -0.7875119999999991 0.12325326315789455 1.0167320000000002 -0.20881000000000038 -0.12351768421052638 -0.01617099999999927
59 39 0.45354159999999977 0.55697006 0.723142 0.07079914999999987 0.07832729999999999 0.12198900000000007 0.2565501578397866 0.062391799999999886 1.0283499999999997 0.21132200000000045 0.541236842105263 0.7636480000000012 -0.014600999999999642 0.032837789473684154 0.12167499999999998
59 40 0.23256410000000005 0.28979688000000003 0.4646729000000003 0.059620749999999834 0.07614500000000024 0.10083324999999987 0.23905612019201597 0.047037200000000334 0.8819004000000001 0.08980399999999777 0.46415810526315804 0.6760420000000034 -0.07112100000000066 -0.0014708421052630892 0.04709999999999992
59 41 -0.09743420000000014 -0.09636660000000008 -0.09449830000000004 0.17164025000000016 0.17353210000000008 0.1748666000000001 0.15554788912131526 0.005651999999999768 0.004019200000000112 -0.01601400000000197 -0.0006279999999999444 0.014130000000001086 -0.007222000000000062 -0.00028094736842112616 0.0014129999999989984
59 42 0.1561208000000005 0.26776977999999996 0.4327705000000003 0.021053700000000064 0.027961699999999978 0.04950210000000005 0.2201845184588949 0.031682599999999894 0.6912395999999998 -0.32655999999999796 0.19682842105263182 0.5752480000000038 -0.026218999999999548 0.0046108421052632785 0.047728000000000215
59 43 -0.08594180000000018 -0.03968332000000001 -0.009294399999999703 -0.07758940000000003 -0.0681851 -0.05522474999999999 0.17433355769328984 0.017615399999999948 0.1918540000000002 0.02731800000000062 0.10097578947368431 0.11806399999999995 -0.021979999999999222 0.002164947368421076 0.03234200000000076
59 44 -2.69057023 -2.498790962 -2.2819636 0.03396695000000016 0.041824799999999995 0.050263550000000046 0.26424077904284404 0.11307140000000016 1.12303984 -0.7666309999999998 -0.5910736 -0.35880779999999834 -0.06782399999999744 0.03696936842105253 0.13376399999999955
59 45 0.02767910000000018 0.027446740000000136 0.028008800000000278 -0.043928600000000095 -0.04245279999999996 -0.0336608000000001 0.15680862156526432 0.018400399999999983 0.008163999999999838 0.0 0.002875578947368019 0.0009420000000037732 -0.014286999999999495 -0.006660105263157926 0.00015699999999951864
59 46 0.10710540000000035 0.13794334000000003 0.19692510000000019 0.07895529999999995 0.10752930000000005 0.11560694999999999 0.1995167539397867 0.17345359999999999 0.29101520000000036 -0.07127800000000128 0.08977094736842091 0.13533399999999807 -0.16657699999999998 -0.09129136842105262 0.015700000000000713
59 47 -0.10487599999999997 -0.10546632 -0.10487599999999997 0.08883060000000004 0.09080880000000002 0.09219040000000023 0.1553775431869204 0.005809000000000175 0.0030144000000000837 -0.000628000000000295 0.0 0.000628000000000295 -0.01365899999999809 8.26315789473488e-05 0.013816000000002049
