65 0 -2.69 -2.605954248366013 -2.57 0.21 0.23 0.25015624999999964 0.1924577740256791 0.04999999999999999 0.3274999999999979 -0.24374999999999147 -0.15690789473684266 0.0 -0.049999999999999906 -0.015789473684210523 0.09999999999999981
65 1 2.864411764705881 3.0213880718954256 -3.08 -0.08249999999999999 -0.07 -0.07 0.20642847551538243 0.03 0.37764705882352967 -0.3500000000000014 -3.1065015479876164 0.4477941176470801 -0.0852941176470539 0.005263157894736847 0.09999999999999995
65 2 -1.4662500000000003 -0.7971504493464034 -0.14620588235294277 0.12 0.12 0.13 0.3128037714250482 0.03 1.72 0.34411764705881737 0.905263157894737 1.5020833333334163 0.0 0.015789473684210527 0.061764705882365115
65 3 -0.6021231617647063 -0.44073876633986764 -0.17 0.13 0.14 0.1595312499999999 0.28638371263835116 0.12764705882353014 1.3705882352941208 0.0 0.7160990712074319 1.4954044117646916 -0.10000000000000009 -0.06191950464396322 0.0
65 4 0.13 0.13511580882352986 0.17161764705882537 0.07 0.08 0.09470588235294192 0.18216887427235745 0.039999999999999994 0.27 -0.049999999999999906 0.07894736842105264 0.15 -0.08333333333334907 -0.018092105263157455 0.0
65 5 -0.9061411764705887 -0.4662854355660386 0.0297058823529397 0.22 0.2242592592592597 0.2375 0.2903832520453541 0.03 1.4859999999999993 0.6597385620915236 0.7821052631578944 1.1018246187363974 -0.0687500000000027 -0.0017543859649122775 0.07037037037036814
65 6 -3.1337499999999983 -2.8922486455108363 -2.677499999999999 -0.23161764705882365 -0.18343749999999903 -0.17 0.25266390964412855 0.0864705882352946 0.9664705882352953 -0.5976102941176364 -0.4560371517027827 -0.39650735294116224 -0.10000000000000009 -0.01764705882352917 0.050000000000000044
65 7 -2.74 -2.7290000000000005 -2.72 0.05 0.07500000000000001 0.11 0.16846484847255477 0.09750000000000111 0.06000000000000005 -0.10000000000000231 -0.03157894736842108 0.049999999999998934 -0.09999999999999995 0.014473684210526902 0.09999999999999998
65 8 0.05 0.3470695626934995 0.5568749999999902 -0.0225 -0.008888888888887572 0.008676470588234925 0.28957421923705023 0.07 1.4575000000000011 0.18823529411763468 0.7671052631578953 1.3534636222910565 -0.1 -0.03684210526315789 0.0
65 9 0.2919117647058817 1.1857297794117652 1.8929687499999968 -0.21 -0.2 -0.17926470588235374 0.3714394475531693 0.09 2.246470588235293 0.2992647058823708 1.18235294117647 1.7500000000000426 -0.13033088235291285 -0.03684210526315789 0.0
65 10 -0.211052631578949 -0.07985697239422068 0.07250000000000001 -0.06 -0.045 0.051527777777778117 0.21770233093665667 0.12294117647058922 0.5929411764705892 0.049999999999999975 0.31207430340557324 0.5664473684210491 -0.08415032679738393 -0.04891640866873117 0.0
65 11 -2.515808823529413 -1.438556738046096 -0.3493421052631495 -0.1725 -0.1375 -0.12 0.2800224116762759 0.09999999999999999 1.8147058823529418 -0.9411764705883202 0.569969040247679 2.2214912280700787 -0.15 -0.05263157894736842 0.0
65 12 -0.7207352941176454 -0.5097571486928091 -0.1975 0.31 0.32 0.3325 0.26760101763293853 0.10823529411764732 1.1700000000000002 0.09999999999999981 0.6157894736842104 1.145036764705938 0.0 0.05696594427244596 0.10000000000000009
65 13 -0.2915208333333342 -0.13136258169934487 0.2 -0.1034999999999981 -0.09 -0.07 0.2977462349557728 0.09 1.5125000000000033 0.049999999999999906 0.7907894736842124 1.0043137254902263 -0.049999999999999975 -0.02631578947368421 0.049999999999999975
65 14 0.03 0.03484615384615382 0.05 0.15 0.15 0.16 0.16357726916679416 0.01999999999999999 0.08307692307692371 0.0 0.03319838056680195 0.05000000000000001 0.0 0.010526315789473679 0.0
65 15 3.082812500000003 3.107393382352941 3.1325 0.24 0.25 0.2658333333333343 0.1641798369102196 0.040000000000000036 0.07000000000000028 -0.09999999999999787 -0.027244582043346174 0.0 0.0 -0.02105263157894739 0.0
65 16 -0.02 -0.004595588235294247 0.042499999999999996 -0.07500000000000001 -0.06 -0.04 0.19203774428266973 0.04000000000000001 0.3405882352941162 -0.1 0.13188854489164006 0.10000000000000002 0.0 0.02105263157894737 0.07941176470588357
65 17 2.878382352941178 3.027408088235294 -3.1372058823529416 -0.07205882352941183 -0.07 -0.06 0.2006400335730964 0.020000000000000004 0.3099999999999996 -0.3499999999999992 -3.186377708978327 0.21470588235294352 0.0 0.010526315789473686 0.047058823529400676
65 18 2.8575 2.970251593137255 3.0617371323529428 -0.18 -0.17 -0.17 0.2119529831580486 0.01874999999999888 0.6257352941176446 -0.4970588235294371 -0.2767027863777119 0.049999999999998934 -0.049999999999999906 -0.009868421052630989 0.005882352941164182
65 19 -2.6 -2.4888382352941183 -2.4212500000000006 -0.27 -0.26 -0.25838235294117673 0.21094569074371655 0.05764705882353019 0.5824999999999991 -0.735294117647054 -0.26973684210526255 0.10000000000000231 -0.08823529411765091 -0.026315789473684223 0.0
65 20 -1.5644301470588227 -0.9398655637254884 -0.38776654411764755 -0.05 -0.04647058823529522 -0.03 0.3048773280187159 0.020000000000000004 1.5747843137254884 0.6593750000000187 0.8288338493292043 1.1955882352941438 0.0 -0.005263157894736838 0.0
65 21 -0.3472058823529418 -0.3838088235294115 -0.32 0.07 0.09 0.1 0.21146012121956995 0.039999999999999994 0.5829411764705892 0.0 0.2910216718266259 0.19411764705883572 0.0 0.010526315789473677 0.05294117647056243
65 22 -0.21383986928104826 -0.15586907679738368 0.13764705882352696 0.18000000000000316 0.195 0.2120588235294127 0.3037305681035094 0.04999999999999999 1.6375000000000055 -0.2 0.7460526315789503 1.3503267973856614 -0.049999999999999906 -0.015789473684210527 2.095545958979983e-14
65 23 -0.03529411764705913 -0.14149816176470403 0.12382352941176453 -0.33 -0.3003125000000014 -0.1975 0.3130376130960873 0.19999999999999998 1.5352941176470603 -0.15018382352941215 0.6922600619195055 1.0709558823530079 -0.15625000000000847 0.010526315789473665 0.09705882352941925
65 24 0.23437500000000028 0.8256685049019616 1.49 0.03 0.05562499999999861 0.06234375000000035 0.28967249965642167 0.060000000000000005 1.45 0.20000000000000018 0.7473684210526317 0.5019607843137569 -0.003124999999993064 0.010526315789473682 0.0
65 25 -3.1288051470588227 -3.031416462418301 -2.932230392156863 -0.15 -0.14 -0.1275 0.22284620387893067 0.030000000000000013 0.7288235294117635 -0.49981617647056886 -0.34156346749226 -0.20000000000000018 -0.049999999999999906 -0.005263157894736831 0.0
65 26 -0.01 0.01079452614379094 0.025147058823532176 0.04 0.055 0.09156249999999987 0.1688003141086144 0.060000000000000005 0.07 -0.1 -0.03157894736842105 0.0 -0.15 -0.031578947368421054 0.049999999999999975
65 27 -0.036000000000000004 -0.037248739495798065 0.02 0.04 0.054117647058823284 0.064 0.18527015467254174 0.04 0.3078571428571432 0.0 0.1620300751879701 0.25 -0.05588235294117887 -0.021052631578947368 0.0
65 28 -0.3814705882352946 -0.22001838235294008 0.052500000000000005 -0.04 -0.03970588235294179 -0.03 0.26188947109107374 0.02 1.1776470588235304 0.04705882352939828 0.6040247678018581 1.1503676470588635 -0.005882352941164182 0.0 0.002941176470582091
65 29 -2.2362068965517232 -1.9690737506732852 -1.8225000000000025 0.01 0.02 0.115 0.27405874206664904 0.13999999999999999 0.8721052631578898 -0.4021739130434554 0.45900277008309986 1.223993808049556 0.0 0.07368421052631578 0.1
