7 0 -0.3092240075311689 -0.26733086949541296 -0.23484680145718892 0.11431223013303815 0.18795203459752458 0.23669035395962457 0.18284165731508306 0.16198400787759643 0.10075785771796 -0.08011061266680025 0.02775992105023159 0.11955505376199993 0.03298672286279995 0.08525474098820865 0.10341075818100016
7 1 -0.5262951153690616 -0.3565784262399031 -0.14865386179051696 0.2829730920276725 0.3381211330677425 0.40892914082138254 0.20774294747211094 0.16193164800055998 0.41821579536441456 -0.04153883619760046 0.21477654337383922 0.4099778412948002 0.030543261910000175 0.08522718315818946 0.12147491593919951
7 2 -0.017895830448143434 -0.011987018265497085 -0.00747621481368598 -0.1884373330930925 -0.13643524802957796 -0.07080650483124795 0.1829680653014232 0.2706656604003346 0.03433062638690981 -0.03490658504 -0.0019749778377894747 0.012391837689199985 -0.21799162357479987 -0.14245561073701818 -0.05637413483959998
7 3 -0.05783444212839721 -0.024914041777220328 -0.0014166740575740021 0.23822270456286992 0.2786314400697999 0.2900458933778799 0.17041622770990417 0.09210102462804001 0.0855385866404502 -0.00829031394696509 0.03997722581419485 0.0558505360640349 0.01204277183880026 0.04847422348844212 0.0836012711707998
7 4 -0.025485152293657845 -0.013511320960285405 -0.003262747592514176 -0.01991386739582079 -0.01795909863354589 -0.01350414571778098 0.15997403689250592 0.011833332328629816 0.041102503884652364 -0.038484510006626185 0.0027006673688842082 0.043720497762861806 -0.02155481626254907 -0.001506494722778947 0.012828170002200014
7 5 -0.610511760544714 -0.0879540738435844 0.38365396133326596 0.2998801449735524 0.3521789360097325 0.5029492034437525 0.29627031687458505 0.31246629598555997 1.3068152774350001 0.34670965590979985 0.6877975144394736 1.023635606298 0.019460421159800123 0.1594863498590737 0.24582962514419993
7 6 -0.34470519374563396 -0.33518704066985194 -0.323399086901844 0.04909194246108305 0.05637432876505305 0.05794948841498305 0.1587669413372326 0.019774580425159997 0.021293016874399995 -0.014660765716799917 -0.00869908842970525 0.01143190660059995 -0.005061454830799991 0.00812955993694737 0.017366026057399966
7 7 -0.29490935030034454 -0.16075199935153103 -0.0005159387194321428 -1.098280817375674 -1.0037581484104838 -0.7933499804356239 0.33872193734154504 0.4531921935743199 1.25651488839236 -0.9192649170283127 -0.6613236254696632 -0.2631083847389999 -0.28187067419799927 0.23852220714437894 0.6766641510003992
7 8 3.0587889009268707 -2.9929770595720275 -2.774511611631349 0.06973836332902396 0.2712191721800785 0.28480656040689845 0.26092221042423663 0.22556635252865453 0.8865137322995205 -0.5512622442441995 -0.4188836562491368 -0.19442967867279837 -0.12130038301408727 0.10315814473672341 0.049829150144599654
7 9 -0.048554284088827795 -0.03841304847008179 -0.02586936713595779 0.0956727439794442 0.1039499679570542 0.1096048347335342 0.16461888901009314 0.05356415474388 0.061016710649919995 -0.008115781021800026 0.0321140582368 0.05523967082579996 -0.021816615649999996 0.028191660391515796 0.0919788515804
7 10 -2.9676060649411227 -2.9093552607575544 -2.817132503479942 -0.009216695928870991 0.0072373955943590106 0.024708141406844103 0.18938854904699182 0.04633849164056509 0.3482716442752407 -0.04180063558539837 -3.1454140060675364 0.3357140816222004 -0.04511676116421745 -0.010857785136107941 0.021642082724800005
7 11 -0.14394806627621887 -0.14270190119029086 -0.14056212752733885 0.16753779100203015 0.16968454598199018 0.17002052186300018 0.15560440557504723 0.003141592653600034 0.007347836150919995 -0.00715584993319987 -0.003839724354400013 0.0013089969389999678 -0.0035779249666001434 0.0011390569855157955 0.004799655443000067
7 12 -0.4829267377830525 -0.4657745145590225 -0.4543251546659025 -0.0058557250845585156 -0.0006633705598637515 0.005336198743891484 0.16588363953251686 0.01886700921412 0.10211921453452 -0.06684611035159993 -0.04309126063753683 0.006894050545400154 -0.0021816615650000057 0.009865703245515786 0.0409279709594
7 13 -0.03289921399334005 -0.01979440930470966 -0.0015574639505679417 0.27481348384929394 0.289116457069434 0.29083560638265393 0.1689146294769737 0.08182103533376 0.08192575508886255 0.015533430342808728 0.043118818467822395 0.0623082542964 -0.004014257279600086 0.03814922307134737 0.08796459430080006
7 14 -1.173292693038045 -0.7009481289170427 -0.23975098272828507 0.3141573745872255 0.42602861631729544 0.45084283495760547 0.33647330193462427 0.5964488185790036 1.481208576294142 0.4452334921851998 0.779583461207443 0.9241518389339998 0.1475675882566002 0.3139204308310545 0.5079780787945996
7 15 0.009448194461603485 0.019510017599417517 0.027730518376355845 0.05963033744747284 0.06223524135608284 0.06744504917330284 0.1582315066475258 0.013735741213239998 0.02115339053429236 -0.004537856055200004 0.00993919079299598 0.019984019935400006 -0.001570796326799996 0.006632251157600005 0.017104226669600008
7 16 -0.4990215276321449 -0.39072472021004 -0.2806502949450349 0.11151861762404046 0.1343998841177605 0.31825723084709406 0.2202735992071888 0.3311936788600436 0.37229618274499265 0.026965336943399754 0.19594535933946985 0.34976398210080034 0.026616271092999924 0.17431246255791769 0.23919737398659963
7 17 2.8799050644185797 2.9015680910944037 2.9524409481317 -0.24683032872633898 -0.1137489732604663 -0.0696226864467763 0.20194496135165238 0.3292389100981527 0.14154620233719983 -0.14477506145340158 -0.07449800123010518 0.04948008429420003 -0.2034181243206 0.0028476424637894873 0.2974041045407999
7 18 -0.527072368662037 -0.37627417596003737 -0.23894905241874706 0.08753388582646211 0.17956946060737755 0.23370084735798305 0.22468332293264728 0.32749358084489605 0.470837472311691 0.13386675362839995 0.24780919595352155 0.40631264986560056 0.10498155450780006 0.17236504254994534 0.24687682269540012
7 19 -0.21610817090485754 -0.14160181046631853 -0.09352933421394205 0.07325685013824217 0.15924922238402037 0.44571883916077853 0.23721580418539162 0.6117553561179441 0.20790362049824002 0.03621558197899985 0.10942295815696844 0.28719392841659996 0.09782570457460012 0.32197650321997057 0.40666171571600007
7 20 -0.298684788361211 -0.269250683190857 -0.25101548316596095 -0.05521969650221579 -0.0467155797218458 -0.0391626673838158 0.1673419226289076 0.024417156235480006 0.11187560505319996 -0.07295476273359996 -0.024443795471431565 0.07251843042060002 -0.041364303272400024 0.008745018146863159 0.033510321638400044
7 21 -0.17542648529526803 -0.1713406695165804 -0.1685411613964771 -0.08940822399906395 -0.07364353753037395 -0.05910930818434395 0.16130233337303093 0.055833082771480004 0.01202531854628 -0.006544984694999839 0.006329115024357895 0.014660765715054647 0.011780972451000057 0.029385833037621056 0.04546582701459998
7 22 -0.185583962173107 -0.08129704870734779 0.005389964581117011 0.05434926201902625 0.25124858158286956 0.4612858670916796 0.26913299614081015 0.6420891785177564 0.17369516715904 -0.09642944117301747 0.07361615066069206 0.21066124071622547 -0.6470808201789999 -0.17996181776833867 0.47062803280180004
7 23 -0.21748479935237253 -0.16834418159779996 -0.08970488149049706 0.21111861394393594 0.23176585899509594 0.3256427561370459 0.2044627037394309 0.24881413816581816 0.3189065609252655 0.05829399701680005 0.1667432451699292 0.23465951793139997 0.04206243497319989 0.13095480956095693 0.20987584255300007
7 24 -0.07883017125359806 -0.037317514994787145 -0.0002903549136173378 0.39746916350922795 0.4264285391230379 0.4827284974694279 0.1864369961786848 0.20661207685176003 0.15554374293822257 0.02321287905158953 0.07299150650731623 0.10864674593700877 0.036913713679800064 0.10725507550711579 0.17374752703659985
7 25 -0.7138224047007586 -0.6230312496763444 -0.5066212792264485 0.0564217435431239 0.0718417274845439 0.1040125089220339 0.19807626793415634 0.08222246106172 0.36269687185812 0.09660397409819999 0.1902317025245684 0.2638937829024002 -0.012042771838799982 0.04327497950616842 0.11903145498640001
7 26 -0.2470200366575759 0.4001236153746007 1.105496687241044 -0.17061412773395868 0.07479661838958679 0.2512363157980949 0.36103088404053746 0.61512384157488 1.75983293808412 -1.427242995823 -0.8677501462641053 -0.2801253449459998 0.1022762941671998 0.32374939030256844 0.6035348553416
7 27 -0.11543229518050917 -0.09834464913880316 -0.08305643755590916 0.17290075146111317 0.18274004511873956 0.19749244062126955 0.17959778171675336 0.1764527873766764 0.10885618544723998 0.01954768762240003 0.056640527199115775 0.07923794804079995 -0.006021385919399713 0.08795540835709285 0.10236356062979998
7 28 -0.16308855888777604 -0.15551470259872202 -0.15163047234839605 0.10338385102164016 0.11758210448666015 0.17935367003754654 0.1709629607391499 0.1484402528820764 0.03806563098612001 -0.041364303272400094 -0.016093772892126313 0.011868238913600171 -0.12601277199439986 -0.07560031444161915 -0.01937315469720001
7 29 -0.1344100843208988 -0.04642541873376712 0.030763512765251206 0.288583646833505 0.29649435166819504 0.306176565693665 0.1853220809059621 0.049462631001680024 0.2959729345548582 0.0730420291962 0.15577522871308325 0.22898719786240002 -0.03918264170740038 0.02603296368509475 0.07932521450340041
7 30 0.07787247030796995 0.07916663194832793 0.08473597759145994 -0.14682514458532706 -0.14252290797914705 -0.024695730176631413 0.17239770585781167 0.16098917020446252 0.028588493147760005 0.00026179938780006295 -0.009544195225410524 0.010995574287599938 0.004450589592599891 0.07754773444938028 0.11658799403359996
7 31 -0.1879359595164657 -0.12622111716623438 -0.05328817104849384 0.45964038676308433 0.46111518998102435 0.46434841242035435 0.17554763630955114 0.056025068989199955 0.18214256073802185 -0.002094395102399879 0.08811156939533782 0.1607448241091998 -0.007155849933200287 0.026666793781873668 0.029146998508400024
7 32 -0.1562804193751231 -0.08213621475631303 -0.004349507988592911 0.1430567051556584 0.1602132917028184 0.18127505245063028 0.17608903580664673 0.04954989746358188 0.16753415489941018 -0.04014257279599989 0.07673937142737378 0.14634585778019998 -0.009773843811200084 0.019024088846432564 0.0399680398673094
7 33 -0.0657656545817982 0.001119725677968301 0.0683541717881418 0.019437877323583243 0.033740850543710156 0.08963065651588015 0.2055379525799352 0.34670965590922403 0.2243620753446 -0.20734511513760004 -0.06898643517119463 0.07077310116859997 0.03307398932513819 0.18247876626801265 0.16955873683179995
7 34 -0.5583906052416809 -0.533135690965241 -0.525966751062651 0.09134815746266195 0.20869100639792648 0.25598070248086646 0.18630079341399225 0.22127284256873458 0.13548990983275994 -0.02234021442560019 0.021054182345178956 0.07033676885559975 -0.06099925735740003 0.08327057720735502 0.18832102629080005
7 35 -0.4339154198365371 -0.41352910150855104 -0.39850705263658703 0.09661400974139901 0.09945453309902899 0.10165364795654899 0.1637873094659305 0.04961971063435999 0.05412266010452005 0.004450589592600307 0.028485610581326343 0.04153883619759963 -0.018325957146000035 0.02611563717597894 0.042935099599199986
7 36 -0.409245287823029 -0.07979344755691595 0.23272171764761104 0.0019033300306771166 0.15273032066559744 0.28581603945390194 0.2466241672493013 0.3550697830272291 0.70020864260988 0.03377212102620014 0.36607821763528425 0.48153634062505474 0.03324852225042549 0.18687883317222584 0.25761059759519994
7 37 -0.03837770555272879 -0.03397685784381079 -0.030802976599048792 0.0879716725806218 0.10177722696394179 0.10683431847161179 0.15901202361391173 0.038048177693599985 0.01347394182544 0.00034906585039998564 0.006218883703178946 0.008988445647799999 -0.009337511498200002 0.017526780067452622 0.03804817769360001
7 38 -0.35781300427871104 -0.162273296201639 0.006380487412999 0.10534472843626215 0.11596942025781215 0.21020847321902858 0.25205259046689915 0.20942205694695637 0.89921108392292 -0.003752457891799954 0.47326899153837904 0.7905468846934001 0.009424777960799977 0.1102221352352402 0.17121679962120023
7 39 -0.30947160187791845 -0.22118412166521048 -0.12769992360472485 0.07663357742731679 0.28190611407886496 0.34018702112627497 0.21064299089760197 0.3015405348687381 0.3182956956877636 0.009162978573000052 0.16752405036198087 0.27253316269979966 0.0425860337487996 0.1567764965471253 0.16903513805620002
7 40 -0.3069817927364285 -0.23299815840880944 -0.19773290820748854 0.17189602358849482 0.19326758027975843 0.27974428139322843 0.19761248818035615 0.2332981611153636 0.24202480737466542 0.07880161572779987 0.12738147756561338 0.15961036009540006 0.031852258851618465 0.12278850585019138 0.199840199354
7 41 -0.1165300587987848 -0.0857878293540917 -0.05242411537282479 0.30155192798993397 0.32404922204821396 0.347650436858384 0.17266389813426783 0.07140141969932001 0.13480923142517814 0.01230457122660001 0.07095222706588322 0.0838630705586 0.013526301702999621 0.03757969457858948 0.053843407424200296
7 42 -0.25206811063019546 -0.23832538809993875 -0.21889376487280549 0.1198906417921039 0.12484301354465391 0.14370565943564392 0.17355253137499538 0.10349802464394904 0.11299261577465455 -0.0890117918519999 -0.05946979777613399 -0.014311699866400296 -0.0661479786508 -0.05405927709502581 0.001396263401600012
7 43 -0.09260295223203616 0.17255183105524538 0.43582165875026746 -0.10504889512804816 0.08633082067688184 0.12823181269427186 0.29589449820950275 0.3060260310451564 1.15806086528704 -0.6572909963032 0.1234866375504402 0.7836528341453821 -0.25891959453419994 0.06598263166930717 0.38074357632406164
7 44 -0.03629509142277979 -0.03426352817345179 -0.0332058586467398 0.144429049929191 0.14798515828014103 0.150485342433631 0.15648632792546507 0.013369222070319986 0.00809832772928 -0.008464846872200046 -0.0006522019836421044 0.009686577348600022 -0.0011344640138000184 0.006503647949557895 0.015446163880200037
7 45 -0.22447867303568292 -0.22084489753301892 -0.21732718642561294 0.25118701024672596 0.26117902021442596 0.26769346164751595 0.15965907334435422 0.03731513940775999 0.02117084382675999 0.003752457891800093 0.011142549382505256 0.018325957146000105 0.010035643198999938 0.019639547056715785 0.026267205242600095
7 46 1.673654639790986 1.8425894214127527 2.0120608917809055 -0.5373328199657439 -0.508063648409704 -0.46545143472212397 0.21450272446509586 0.09880308895572004 0.5817007863955894 0.1876228945900016 0.30615830862925764 0.3564834997209998 -0.06571164633780019 -0.052001625766168444 -0.020856684561399996
7 47 -0.39830614584732854 -0.34438943459455323 -0.3239202131270885 -0.040569499723567055 0.024849803964522944 0.3800548500086075 0.2267876719206025 0.5784719272830545 0.18174113501058548 -0.012740903539600335 0.09565322895293975 0.21519909677160026 0.0027052603406000145 0.2985156036961129 0.5364269456022
7 48 -0.22731269988862857 -0.0732210708883667 0.11593684077855784 0.47330546483787994 0.5008554870806999 0.5427433891286999 0.20749260292314217 0.12250466019788009 0.45734607719355636 0.08587019919839997 0.24070846168081914 0.309359609914382 -0.0949459113087997 0.003968327562442095 0.10602875205899975
7 49 -0.21159091943188046 -0.20696056092632445 -0.20169053924991043 0.20006200161252655 0.20678588255585656 0.21585286801999656 0.15871685356265128 0.031119220563159994 0.013857914260880011 -0.007243116395800192 0.006411788515242103 0.02050761871099996 -0.0546288055876 -0.006613879270736826 0.03726277953019996
