85 0 -0.5617647058823535 -0.31724305555555593 -0.08470588235294074 -0.12033088235294248 -0.05147058823529314 -0.04888888888888955 0.2348280779198773 0.13 0.7523529411764699 -0.8419526143791103 -0.3430340557275546 0.12647058823531118 0.0 0.06842105263157897 0.10000000000000002
85 1 -0.6783823529411784 -0.3397775735294109 -0.05 -0.14250000000000002 -0.11 -0.08 0.23572833368732288 0.06999999999999999 0.6158823529411784 0.0 0.3241486068111466 0.7433823529411764 -0.10000000000000002 -0.03684210526315789 0.0
85 2 2.1852205882352913 2.39129578388373 2.73 -0.3 -0.27 -0.1993749999999992 0.31452430825432565 0.3694444444444458 1.4705263157894723 0.2911764705882325 0.7631425053862726 0.8623161764705478 -0.20000000000000004 -0.19444444444444517 -0.09724264705883251
85 3 -2.775625 -2.5794073529411756 -2.440193014705884 -0.4225 -0.415 -0.31298713235294207 0.23937427016466017 0.21882352941176347 0.4547058823529402 -0.25588235294116357 0.23931888544891589 0.716470588235254 0.0 0.11517027863777025 0.23562499999996378
85 4 1.0310294117647048 1.257419057943691 1.4584999999999981 0.075 0.2 0.21 0.2561170169575359 0.22999999999999998 0.9273611111111096 0.29333333333334655 0.4880847953216366 0.6347285067873426 0.008823529411767228 0.12105263157894738 0.15000000000000008
85 5 0.09250000000000001 0.3854319852941188 0.6165073529411782 -0.1525 -0.13 -0.06970588235294087 0.31011040769003595 0.3058823529411767 1.479411764705875 0.21470588235294616 0.778637770897829 1.547426470588199 0.0 0.16099071207430354 0.38437499999997227
85 6 -0.49933823529411747 -0.20217034313725418 0.04867647058823376 0.085 0.20411764705882365 0.3120833333333333 0.24835699240456932 0.27 0.70235294117647 0.2902573529411362 0.36965944272445783 0.5974264705882448 -0.19999999999999996 -0.13157894736842105 -0.050000000000000044
85 7 -0.2025 -0.19140624999999983 -0.16953124999999902 -0.16 -0.15 -0.13 0.16694140938780477 0.03 0.09 -0.050000000000000044 0.047368421052631574 0.14062499999998077 0.0 0.010526315789473679 0.01562500000000966
85 8 -0.060249999999999374 -0.026868705972090966 0.0735714285714264 -0.1725 -0.155 -0.13224999999999973 0.23763798727706595 0.12000000000000001 0.78 0.049999999999999975 0.4105263157894737 0.6399999999999895 -0.049999999999999906 0.06315789473684212 0.10000000000000009
85 9 0.075 0.10758823529411785 0.1525 -0.052500000000000005 -0.04 -0.017499999999999998 0.17918560017946078 0.1 0.18 0.09999999999999988 0.09473684210526316 0.10000000000000009 -0.1 -0.05263157894736842 0.0
85 10 -0.2711764705882349 -0.2145343137254902 -0.1625 0.035441176470590266 0.18833333333333147 0.34 0.2080621642497341 0.37 0.21764705882353014 -0.14999999999999986 0.02507739938080534 0.3 -0.3676470588235345 -0.010526315789473705 0.30294117647060165
85 11 0.20500000000000002 0.32481279178338085 0.4371428571428579 -0.1 -0.09 -0.005156249999999652 0.20273559239699235 0.18 0.37 0.0 0.18421052631578946 0.2944444444444576 -0.2 -0.08947368421052633 0.0
85 12 -0.8 -0.5031699754901957 -0.1918790849673203 0.05531249999999931 0.13941666666666636 0.2504411764705873 0.2719674552707227 0.431176470588237 0.8099999999999999 0.19999999999999962 0.4263157894736842 0.5520629084967275 -0.397058823529418 -0.15890092879257142 0.0
85 13 -0.89245833333333 -0.281546200980394 0.2225 -0.16 -0.09529411764706017 -0.03343750000000125 0.3793068266875455 0.2294117647058836 2.323529411764712 -1.3579656862745872 -1.2229102167182695 -0.7527777777777296 0.0 0.1207430340557282 0.2519199346405141
85 14 0.52 0.7369724264705877 0.9409283088235296 -0.15671875000000063 -0.14500000000000002 -0.1275 0.24803279945668572 0.2524999999999989 0.8024999999999989 -0.7803308823529559 -0.39078947368420996 0.07499999999998841 -0.20000000000000004 -0.09605263157894676 0.10000000000000009
85 15 -0.09712316176470458 0.21245943627450886 0.47369485294117714 0.4475 0.47749999999999887 0.48 0.2570507450528625 0.026874999999999483 1.097242647058824 -0.7468750000000068 -0.5774961300309599 -0.43070669934642025 0.0 0.012171052631579214 0.025000000000011124
85 16 -0.0025 0.6223690359477142 1.4633627450980384 -0.26659803921568614 -0.007638888888887566 0.04 0.31356252804472623 0.32999999999999996 1.51 0.0 0.7891228070175447 1.6982843137253598 -0.2624999999999944 -0.16807017543859734 0.0
85 17 -0.8649424552429674 -0.7869413505257172 -0.7294669117647055 0.057499999999999996 0.08 0.09 0.19031709688281587 0.04000000000000001 0.29764705882352815 -0.17777777777777115 0.15665634674922535 0.42352941176471925 -0.09999999999999995 -0.021052631578947368 0.0
85 18 -0.24 -0.23099999999999996 -0.22 -0.21 -0.2 -0.2 0.157104702016309 0.009999999999999981 0.01999999999999999 0.0 0.010526315789473679 0.0 0.0 -0.0052631578947368324 0.0
85 19 -2.811458333333335 -2.7018558006535938 -2.529705882352941 -0.92 -0.91 -0.8381249999999997 0.2573016319921905 0.22000000000000008 0.6531250000000011 -0.049999999999998934 -2.9720394736842093 0.4465073529411634 -0.18511029411764357 -0.10526315789473686 0.0
85 20 0.11 0.22430183823529476 0.35 -0.03 0.005 0.03 0.18883634893048748 0.08 0.3093333333333349 0.05395833333335105 0.15789473684210525 0.29877450980390285 -0.1 -0.042105263157894736 0.0
85 21 1.7882499999999997 2.1914142500860008 2.6686764705882338 0.04650000000000001 0.11 0.22117647058823375 0.3146029402601006 0.36 1.4670588235294106 0.6482972136222753 0.771826625386997 1.0147058823529598 0.10000000000000009 0.18947368421052632 0.2541176470588177
85 22 -0.4640624999999987 -0.24943178104575087 -0.08191993464052413 0.2545833333333343 0.30093750000000014 0.33 0.2681562551111362 0.44000000000000006 0.6917647058823495 0.20625000000000837 0.36408668730649973 0.647222222222209 -0.3499999999999595 -0.23157894736842108 0.09944852941176197
85 23 -0.7024999999999999 -0.4184973856209151 -0.2025 -0.35 -0.26643137254902016 -0.021764705882352388 0.24198979093305845 0.36 0.5 -0.6088235294117672 -0.26315789473684204 0.10000000000000002 -0.27901960784314783 -0.18947368421052632 0.0
85 24 0.07 0.06850000000000002 0.07 -0.15 -0.15 -0.15 0.15533972169256358 0 0.010000000000000009 0.0 0.005263157894736847 0.0 0.0 0.0 0.0
85 25 -0.042499999999999996 0.01377843137254903 0.06098039215686238 -0.01 0.01 0.01 0.17498032279080653 0.04 0.16 0.0 0.08421052631578949 0.27647058823529047 -0.09999999999999998 0.015789473684210523 0.1
85 26 -0.1 -0.09629411764705885 -0.09 0.08 0.08 0.08249999999999999 0.15711484441559492 0.01999999999999999 0.010000000000000009 0.0 0.005263157894736847 0.0 0.0 0.010526315789473679 0.0
85 27 0.19882352941176454 0.3423073937908499 0.5425 -0.0125 0.19 0.2925 0.22123386653120886 0.35 0.41312499999999747 0.04575163398692739 0.21743421052631445 0.1972222222222196 -0.31944444444444553 -0.16842105263157894 0.0
85 28 -0.04088235294117672 -0.007176470588235345 0.0225 0.21 0.22 0.24 0.17036709349263668 0.04999999999999999 0.13 0.0 0.06842105263157897 0.1 -0.049999999999999906 -0.026315789473684206 0.0
85 29 -2.5207352941176473 -1.7860768790849708 -1.3618750000000004 -0.03306985294117734 0.09156249999999874 0.11 0.44120333393424815 0.24117647058823283 3.001176470588233 -1.4409313725491335 -1.579566563467491 -0.9900735294117857 -0.36221813725487906 -0.12693498452012256 0.050000000000000044
