10 0 1.4067922942379687 1.5473794381507582 1.7350625465999523 -0.06858591272757716 0.009456484775576663 0.06730105951001286 0.2209769236534329 0.23801055009524 0.5165301921276546 0.054017940349400106 0.24160868413647094 0.44322636354540035 -0.17627825445200002 -0.12526871057644207 -0.060562925044400015
10 1 1.4916851575370047 1.5045290355024723 1.5197282352935146 0.2468089487798505 0.2578612462681405 0.2665529859431005 0.16398308804196987 0.037856191475879986 0.06541494036495998 -0.06126105674519877 0.03442891598155789 0.13063789451219887 -0.04843288674299992 -0.011611032497515786 0.03298672286280002
10 2 1.1819515138642516 1.1311825039174495 1.2040604721639614 0.14582793132466904 0.15012144128458899 0.157635083714449 0.1991793940428507 0.026459191460320025 0.47752208334720003 -0.030717794835201095 0.2378057035567156 0.1873610952022009 -0.024696408915799994 0.006457718232400007 0.02460914245319995
10 3 0.4816491567705885 0.8625053068311426 1.2955180035938387 0.12038980595817589 0.12921680865016588 0.1361719457193859 0.2600462850326998 0.016685347649119997 1.15657733542284 0.15952309363279848 0.608724913380442 0.8628907821887999 -0.025307274153999887 -0.0050706407742315785 0.02522000769140005
10 4 1.56521728488247 1.571521414140694 1.5747162393364802 0.20333711195390453 0.2047290120323746 0.20857746303303454 0.15907286193719125 0.014346606451440036 0.03569198320340017 -0.03220132469940018 -0.018785254317579037 0.00034906585040017646 -0.014660765716800056 -0.004942037566189474 0.006632251157600161
10 5 1.5386075102941545 1.5487312926203805 1.5628894035126046 0.3177399052839899 0.4302874620992099 0.4652333170473799 0.17315913877358008 0.15084880725035998 0.03420845333919997 -0.0679805743654005 -0.011170107212800037 0.05166174585919947 -0.004363323130000263 0.07860411794402107 0.03752457891800037
10 6 0.026160885602274152 0.026717645633662156 0.027426249309974157 -0.6957077778377732 -0.6910259321192831 -0.6895511289013431 0.1557761098710308 0.008813912722599904 0.0025830872929600047 -0.007679448708799979 -0.0006430160402105282 0.0070685834706 -0.007504915783600463 -0.004638901432947318 0.002356194490200081
10 7 2.6161851351243284 3.128475449576513 -2.626722851359852 -0.2233495904531615 0.04662666489263305 0.23019603229468855 0.25462804985858284 0.4302411139106946 1.95013483176084 0.7072074129104045 -2.2788764043364003 1.2233885391893984 0.11126473981500004 -0.12117177980604976 0.37568212149300007
10 8 0.572391297132424 0.7384977727037679 0.9217713067977839 0.3974161733723311 0.40648315883647107 0.4129845103001711 0.20817728222445098 0.030421088862360057 0.43338270656412 -0.4216715472832 -0.2280961613495368 -0.0845612022594 -0.032288591162000224 0.010196397209052644 0.05314527572340022
10 9 1.5075030765478805 1.5871895742064444 1.6803255790809204 0.11473290296417704 0.12215055228517706 0.13443767021925707 0.17946490626272724 0.03230604445452 0.18018779197648005 -0.03604104905379879 0.09483567998762107 0.1651954137018019 -0.020507618711000097 0.0036651914292000123 0.035604716740800096
10 10 -1.8520909453743468 -1.5752014408664419 -1.258159764248858 0.0922486019126478 0.09619740934529779 0.10852816051067779 0.2673420614941773 0.05133013330132 1.193560862265739 -1.0942341745413997 -0.6281899275082835 -0.04886921905600028 -0.06099925735739996 -0.008671530599410527 0.03639011490420001
10 11 1.437880389763383 1.533468582236919 1.608625950486543 0.01002003219847598 0.01694462600578598 0.018868851506185794 0.1843779177717894 0.03321361566562981 0.30318114436492016 -0.12959069696099945 0.05779795607149474 0.0815941425309985 -0.027925268031999996 0.012428581462963058 0.054017940349749057
10 12 1.3796026824856864 1.3990098711033006 1.4169352751859665 0.062280038140101156 0.07620776557106115 0.08206334521152114 0.16169468691159364 0.022183134792920008 0.05530948399587987 -0.04694935687880042 -0.02643714519608425 0.003316125578799456 -0.028623399732799967 -0.011611032497515793 0.005235987756000045
10 13 -1.8108290832424618 -1.7317054542669699 -1.6563325378536764 0.48744573458528156 0.5007538701317815 0.5168938023896515 0.18706915760463305 0.05450663253996002 0.30873129138802513 -0.23911010752399986 -0.16233399232378173 -0.042324234361000856 -0.051050880620999994 0.011859052970168427 0.04729842272920032
10 14 -1.141853737852968 -0.9189114878548699 -0.7075983666628479 0.905369526670358 0.976701133199598 1.094794473713048 0.3681858053831589 0.9155997255992001 1.55786343704268 -1.1722503921058005 -0.8199281247593052 -0.3625048856403995 -0.31293753488360054 -0.4818945924206317 -0.11964232022459997
10 15 1.09961769110095 1.0859692163503099 1.41062663716109 0.22775674073974 0.24987878900884 0.25699536903387 0.3285990433493227 0.15198327126416 1.8336429121512001 -1.9250981649560006 -0.9650752169216843 0.021031217486600084 -0.09162978572999983 -0.07999119540218946 -0.011868238913599893
10 16 -2.025863197914501 -1.1913863759492482 -0.07455891424164585 0.044979995224777955 0.3605311606634225 0.4624758422727425 0.2589205319123641 0.427989639175632 1.8251780652790002 -0.5093743421961994 0.9606200343573682 2.070920423960696 -0.1280199006342002 0.04895189254688417 0.18500490071199943
10 17 0.5551462805692475 0.8327068641794335 1.1188265424414277 0.09058981190266795 0.13651815116904795 0.16941324424611798 0.25576120263755936 0.11344640138017453 1.02988388502016 0.33361968651979934 0.5420441500106105 0.7384488065211992 -0.004886921905600042 0.04139186110269473 0.1018399618542
10 18 1.5318940043628246 1.5425632020803006 1.5608708332691545 0.03205917732817579 0.0511050827906258 0.05516733662465579 0.1630101934406711 0.021135937241720002 0.06745697558980002 -0.02530727415400169 0.01809630856021056 0.04790928796740146 -0.02897246558319997 -0.009893261075810525 0.008290313946999993
10 19 2.8135950604479585 2.8518038084327424 2.9699678347808987 0.023662786147709895 0.027825396413729896 0.057657436653539895 0.21311706541823197 0.05084144111079491 0.5934817588500798 0.008115781021797996 0.30488146249410525 0.4643448474945999 -0.046513024565800004 -0.01809630856021053 0.06283185307199998
10 20 1.520920052765596 1.519216611415644 1.5321032499477862 0.09573315176426579 0.10045426739092578 0.10510993317063579 0.16431146398219834 0.021205750411799992 0.09021606903587998 -0.006894050545399599 0.04110709685631571 0.04677482395360033 0.0034033920413999164 0.011160921269368417 0.026092672317400006
10 21 1.674480713823007 1.7183783625059068 1.7776340359428273 0.23144088838367755 0.24136744850442754 0.25647763650361755 0.17026847294728242 0.022078415037800003 0.13482668472049064 0.024085543677599963 0.06808621271670023 0.0846484687220006 -0.058468529942 -0.009801401641494739 0.04790928796740021
10 22 0.963843728932427 1.4044730425517236 1.7493291587958995 0.40197216145939857 0.41894112511196857 0.46695949615761856 0.2448952775874018 0.07621852843484 0.8967501696810908 -0.6147922290169994 -0.4537213039178161 -0.07051130178080012 -0.08351400470820003 -0.024517283018884218 0.035168384427800015
10 23 1.7538301690145834 1.8392256386564398 1.9319453825056225 0.12462678664285895 0.12730150372154897 0.12943953205524894 0.18892768709871835 0.013316862192760001 0.3721216498241562 -0.02522000769139998 0.1838842156161032 0.34435346144577994 -0.015969762655800024 -0.0007624333048210436 0.02094395102400004
10 24 1.134964486963011 1.3797442965621332 1.676911036324661 0.12964465672376585 0.16919818089721583 0.18393312310774942 0.23469381513257692 0.0616101225961236 0.8024151236070003 0.21144663887980086 0.42232374926684213 0.5505641125434002 -0.09634217471039985 -0.0288346764320019 0.05427973973720024
10 25 0.4792850113352426 0.8866954733003507 1.3337240366212328 0.0932092602216531 0.10050909981814311 0.11445428054162311 0.25584573277503525 0.04084070449680001 0.9491624071151599 0.10943214410039953 0.4995591616395577 0.9101892049179999 -0.0116064395257999 0.02149510762989474 0.06143558967039997
10 26 1.4099034908115289 1.460296382304525 1.502458301045089 0.399960326626537 0.408652066301497 0.41132678338018697 0.16599192454142872 0.016161748873519954 0.09868091590808037 -0.009075712110399037 0.048474223488442124 0.07033676885560003 -0.021642082724799838 0.0011666148158105025 0.012479104151800202
10 27 1.3663541305407891 1.413238037572639 1.4314810915791691 0.07729360277266512 0.0825121372361451 0.1283183034548851 0.18808537101002798 0.08618435846376 0.24394466955203997 -0.03298672286280002 0.12839193134317894 0.28876472474339887 -0.003926990816999973 0.04536018866513684 0.08011061266680004
10 28 0.42154922879203743 0.4780080121003595 0.5426968954964875 0.0076037208118085045 0.021762704368641056 0.02389200605608105 0.17442504397028952 0.043493604959822546 0.18245672000408003 -0.13840460968359974 -0.09602985263372632 -0.019809487010200022 0.00619591884460001 0.02289137103148555 0.02932153143359999
10 29 1.285235638712715 1.3313193122825229 1.369155432472005 0.1851111718710935 0.19798733842772348 0.2064740019155735 0.1737526217798514 0.03255039054997452 0.15976743972807994 -0.127583568321199 0.002673109538589481 0.14486232791599996 -0.023125612588999755 0.010223955039347365 0.055152404363199986
10 30 0.5864461911917455 0.6688807097575835 0.7553547928771754 -0.052215354601583205 -0.04856761646490321 -0.03987151346681321 0.17321765246764617 0.020839231268879994 0.18961256993728015 -0.12636183784479837 -0.09979608944067377 -0.010122909661600676 -0.02914699850839992 -0.005226801812568419 0.019024088846799972
10 31 -0.490209754344614 -0.44565586186418393 -0.414362108375824 0.029159991514976207 0.03554353325416621 0.0841814961842762 0.1814890006375826 0.09615018849267999 0.18189821464344003 -0.12993976281140018 0.0023424155750526297 0.1343030859413996 -0.008639379797399996 0.05060536236456842 0.08482300164719997
10 32 1.8615392368122552 1.9204449717318817 1.9464145983370154 0.01730052772905183 0.03131988494573311 0.0439604320533431 0.19107890716705245 0.14381513036479998 0.2669655623859202 -0.29330258079859894 -0.14050819072943166 0.058992128717599845 -0.026878070480625446 0.06757179988269474 0.13089969389999997
10 33 1.1166862354826506 1.1279628077798223 1.1613186677794205 0.43114010391882257 0.43842249022279256 0.44169498257029255 0.17863137681424734 0.06805038753547998 0.20526817332771996 0.021816615650001037 0.10803588069879998 0.1830850385347993 -0.017540558982600263 0.027769106993663143 0.049480084294199755
10 34 1.5809299993259027 1.6840728494685533 1.7810494513654582 0.25905592414113454 0.2772902515014045 0.2843326550332245 0.19555362265932646 0.10040879186756 0.22888247811251605 -0.20045106459219975 -0.06936305885185258 0.2467895562328004 -0.06937683776699954 -0.03351950758183157 0.039095375244800196
10 35 0.5670105924920305 0.8414601267105265 1.1648905810571506 0.11490379978682691 0.1194285658726369 0.1263487963568169 0.25146981778331323 0.021886428820080003 1.06182341033176 0.3947934768024003 0.5588544264904001 0.7877543578901997 -0.021554816262200002 -0.0002480204726526328 0.034208453339199946
10 36 0.08138698164513879 0.8647535817962918 1.570008843938547 0.103903377362377 0.108201250645427 0.148426726580897 0.30518147587808125 0.06063273821448002 1.5200421521525382 -0.02007128639800093 0.79786348863702 1.6405222304174016 -0.017976891295600067 0.02328636659905264 0.09564404300959999
10 37 1.6920923949726259 1.7399563043812194 1.7865801573562667 0.20532610856183708 0.20717179424582707 0.2081971751813771 0.16429405264391017 0.005096361415839995 0.10424851622545073 -0.05628686837699903 -0.054288925682468805 -0.0041887902048021175 -0.010559241974600203 -0.00268229548202105 0.00602138591940013
10 38 1.1379290741410557 1.2405727601158019 1.3853076789964058 0.11911028569100685 0.13055528226099683 0.14995025357384686 0.23847565856506261 0.1173559389050036 0.8151036672690402 -0.6350380483402007 -0.42900193014160015 -0.1319468914512001 -0.1318596249886001 0.023414969807094746 0.16955873683180023
10 39 1.5457257386849246 1.5907936306300685 1.6133048873223645 -0.17802145052419097 -0.1477574412941619 -0.1135446246318319 0.18948095926303185 0.16121606300758906 0.1890889711616801 -0.026965336943399754 0.045387746495431674 0.14102260356160023 -0.1774999849283998 0.019042460733663155 0.2209586833031999
10 40 1.2067099789320093 1.666247317002761 2.338460005746895 0.11569457938202904 0.13217485084403904 0.14766901127866908 0.36523602409802564 0.04883431247096001 2.262452856076825 0.7300712261116016 1.1907646610930662 1.6897405153238005 -0.08028514559200013 -0.025702269721557904 0.05427973973719996
10 41 1.351332954333451 1.4229673754879129 1.4492022921393508 0.08045163061011296 0.08646865320638294 0.12859653802653295 0.19312204836894595 0.04317944569448 0.36028831749035994 -0.29626964052699933 -0.14887658519560007 0.06606071218819842 -0.06693337681419997 -0.022018706405494737 0.0019198621772000685
10 42 1.0155057171986615 1.2546664392709697 1.5011915781220915 0.22182853601004346 0.2407479051017235 0.24475343573506347 0.2721653749392427 0.17399187313205455 1.17615992963028 0.07557275661159935 0.6049862344037896 1.0699740979386014 -0.01666789435659996 0.08723890476979712 0.08787732783820001
10 43 1.6168959507401106 1.6298358218144386 1.6429362631799505 0.11554545069379683 0.11910155904474684 0.12138794036486686 0.16049395783901124 0.010454522219480011 0.044034657027959945 -0.03132866007339974 -0.004464368507747405 0.03412118687660004 -0.012566370614399969 -0.005291103416589475 0.013526301703000038
10 44 -2.70218822175466 -2.678575662304352 -2.66857318036114 -0.18061122824536852 -0.16940621444770307 -0.14150712635448304 0.18858536164555606 0.10775662801830549 0.27618090083648017 0.020071286397997934 0.14535836886130535 0.2640683158276036 -0.031939525310727274 0.013439035240400018 0.11135200627672738
10 45 1.5332219575165622 1.5122902237973261 1.559384443004042 0.13444731801154994 0.17416664846402724 0.18354779319361447 0.18348971436188272 0.07459537223065453 0.24359560370164002 -0.01867502299639945 0.1100200444800211 0.06658431096380202 -0.0550651379005998 -0.03926072222666028 0.0131772358526
10 46 -2.6441279534018887 -2.642277031730143 -2.6381414740675284 0.506599317167276 0.5072319990211259 0.5094311138786459 0.1575474479817436 0.005061454830799894 0.028064894372159976 -0.010559241974597011 0.00912164182755789 0.0065449846950027535 -0.007679448708799996 -0.002663923595157839 0.001570796326800239
10 47 1.230215782409155 1.248199655021763 1.261055750291995 0.03534107506093421 0.08313255330382421 0.1453928110457942 0.17356820595317407 0.13922491443204 0.07314674895132 -0.018238690683398673 0.03642226570621053 0.06963863715479968 -0.12191124825220002 -0.0719534948995579 -0.006544984694999822
10 48 0.9783149809801172 1.032990037792895 1.1049342548895869 0.08073868879066005 0.08423807394092006 0.09395519455143006 0.19285600155976454 0.039426987802680016 0.3791204201194398 -0.02731440279379993 0.19721301953256837 0.43109632524399977 -0.054017940349400106 0.0004317393412842082 0.03822271061880003
10 49 1.470010495332252 1.46993893683292 1.473470610574342 0.21936708846889855 0.22028338632619854 0.22568081703800857 0.1587919819283176 0.018762289458999992 0.030211649352120284 -0.002792526803198081 0.014238212318947438 0.019198621772000823 -0.0027052603405999798 0.009874889188947364 0.021031217486599946
