34 0 -0.46 -0.4502402597402598 -0.43795454545454526 -0.25772727272727264 -0.11976190476190533 0.07250000000000001 0.20376025411036053 0.458181818181819 0.09238095238095229 0.0 0.04240145819093228 0.10000000000000009 -0.33787878787879144 -0.24114832535885214 -0.12272727272727796
34 1 -0.52 -0.5151774891774891 -0.49952380952380937 -0.3955844155844163 -0.1227056277056289 0.20357142857142815 0.23658367872159233 0.8 0.12 0.0 0.057894736842105256 0.10000000000000009 -0.6261904761904903 -0.4210526315789473 -0.20238095238094667
34 2 -0.5085714285714281 -0.43840476190476174 -0.395 -0.345 -0.2597619047619053 0.24357142857142816 0.23331217454227499 0.6699999999999999 0.19238095238095226 -0.09999999999999981 0.04335839598997489 0.07748917748917394 -0.2833333333333224 -0.3526315789473684 -0.09285714285715146
34 3 -0.54 -0.4772207792207791 -0.4175 -0.1903571428571437 -0.02270562770562891 0.12857142857142773 0.213702268553324 0.37 0.18999999999999995 0.0 0.09473684210526316 0.2023809523809464 -0.38333333333333913 -0.19473684210526318 -0.059523809523812365
34 4 -0.3225 -0.2718419913419913 -0.2575 -0.1438095238095241 0.10116883116882924 0.3527380952380951 0.258638060933403 0.8195238095238089 0.23714285714285666 -0.20000000000000018 -0.04791524265208547 0.10238095238094685 -0.7142857142857229 -0.39640009113693203 0.12380952380951826
34 5 -0.95 -0.8985129870129871 -0.8274999999999999 -0.14272727272727262 0.021818181818181747 0.2610714285714282 0.2138249732275897 0.49181818181818093 0.13 -0.10000000000000009 -0.05358851674641107 0.04090909090909478 -0.46255411255411666 -0.2588516746411479 -0.1045454545454523
34 6 -0.5625 -0.5372532467532467 -0.5219047619047621 -0.18594155844156002 0.5490909090909087 0.6725000000000001 0.25154824278154936 0.89 0.10999999999999993 -0.1190476190476239 0.005263157894736788 0.050000000000000044 -0.8688311688311665 -0.4578947368421053 0.03181818181818258
34 7 0.10399350649350758 0.1173225108225107 0.18 0.1244155844155837 0.4106926406926399 0.5732142857142845 0.2611115894233239 0.51 0.4747619047619045 -0.15 0.03695602642970906 0.4448051948051904 -0.4712121212121051 -0.2641148325358847 -0.036363636363626814
34 8 -0.39249999999999996 -0.1844025974025974 0.05107142857142773 -0.09272727272727262 1.116147186147185 1.27 0.3386492237789806 1.6981818181818191 0.36761904761904773 -0.6190476190476247 -0.15042150831624573 0.2852813852813947 -0.7974025974025871 -0.8937799043062206 -0.20000000000000018
34 9 -0.79 -0.7789999999999999 -0.77 -0.06 0.030238095238094675 0.09 0.17499679970860138 0.19 0.040000000000000036 -0.050000000000000044 -0.02105263157894739 0.0 -0.16298701298700782 -0.09999999999999999 0.0
34 10 -0.66 -0.6494545454545455 -0.64 -0.27522727272727265 -0.04636363636363651 0.03 0.19527323784613673 0.4 0.05818181818181911 -0.10000000000000009 -0.03062200956937848 0.0 -0.2999999999999998 -0.21052631578947367 0.0
34 11 -1.1353571428571436 -1.0912597402597404 -1.0672619047619054 -0.03522727272727262 0.11887445887445817 0.34061688311688293 0.22199407532189536 0.5705627705627713 0.12714285714285678 -0.18571428571428572 -0.03308270676691746 0.050000000000000044 -0.41147186147185955 -0.3002961950330375 -0.20454545454545237
34 12 -0.3524999999999999 -0.3382034632034631 -0.32 0.1367857142857143 0.14 0.19107142857142817 0.16948497777733623 0.1 0.07 0.0 0.021052631578947358 0.09523809523809795 -0.10000000000000009 -0.047368421052631574 0.0
34 13 1.4575 1.4785324675324676 1.5010714285714282 -0.12 -0.11 -0.08795454545454524 0.17120687575639917 0.03 0.07818181818181924 -0.09999999999999121 0.04114832535885223 0.19090909090909602 -0.09999999999999995 -0.015789473684210527 0.0
34 14 -0.56 -0.5645454545454547 -0.56 0.08727272727272739 0.125 0.13 0.17680228824023422 0.19818181818181907 0.04818181818181899 0.0 -0.025358851674641573 0.0 -0.10454545454545237 -0.10430622009569424 0.0
34 15 -0.53 -0.5299999999999999 -0.53 0.27 0.275 0.28 0.1553397216925636 0.010000000000000009 0 0.0 0.0 0.0 0.0 -0.005263157894736847 0.0
34 16 -0.4525 -0.4189112554112553 -0.40309523809523795 -0.11808441558441632 0.13911255411255286 0.3810714285714282 0.23741084287940467 0.7 0.10818181818181904 -0.09999999999999981 0.056937799043062655 0.15000000000000013 -0.5668831168831274 -0.3684210526315789 -0.10952380952381241
34 17 -0.38 -0.3235779220779219 -0.29 0.034642857142856295 0.06 0.0672619047619045 0.17115905079988464 0.04 0.10999999999999999 0.0 0.05789473684210527 0.10000000000000009 -0.07380952380951819 -0.021052631578947368 0.0
34 18 -0.5102272727272726 -0.49140259740259734 -0.47 -0.09808441558441632 0.0018181818181817449 0.06 0.17741803539357154 0.2 0.050000000000000044 -0.050000000000000044 -0.026315789473684233 0.0 -0.19545454545453922 -0.10526315789473684 0.0
34 19 -0.68 -0.655285714285714 -0.6275000000000001 0.1169155844155837 0.33523809523809467 0.4225 0.2081706576291205 0.49818181818181906 0.050000000000000044 0.0 0.026315789473684233 0.07857142857143673 -0.44329004329004207 -0.2622009569377995 -0.050000000000000044
34 20 -1.2798376623376624 -0.966069264069264 -0.7007142857142858 -0.22659090909090832 -0.19952380952381066 0.0747727272727278 0.2850151125925608 0.33999999999999836 0.7423809523809523 -0.35476190476190217 0.07769423558897244 0.80129870129869 -0.49047619047619617 -0.15263157894736842 0.11818181818181756
34 21 -0.4546428571428571 -0.4497943722943723 -0.45 -0.1625 -0.05794372294372359 -0.01 0.17633438805071247 0.1876190476190478 0.030000000000000027 0.0 0.01578947368421054 0.047619047619044674 -0.14848484848484364 -0.09874686716791989 -0.0047619047619019365
34 22 2.1122727272727273 2.1940411255411254 2.310119047619047 -0.7580844155844163 -0.5597619047619053 -0.48273809523809635 0.2547715515970347 0.7785714285714285 0.20904761904761981 -0.23463203463204518 -0.06315789473684216 0.0 -0.619047619047608 -0.4000000000000001 -0.1274891774891798
34 23 -1.925595238095236 -1.6795043290043274 -1.3191883116883112 -0.1378571428571437 0.009999999999999998 0.08 0.33305420063114066 0.32 1.7053246753246758 0.37012987012987275 0.8975393028024609 1.4642857142857468 -0.2999999999999915 -0.16842105263157894 -0.0071428571428656246
34 24 -0.94 -0.892909090909091 -0.8389285714285719 0.015 0.22411255411255285 0.34 0.20294145182770446 0.38 0.15999999999999992 -0.10952380952381269 -0.04736842105263156 0.0 -0.3214285714285883 -0.2 0.0
34 25 -0.13227272727272496 -0.036525974025974094 0.042499999999999996 -0.1125 -0.07642857142857143 -0.04 0.20954733277144727 0.23818181818181905 0.29476190476190445 -0.3556277056276922 -0.10585554796081187 0.14047619047619614 -0.29740259740260305 -0.12535885167464159 0.10000000000000002
34 26 -0.4008658008658009 -0.38386796536796525 -0.3580952380952381 -0.3978571428571437 -0.16476190476190533 0.36750000000000005 0.23856930281820535 0.88 0.0676190476190478 -0.06818181818181751 -0.01979949874686728 0.0 -0.6238095238095348 -0.46315789473684205 -0.10000000000000009
34 27 -0.07 -0.05914935064935056 -0.04750000000000001 -0.115 0.08411255411255283 0.34 0.21200700748636206 0.49 0.12 0.0 0.03157894736842105 0.10000000000000006 -0.5404761904762047 -0.2578947368421053 0.0
34 28 -0.47 -0.44098701298701276 -0.41500000000000004 0.14655844155843997 0.3402380952380947 0.39464285714285796 0.2140440056474651 0.45999999999999996 0.14 0.0 0.07368421052631581 0.10000000000000009 -0.454545454545436 -0.2421052631578947 -0.10952380952382074
34 29 -1.0214285714285718 -1.021649350649351 -1.0175 0.009772727272727382 0.02 0.03 0.16242269389501326 0.04 0.050000000000000044 0.0 0.026315789473684233 0.03636363636363438 -0.013636363636357054 -0.021052631578947368 0.0
34 30 -3.0825 -3.0535021645021647 -3.03 0.157142857142858 0.18 0.18 0.17398982718229747 0.06 0.16000000000000014 0.037229437229442386 0.08421052631578956 0.10000000000000231 -0.049999999999999906 -0.010526315789473694 0.002380952380946766
34 31 -0.5419047619047621 -0.5391904761904763 -0.53 0.2421428571428563 0.38800865800865786 0.41 0.17587815338233148 0.18238095238095223 0.02238095238095228 -0.011904761904759087 -0.004010025062656709 0.0 -0.20000000000000004 -0.09072681704260643 0.0
34 32 -0.61 -0.5948463203463203 -0.5872727272727274 -0.06308441558441633 0.08181818181818175 0.0925 0.18447308202272442 0.23 0.09999999999999998 0.0 0.05263157894736841 0.10000000000000009 -0.25086580086580723 -0.12105263157894736 0.0
34 33 -0.3313636363636361 -0.2728896103896107 -0.24392857142857227 -0.1225 0.06205627705627642 0.2661904761904759 0.22435593381175709 0.5381818181818191 0.2547619047619044 -0.21818181818180932 -0.12355889724310763 0.0 -0.4190476190476162 -0.2832535885167468 -0.10000000000000009
34 34 -0.5182142857142862 -0.49951082251082257 -0.4875 -0.1403571428571437 0.052056277056276426 0.14250000000000002 0.19840844819356757 0.38 0.06 -0.09761904761904472 -0.01578947368421054 0.050000000000000044 -0.3469696969696957 -0.19999999999999998 -0.04523809523809805
34 35 -0.33 -0.3256190476190476 -0.32 -0.05 -0.05 -0.04 0.15622354002577132 0.010000000000000002 0.010000000000000009 0.0 -0.005263157894736847 0.0 0.0 -0.005263157894736843 0.0
34 36 2.094415584415583 2.423755411255409 2.6632142857142838 -0.02 -0.01 0.04357142857142815 0.3055091645027554 0.25294372294372347 1.4664502164502187 -0.8846320346320458 -0.6117338801549297 -0.4688311688311675 -0.21861471861471707 -0.13312827523353868 0.0
34 37 -0.37988095238095176 -0.4135714285714279 -0.3275 -0.4505844155844163 0.18116883116882926 0.3993181818181809 0.2953105550101306 0.87 0.5995238095238089 -0.050000000000000044 0.28826611984506745 0.407142857142849 -0.9690476190475907 -0.45789473684210524 0.10000000000000009
34 38 -0.4325 -0.4120649350649351 -0.41 0.2488095238095241 0.275 0.2927272727272726 0.19893191984723996 0.36818181818181905 0.14 0.0 0.0736842105263158 0.09999999999999981 0.050000000000000044 0.19377990430622055 0.10454545454545244
34 39 -0.7525 -0.7054199134199133 -0.6661904761904762 -0.26035714285714373 -0.007705627705628906 0.3524999999999999 0.23762692262011126 0.7505627705627713 0.1352380952380956 -0.20454545454545225 -0.07117794486215558 0.0 -0.6199134199134234 -0.3950330371383006 -0.09285714285713453
34 40 -1.1983116883116889 -0.9247489177489185 -0.6480952380952396 -0.14500000000000002 -0.037943722943723585 0.135 0.2941910828487732 0.34 1.1805627705627715 -0.6761904761904736 -0.621348826611985 -0.5530303030303135 -0.23246753246753177 -0.1789473684210526 -0.050000000000000044
34 41 -0.65 -0.6311558441558442 -0.6179761904761906 -0.2559415584415601 0.42344155844155623 0.5925 0.2545713491503277 0.99 0.050000000000000044 -0.12142857142856289 -0.01578947368421054 0.10000000000000009 -0.973809523809552 -0.5210526315789474 0.007142857142865555
34 42 -0.51 -0.5109999999999999 -0.51 0.017499999999999998 0.04 0.04 0.15887475353969735 0.04 0.010000000000000009 0.0 -0.005263157894736847 0.0 0.0 -0.021052631578947368 0.0
34 43 1.4847727272727274 1.5640454545454543 1.628690476190476 -0.2586904761904759 -0.195 -0.17 0.1999401813692652 0.13999999999999999 0.3400000000000001 -0.30000000000000027 -0.17894736842105266 -0.08333333333333082 -0.09999999999999995 0.03684210526315788 0.10000000000000009
34 44 -0.8524999999999999 -0.8298549783549782 -0.8072727272727275 -0.07785714285714371 0.017056277056276416 0.09590909090909167 0.18258527699463245 0.19 0.10580086580086678 0.0 0.05568466621098252 0.10000000000000009 -0.18095238095237529 -0.09999999999999999 0.0
34 45 -1.9240259740259762 -1.4015021645021655 -0.8879761904761918 -0.24581168831168893 -0.09112554112554183 0.39285714285714324 0.3477255752657076 0.65 1.4923809523809524 -1.073809523809493 -0.7854636591478696 -0.4690476190476156 -0.39350649350650035 -0.3272727272727268 0.10000000000000009
34 46 -1.3974999999999995 -1.366385281385281 -1.3375000000000001 -0.0008116883116889373 0.22911255411255285 0.3659090909090916 0.2405948367437665 0.48818181818181905 0.45294372294372365 0.0 0.23839143312827563 0.48441558441557064 -0.36904761904761624 -0.25693779904306263 -0.050000000000000044
34 47 -0.62 -0.5835692640692642 -0.5575000000000001 -0.20345238095238125 0.04116883116882926 0.4677380952380952 0.2339079139450944 0.7176190476190478 0.15000000000000002 -0.1119047619047675 -0.07894736842105264 0.0 -0.6545454545454609 -0.35137844611528823 0.050000000000000044
