36 0 -1.58 -1.5587142857142857 -1.5475 0.1151136363636357 0.13404761904761878 0.14250000000000002 0.16677471162279822 0.04863636363636348 0.050000000000000044 -0.10000000000000009 -0.02105263157894739 0.0 -0.0931818181818174 -0.015789473684210523 0.05313852813853728
36 1 -1.255681818181818 -1.2278679653679652 -1.19797619047619 0.17 0.17 0.1954058441558436 0.18218585683731595 0.20318181818181855 0.09681818181818147 -0.10000000000000009 0.024641148325358644 0.0 -0.1781385281385349 -0.1069377990430624 0.0
36 2 -0.258928571428571 -0.2430638528138523 -0.03777597402597254 -0.17977272727272858 0.17071428571428404 0.2225 0.3070721340691278 0.47000000000000003 1.0893722943722937 0.050000000000000044 0.41696286169970154 0.9420995670995602 -0.36580086580087046 -0.2473684210526316 0.10000000000000009
36 3 -1.61 -1.6070000000000004 -1.6 0.06 0.07 0.07 0.157114844415595 0.010000000000000009 0.020000000000000018 0.0 0.010526315789473694 0.0 0.0 0.005263157894736847 0.0
36 4 -0.45477272727272855 0.298831168831167 1.0079058441558435 -0.47943181818181824 -0.17678571428571663 0.09126623376623248 0.4630714444395766 0.884437229437228 2.1352380952380963 -1.7383116883116498 -1.1238095238095243 -0.4309523809523996 -0.9391774891774893 -0.12714741398951845 0.7063852813852833
36 5 0.296904761904762 0.32498051948051937 0.3642045454545453 -0.4814989177489168 -0.48 -0.46749999999999997 0.17443324845326813 0.06 0.15000000000000002 -0.05476190476191051 -0.008020050125313868 0.14999999999999986 -0.09761904761904416 -0.006516290726816751 0.009523809523812321
36 6 -1.45 -1.4384599567099567 -1.4174999999999995 0.1875 0.23 0.3029058441558436 0.18614483902161988 0.24000000000000002 0.10080086580086678 -0.10000000000000009 -0.053053087263614095 0.012662337662344703 -0.17586580086579026 -0.12631578947368424 -0.08095238095238377
36 7 -1.5300000000000002 -1.4289393939393946 -1.2425 -0.13081168831168724 0.26149350649350794 0.36 0.28838424182693173 0.8725541125541139 0.5576190476190481 -0.6452380952381065 -0.29348370927318324 0.06904761904761636 0.10000000000000009 0.45071770334928263 0.7619047619047683
36 8 -2.28 -2.306538961038961 -2.259659090909091 -1.2212500000000004 -1.2042857142857142 -1.185 0.26600386025194667 0.2363636363636371 0.41571428571428415 -0.049999999999998934 0.1894736842105265 0.049999999999998934 -0.13452380952381215 -0.12440191387559849 0.0
36 9 0.9270941558441564 1.1033484848484854 1.295 0.17209415584415638 0.3393181818181825 0.5797727272727287 0.31538240975126036 1.058419913419915 0.746363636363637 0.20000000000000018 0.2993392572339942 0.6119047619047607 0.36861471861471734 0.557063112326271 0.7508658008658076
36 10 -1.69 -1.6885 -1.69 -0.0225 -0.02 -0.01 0.15883768065545012 0.01952380952380896 0.010000000000000009 0.0 0.0 0.0 0.0 -0.005263157894736841 0.0
36 11 -2.6322727272727278 -2.454371212121212 -2.23 0.14 0.165 0.2061904761904776 0.25164262341306093 0.18285714285714333 0.8560389610389625 0.33181818181818423 0.4505468215994539 0.6672077922077824 -0.18409090909090722 -0.0015037593984964866 0.1999999999999999
36 12 -0.08417207792207611 0.35589718614718774 0.8323863636363643 -0.0875 0.10928571428571429 0.3279545454545453 0.3675097934523967 0.55 1.8879653679653705 0.7380952380952327 0.9936659831396688 1.222619047619051 -0.42077922077922214 -0.2894736842105263 -0.16504329004328805
36 13 0.4553409090909071 0.7591569264069251 1.166428571428571 -0.3 -0.28500000000000003 -0.26 0.28844630088179424 0.07318181818181857 1.4360389610389632 -1.191558441558429 -0.7558099794941912 -0.26904761904761654 0.0 0.02272727272727292 0.08809523809523212
36 14 -1.5 -1.4975 -1.49 -0.16 -0.1590476190476196 -0.15 0.1582865404829258 0.023181818181818553 0.020000000000000018 0.0 -0.005263157894736847 0.0 -0.021428571428571408 0.008190931875142296 0.027813852813851764
36 15 -1.31 -1.3093409090909094 -1.3075 0.21 0.21 0.21 0.1579998701772892 0.01999999999999999 0.010000000000000009 0.0 -0.005263157894736847 0.0 0.0 -0.005263157894736847 0.0
36 16 -1.58 -1.4578019480519477 -1.37 -0.08 0.007824675324674592 0.09 0.21502057609479527 0.40443722943722965 0.2568181818181814 0.0 0.12990430622009547 0.2214285714285713 -0.3857142857142858 -0.21286169970380509 -0.02857142857142017
36 17 1.56 1.5898008658008662 1.6357142857142855 -0.2725 -0.24 -0.17761363636363608 0.21800110626283875 0.3720562770562778 0.23080086580086667 -0.07857142857142896 0.12147413989519298 0.31904761904762435 -0.09999999999999981 0.19581909318751461 0.3309523809523839
36 18 -1.41 -1.4069285714285713 -1.4003571428571435 0.08988095238095267 0.09 0.09 0.15711991561523794 0.020000000000000004 0.010000000000000009 -0.002380952380955925 0.0 0.0 -0.002380952380946766 0.0 0.0
36 19 -1.7125 -1.692840909090909 -1.678928571428571 0.35 0.35 0.37 0.1642348956492005 0.010000000000000009 0.09000000000000008 -0.06190476190476746 0.04210526315789478 0.15000000000000013 0.0 -0.005263157894736847 0.0
36 20 -1.4715476190476187 -1.446830086580086 -1.42 0.2095238095238094 0.235 0.2573863636363643 0.17452034140281944 0.11000000000000001 0.07000000000000006 -0.09318181818182558 -0.005263157894736847 0.07857142857142896 -0.009523809523812321 0.05789473684210527 0.1499999999999918
36 21 -1.19 -1.1909761904761906 -1.19 -0.38 -0.38 -0.37 0.15601402703480682 0.010000000000000009 0.0076190476190480805 0.0 0.0 0.0 0.0 0.005263157894736847 0.0
36 22 -1.64 -1.6279080086580087 -1.62 0.15 0.16523809523809552 0.20500000000000002 0.16539890544631908 0.07318181818181857 0.039999999999999813 -0.009199134199129322 0.005263157894736847 0.049999999999998934 -0.10000000000000009 -0.018717247664615987 0.0023809523809552313
36 23 0.1451136363636357 0.49889610389610306 0.8537175324675309 -0.15540584415584363 -0.022824675324674592 0.10250000000000001 0.2950364884940297 0.4876190476190482 1.12 -0.7892857142857224 -0.5894736842105263 -0.3880952380952407 0.10476190476191083 0.25664160401002534 0.3711038961038887
36 24 -1.5023863636363644 -1.5378961038961043 -1.47 0.0975 0.11285714285714285 0.13 0.20151997584574347 0.047619047619048185 0.4352380952380963 -0.2500000000000002 -0.22907268170426123 0.0 0.0 0.02506265664160431 0.07142857142857145
36 25 -1.8473863636363643 -1.81120670995671 -1.7498809523809522 0.24 0.24 0.24 0.17852800686135514 0.013181818181818572 0.1844372294372294 -0.16904761904761534 -0.09707222601959442 0.0 0.0 -0.0016746411483255595 0.0
36 26 -1.52 -1.506595238095238 -1.4975 0.1 0.11 0.1225 0.16155518682299486 0.03 0.030000000000000027 -0.009523809523812599 -0.005263157894736847 0.0 -0.04404761904760815 -0.015789473684210527 0.0
36 27 0.23 0.23365043290043283 0.24 0.02 0.02 0.03 0.15799479897764618 0.009999999999999998 0.026818181818181436 0.0 -0.014114832535884966 0.0 0.0 -0.005263157894736841 0.0
36 28 -1.62 -1.613119047619048 -1.61 0.11 0.11 0.12 0.15622981865390081 0.009999999999999995 0.010000000000000009 0.0 -0.0012531328320799623 0.0 0.0 0.004010025062656936 0.0
36 29 2.9026136363636357 3.023827922077922 3.1389772727272724 -0.32 -0.265 -0.07709415584415638 0.21833423253962553 0.32 0.38634199134199054 -0.25270562770564053 -0.19688995215311048 -0.011904761904768524 -0.23538961038960254 -0.13157894736842105 0.0
36 30 -1.03 -1.0195000000000003 -1.01 0.17 0.17 0.1901136363636357 0.1624462497271212 0.03 0.020000000000000018 0.0 -0.010526315789473694 0.0 -0.09999999999999981 -0.015789473684210527 0.0
36 31 -1.3 -1.295 -1.2975 0.5 0.51 0.52 0.162455426183618 0.020000000000000018 0.050000000000000044 -0.050000000000000044 -0.02105263157894739 0.0 0.0 -0.010526315789473694 0.0
36 32 -1.62 -1.4556071428571429 -1.2958928571428572 0.08602272727272738 0.16595238095238124 0.18897727272727383 0.21658207840889634 0.23 0.3799999999999999 -0.39999999999999925 -0.18947368421052624 0.10000000000000009 0.0 0.12105263157894736 0.24956709956710038
36 33 -1.362840909090909 -1.3569696969696972 -1.3338095238095253 0.18 0.18 0.19 0.17129396473535918 0.03999999999999998 0.1499999999999999 -0.12380952380952714 -0.01578947368421054 0.06904761904760748 -0.011904761904759087 0.0052631578947368324 0.0047619047619024135
36 34 -1.9385714285714284 -1.7247218614718622 -1.5281168831168839 0.29 0.29 0.3003409090909087 0.224247363714461 0.040000000000000036 0.72017316017316 -0.6422077922077851 -0.20585554796081076 0.2690476190476154 -0.04999999999999977 -0.010526315789473665 0.011904761904767414
36 35 -1.47 -1.4653062770562768 -1.46 -0.01 -0.01 -0.01 0.1553397216925636 0 0.010000000000000009 -0.009199134199129322 -0.0012531328320799623 0.0 0.0 0.0 0.0
36 36 -1.55 -1.5410313852813853 -1.48 0.2445238095238119 0.44468614718614796 0.5225 0.21012109144188534 0.36000000000000004 0.25 -0.20000000000000018 -0.13157894736842105 0.0 -0.20000000000000018 0.017042606516290432 0.24285714285715979
36 37 -2.628717532467531 -2.1020562770562754 -1.5826136363636358 -0.645 -0.5643181818181826 -0.2920941558441564 0.3711425578760664 0.6900000000000001 1.8008008658008665 0.687337662337657 0.9477899293688772 1.1795454545454698 -0.5083333333333306 -0.3631578947368422 -0.20000000000000018
36 38 -1.6664772727272728 -1.5222424242424242 -1.3775 0.1 0.135 0.15 0.19451610108123796 0.07 0.3831818181818185 0.0 0.19114832535885196 0.3681818181818175 -0.09999999999999988 -0.0368421052631579 0.0
36 39 2.5677272727272715 -3.1129567099567117 -2.5412337662337676 -0.01 0.008809523809523247 0.11147727272727262 0.3283637190922458 0.15681818181818144 1.8116017316017343 -1.1727272727272786 -0.8198450672134945 -0.6419913419913348 -0.10000000000000009 -0.08253588516746393 0.0
36 40 -1.5925000000000002 -1.589753246753247 -1.4975 0.1990476190476188 0.21818181818181745 0.29928571428571427 0.21751547118694203 0.18 0.49761904761904807 -0.15000000000000013 -0.2619047619047621 -0.10000000000000009 -0.1583333333333388 -0.014536340852130621 0.1214285714285715
36 41 -1.6 -1.5711222943722944 -1.5475 0.22459415584415637 0.32 0.32 0.17939655503514074 0.18047619047618937 0.09000000000000008 0.0 0.04736842105263162 0.11634199134198608 0.0 0.08947368421052633 0.13809523809524105
36 42 -1.4233333333333338 -1.3195703463203459 -1.1976136363636356 0.18 0.21 0.23 0.20939807501986732 0.12999999999999998 0.32681818181818145 0.0 0.17200956937799025 0.418614718614726 -0.10000000000000009 -0.047368421052631574 0.0
36 43 -0.9624999999999999 -0.8573062770562766 -0.8225 -0.3496428571428567 -0.25149350649350793 0.036477272727272615 0.24311212079981842 0.48 0.518419913419915 0.10000000000000009 0.2728525860104815 0.3250000000000075 -0.4169913419913528 -0.21704260651629048 -0.04999999999999977
36 44 -1.2650000000000001 -1.0946049783549787 -0.8931168831168838 0.15 0.16 0.1709523809523808 0.20907592630463684 0.03999999999999998 0.5668181818181816 -0.4214285714285715 -0.2509569377990428 0.015909090909092538 -0.03095238095238373 0.005263157894736829 0.09999999999999981
36 45 -1.35 -1.3505000000000003 -1.35 -0.08 -0.08 -0.08 0.1562247474542578 0.009999999999999995 0.010000000000000009 0.0 0.0 0.0 0.0 0.005263157894736839 0.0
36 46 -1.517142857142856 -1.4936948051948054 -1.4737500000000012 -0.17790584415584365 -0.11 -0.10920454545454523 0.20325035186114013 0.4731818181818185 0.07000000000000006 -0.10000000000000009 0.005263157894736847 0.10000000000000009 0.0 0.24904306220095707 0.3690476190476162
36 47 -1.2625000000000002 -1.2576352813852816 -1.23 0.17750000000000002 0.19840909090909048 0.20678571428571302 0.19049697579871755 0.2952380952380964 0.09000000000000008 0.0 0.036842105263157926 0.10000000000000009 -0.23409090909090463 -0.1553884711779455 0.040476190476204515
