48 0 1.0346928000000002 1.48952808 1.9710251000000003 0.2161497500000002 0.22771279999999994 0.27825110000000003 0.2953386753289586 0.09363480000000024 1.4990988 0.3183960000000008 0.7882722105263158 1.1115600000000003 -0.046629000000001364 -0.0451168421052632 0.01993899999999771
48 1 1.6016983000000007 1.69945278 1.8007114999999994 0.23118249999999985 0.2537591 0.29777405 0.18987427540348087 0.07454359999999993 0.21753920000000004 -0.33786399999999883 -0.07139368421052619 0.17301399999999578 -0.020096000000001668 0.031003368421052585 0.11147000000000018
48 2 0.2557373000000004 0.8195776799999999 1.4303956000000002 0.14908719999999992 0.16172570000000008 0.1664592499999999 0.3311736799652641 0.09919260000000008 1.8735123999999996 0.5413360000000011 0.9860591578947364 1.3360700000000003 -0.030300999999999245 0.05220663157894741 0.11382499999999851
48 3 0.004443100000000477 0.05494372000000005 0.10610059999999988 -0.08799065 -0.04593819999999993 -0.016932449999999932 0.20223599326207956 0.14641820000000005 0.3870992000000002 0.1369039999999977 0.20373642105263168 0.24680400000000047 -0.15637200000000018 -0.009535684210526295 0.10267800000000049
48 4 0.3314427000000002 0.33985476000000003 0.3589334000000004 0.19716060000000002 0.21469749999999987 0.22239834999999986 0.17213779745061467 0.10490739999999987 0.09438840000000015 -0.0015699999999996272 0.045282105263157894 0.09639799999999754 -0.09765399999999813 -0.020112526315789515 0.0273179999999984
48 5 -1.2403314 -1.21786156 -1.2083975999999998 0.09489080000000005 0.10418519999999998 0.11537144999999993 0.17564650286526445 0.05887500000000023 0.17967080000000046 -0.14161400000000324 -0.06517978947368433 0.06468400000000041 -0.08635000000000059 -0.03098684210526328 0.03752300000000264
48 6 0.5279752999999998 0.5450757399999999 0.5800993000000002 -0.010236399999999923 -0.007535999999999987 0.00934935000000009 0.17169497293023234 0.04122819999999994 0.1534203999999999 -0.1252859999999978 -0.08074757894736836 0.0 0.0 0.021699052631578914 0.03972100000000145
48 7 0.3435159999999997 0.34500749999999986 0.3462791999999997 -0.030826949999999964 -0.029641600000000046 -0.027914600000000123 0.1567252705194045 0.01742700000000008 0.0046471999999999625 0.0 0.0018840000000003006 0.00125600000000059 0.0 0.009172105263157938 0.01632800000000101
48 8 0.38596879999999967 0.4425516 0.5060109999999999 0.20893560000000005 0.2348249 0.24638795000000013 0.1799311912009331 0.0484815999999999 0.21289200000000008 -0.21508999999999778 0.015666947368421166 0.17175799999999963 -0.06876599999999788 0.00837884210526318 0.05337999999999954
48 9 1.8949899999999995 1.9115472200000003 1.9129821999999996 0.24871939999999987 0.25179660000000015 0.25390825 0.17644314950220702 0.03796260000000018 0.21100800000000053 -0.02700399999999714 0.11105684210526344 0.2270220000000034 0.00015699999999951864 0.01998031578947378 0.023864000000002328
48 10 0.37026879999999995 0.74032094 1.1585657999999999 0.3736521500000001 0.3785113 0.38034035000000016 0.28671488541303514 0.021791600000000244 1.4645588000000003 0.0348539999999975 0.6693157894736844 1.210156 -0.03830799999999912 0.0005453684210527124 0.03454000000000068
48 11 1.8016849000000001 1.8153093599999999 1.9402531 0.1815155499999998 0.20848030000000017 0.22280654999999988 0.23866384597227086 0.20981479999999997 0.5879335999999995 -0.48481600000000125 -0.309438736842105 0.010989999999999611 -0.04537299999999855 0.0772274736842104 0.09655499999999928
48 12 0.9094696 1.28600898 1.6937788000000005 0.35772450000000017 0.37154050000000005 0.3883787500000001 0.27961377139520044 0.06776120000000008 1.2483384000000006 -0.09608400000000517 0.541831789473684 1.083928000000003 -0.025433999999999735 0.03566378947368425 0.10079400000000183
48 13 1.7180824000000001 1.7189521799999998 1.7215678000000003 0.20165080000000013 0.20436690000000002 0.20579560000000008 0.15624813560602868 0.006593999999999989 0.011680800000000602 -0.00125600000000059 0.0033713684210530466 0.009734000000007903 -0.0020410000000004036 -0.0001487368421052746 0.0010989999999999611
48 14 1.7979012 1.78991618 1.8042753999999999 0.14913430000000016 0.14944829999999998 0.15203095000000016 0.168441063135328 0.006154399999999782 0.1502176000000004 -0.0003140000000012577 0.07906189473684232 0.05965999999999916 -0.01114699999999691 0.0008097894736841818 0.020095999999999448
48 15 1.8183740000000004 1.8366990399999998 1.8678761000000002 0.2634930999999999 0.29299340000000007 0.30404620000000004 0.1854217112416975 0.11018260000000035 0.23669320000000038 -0.05337999999999621 0.12457536842105284 0.29547399999999335 0.04113399999999934 0.05799084210526334 0.09482800000000124
48 16 0.18259099999999995 1.0790484399999998 2.0824793999999995 0.3391121500000002 0.4341991999999998 0.5137275500000001 0.3593038194442454 0.19904460000000013 2.1381516000000005 -1.906921999999991 -1.1114608421052636 -0.1717579999999952 0.01491499999999979 0.10092621052631592 0.1797649999999973
48 17 -1.0049413 -0.8351677799999999 -0.6290676 -0.018408249999999904 0.004772799999999799 0.016602750000000055 0.21452417255953185 0.11731040000000004 0.5604900000000002 -0.5385099999999987 -0.22568336842105252 0.02606200000000003 -0.0830529999999996 -0.051496 0.010833000000000093
48 18 -1.3537168000000002 -1.00697602 -0.6662609 0.01629660000000005 0.03334680000000012 0.0386377 0.2768977862372389 0.03928139999999991 1.3245776 -0.997577999999999 -0.6971461052631578 -0.5121340000000019 -0.015856999999999122 0.015204210526315919 0.02983000000000069
48 19 1.5721979999999998 1.5809052199999998 1.5919015 0.027883199999999997 0.030395200000000067 0.031721849999999996 0.16708013193660196 0.038213800000000075 0.10393400000000064 -0.038936000000000526 0.034506947368421366 0.03862199999999927 -0.01978200000000041 0.01140315789473694 0.04333199999999926
48 20 0.4233033999999999 0.4377379799999998 0.44818789999999975 0.21747640000000001 0.221213 0.2323286 0.1642330725416974 0.016327999999999898 0.08427759999999962 -0.1020500000000002 0.010543789473684138 0.11335400000000107 -0.0259049999999994 -0.002859052631578946 0.029201999999999284
48 21 1.9613853000000003 2.0459831800000003 2.1362519000000004 0.08125535000000006 0.11087339999999979 0.14399254999999983 0.19209518978373558 0.13602480000000017 0.19844799999999996 -0.256223999999996 -0.03371368421052626 0.23581399999999864 -0.1314090000000001 -0.005205789473684143 0.14067199999999835
48 22 0.09828200000000042 0.19501912000000005 0.27781149999999977 0.3484065500000001 0.3669561 0.3861729000000001 0.18175791909647449 0.05865520000000002 0.16591760000000022 -0.02982999999999958 0.08468084210526321 0.07002199999999847 -0.04819900000000099 0.008444947368421222 0.04804199999999814
48 23 0.2790360999999999 0.28283550000000013 0.28796939999999993 0.28240375000000006 0.2978604 0.31529524999999997 0.16202995693278027 0.05727360000000026 0.028008800000000278 -0.021980000000001443 -0.006081684210526602 0.0197819999999993 0.018839999999998858 0.030144000000000136 0.044902
48 24 1.7359804000000003 1.8551371200000006 2.0199306 0.018957750000000162 0.036926400000000026 0.09007090000000006 0.21161477984106025 0.08823400000000015 0.5295923999999994 0.1321939999999966 0.27873284210526283 0.3297000000000061 -0.010518999999996614 0.04643894736842113 0.08289599999999897
48 25 0.09707310000000002 0.11135695999999995 0.1417552999999998 0.25932475000000005 0.28822060000000016 0.30181680000000005 0.17779359660921348 0.12673040000000024 0.13357560000000035 -0.03924999999999956 0.05423936842105275 0.10644600000000004 0.018212000000000783 0.06670021052631592 0.08022699999999938
48 26 1.6464903999999998 1.6504311 1.6551882000000004 0.276948 0.27862790000000004 0.27902040000000006 0.1600808542557102 0.0031399999999999206 0.058404000000000345 -0.019154000000001226 0.02016210526315825 0.028888000000000247 -0.0014130000000001086 -6.61052631579258e-05 0.0021980000000010325
48 27 1.4388265000000002 1.8706625360000002 2.2090842000000004 0.26391699999999996 0.3183959999999999 0.34807684999999994 0.42923772808755734 0.20431980000000016 2.85781448 -2.228458 -1.1744591578947374 -0.27160999999999547 -0.27537799999999946 -0.10036431578947379 0.11900600000000039
48 28 0.09192350000000016 0.09859599999999998 0.11296149999999983 0.2406417500000001 0.24636439999999993 0.24944944999999996 0.16894796484297134 0.05655140000000025 0.10726239999999976 -0.04238999999999882 0.04270399999999972 0.07410399999999928 0.006123000000000101 0.02976389473684224 0.057619000000000975
48 29 0.31332490000000035 0.3920509800000001 0.4878931999999998 0.2788869500000002 0.29104659999999993 0.30004270000000005 0.19238900864042355 0.059094800000000225 0.3595927999999997 -0.3416320000000006 -0.09542294736842089 0.10644600000000004 -0.08666399999999963 0.010857789473684343 0.10424800000000012
48 30 1.3562444999999999 1.4328950400000002 1.5020975 -0.25222835000000005 -0.19037819999999994 -0.16110555 0.18596428643978657 0.16233799999999987 0.1375320000000002 -0.18243399999999355 -0.07238526315789484 -0.027631999999999657 -0.016799000000000675 0.08544105263157888 0.17866599999999955
48 31 1.7522142 1.7446719200000005 1.7965196000000003 0.4546798500000001 0.4613601999999999 0.46431964999999975 0.20531743279838532 0.022388200000000413 0.47495639999999995 -0.11492399999999847 -0.2499770526315789 0.04553000000000029 -0.002041000000001514 -0.00945305263157883 0.022608000000001738
48 32 -1.4822213 -1.0781912200000001 -0.5067803000000001 0.2834007 0.29310330000000007 0.31330919999999995 0.37515032975061463 0.1587584000000002 2.2643168 -1.519759999999999 -1.1917456842105265 -0.8635000000000015 -0.09608400000000072 0.08355705263157905 0.20127400000000017
48 33 -2.6380505899999998 -2.558612358 -2.4895332999999997 0.11957119999999999 0.15035890000000007 0.19515100000000002 0.22257187707265289 0.13718660000000016 0.6159235599999997 0.16861800000000038 0.32417029473684195 0.5104697999999996 -0.11492399999999958 -0.022145263157894737 0.06766699999999903
48 34 0.9243688999999999 1.6514013600000002 2.2020977000000004 0.36776465 0.39978479999999994 0.4469554499999999 0.3713401904264108 0.14905579999999974 2.3058275999999998 0.5947160000000018 1.2135934736842104 1.6632580000000008 -0.10864399999999885 -0.06907999999999985 -0.030301000000001466
48 35 -0.8950412999999998 -0.19861127999999997 0.4995583000000001 0.30118094999999995 0.3180349 0.32722725000000014 0.3256495889760923 0.08603600000000045 1.8402912000000002 0.4709999999999992 0.9685743157894737 1.5031180000000033 0.006751000000000396 0.04528210526315813 0.11602299999999954
48 36 -0.8410647000000002 -0.42634606 0.0512134000000003 0.12326855000000003 0.13122060000000002 0.1382542000000001 0.29369512658118785 0.02260799999999996 1.5290544000000001 0.5733640000000051 0.8047654736842106 0.9388599999999969 -0.04301800000000133 0.006395684210526457 0.036424000000001566
48 37 1.6766344000000002 1.6756013400000005 1.6824591000000004 0.09974995000000009 0.1076549 0.11413115000000007 0.16703215437035984 0.07178039999999997 0.07046160000000068 0.0 0.030210105263157826 0.042704000000002296 0.019154000000001226 0.03777915789473683 0.0422329999999993
48 38 0.6517069999999999 0.8558980600000001 0.9482800000000002 0.1136523000000001 0.12424980000000019 0.15820104999999995 0.24414120693341726 0.11241200000000018 0.6092228000000004 -0.1918540000000024 0.3206435789473686 0.9781100000000031 0.0014129999999978882 0.058090000000000114 0.09310099999999988
48 39 1.7683695000000004 1.7804585 1.8049505000000003 0.22783054999999997 0.28702740000000004 0.31703009999999987 0.1814795466487039 0.19367519999999994 0.11260039999999982 0.03705199999999742 0.05926336842105254 0.08729200000000326 0.03689500000000012 0.10193431578947365 0.1373750000000007
48 40 1.7297631999999998 1.80290008 1.8721936000000001 0.056001900000000215 0.0784686 0.09363480000000002 0.1861232631754554 0.04622080000000017 0.3094784000000006 -0.23738399999999604 -0.15326505263157908 -0.026690000000004765 -0.03485400000000083 -0.014658842105263206 0.023864000000001218
48 41 1.7564846000000003 1.76747774 1.7761253000000004 -0.12839460000000003 -0.09322660000000005 -0.07398625000000003 0.16560710461239805 0.09658640000000007 0.02110080000000103 -0.020410000000001816 -0.004065473684209982 0.018212000000001893 0.03595300000000079 0.05083494736842109 0.07787199999999994
48 42 1.8494442999999996 1.9581008600000005 2.0964995 0.020127400000000073 0.035356400000000066 0.05800365000000007 0.19369006581112413 0.11982239999999988 0.29993279999999967 -0.2986140000000015 0.004594315789473388 0.1613959999999981 -0.08038400000000001 0.02027778947368421 0.10503299999999993
48 43 1.0299356999999998 1.1250934 1.2321360000000001 0.12051320000000004 0.1258355000000001 0.13763405 0.1941404508684489 0.060476399999999764 0.36775679999999955 0.10707400000000256 0.19355621052631555 0.2628180000000091 -0.019310999999999634 0.03182968421052619 0.037679999999998826
48 44 0.36596699999999993 0.36956544 0.3706769999999997 0.052720600000000006 0.053599799999999975 0.06660725000000006 0.15916733906144262 0.02518280000000006 0.027945999999999582 -0.02606200000000003 -0.008758947368420844 0.02103799999999545 0.0 0.013105368421052536 0.03344099999999961
48 45 -0.17704890000000006 -0.10315214000000009 -0.02924910000000025 0.1312127500000001 0.15202309999999997 0.15649760000000007 0.18627548553723883 0.054541800000000196 0.1624007999999999 0.03862199999999927 0.08547410526315784 0.23235999999999812 -0.01601400000000086 0.0176005263157895 0.07080700000000273
48 46 0.7394386000000001 0.9428635 1.0430766 0.20278905000000003 0.21959590000000018 0.2510273000000001 0.23673295761940447 0.12412420000000002 0.8086128000000001 -0.4593820000000015 -0.42558568421052645 -0.20190200000000047 0.04176199999999852 0.06532852631578949 0.08007000000000097
48 47 -1.5020504000000001 -1.4514524400000002 -1.4258583 0.1033216999999999 0.12734270000000003 0.15890755000000006 0.18549093070475473 0.06339660000000014 0.19392639999999983 0.048984000000000805 0.10206652631578939 0.17332800000000037 -0.083681000000001 -0.013452421052631704 0.00863500000000128
