55 0 -0.1164155 0.03939444000000003 0.17832059999999994 0.2503914500000002 0.2906227 0.3599853000000001 0.240040875234691 0.12987039999999994 0.8005116000000001 -0.5695960000000011 -0.4213218947368422 -0.20158800000000365 -0.09043200000000029 0.007453368421052685 0.15009199999999834
55 1 -0.3570023000000001 -0.39224566 -0.33046929999999974 0.4557317500000001 0.46822110000000006 0.49918935 0.21609896966144268 0.15181900000000015 0.4477012 -0.34477199999999986 -0.2356322105263158 0.0816400000000006 -0.04851299999999892 -0.035399368421052665 0.09357199999999954
55 2 0.11541069999999964 0.12436283999999993 0.1282218999999999 0.23902465000000012 0.2600234 0.26670374999999996 0.16642995912258915 0.09033779999999991 0.030269599999999564 -0.04741399999999896 -0.0002644210526319369 0.02857399999999899 0.0007849999999998136 0.044902000000000115 0.06688199999999811
55 3 -0.06647380000000003 -0.0022262599999999465 0.06112010000000001 -0.1930157999999999 -0.16387660000000004 -0.14095459999999993 0.1757535452633535 0.09058900000000003 0.1392275999999999 -0.10864399999999774 -0.06273389473684213 0.028260000000002172 -0.09043199999999918 -0.012708736842105214 0.05808999999999953
55 4 0.16160010000000025 0.20055808000000014 0.22736740000000022 0.1384190500000001 0.18064419999999992 0.20590549999999985 0.18888204642704776 0.13068679999999988 0.2607455999999999 -0.04176199999999852 -0.08388757894736833 0.1083299999999987 -0.07598800000000239 -0.03447389473684206 0.07881399999999927
55 5 -0.044069899999999884 -0.01909120000000004 0.008163999999999838 0.27383154999999987 0.278675 0.28048050000000024 0.16439892859965916 0.012748399999999993 0.09891000000000005 0.0 0.045711789473684296 0.07033599999999973 -0.014601000000001862 -0.006709684210526312 0.002041000000001514
55 6 -0.03196520000000003 -0.028891139999999992 -0.025622400000000045 -0.016178849999999967 -0.012685599999999964 -0.0047649500000000455 0.15748384040284394 0.017175799999999963 0.01701879999999978 -0.00031399999999903727 0.0074698947368421085 0.027945999999998694 -0.014444000000001234 -0.009039894736842085 -0.0001569999999984084
55 7 0.018447500000000283 0.32868578000000004 0.7284956999999997 0.00956129999999994 0.1474857999999999 0.17525910000000006 0.2463691828060288 0.15747099999999992 0.7189971999999996 -0.375858 -0.37841957894736816 0.016327999999998788 -0.21210699999999916 -0.0774918947368421 0.04348899999999989
55 8 -0.0060131000000001045 0.00037052000000010744 0.007284800000000313 0.13897639999999983 0.14999780000000007 0.15285519999999986 0.15810231714169742 0.022827799999999954 0.018400399999999983 0.0 0.00968442105263157 0.02606199999999781 0.0 0.009767052631579036 0.021822999999999704
55 9 -0.049847500000000156 -0.018212000000000006 0.010236400000000145 0.14347445000000003 0.14779979999999981 0.15306714999999999 0.17855258230284393 0.18620199999999998 0.05394520000000025 -0.014130000000001086 0.026904842105263175 0.07441799999999832 -0.022764999999997926 0.0857385263157893 0.02731799999999951
55 10 0.1174987999999999 0.11892122000000016 0.12054459999999989 0.3595064500000001 0.3610686000000001 0.36142185 0.15687152582577396 0.013250800000000007 0.007975599999999972 -0.007221999999997841 -0.0041976842105263005 0.0 -0.01475799999999916 -0.006974105263157899 0.0
55 11 -0.06777690000000025 -0.06274348000000005 -0.05832550000000025 -0.024185850000000064 -0.0152447 0.0012167499999999887 0.16185845845571015 0.052375199999999955 0.025496799999999986 -0.034225999999999424 0.007370736842105103 0.056205999999996425 -0.029044999999999765 0.022260947368420932 0.0653120000000007
55 12 -0.04000359999999992 -0.03781501999999996 -0.03623559999999992 0.15511600000000003 0.16051680000000002 0.17026649999999993 0.15791165279838537 0.031462800000000124 0.006217200000000034 -0.0031399999999992545 0.0019831578947368386 0.025120000000000697 -0.02731799999999951 -0.010461157894736789 0.008477999999999541
55 13 -0.09944379999999997 -0.056786900000000015 -0.007912800000000053 -0.02891939999999993 7.849999999998136e-05 0.037884099999999865 0.18296345156207952 0.08487420000000001 0.15944919999999962 0.011931999999998943 0.079028842105263 0.13093800000000044 -0.016642000000000046 0.04063821052631565 0.13172300000000026
55 14 0.01645360000000018 0.019414620000000028 0.022796400000000272 0.06521780000000005 0.07851569999999997 0.08065089999999997 0.1588568540206783 0.035576199999999725 0.011241200000000617 -0.014130000000003307 -3.3052631579313494e-05 0.013815999999999828 -0.0006279999999980745 0.014890210526315714 0.029045000000000876
55 15 0.005055399999999932 0.022152699999999914 0.04127529999999979 0.02093594999999998 0.03406900000000013 0.04350470000000001 0.16823567150348082 0.0798816 0.05193560000000019 -0.06939399999999596 0.019996842105263084 0.11335400000000329 -0.06437000000000026 0.022674105263157794 0.09137399999999962
55 16 0.4423318000000003 0.7612741600000001 1.2393266000000003 -0.12962705000000002 0.01830619999999994 0.05936169999999996 0.36626198754233424 0.4040866000000001 2.0253 0.4606380000000021 1.062774315789474 1.5228999999999981 0.06703899999999874 0.2126771578947369 0.3703630000000002
55 17 0.03813529999999998 0.17168577999999995 0.2872158 0.025512499999999994 0.07955190000000001 0.08617729999999996 0.18811348777354459 0.07627060000000019 0.2502580000000001 -0.2998700000000043 -0.1317147368421053 0.0006279999999980745 -0.07865700000000198 -0.029003684210526442 0.056362999999997054
55 18 0.36571580000000015 0.50551174 0.6436685999999999 -0.19980605 -0.18441220000000003 -0.13837195000000002 0.21228122555252574 0.11712199999999995 0.5371912000000001 -0.4578120000000019 -0.28273221052631586 -0.11869199999999802 0.010676000000000574 0.06108126315789468 0.07520300000000035
55 19 0.15009200000000034 0.15140452000000018 0.1526825000000004 -0.019279599999999952 -0.019279599999999952 -0.017795950000000005 0.1553304769117611 0.004553000000000029 0.00270039999999927 0.0 0.0014212631578943526 0.0006279999999980745 0.0 0.0023963157894736995 0.00737899999999958
55 20 -0.03469700000000009 -0.008594180000000007 0.01422419999999991 0.06116720000000009 0.12274259999999992 0.13096154999999987 0.1688157127646274 0.08898760000000006 0.06769840000000071 0.01475799999999916 0.03563073684210564 0.057776000000000494 -0.0007850000000020341 0.04281968421052627 0.08477999999999986
55 21 0.11709060000000016 0.14260310000000007 0.13464320000000018 0.13302609999999998 0.14246180000000008 0.1482393999999999 0.1732513361894681 0.020535599999999876 0.18281079999999994 -0.12905400000000178 -0.07403789473684205 0.02574799999999655 -0.0373660000000009 -0.010808210526315724 0.02606199999999781
55 22 -0.08432470000000003 -0.08361505999999999 -0.0808236 0.08495270000000005 0.10643029999999998 0.12962704999999997 0.1622287597232261 0.06936259999999983 0.018337599999999732 -0.0015700000000018477 0.00657747368421046 0.028888000000000247 -0.09231599999999895 -0.028276526315789374 0.02825999999999884
55 23 -0.26757510000000007 -0.24843052000000002 -0.2228300999999998 0.4602219500000001 0.4960572000000001 0.5138060499999998 0.17510936212832176 0.14101740000000018 0.09200200000000036 -0.09890999999999872 -0.029350736842105495 0.05809000000000175 0.026690000000002545 0.06846852631578967 0.11288299999999918
55 24 0.007975600000000416 0.016312300000000012 0.025308399999999676 0.030324550000000006 0.035215099999999944 0.039501200000000125 0.15956021766717507 0.016767600000000105 0.03931279999999937 -0.014130000000003307 0.008924210526315774 0.027946000000003135 -0.000628000000000295 0.006610526315789541 0.027945999999997584
55 25 0.14633970000000007 0.14918767999999996 0.15191319999999986 0.16603534999999997 0.1736734000000001 0.17790454999999983 0.15742772548500958 0.022168399999999977 0.01142960000000004 -0.0028260000000002172 -0.006015578947368442 0.0 0.0 0.010163684210526358 0.015386000000002786
55 26 0.0366124000000001 0.03744449999999997 0.03769569999999989 0.3658727999999998 0.36741139999999994 0.36756840000000013 0.15534712269711146 0.005746199999999924 0.0029516000000007203 -0.006908000000001024 -0.0008263157894739555 0.0069079999999965835 -0.015386000000001676 -0.003024315789473644 0.008163999999998284
55 27 0.09600549999999997 0.09755979999999993 0.09897279999999986 0.32649719999999993 0.32913480000000006 0.3304536 0.15668304690602863 0.011680799999999936 0.009043199999999807 -0.015699999999998493 -0.00475957894736832 0.003767999999997329 -0.014758000000000271 -0.006147789473684177 0.0025119999999989595
55 28 0.13007449999999987 0.13883196000000006 0.14720320000000042 0.13458039999999988 0.15054729999999983 0.15703925000000024 0.16151884445316236 0.04364599999999963 0.019342400000000204 -0.027945999999998694 -0.0032061052631581154 0.025747999999998772 -0.0015699999999996272 0.02222789473684197 0.03705200000000075
55 29 0.12200469999999985 0.12586376000000002 0.12925810000000026 0.08617730000000012 0.10652449999999991 0.11619569999999996 0.1609110782996592 0.054070800000000085 0.018777199999999716 -0.027004000000003803 -0.0072385263157897185 0.0003140000000012577 0.013188000000000644 0.028408736842105344 0.04301800000000133
55 30 -0.22162119999999996 -0.17262464000000002 -0.13560090000000002 -0.23949564999999995 -0.23287809999999998 -0.22021604999999994 0.1754560672659013 0.02879380000000009 0.18080119999999988 0.023864000000000107 -0.01807978947368417 0.14161400000000102 -0.050083000000000766 -0.005156210526315757 0.061387000000000524
55 31 0.022074200000000266 0.044132700000000094 0.07996010000000042 -0.00041605000000005665 0.008383800000000052 0.017513350000000094 0.1723454275143089 0.030395199999999845 0.16202400000000017 0.027631999999999657 0.0852757894736843 0.11303999999999981 -0.042860999999998484 -0.003371368421052579 0.048827000000001286
55 32 0.03245190000000031 0.04757099999999999 0.06644240000000012 -0.10735659999999997 -0.04424259999999991 -0.015700000000000047 0.17605780872195226 0.08364959999999999 0.05111919999999959 0.0012559999999983695 0.02690484210526294 0.0960839999999985 0.028102999999999323 0.04402610526315789 0.12104699999999968
55 33 -0.19929580000000002 0.0781545999999999 0.36395739999999976 0.031195899999999832 0.0396896000000001 0.05038130000000002 0.2288612333709968 0.032216400000000256 0.7944827999999999 0.2094380000000018 0.4181488421052631 0.574619999999999 -0.028887999999999137 0.016956000000000134 0.041447999999999485
55 34 -0.3132620999999999 -0.10686989999999989 0.06003680000000022 0.33963025 0.34108249999999996 0.3420559000000001 0.222500326913035 0.05887500000000023 0.6881624 -0.5987979999999982 -0.36219073684210523 -0.0031399999999992545 -0.0034539999999982918 0.03098684210526328 0.056206000000000866
55 35 -0.11330689999999999 -0.10696096000000006 -0.09421570000000024 0.029523850000000018 0.03001840000000011 0.034296649999999984 0.16010213262195222 0.015794200000000203 0.04797919999999989 0.0 0.025219157894736884 0.045215999999999035 -0.007535999999997989 0.005106631578947488 0.014758000000000271
55 36 0.011256899999999792 0.06378281999999988 0.0537411000000001 0.2777173 0.2787849 0.2808886999999999 0.19811322285762098 0.020158800000000143 0.4737631999999996 -0.08383800000000274 -0.24753115789473684 -0.011303999999994208 -0.018997000000001707 -0.010428105263157943 0.0021979999999999222
55 37 0.16742480000000004 0.17397484000000002 0.17271569999999992 0.20146240000000004 0.20496350000000008 0.20820555000000007 0.1604838400850095 0.010738799999999937 0.056708400000000214 -0.061230000000001006 -0.02333515789473705 0.011932000000001164 -0.012716999999999867 0.0003470526315788182 0.013973000000000457
55 38 -0.16988970000000014 -0.16839192000000006 -0.09095010000000014 -0.17340650000000013 0.01579419999999998 0.02899004999999999 0.23134935267099677 0.30991800000000014 0.463778 -0.3444580000000008 -0.24409368421052632 0.1340779999999997 -0.3183959999999997 -0.13548273684210532 -0.010832999999998982
55 39 -0.0558449000000002 -0.024730640000000026 -0.0107545 0.08491344999999995 0.090275 0.10549615000000007 0.17413635902386307 0.06085319999999994 0.13834839999999993 -0.04301799999999911 0.07281494736842102 0.12560000000000127 0.0059659999999983615 0.032027999999999966 0.05338000000000176
55 40 -0.00916880000000031 -0.006929979999999958 -0.006279999999999841 0.16438684999999997 0.16579199999999994 0.16718929999999993 0.15548863952258915 0.005777599999999827 0.005903200000000108 0.0 -0.0016856842105260558 0.0 0.0 0.001520421052631592 0.0007849999999998136
55 41 0.05978559999999966 0.061776359999999864 0.06380479999999977 0.2661150000000001 0.2686898000000001 0.2752838000000002 0.15616708016016878 0.010707399999999812 0.008163999999999838 0.0 0.004296842105263073 0.007535999999999099 -0.01365899999999809 -0.003801052631578863 0.002355000000000551
55 42 0.1575966000000002 0.23483118000000003 0.3266227999999999 0.1349415 0.25526629999999995 0.43640504999999996 0.23237376643596513 0.4883955999999998 0.3963308000000003 0.06845200000000329 0.18975515789473682 0.37899799999999706 0.16312299999999835 0.2570503157894736 0.32922899999999866
55 43 -0.7151193000000001 -0.57830636 -0.43374389999999985 0.047885000000000066 0.07214150000000008 0.0803918500000001 0.20604707490157004 0.07667880000000005 0.5054144000000003 -0.340062000000001 -0.26600757894736854 -0.18934200000000123 -0.029987000000001318 0.03171399999999988 0.0843090000000013
55 44 0.00427040000000023 0.02511058000000006 0.04224870000000003 -0.07400980000000007 -0.06590859999999998 -0.06374985000000011 0.1662393188366019 0.03256179999999986 0.06763560000000046 0.027631999999999657 0.03559768421052656 0.08289599999999897 -0.02119500000000052 0.007420315789473606 0.027789000000000286
55 45 0.4512179999999999 0.45398434000000004 0.4556768000000003 0.025253450000000066 0.02546539999999986 0.026650750000000056 0.15704933708373567 0.012811200000000245 0.016516399999999987 -0.021666000000002406 -0.007304631578947411 0.0 -0.016955999999999083 -0.005850315789473627 0.0
55 46 0.08726060000000013 0.21706506000000006 0.3134348000000001 0.08872854999999996 0.09818780000000005 0.1255293500000001 0.18348519129902227 0.08396360000000014 0.22187239999999964 -0.020096000000005 0.11261031578947364 0.06217199999999812 -0.06546900000000022 -0.03131736842105268 0.02606199999999892
55 47 0.005840399999999857 0.014378060000000036 0.02130489999999985 0.2267943500000001 0.22901589999999994 0.23044459999999978 0.15841923848246175 0.004804199999999925 0.03667519999999991 0.0 0.01629494736842111 0.04050600000000015 -0.002354999999999441 0.0010411578947366884 0.013187999999998423
