56 0 -2.83574185 -2.4852365240000003 -2.1693161 0.32486440000000016 0.34155350000000007 0.34638125 0.2813785059468566 0.08270759999999999 0.8445846400000003 -0.9125468000000003 0.2625039999999999 1.1670438000000005 -0.06892299999999962 0.013766421052631676 0.10393400000000108
56 1 -0.4693671999999999 -0.20040107999999993 0.07082270000000035 -0.18251249999999997 -0.06766700000000014 0.10760780000000014 0.2692718729283215 0.4384695999999999 0.8149555999999998 0.14349799999999968 0.37045389473684215 0.5143320000000018 -0.3129009999999999 -0.23077347368421047 -0.019153999999999005
56 2 0.5022115999999999 0.5041489799999999 0.5058068999999998 0.15498255 0.1582716999999999 0.15863279999999996 0.15624253304424524 0.00763019999999992 0.01237160000000026 -0.0003140000000012577 0.006511368421052768 0.019468000000002483 -0.0003140000000001475 0.0021153684210525733 0.008164000000000504
56 3 -0.09489080000000016 -0.013319880000000039 0.09840760000000004 -0.10323535 -0.08550220000000008 -0.0485444000000001 0.22477219302768475 0.2827569999999999 0.5101244000000005 0.08980400000000222 0.2684534736842104 0.3654959999999985 -0.1157089999999994 0.12014631578947367 0.1504059999999996
56 4 3.1297636000000004 -3.12762369 -3.1386733500000004 0.26160125000000006 0.28442120000000004 0.4001615999999999 0.1919364167910606 0.18780339999999995 0.1962876800000002 -0.23587680000000333 -6.65419545263158 0.04584400000000155 -0.0638990000000006 0.09058073684210532 0.21603199999999934
56 5 -2.89652126 -2.6804924 -2.4981997000000002 0.18971879999999997 0.21312750000000003 0.23937789999999998 0.24944715407360835 0.1143588000000002 0.835993600000001 -0.4656619999999978 -0.36894008421052626 -0.09043200000000029 -0.02103799999999989 -0.06018884210526326 0.08179700000000012
56 6 -2.1845293999999997 -2.04990818 -1.8437295 -0.026697849999999967 -0.012638499999999997 0.04422689999999996 0.2062942875525254 0.09781100000000009 0.42339760000000015 -0.4443100000000022 -0.12536863157894737 0.20127399999999795 -0.05102499999999899 0.0032391578947368444 0.054007999999998724
56 7 -0.11150139999999997 -0.10770514 -0.10401249999999995 0.04429755000000013 0.04477640000000016 0.046001000000000125 0.15624476842513688 0.0032656000000002017 0.013753200000000021 0.0 0.006775789473684004 0.00376800000000177 -0.0017270000000013663 0.0011733684210526569 0.006123000000000101
56 8 -2.0632311999999997 -2.0187719399999997 -1.9826588 0.13264930000000003 0.1457430999999999 0.1922857500000001 0.17180130159520063 0.07036740000000008 0.11297720000000022 0.04364600000000052 0.05946168421052643 0.08289600000000008 -0.06311400000000078 -0.026128105263157838 0.02716099999999888
56 9 -1.4626591000000002 -0.66826736 -0.14434580000000008 0.12756249999999997 0.16753469999999993 0.19304720000000003 0.29831099179137915 0.0930696000000002 1.4799448000000002 -0.03956399999999749 0.7789183157894738 1.1671379999999998 -0.06170100000000067 -0.014129999999999917 0.05699099999999846
56 10 0.22221780000000024 0.22388514000000015 0.2271633000000003 0.25910495 0.26391700000000007 0.26617780000000013 0.15630215414297133 0.01020500000000002 0.010362000000000204 -0.02606199999999781 -0.005453684210526423 0.0025119999999989595 -0.012716999999998757 -0.0019501052631578759 0.0031399999999992545
56 11 0.0873704999999998 0.09786752000000007 0.12864580000000014 0.03194164999999993 0.07696139999999996 0.08192259999999996 0.18060608809711137 0.10217560000000003 0.1266676000000002 -0.035482000000000014 0.06666715789473696 0.15009199999999723 -0.1695599999999986 -0.02673957894736836 0.06593999999999989
56 12 -2.2172168 -2.18439752 -2.1426732 0.20202759999999986 0.20581129999999992 0.21243669999999987 0.16726383963278021 0.04700580000000021 0.08923879999999995 -0.014444000000000123 0.03943178947368415 0.09545600000000043 -0.012873999999999386 0.024739894736842214 0.0606019999999996
56 13 2.7176857 2.7369904200000006 2.7397285 0.1461591499999999 0.1557440000000001 0.17364200000000013 0.16684041698883112 0.05567220000000006 0.0795047999999996 -0.02103799999999989 -0.029780421052631192 0.027631999999999657 -0.029044999999999765 -0.026524736842105278 -0.0015699999999996272
56 14 2.0620537000000003 2.3493166000000003 2.6262332 0.05568004999999987 0.10605350000000002 0.15485695 0.24652517909774846 0.09705739999999996 0.8594808000000009 0.28856600000000565 0.45235831578947416 0.5956580000000056 -0.08901899999999907 0.03488705263157915 0.08054099999999953
56 15 -2.3578888 -2.1972922440000002 -2.0328203 -0.006586150000000068 0.051229099999999916 0.07971675000000011 0.24940949951978672 0.12616519999999998 0.8940459200000002 -0.6479390000000018 -0.4705504842105265 -0.2904499999999999 -0.025434000000000845 0.06640273684210525 0.16249500000000028
56 16 2.3316384 2.5702407199999997 2.7847874999999997 0.2936920499999999 0.2958037 0.2979310500000002 0.2343960405321433 0.009419999999999984 0.8862964 -0.6022520000000053 -0.46647178947368423 -0.366124000000001 -0.02606199999999892 -0.004908315789473711 0.013972999999998237
56 17 -1.2452612 -0.7161335200000001 -0.14880459999999984 0.1517091000000001 0.1591822999999999 0.1668046499999999 0.33619672435061476 0.08214239999999973 1.9623116 0.7429239999999959 1.0327955789473686 1.3734359999999979 -0.06578299999999926 -0.043232842105263014 0.0028260000000024377
56 18 0.22308129999999982 0.22463873999999998 0.22677079999999972 -0.24410359999999987 -0.23422829999999994 -0.23056235000000003 0.1568517124595318 0.020880999999999927 0.0048984000000000805 0.0 0.0024128421052632396 0.0028260000000002172 0.0 0.010907368421052614 0.026218999999999548
56 19 2.3530061 2.3623224800000004 2.3673245 0.05055400000000004 0.05551519999999999 0.06858544999999988 0.17340236569328982 0.16858660000000003 0.024303599999999648 -0.02480600000000166 0.012725263157894753 0.03925000000000178 0.004082000000000807 0.08872978947368422 0.09702599999999895
56 20 -2.6003800100000003 -2.5318652100000003 -2.4596876 0.22375640000000002 0.2435227000000001 0.26635834999999997 0.1838371502788949 0.06050779999999989 0.2532095999999999 -0.08644419999999986 0.07908503157894743 0.2516081999999997 -0.07740100000000028 -0.016278421052631453 0.052594999999998615
56 21 -0.3360270999999999 -0.31391836 -0.33159969999999994 0.20340919999999985 0.20634510000000006 0.20953219999999995 0.18371857036590122 0.1586327999999999 0.17182079999999988 0.0 0.09043199999999994 0.040192000000001116 -0.028102999999999323 -0.083490947368421 0.0
56 22 0.9747973000000001 1.4663391800000003 1.8798709000000002 0.14771344999999997 0.15781639999999986 0.1871518499999999 0.30814393569902254 0.10192440000000014 1.6252012000000011 -1.2245999999999935 -0.8553690526315796 -0.4983179999999976 -0.08242500000000152 -0.04232389473684206 -0.019468000000000263
56 23 2.9182060999999995 2.999696008 2.9689328 0.2038252499999999 0.21042709999999998 0.21420295000000023 0.20966811919258915 0.02816580000000002 0.4931998000000002 -0.12026199999999765 -3.0456843157894737 0.019153999999996785 -0.015699999999999603 -0.0050570526315788684 0.020253000000001187
56 24 2.8104255999999994 2.81842632 2.8280253 -0.2671747500000001 -0.2075539999999999 -0.197349 0.1781159095155827 0.21785319999999997 0.04640919999999937 -0.05714799999999798 -0.0032061052631571804 0.06374199999999774 -0.0032969999999998834 -0.02827652631578949 0.09906699999999935
56 25 -1.8241045000000002 -1.1182796 -0.34875980000000006 0.06605774999999992 0.0742296 0.10150834999999991 0.3160149889824616 0.05366259999999978 1.7707716000000002 -1.6287180000000012 -0.9116246315789472 -0.17992200000000125 -0.009733999999999021 0.026623894736842048 0.06028800000000056
56 26 -0.8746156 -0.6544136800000001 -0.39785369999999987 0.33559534999999996 0.34122379999999997 0.34602015000000014 0.23089140737035976 0.016893200000000164 0.8314719999999998 -0.789396 0.009948842105263039 0.872291999999999 -0.026846999999997623 0.0052223157894738 0.026846999999999843
56 27 -0.14081330000000003 -0.13164135999999999 -0.12472080000000019 0.22352874999999983 0.24498279999999995 0.2566793 0.1610364802633535 0.04436819999999986 0.026752800000000132 -0.015385999999999456 0.00998189473684212 0.028259999999999952 -0.024334999999999773 0.013468947368421011 0.03485399999999972
56 28 -0.0024021000000000736 0.59178324 1.0962682000000001 -0.01777240000000002 -0.013502000000000014 0.05857669999999998 0.30149427544042373 0.10886380000000018 1.5187552000000002 0.18243400000000465 0.7993448421052632 1.2632220000000016 -0.021038000000001 0.05219010526315798 0.1259140000000003
56 29 0.13962010000000014 0.13988700000000004 0.1404993 0.3257121999999999 0.32938600000000007 0.33218844999999997 0.156283858657621 0.016390799999999928 0.0028888000000000247 -0.004709999999996661 0.00072715789473695 0.000628000000000295 -0.0015699999999996272 0.008626736842105225 0.015700000000001824
56 30 0.14657520000000002 0.14700223999999992 0.14922849999999988 -0.19581040000000005 -0.19439739999999994 -0.19295299999999993 0.15546402149456365 0.004333200000000037 0.005714799999999798 -0.0006279999999980745 0.0027764210526314806 0.00031399999999903727 0.0 0.0014047368421052802 0.01240299999999972
56 31 2.7742214 3.004912804 2.9629825 0.10352580000000006 0.14467550000000018 0.2494023500000001 0.29225499833163376 0.16265200000000024 1.1336655999999996 -0.24146599999999907 -2.7085970526315797 0.6929980000000002 -0.1420850000000029 -0.07575663157894742 0.028731000000000728
56 32 0.12682459999999995 0.12778858000000015 0.12861440000000046 0.21436779999999983 0.22003550000000005 0.22410180000000013 0.15616451977927706 0.015605800000000114 0.0023863999999997887 -0.000628000000000295 0.00042968421052616703 0.00031399999999903727 0.0 0.008213578947368481 0.014914999999997569
56 33 -0.2911250999999999 -0.19699418 -0.09721440000000015 -0.06708609999999998 -0.05667699999999998 -0.052194649999999954 0.1933030970760924 0.06060199999999982 0.3533128000000003 -0.3410040000000025 -0.012427789473684205 0.1953080000000007 -0.02951599999999943 -0.009998421052631542 0.057461999999999236
56 34 -1.0518058 -0.8364332000000001 -0.6800925999999998 0.20880999999999988 0.21238960000000018 0.21696614999999997 0.24336886783341713 0.039501200000000125 0.9648591999999998 -0.9658639999999985 -0.5078206315789472 -0.10299199999999731 -0.034068999999999905 -0.015038947368421105 0.014443999999997903
56 35 -1.7761096 -1.1490735799999998 -0.4840623999999998 0.15543000000000012 0.17130270000000003 0.2004497500000001 0.29218227807545544 0.08189120000000005 1.4774956000000001 -1.4337239999999996 -0.7722416842105264 -0.19185399999999908 0.03108600000000128 0.0431006315789474 0.0660969999999994
56 36 -1.5234652 -1.48695956 -1.3911142 0.16730705 0.1680214 0.16944224999999985 0.20406388263660202 0.0427040000000003 0.5025256000000002 -0.32279200000000063 -0.264487157894737 -0.04176200000000074 -0.0053379999999980665 0.022475789473684366 0.024492000000000402
56 37 0.016704799999999853 0.01883057999999991 0.020033200000000306 0.11828379999999994 0.12588260000000007 0.12947789999999992 0.1569283302244999 0.015417400000000026 0.008289599999999897 0.0 0.004362947368420998 0.013815999999999828 -0.0009420000000004425 0.0058007368421053584 0.014601000000001862
56 38 -2.3633053 -1.817323356 -1.2917960000000002 -0.03333894999999998 -0.018745799999999924 0.012850450000000069 0.3585050829064744 0.16695380000000015 1.8407307999999993 -1.772843999999999 -0.7051911157894738 0.31682599999999894 -0.11759300000000028 -0.02158336842105272 0.08729199999999993
56 39 0.4064258999999998 0.4388464000000001 0.46828389999999986 0.14816090000000015 0.1559480999999998 0.1808482999999999 0.17169246980602867 0.04396000000000022 0.14619840000000028 -0.012246000000000201 0.07694652631578962 0.23801200000000078 -0.012560000000000349 -0.015666947368421048 0.013345000000002383
56 40 -1.0046743999999999 -0.6508246600000002 -0.2319675 -0.04572625000000008 -0.0018212000000000783 0.022725749999999934 0.2542003665493406 0.09919259999999985 0.6702016 -0.40537399999999835 0.3527376842105263 0.760508000000002 -0.07206299999999999 -0.03921694736842095 -0.024492000000000402
56 41 0.2848765000000001 0.29711936 0.31232009999999977 0.24381315000000015 0.24509270000000005 0.2461446 0.15926937649265283 0.005997400000000042 0.04829320000000026 0.019468000000002483 0.025417473684210663 0.025120000000005138 -0.011618000000001016 1.6526315789423013e-05 0.0124029999999975
56 42 2.5280297 2.53112888 2.6118834 0.13565585000000008 0.14012250000000004 0.19456224999999994 0.2456242520639903 0.35560500000000017 0.6688200000000002 -0.35701800000000006 -0.35201052631578955 -0.066881999999997 -0.21932900000000033 -0.18716052631578955 0.0073790000000006906
56 43 0.018337599999999954 0.05630333999999999 0.042782499999999724 -0.0961232500000001 -0.0900865999999999 -0.0796618 0.18550900639774845 0.03768000000000016 0.2869959999999998 0.003140000000001475 0.15105052631578939 0.08760599999999785 -0.006750999999999285 0.019831578947368506 0.025590999999999253
56 44 2.1648102000000002 2.2167238200000003 2.3247775 -0.05543669999999995 -0.0309604 -0.025622400000000045 0.2087570997397866 0.0850626000000001 0.5314763999999998 -0.02323599999999537 0.26726357894736846 0.5294040000000022 0.0 0.040026736842105365 0.07944200000000068
56 45 0.25407310000000005 0.33956274000000003 0.28941379999999994 -0.14334099999999994 -0.0774952000000001 -0.0633887500000001 0.22687346472258915 0.15323200000000003 0.6398692000000006 0.008164000000001614 0.336773263157895 0.08823399999999815 -0.04113399999999934 0.06126305263157892 0.12811200000000023
56 46 2.8771663 -2.7724642560000006 -2.2545043 0.20329930000000007 0.21596920000000008 0.2213699999999999 0.3029384212989587 0.03008120000000014 1.6226263999999997 0.04709999999999992 -2.4637431578947373 0.7375859999999967 -0.03108599999999906 0.010510736842105291 0.04600099999999996
56 47 2.9836908 3.0071026400000003 3.0165823000000005 0.016649850000000077 0.025810800000000023 0.03172185000000016 0.17179882909201594 0.02609339999999971 0.1684296000000005 0.003454000000004953 -0.04085305263157897 0.054008000000003165 -0.008948999999999208 0.009386947368420905 0.02841699999999725
