60 0 0.9360294117647064 1.2612658023735817 1.6444956140350884 0.08 0.1285294117647051 0.1998529411764704 0.28170289699517925 0.21000000000000002 1.2358823529411764 0.4978070175438559 0.6504643962848297 0.7869969040247526 -0.17058823529410183 -0.10526315789473686 0.0
60 1 -1.7870588235294123 -1.6446940359477125 -1.5841176470588239 0.22147058823529536 0.29413602941176487 0.3983333333333343 0.2612208434829562 0.1993749999999993 0.8312500000000014 -0.8999999999999997 -0.2656733746130028 0.3138888888888858 -0.3147058823529386 0.0049342105263154275 0.27941176470589024
60 2 -1.4923627450980392 -1.4163990196078438 -1.2975 0.13 0.14 0.1532812500000003 0.20402767746498648 0.16 0.19529411764705906 -0.3029411764705914 -0.10278637770897846 0.20000000000000018 -0.049999999999999906 0.036842105263157905 0.17187500000000203
60 3 -1.41 -1.3819779411764703 -1.3598897058823523 0.03970588235294133 0.045 0.1 0.17312018289728973 0.060000000000000005 0.1299999999999999 0.0 0.0684210526315789 0.10000000000000009 0.0 0.03157894736842106 0.09411764705882658
60 4 -0.20338235294117601 0.10495716159270843 0.31312500000000626 0.0 0.035 0.07578125000000033 0.2807437664797915 0.08 1.2405882352941204 -0.09999999999999981 0.6529411764705897 1.049535603715148 -0.033639705882348894 0.03684210526315789 0.09999999999999998
60 5 -0.652361111111111 0.11002655228758249 0.7673529411764709 -1.104861111111111 -0.806699346405227 0.03647058823529596 0.4489506672021844 1.8093014705882366 1.7200000000000002 -0.0411764705882367 0.7703947368421034 1.7049019607843157 0.24722222222221868 0.9522639318885456 1.5911764705882299
60 6 -0.0325 0.026904411764705864 0.08499999999999999 -0.6064705882352928 -0.5380555555555548 -0.3784742647058827 0.2139161850336238 0.45 0.2 -0.08235294117647306 0.045394736842104225 0.21874999999999167 -0.4624632352941152 -0.1559210526315779 0.15702614379083435
60 7 -0.3851470588235306 -0.3317077205882356 -0.26 -0.22 -0.19540441176470605 -0.03147058823529439 0.1888213146548124 0.22 0.16999999999999998 -0.11875000000000302 -0.0894736842105263 -0.01562500000000633 -0.19999999999999996 -0.10897832817337379 0.0
60 8 -1.760220588235295 -1.4586176470588241 -1.1375 -0.22602941176470487 -0.18794117647058878 -0.14441176470588227 0.24672445890475306 0.09411764705882364 0.854705882352943 -0.7720588235294135 -0.449845201238391 -0.12812500000000449 -0.049999999999999975 0.013622291021671762 0.10000000000000002
60 9 1.18 1.184764705882353 1.2125 -0.14 -0.13617647058823468 -0.13 0.1713361109984178 0.020000000000000018 0.16999999999999993 -0.10000000000000009 0.0578947368421052 0.15000000000000013 0.0 0.0 0.0
60 10 -3.087656250000001 -2.47645978242174 -1.8268382352941148 0.03 0.055 0.09 0.35504713782993463 0.09 1.8004583333333366 -0.513333333333339 -2.326074561403507 1.8455882352940978 -0.11874999999999869 -0.04736842105263158 0.0
60 11 -0.37 -0.29399468954248337 -0.19294117647058723 -0.03 -0.03 -0.02 0.18280738931460455 0.010000000000000002 0.29 0.04999999999999977 0.1526315789473684 0.20000000000001072 0.0 7.304098846218135e-19 0.008333333333333318
60 12 -0.1482812499999993 0.07858455882352985 0.2822426470588264 -0.13046875000000063 0.19294117647058145 0.5432352941176469 0.30950013648162156 0.57 0.65 0.018749999999998768 0.34210526315789475 0.6406249999999917 -0.28419117647058234 -0.1368421052631579 0.8529411764705714
60 13 1.0767187500000004 1.1065243055555558 1.2025 -0.2264705882352944 -0.175 -0.08 0.20902333107151236 0.15444444444444577 0.45194444444444737 0.0 0.23786549707602495 0.3791666666666649 -0.10000000000000009 -0.0608187134502917 0.01249999999999446
60 14 -0.24187499999999984 -0.14454586834733874 0.01 0.1875 0.19 0.21 0.18362590538318188 0.03 0.25 -0.0999999999999999 0.12105263157894738 0.11250000000000282 0.0 0.015789473684210527 0.09761904761905332
60 15 1.912647058823529 2.3519386029411753 2.7054779411764693 -0.06 -0.045 -0.015937500000000486 0.3148287745956694 0.18 1.6394117647058843 -1.0136029411764658 -0.6690402476780178 -0.4000000000000037 -0.13124999999999032 -0.07894736842105265 0.012500000000005562
60 16 -0.4359558823529433 -0.3969918300653602 -0.196617647058824 -0.0311764705882352 -0.03 0.0024264705882360346 0.27755335909236745 0.19 1.218235294117649 -1.327287581699368 -0.6411764705882365 -0.02352941176470405 0.0 0.09999999999999999 0.1555555555555579
60 17 -0.4518750000000003 -0.41957352941176485 -0.42 -0.38 -0.365 -0.35 0.18859184972542176 0.19 0.19999999999999996 -0.04375000000000406 -0.07368421052631575 0.09999999999999981 -0.07812500000000916 -0.08190789473684305 0.050000000000000044
60 18 -2.4213235294117648 -2.0456452205882347 -1.7777941176470593 -0.05 -0.05 -0.03 0.29922334753994534 0.13 1.4970588235294122 0.6415441176470493 0.7879256965944276 1.0937499999999944 -0.20000000000000004 -0.05263157894736842 0.0
60 19 1.182941176470588 1.4240193627450977 1.6945588235294107 -0.04426470588235307 0.0 0.15176470588235202 0.25897724954974927 0.3023529411764694 0.8668750000000011 -0.5984313725490187 -0.45625000000000054 -0.2941176470588258 -0.26764705882350975 -0.11052631578947367 0.10000000000000005
60 20 0.10504934210526416 0.40988339783281835 0.8692187500000013 -0.5 -0.47 -0.45375000000000165 0.3135920729516287 0.18000000000000005 1.5847058823529419 0.02352941176470391 0.7866873065015484 1.4552631578947426 -0.14999999999999986 -0.0631578947368421 0.10000000000000009
60 21 -0.8851470588235291 -0.6930772058823524 -0.5836948529411758 -0.21 -0.21 -0.1953124999999999 0.2328104591378178 0.04000000000000001 0.5468750000000046 -0.2999999999999997 0.28782894736842346 0.749999999999999 0.0 0.02105263157894737 0.05624999999998853
60 22 0.7675000000000001 0.7552187499999999 0.77 0.2275 0.23 0.23 0.17079170503874397 0.07999999999999999 0.10562499999999952 0.0 0.055592105263157644 0.050000000000000044 0.0 0.04210526315789473 0.049999999999999906
60 23 1.39 1.577723325163399 1.745833333333332 -0.12 -0.12 -0.12 0.197206988113108 0.020000000000000004 0.45999999999999996 0.0 0.1894736842105263 0.49981617647058996 0.0 -0.005263157894736839 0.0
60 24 0.3517647058823531 0.7308180147058833 1.0918841911764736 0.2322610294117632 0.38500000000000106 0.455 0.32000336130616885 0.22999999999999998 1.362941176470592 0.0 0.7173374613003116 1.2288602941176645 -0.3062499999999957 -0.09473684210526317 0.10000000000000009
60 25 -1.0197150735294125 -0.9536198937908497 -0.9 -0.06 -0.04593749999999889 -0.03 0.18499768485483895 0.03277777777777712 0.2994117647058816 -0.19705882352939796 -0.06315789473684211 0.2552083333333305 0.0 0.017251461988303747 0.09062500000000068
60 26 -1.3851715686274502 -1.1477348856209142 -0.8884375 -0.09 -0.08 -0.07 0.23842107645323193 0.03 0.9152941176470603 0.3583333333333488 0.4817337461300318 0.5665032679738546 0.0 0.015789473684210527 0.028124999999988923
60 27 -1.1900000000000006 -1.0395863970588237 -0.9221875000000002 0.03 0.04 0.05 0.22472578767476253 0.020000000000000004 0.7605882352941182 -0.5000000000000004 -0.4003095975232201 -0.2911764705882458 0.0 7.304098846218135e-19 0.0
60 28 -0.6476562499999986 -0.45335069444444376 -0.34409313725489765 -0.17 -0.16 -0.10067095588235411 0.24539791887032852 0.13 0.8537500000000042 -0.10000000000000009 0.44934210526316004 0.7884191176470623 0.0 0.035855263157893634 0.10000000000000009
60 29 0.4497058823529416 0.6897375000000006 0.9643750000000008 0.235 0.34588235294117603 0.38558823529411834 0.2627180866733414 0.19 0.9452941176470593 0.35392156862745633 0.49226006191950483 0.6753676470588199 -0.20000000000000004 -0.10000000000000002 0.10000000000000009
