63 0 -2.96 -2.9418055555555553 -2.93 0.18 0.18 0.19 0.16065494746237174 0.020000000000000018 0.050000000000000266 -0.049999999999998934 -0.005263157894736963 0.019444444444447484 0.0 0.005263157894736847 0.0
63 1 2.94 2.9493125000000004 2.96 0.15 0.15 0.16 0.15855808247799102 0.01999999999999999 0.02625000000000055 0.0 -0.0032894736842108067 0.0 0.0 -0.00990712074303327 0.0
63 2 2.914411764705882 3.057969362745098 -3.12 -0.04 -0.03 0.0225 0.1915868665740196 0.09 0.30642156862745207 -0.09999999999999787 -3.1628482972136216 0.23823529411765243 0.0 0.04342105263157837 0.10000000000000002
63 3 2.98 2.9779999999999993 2.98 0.15 0.15 0.15 0.1571097732159519 0.01999999999999999 0.009999999999999787 0.0 0.00526315789473673 0.0 0.0 0.0052631578947368324 0.0
63 4 0.4420588235294123 0.7517902777777794 0.9676470588235306 0.1 0.11147058823529388 0.13 0.3452730308549338 0.03 2.1083823529411827 0.2588235294117547 1.1096749226006224 2.1235294117646935 0.0 0.0 0.01764705882352023
63 5 -0.45150735294117555 0.427781250000002 1.162205882352947 0.09250000000000001 0.135 0.16 0.43122296358520684 0.12000000000000001 3.0211764705882365 0.5970588235294081 1.5900928792569666 2.500367647058747 -0.10000000000000009 -0.06315789473684212 0.0
63 6 1.8413235294117554 -0.7818832924836425 -0.6976838235294132 -0.1 -0.06388888888888955 -0.04 0.5411164457136695 0.07937500000000139 3.044791666666247 -2.8448529411764376 -1.8429824561401336 -0.8578431372549017 -0.10624999999998619 -0.03157894736842106 0.09687500000000689
63 7 -2.882794117647061 -2.81069669117647 -2.7513419117647047 0.017499999999999998 0.02 0.07058823529411774 0.18636257619726063 0.07 0.14176470588235324 0.0 0.05448916408668777 0.20000000000000018 -0.10000000000000005 -0.03684210526315789 0.0
63 8 2.78 2.785503289473684 2.79 0.15 0.15 0.1525 0.15772329962675974 0.01687500000000028 0.020000000000000018 -0.06282894736842515 -0.010526315789473694 0.0 0.0 -0.005263157894736847 0.0
63 9 -2.8640625 -2.789284926470588 -2.73 0.06 0.07 0.08 0.1751823429777609 0.024705882352940814 0.1499999999999999 -0.07647058823528452 0.0684210526315789 0.2499999999999991 -0.038235294117653224 -0.007739938080495168 0.0
63 10 -0.9543750000000042 -0.38179963235294323 0.3627205882352944 -0.17125 -0.12794117647058817 -0.0075 0.4120477130065292 0.245 2.5825000000000036 -2.1808823529411763 -1.3592105263157912 -0.44411764705883705 0.032352941176490214 0.12894736842105264 0.24999999999999994
63 11 -0.9757352941176449 -0.5437741013071881 0.03152573529411831 0.11843750000000049 0.135 0.1611764705882352 0.365658299625746 0.15 2.2005882352941186 0.5950000000000117 1.1582043343653254 1.8735294117647356 -0.09999999999999988 0.047368421052631574 0.08419117647059264
63 12 3.0 3.002764705882353 3.01 0.16 0.16 0.17 0.15711484441559492 0.010000000000000009 0.019999999999999574 0.0 0.00526315789473673 0.0 0.0 -0.005263157894736847 0.0
63 13 -0.475 -0.39944444444444455 -0.39250000000000007 -0.12044117647058775 -0.08499999999999999 -0.08 0.20349781721085516 0.06000000000000001 0.48111111111111243 -0.30000000000000027 -0.2479532163742697 0.0 -0.09999999999999995 -1.460819769243627e-18 0.09999999999999995
63 14 -3.132720588235295 -2.9221495098039223 -2.7140716911764704 -0.15 -0.095 -0.07 0.24258810094710131 0.10999999999999999 0.857647058823531 -0.4980392156862701 -0.4201238390092902 -0.40000000000000036 0.02352941176470405 0.057894736842105256 0.10000000000000009
63 15 0.6728676470588256 1.5774764297385646 2.503382352941178 0.7758823529411781 0.9114705882352944 1.1345588235294122 0.5069903114204616 0.815 3.111458333333333 1.3147058823529556 1.7041666666666675 2.2117647058823415 0.10000000000000009 0.4289473684210526 0.46470588235293875
63 16 -0.07124999999999973 0.1683886846405238 0.40732026143790934 -0.18406249999999952 -0.14625000000000055 -0.13 0.2561201978581573 0.08000000000000002 1.0573897058823543 0.46066176470589015 0.556520897832818 0.6294117647058868 0.0 0.04210526315789475 0.10000000000000009
63 17 -0.5404687499999999 -0.28166482843137364 -0.07446078431372685 -0.16 -0.11499999999999999 -0.1 0.3005661479380713 0.19 1.4700980392156864 -0.9781862745098169 -0.7737358101135192 -0.4181985294117646 -0.21176470588235735 -0.1 0.0
63 18 -3.03 -3.0134999999999996 -2.9975 -0.07 -0.07 -0.06 0.16067523226094363 0.010000000000000009 0.04999999999999982 0.0 0.010526315789473694 0.049999999999998934 0.0 0.005263157894736839 0.0
63 19 -3.11 -3.1080789473684205 -3.1 0.04 0.04 0.05 0.157109773215952 0.010000000000000002 0.01842105263157867 0.0 -0.009695290858725617 0.0 0.0 0.005263157894736843 0.0
63 20 -0.6123529411764703 -0.25442512254901867 -0.014319852941175597 -0.8123529411764705 -0.4455882352941173 -0.29031249999999986 0.3479616411064559 0.7300735294117644 1.4870588235294142 0.5037254901960595 0.7826625386996917 0.9036764705882366 0.20000000000000018 0.37832817337461333 0.4996078431372558
63 21 -2.99 -2.9901562500000005 -2.99 0.06176470588235202 0.07 0.07 0.15771822842711677 0.010000000000000009 0.016875000000001084 0.0 0.008881578947368992 0.0 0.0 -0.005263157894736847 0.0
63 22 -0.6525735294117697 0.0936617647058813 0.6505882352941175 -0.11 -0.08499999999999999 -0.07 0.3049720832758363 0.04529411764705918 1.5947058823529408 -1.0681985294117924 -0.8393188854489161 -0.10000000000000009 0.0 0.023839009287925882 0.09999999999999995
63 23 -2.91 -2.9041470588235296 -2.9 -0.04 -0.01 0.02 0.16601611233482827 0.060000000000000005 0.029999999999999805 -0.0029411764705922216 -0.010526315789474862 0.0 -0.09999999999999998 -0.021052631578947368 0.04999999999999999
63 24 0.7738721804511265 0.9060831592556052 1.1710526315789456 0.04 0.095 0.13387499999999994 0.29400540257660646 0.1426315789473695 1.2907692307692318 -0.036111111111114536 0.6239505646707856 0.7852941176470501 -0.21565789473684177 -0.07506925207756289 0.0
63 25 -2.9119117647058834 -2.8330866873065013 -2.748235294117647 0.2254411764705867 0.26 0.27 0.19251680765946982 0.13000000000000003 0.16999999999999993 -0.29690402476779676 -0.08668730650154721 0.07647058823530006 -0.10000000000000009 0.010526315789473684 0.14705882352942887
63 26 0.5841176470588216 1.2298714869281029 2.0308645833333316 -0.018235294117646784 0.02 0.03897058823529513 0.3642125816032853 0.07264705882352793 2.287352941176472 -1.1824999999999963 -1.2038699690402488 -0.8947385620915014 0.0 0.03823529411764628 0.06416666666667459
63 27 -2.85 -2.8518823529411765 -2.85 0.16 0.16 0.16 0.15533972169256358 0 0.007647058823528674 0.0 0.004024767801857197 0.0 0.0 0.0 0.0
63 28 2.583970588235294 2.853309769521844 3.0767647058823533 -0.052500000000000005 -0.05 -0.04 0.2367040056511066 0.03 0.6377399380805011 -0.3294117647058781 -2.969610558905 0.7598039215686114 0.0 -0.010526315789473687 0.0
63 29 2.6897058823529414 2.741408088235294 2.8094025735294124 0.19999999999999946 0.2 0.21 0.18208203748272805 0.03 0.21117647058823463 0.0 0.11114551083591297 0.20000000000000018 -0.049999999999999906 -0.0052631578947368324 1.1102230246251565e-14
