75 0 0.5690909090909091 0.5758896103896105 0.5820238095238093 0.4913978494623662 0.5773529411764714 0.6125 0.18290748314642072 0.25 0.06999999999999995 0.0 0.01578947368421054 0.06818181818181723 0.06694677871147303 0.13157894736842105 0.21290322580645088
75 1 -1.1209051724137948 -0.6038791553977927 -0.19208333333333377 1.076666666666667 1.2171139705882346 1.26 0.35363787211992703 0.2818300653594813 1.7186928104575174 -1.2284243295019337 -0.9045751633986934 -0.4499999999999918 -0.46149918300653736 -0.1483316133470954 0.050000000000000044
75 2 1.3356525735294125 1.3745082013574665 1.5151562500000009 -0.5002941176470592 -0.4520588235294123 -0.21609375000000008 0.2590027139022204 0.5423529411764694 0.6523529411764694 0.03529411764706114 0.3275541795665628 0.4919966063348291 -0.49761029411765245 -0.2665634674922589 -0.08529411764706146
75 3 -2.1338235294117647 -1.834342933006535 -1.5975000000000001 0.5286764705882352 0.6887500000000005 0.7814705882352941 0.2994090412774557 0.5911764705882347 1.0676470588235307 0.4382352941176426 0.5619195046439636 0.6021241830065305 0.20588235294117213 0.31114551083591296 0.4411764705882365
75 4 -1.5665196078431365 -1.4879877450980392 -1.3775 -0.24 -0.23 -0.1875 0.20023109709338724 0.1 0.41588235294117637 -0.09999999999999898 0.1340170278637764 0.41973039215686625 -0.10000000000000009 -0.05263157894736842 0.0
75 5 -0.355 -0.21220089869281092 -0.059000000000000594 0.16120588235294195 0.2931250000000011 0.39249999999999996 0.2457737248890828 0.47 0.5700000000000001 -0.39039215686273526 -0.3 -0.20000000000000018 0.20000000000000018 0.2473684210526316 0.2969281045751587
75 6 -1.85 -1.8500000000000003 -1.85 0.17 0.17 0.17 0.15445469593086938 0 0 0.0 0.0 0.0 0.0 0.0 0.0
75 7 -2.434264705882353 -2.402445917182663 -2.3675 -0.26 -0.25 -0.2375 0.17044840048397147 0.030000000000000027 0.10000000000000009 -0.10000000000000009 -0.010526315789473694 0.10000000000000009 -0.029411764705898347 0.015789473684210527 0.10000000000000009
75 8 -1.577352941176471 -1.2623006535947703 -0.9547058823529413 0.27 0.39406249999999987 0.4225 0.29222098369770516 0.12352941176470611 1.3464705882352959 0.5888888888888955 0.7086687306501558 0.8992647058823422 -0.10000000000000009 -0.06501547987616112 0.09999999999999981
75 9 -1.0570588235294118 -0.7634265627303549 -0.5649999999999911 -0.03191176470588214 0.048421052631578754 0.061666666666666176 0.2854564874689733 0.24000000000000002 0.6382352941176468 -0.5306985294117561 0.29961300309597966 0.49999999999999933 -0.2226522187822351 -0.05263157894736842 0.10000000000000002
75 10 0.21000000000000002 0.4277591911764702 0.59235294117647 -0.0619301470588216 0.18 0.19294117647058776 0.2650996363013262 0.51 0.67 -0.4659926470588188 -0.3526315789473684 -0.20000000000000004 -0.2856617647058843 -0.0736842105263158 0.19999999999999976
75 11 0.39037683823529484 0.5845408496732031 0.7825 -0.0225 0.06 0.07 0.22229656794424757 0.14 0.6044444444444439 0.17352941176470904 0.3076023391812862 0.4766544117646859 -0.12941176470587748 -0.07368421052631578 0.0
75 12 -0.44990196078431555 -0.15430535130719053 0.1925 0.09875 0.1 0.11 0.2745205407350579 0.020000000000000004 1.3333333333333373 -1.3044117647058773 -0.7017543859649144 -0.09999999999999995 0.0 -0.010526315789473686 0.0
75 13 1.31 1.4237351715686277 1.5460937500000003 -0.14500000000000002 -0.09 -0.08 0.19964009004064137 0.09 0.3400000000000001 0.0 0.12631578947368421 0.25145833333333534 -0.049999999999999975 0.03869969040247762 0.0647058823529386
75 14 -1.3231249999999997 -0.9834572232878649 -0.6245312499999993 -0.1125 -0.1 -0.09 0.24992923742005246 0.06705882352941227 0.9805555555555562 0.34761029411765176 0.47368421052631576 0.7040760869565466 -0.10000000000000002 0.006811145510835661 0.07323369565217626
75 15 -0.76 -0.76 -0.76 0.61 0.61 0.61 0.1544546959308694 0 0 0.0 0.0 0.0 0.0 0.0 0.0
75 16 1.93 2.018755514705883 2.013841911764707 0.3596875000000001 0.42 0.43 0.232773324636855 0.37352941176470955 0.51 0.0 0.26842105263157895 0.5766544117647199 -0.39136029411764695 -0.19659442724458395 0.0
75 17 0.2831250000000001 0.34867894820971823 0.4749999999999994 0.0056249999999995835 0.01 0.02 0.21765822120603256 0.06764705882353063 0.6176470588235307 -0.40624999999999606 -0.32507739938080565 -0.1437500000000147 -0.05 0.035603715170279285 0.1360613810741722
75 18 -0.08691176470588224 0.2767189112487107 0.6224999999999999 -0.04 -0.03 -0.01 0.23695055970563417 0.04 0.8505882352941224 0.0 0.44767801857585393 0.9525283797729849 -0.05937499999999513 -0.017647058823530255 0.021875000000002066
75 19 -0.6525735294117697 0.0936617647058813 0.6505882352941175 -0.11 -0.08499999999999999 -0.07 0.3049720832758363 0.04529411764705918 1.5947058823529408 -1.0681985294117924 -0.8393188854489161 -0.10000000000000009 0.0 0.023839009287925882 0.09999999999999995
75 20 1.6375 1.7576470588235291 1.89 -0.68 -0.65 -0.6 0.198337621022688 0.19705882352941217 0.2799999999999998 -0.2500000000000002 -0.14210526315789462 -0.049999999999998934 0.0 0.10371517027863798 0.14999999999999958
75 21 -1.1435294117647112 -0.6923309335193598 -0.1067694805194801 0.0879411764705887 0.17216666666666847 0.23343750000000105 0.3352678648982729 0.3 1.5412903225806465 -1.3105769230769035 -0.8112054329371825 0.10828081232492337 -0.050000000000000044 0.1263157894736848 0.373109243697481
75 22 -0.34708333333333286 -0.15885273692810428 0.042352941176470926 -0.7520833333333328 -0.61 -0.5129411764705873 0.25821066772067414 0.5287500000000008 0.6481250000000021 0.197038398692818 0.3046052631578951 0.4470588235294082 0.1944444444444382 0.2782894736842109 0.3999999999999998
75 23 -1.3824999999999998 -1.2307426470588236 -1.1576470588235295 -0.36250000000000004 -0.325 -0.3 0.22845884865882932 0.13 0.7088235294117653 -0.44705882352940707 -0.3730650154798764 -0.10000000000000009 -0.10000000000000009 -0.06315789473684211 0.0
75 24 0.9 0.9323977124183006 0.9614705882352951 -0.48 -0.4569999999999988 -0.2660294117647049 0.19881246010090864 0.3727777777777771 0.10722222222222288 0.0 0.05643274853801204 0.1294117647058879 0.0 0.19619883040935635 0.3485294117646882
75 25 -2.569558823529411 -2.031867524509803 -1.6442187499999998 0.03 0.1528125000000009 0.175 0.3248488623241041 0.16999999999999998 1.7212500000000057 0.4281249999999903 0.9059210526315818 1.1963235294117625 -0.03125000000000138 0.08421052631578949 0.17187499999999092
75 26 -0.2766741071428578 0.14787106092436872 0.6729411764705888 -0.08573529411764798 0.24529411764705922 0.2725 0.320936203956556 0.4399999999999979 1.4588235294117653 -0.9468749999999861 -0.7678018575851396 -0.6531249999999827 0.0 0.21052631578947367 0.4088235294117549
75 27 0.009911764705882068 0.2512182948179278 0.4586607142857165 0.089117647058824 0.10647058823529387 0.13049999999999942 0.2566182210512778 0.16 0.991764705882353 0.28666666666666274 0.5219814241486068 0.524080882352929 -0.03235294117645886 0.08421052631578947 0.17729166666667245
75 28 -1.8310256410256422 -1.4558293112116654 -1.125468750000001 -0.9624999999999999 -0.95 -0.9061538461538461 0.2855570726367063 0.20999999999999996 1.2786666666666648 -0.8050980392156931 -0.6729824561403499 -0.5275939542483776 0.0972222222222291 0.11052631578947367 0.12974358974358335
75 29 -0.6164981617647071 -0.05056985294117755 0.5198529411764704 -0.7665624999999996 -0.5405882352941163 -0.296617647058823 0.3614907954739038 0.6100000000000001 1.7317647058823549 -1.3577205882352752 -0.9114551083591342 -0.5676470588235307 0.06875000000000964 0.24117647058823438 0.5538602941176409
