0 0 0.3217123378141449 0.46634897137303294 0.5640611683417882 0.07737263069235797 0.2720961980096967 0.3125 0.2541171420567894 0.47975605729370735 0.6278322687741359 0.12106861918808859 0.33043803619691364 0.4496928700761127 -0.07135950884158665 0.21350529759271014 0.44851733742866584
0 1 2.580877104255473 2.762027064768807 2.9623298147919295 -0.8941228957445274 -0.7585722661987802 -0.6600850926040351 0.25938379639120257 0.26578439481665295 0.6767900631149475 -0.48749870616443536 -0.35620529637628817 -0.2491472915062931 -0.25998248220716225 -0.13462336569297523 0.0
0 2 2.823839019293155 2.864196907103908 2.9200000000000004 -0.5188297096645906 -0.3175933971912579 0.08319476557559337 0.251375252185801 0.9164245588685282 0.10999999999999943 -0.09384662956090528 0.047368421052631504 0.1588647310972724 -0.7311244305279809 -0.48232871519396214 -0.22996258388306684
0 3 0.0431609071819719 0.11155933442410018 0.2211686263500343 -0.39550215116275916 -0.16 -0.1250888036537331 0.24845810000704197 0.59 0.36462477599184945 -0.5400578253536515 -0.19190777683781549 0.0 -0.519066054075451 -0.3105263157894737 -0.08193557801043702
0 4 -0.5329539877300616 -0.24311474141114148 -0.008934773596205533 -0.050479628209177604 -0.03 -0.017499999999999998 0.26679671915516134 0.05 1.1567139479551205 -0.8863557986084798 -0.6087968147132212 -0.4308321609925492 -0.17789994286832986 -0.02631578947368421 0.059565157308035174
0 5 1.03645306753397 1.4801213727542457 2.0000000000000004 0.18599753699231042 0.23 0.23224235619880854 0.31463157447331563 0.09 1.6800000000000002 -1.1421845336306764 -0.8842105263157896 -0.6609235494855847 -0.08996306802561332 0.00526315789473685 0.049999999999999906
0 6 -0.898660092807424 -0.8696484204439796 -0.8136753327634781 -0.53409887967333 -0.35255954195149575 -0.0275 0.2593159867342438 0.8808063962254911 0.18802893021777078 -0.26570638445701844 0.04245355007191317 0.09311867856299949 -0.6629210334436866 -0.46358231380289006 -0.14211102281403928
0 7 0.38000000000000034 0.3964013659669729 0.41999999999999993 -0.2993852331721171 -0.055219575751809524 0.0125 0.19981528745940208 0.4379666358517521 0.03796663585175214 0.0 0.016859665341183 0.09999999999999787 -0.33827684695192234 -0.2305087557114484 -0.1
0 8 -0.12874771769662866 0.19043718741694887 0.43145423032087826 -0.7746998042201443 -0.7573815923289267 -0.5912350922010021 0.2777298209592596 0.4949334851242816 0.7857477167414317 0.12504564606742263 0.4135514298639114 0.5934162808462773 -0.0013346737849317947 0.26049130796014824 0.4120633987443245
0 9 -1.0904528937042988 -0.9739161989217793 -0.855 -0.42267764265354696 -0.31024863304421824 -0.22 0.22120852492057586 0.3999999999999999 0.30136357642094125 -0.009057874085968143 0.15861240864260062 0.29965009204434234 0.11559950699065125 0.13995224775640677 0.30030762231632563
0 10 -2.9125000000000005 -2.9089633783429116 -2.900000000000001 -0.21 -0.15452355018415292 -0.13 0.18570979835459872 0.29998865087246385 0.05038773752065184 -0.006987287265343145 0.010514369339435357 0.0 0.0 0.1526256057223494 0.1986318139266946
0 11 -0.6805269043829847 -0.5882224741717749 -0.5255051335947952 -0.8253886480235089 -0.7291108796296295 -0.65 0.2420277732800183 0.5457615721660655 0.23597558147552322 -0.5753030771182349 -0.045137669561087154 0.6006659831536287 0.09362041806803001 0.28724293271898177 0.3421811351238385
0 12 0.2988542396044723 0.4217656659636429 0.5133835767847088 -0.255 -0.225 -0.20750000000000002 0.2002220730540968 0.15999999999999998 0.33000000000000007 -0.10000000000000009 0.1157894736842104 0.11118134263295915 -0.19999999999999976 -0.08421052631578946 -0.049999999999999906
0 13 -0.012185035966246776 0.016256254562879387 0.04562249606524624 -0.8131299280675066 -0.6389328973019714 -0.3916891428965477 0.23037832255495294 0.72 0.10588558970099612 -0.08039966578470195 0.007428636999475552 0.12918335956502697 -0.49987169541087895 -0.37894736842105264 -0.23097254874844486
0 14 -2.0499999999999994 -2.009469763021863 -2.0075000000000003 -0.80114980614913 -0.8 -0.6477116017452066 0.21501064131617037 0.3684804157775172 0.30848041577751584 -0.02299612298259701 0.1623581135671136 0.19999999999999574 -0.3009618051422591 -0.1939370609355354 0.0
0 15 1.4499999999999997 1.5557776186880787 1.519610250750182 -0.48 -0.48 -0.46865441658331314 0.21876013549275422 0.18 0.5600000000000005 0.02022437841115665 0.2896401787851606 0.19999999999999574 0.0 0.09473684210526315 0.10000000000000009
0 16 -0.6514099065697777 -0.25661418031079003 0.3875000000000003 0.012030031143407238 0.09585714962201154 0.2475 0.318915393777802 0.22057518958363176 0.9075883531263439 -0.6406006228681443 -0.47767808059281264 0.10000000000000009 -0.24226020050283015 -0.11609220504401672 0.1745234148363009
0 17 -2.6061851334327 -2.189367455708994 -1.7961265284600394 0.08143928423665621 0.2195156391423851 0.3971257873190265 0.29418600556389635 0.43 1.17 0.24930948675930042 0.6157894736842104 0.8741637565933136 -0.33658041401051303 -0.2263157894736842 -0.09930948675928801
0 18 -0.30999999999999917 -0.19582980381752063 -0.059194175190958626 -0.4625 -0.315 -0.18588835038191828 0.21840184612673477 0.4 0.315754881450488 -0.34023226498231995 -0.15499591283062972 0.0 -0.256543388710339 -0.21052631578947367 -0.09999999999999981
0 19 3.1275 -3.101723737765144 -3.0575 -0.3061153177760657 -0.3 -0.3 0.16977451696602391 0.012527283380941667 0.10999999999999943 -0.10000000000000009 -0.04736842105263108 0.07829675346016973 -0.005191873589169005 0.0 0.012583904859192752
0 20 0.43914585014611507 0.6521732443111123 0.8673442631868031 -0.5464521382044758 -0.43 -0.1977826756719766 0.280651328408819 0.5021514675052416 0.8982751042396389 0.2996598041429971 0.47277637065244144 0.6672127757342267 -0.3500000000000003 -0.2642902460553903 -0.11668851424033122
0 21 0.3115963890170739 0.8435592004546514 1.4141850695218983 -0.47 -0.37297401743852115 -0.35 0.2822580778792831 0.09705121996647376 1.2800000000000007 0.16430713475122039 0.6736842105263162 1.1707099890981572 -0.05786556800967013 -0.051079589456038826 0.014996274217580485
0 22 -0.001533138919535243 0.22327853437535383 0.48250000000000004 -0.19060953918113238 -0.175 -0.1375 0.22117958846481467 0.10301810237203528 0.5169818976279646 -0.10797917076798516 0.2405167882252445 0.6540384362616267 -0.0714389487793099 -0.027904264406334346 0.07907768892829417
0 23 2.9900000000000007 -3.1328701197189917 -2.9574999999999996 -0.26 -0.15500000000000003 -0.017499999999999998 0.2211746359542983 0.35000000000000003 0.41000000000000014 -0.25000000000000355 -0.13157894736842116 0.0 0.004828153499524812 0.1842105263157895 0.4
0 24 -0.9408716049997342 -0.9318966047992449 -0.8780712042008879 -0.4298348879584411 -0.38 -0.3429775495111616 0.21751427150863684 0.3554487800581404 0.2176429195765538 -0.25865447278098086 -0.11454890504029146 0.0664168240969698 -0.30751267435968926 -0.1870783052937581 0.047638320676096635
0 25 -0.5915635324221027 -0.5242893516741529 -0.49378700892009836 -0.37301476638551545 -0.3029549477340276 -0.264888770692125 0.20829325421726438 0.19837688358999844 0.16418844179499925 -0.020045511964810747 0.08641496936578907 0.19637717908081775 -0.3179806362378995 -0.10440888609999917 0.07954947734027593
0 26 2.659614486415333 2.765704292331515 2.8985148083623695 -0.030546182335117158 0.12573774658395387 0.2503855135846675 0.2652196624699814 0.6899141428953984 0.5752818723537714 0.13475229819238432 0.30277993281777443 0.49902379052078283 -0.46748112070392833 -0.36311270678705176 -0.22929254374195732
0 27 3.0800000000000005 3.1075671079476956 3.1225 -0.59 -0.485 -0.46 0.17303365485878386 0.13999999999999996 0.0699999999999994 -0.006710794769539952 -6.536842105263159 0.09999999999999787 0.0 0.07368421052631575 0.09180915241809084
0 28 2.252624798133858 2.6269419572908954 3.0300000000000007 0.11 0.1552793673360582 0.19 0.2811059002188109 0.10821757441644553 1.2428702976657826 0.01749865422571828 -2.6511208959653785 0.8000000000000007 -0.15 -0.02199075030713394 0.053768321974062006
0 29 -0.331634194455591 -0.0755023194273848 0.08158535789936214 -0.54 -0.505 -0.4522564029712225 0.23240538031762584 0.1922207884666729 0.6444415769333458 1.8681637433593627e-15 0.3339166194386029 0.6689429567926448 0.0 0.09064252024561731 0.15063859722957013
0 30 -0.8357683112730696 -0.7904442020771124 -0.710787825817586 -0.12 -0.12 -0.10750000000000001 0.2075752418672409 0.07122844139252688 0.5236853241775803 -0.4995158247533149 -0.27562385483030544 -0.09059371684274065 -0.009041245561324657 0.03748865336448783 0.09068366732418787
0 31 0.71 0.7464000192966376 0.7800000000000002 0.35 0.375 0.39 0.17390884840027293 0.13 0.08999999999999986 -0.10000000000000009 -0.047368421052631504 0.0 0.0 0.0631578947368421 0.10000000000000009
0 32 2.0904239215702405 2.4306131506798896 2.8283164507122924 -0.49715342997141665 -0.2945528183703184 0.06372208524128253 0.31724123278270305 0.6645351945351943 1.0939992660550462 -1.053227497039786 -0.5757890873973928 0.09999999999999787 -0.5 -0.3234395760711548 -0.029707411372702497
0 33 2.744292465516579 3.0513697908099116 -2.9983898435102794 -0.48568439962911425 -0.3471825625648711 -0.2511389582932926 0.2631499165434514 0.5098650594422707 0.7299999999999986 -0.34228040699807005 -0.324509154947167 -0.2208581988988656 -0.3265586574368154 -0.26835003128540563 -0.15026405294840783
0 34 1.1199999999999997 1.2777264132432813 1.2991501713963676 0.3245894581127138 0.5158793596635084 0.542141194523949 0.2711974482761595 0.6162875203178616 0.6929687554425481 0.10629700225264327 0.3647203976013411 0.306687282340663 -0.09282389047898021 0.2922620711422872 0.6474596422160372
0 35 -1.678329235527933 -1.3196111415873468 -0.9504909477671291 -0.14089960709930885 -0.05095958379498105 -0.023903783526253428 0.3062354101361815 0.22218545127974867 1.4978145487202514 0.19999999999999574 0.7883234466948692 1.2408010445177176 0.0 0.09519862726182308 0.151895106967273
0 36 -2.3517634843956348 -2.322335016334095 -2.2975 0.48 0.59 0.6217634843956348 0.1962586064577409 0.38 0.08999999999999986 0.0 0.031578947368420845 0.09999999999999787 -0.4000000000000001 -0.2 0.0
0 37 -0.2199999999999993 -0.09267184837766178 0.02164560549235768 -0.12869720270733354 -0.10415423436185708 -0.034999999999999996 0.20847067546710368 0.2313466619693512 0.3699999999999992 0.006304463809359215 0.19473684210526274 0.350990922937948 -0.2 -0.12176140103650064 -0.050000000000000044
0 38 -2.9025000000000007 -2.8549964535799894 -2.8485663552475406 -0.13126071668444547 -0.12262242983497307 -0.12 0.18334105991318178 0.06338709197488684 0.26237862486215846 -0.19957133262217708 -0.13809401308534655 0.0 0.0 0.03157894736842106 0.09899003533917851
0 39 -2.8799999999999994 -2.850828243096864 -2.843999434768046 -0.12800075364260566 -0.09 -0.0675 0.1861931650645078 0.15 0.21000000000000085 -0.17001130463908165 -0.09616598496637009 0.0 0.0 0.057180165411551784 0.0956379158727836
0 40 -1.4071294373111787 -1.2738908227791617 -1.0178160403348993 -0.01 0.01 0.05500000000000001 0.2590591496068173 0.22366176161426207 0.9629582345431358 0.1499999999999968 0.4898112850655718 0.6744891336930614 -0.2 -0.1177167166390853 0.0
0 41 -3.028774451883945 -2.839817060701411 -2.7279815007324104 0.4311408663613897 0.5653912011632329 0.703718908174652 0.2635130416890323 0.4147933123139311 0.485813492063492 -0.40707407356380454 -0.2556913116123642 0.0 -0.8090895800053693 -0.21831226963891107 0.34713360958068235
0 42 0.6175000000000002 0.6658206174352486 0.7032827485180957 -0.33194523065224707 -0.31911782724116744 -0.31 0.18193578857837567 0.07999999999999996 0.2276744375611347 -0.23667908021516637 -0.09351286187428151 0.07816182013628048 -0.08351784581676486 0.022787595177182644 0.13132916571572006
0 43 0.24768558808259541 0.3079354591173047 0.39500000000000013 -0.49636699161081727 -0.43089616191084024 -0.38749999999999996 0.2020824596403822 0.17000000000000004 0.3476342204622899 0.10000000000000009 0.1829653791906789 0.24056647830757116 -0.18136001357545006 -0.08947368421052633 0.0
0 44 0.555 0.6576826435543726 0.7643984586506517 -0.08249999999999999 -0.0690615763546801 -0.04 0.19916068912629462 0.1079671563029185 0.39796715630291846 0.18696761703623943 0.20945639805416763 0.20638510125395304 0.0 0.056824819106799214 0.1082703409671226
0 45 1.3711728799613483 1.653068796779419 1.9407007126029368 0.35 0.3932583689089282 0.4102148620754365 0.2624134773151626 0.1985000000000004 1.001666988081924 -0.6127729585846209 -0.5271931516220653 -0.3887301975437951 -0.10000000000000009 0.062368421052631795 0.21274767010140805
0 46 -0.1652777706961851 0.22905722577499601 0.6400444873260324 -0.22046013677881318 -0.1809090909090914 -0.13806389521640114 0.2882405360384341 0.13999999999999999 1.3770768688507082 0.4873925385176067 0.7247772993951095 0.9426320702720916 -0.11122540854454528 -0.07368421052631578 0.0
0 47 -1.1691060082488018 -1.0838880705973677 -1.046155499583362 -0.1345530041244007 -0.1 -0.1 0.19878438303774557 0.07 0.4299999999999997 0.09103666388908249 0.22631578947368405 0.3480920435692314 0.0 0.031578947368421054 0.06344811136656414
0 48 -3.06 -3.049568256692643 -3.0475 -0.2 -0.19 -0.11158560444060069 0.19725759717476332 0.41978954008093894 0.0600000000000005 0.0 0.03157894736842132 0.09992068177201663 -0.09379002165199268 0.12646162744626407 0.19118059925455988
0 49 0.14000000000000012 0.1500193767884987 0.15242121583615748 -0.12 -0.1 -0.08006159420289843 0.16331969025678772 0.06000000000000001 0.029999999999999805 -0.0023886914069345955 -0.010526315789473694 0.0 -0.09990482395613016 -0.03157894736842106 0.0
0 50 0.18743068304108335 0.26764186256906874 0.34971998101566293 -0.22 -0.2109115758274328 -0.15743068304108335 0.1896546233075461 0.11845127934929381 0.27 0.05366592313537255 0.14210526315789473 0.22286258904211168 -0.09408805180159893 -0.06234277860489148 0.0
0 51 -2.532016117018208 -2.2324046182482786 -1.9800000000000009 -0.7010236838473746 -0.6856799974567649 -0.6732379096404714 0.21976439877346884 0.04999999999999993 0.6699999999999999 -0.42460118212972686 -0.3526315789473684 0.0 -0.050000000000000044 0.0 0.06303678485883368
0 52 -0.7958892821246859 -0.7383836080265658 -0.6543329570139123 -0.4685892123116001 -0.3325713101524087 -0.14631546091756026 0.23525808788653826 0.45 0.4399999999999995 0.05776940806642206 0.19101518645252577 0.3910383885558655 -0.03618809864307543 0.17817661730005302 0.4220264404961333
0 53 0.7415896857219701 1.1427345552225692 1.6516866430683756 -0.11428364217135886 -0.02 0.06 0.2708293011595982 0.27125350329988307 0.9522488574245007 -1.0315044037134002 -0.4742080811182196 0.1562675164994165 -0.2913100130742118 -0.14276500173678053 0.0
0 54 -0.2995284510010531 -0.22178531908473068 -0.16500000000000004 -0.3225 -0.07060870529350383 0.06664455646424743 0.2227960965368367 0.46122918181503436 0.2658312242961095 -0.20000000000000462 -0.13991117068216286 0.07905608829929078 -0.30608705293503835 -0.24275220095528124 -0.049999999999999975
0 55 -2.0725000000000007 -1.8973347385943213 -1.7382640666534201 -0.40125611630092345 -0.25 -0.16 0.25294971646801084 0.5083757204728253 0.6083757204728248 -0.5015283116933955 -0.3044082739330661 -0.14966412516718597 -0.30975100787552806 -0.267566168669908 -0.15615439809530035
0 56 2.101508822273692 2.450064090760791 2.8113585193957635 -0.7 -0.675 -0.6345962642674527 0.2890207241840968 0.23788448335049733 1.2512961593667093 -0.7943643281482071 -0.6585769259824786 -0.5503767043930086 -0.2603014422452271 -0.1252023596581565 0.04999999999999949
0 57 -2.7918507404652426 -2.5720090666095303 -2.3298401043096333 -0.21092698115870423 -0.185 -0.12 0.25263691597820276 0.21367990943503 0.7373598188700599 -0.19158557332424886 0.3880841151947683 0.761600919815979 0.0 0.10719995233422633 0.18213515329396732
