10 0 1.1636112062336785 1.2302408957580306 1.2917750965311687 0.11078157450046285 0.11843484327048284 0.12529398723084284 0.17118344306353883 0.023422318561840003 0.15275121613503995 0.014922565104598107 0.08039537691317893 0.1207767842384011 -0.024085543677599963 -0.006044350777978942 0.02364921136459988
10 1 1.1291235486959144 1.2109550560051865 1.2827910626882546 0.23735799088027051 0.2516042408997205 0.2599250981086305 0.19480269761659363 0.09656906751316 0.3431491842357197 0.09189158511779816 0.18060483380827352 0.24452062820519926 -0.009162978572999914 0.05082582500692632 0.07688175355060001
10 2 0.6884334879224715 0.7641964854225395 0.8530834862330214 0.096819085928509 0.11125295884254902 0.129173126937459 0.18451045429902874 0.06963863715480002 0.2653424061815599 -0.0879645943007995 0.047776091787642125 0.22837633262420054 0.0041015237422001305 0.036220174950715785 0.05969026041839999
10 3 -0.08264633366309607 0.052668170579924345 0.1971779419871085 0.06946546170794589 0.10801978488462591 0.11521054140286591 0.2036751456932266 0.07784168463919999 0.4799655443 0.034208453339199946 0.2526134443684211 0.42411500823600007 0.007330382858400028 0.0409693077048421 0.07749261878880004
10 4 1.2455384157630198 1.365885849005428 1.52902351951912 0.20402215368531457 0.20581111616861456 0.20951121418285454 0.18750125133520443 0.007958701389119971 0.3609166360210798 0.027488935718998908 0.18995612422162095 0.2542944720164009 -0.013177235852599861 -0.0026271798214315633 0.010995574287600285
10 5 1.0174129257387845 1.3225235315917907 1.5163327457155045 0.26471680260822994 0.3146419458616899 0.31859075329433995 0.18877242088807072 0.08787732783820001 1.0104932770304402 0.007592182246199952 0.46413816376738953 0.37725291781980086 -0.010384709049399976 0.03328985899604211 0.02268928027600009
10 6 0.026252515388004154 0.02709725474597215 0.028168014242074154 -0.6933777632863531 -0.6905721465137631 -0.681073192059753 0.15653392206501987 0.01870992958144002 0.003874630939440002 -0.008464846872200012 -0.0010655694380631597 0.007592182246200004 -0.013788101090799754 -0.009057340223536804 -0.0013089969390001066
10 7 0.5994310044943124 1.0537855873512236 1.6101249943887326 0.004760579460300504 0.034487899944973054 0.09707104359856304 0.3684524036714497 0.15409511965906258 2.198887964722476 0.8284205294591824 1.1573094551170928 1.3632766787371997 -0.09093165402920013 0.00559423954983158 0.13220869083898257
10 8 0.7775416607356339 0.8141551777840899 0.8394833958891139 0.3970365642600211 0.4050694421423511 0.41230819521502104 0.16947208873068262 0.018221237390879996 0.14456562194316003 -0.12374384396680038 -0.02764050378562106 0.07269296334579955 -0.008377580409600072 -0.006659808987894744 0.012479104151800202
10 9 1.1781681733417404 1.3398284226436146 1.4504264466843504 0.12621716944233705 0.13735237007009704 0.15265890761013706 0.20044330050261258 0.06098180406487999 0.45540876172435985 0.0774053523261986 0.2396888219601894 0.31564279522420136 -0.007592182246199952 0.030754538608926303 0.08578293273579993
10 10 -1.230094869876698 -1.2246826038662462 -1.2207399050859782 0.0745422366511078 0.07810707164831779 0.0784735907912378 0.15634310512796304 0.008011061266679984 0.008534660042279762 -0.006108652381999757 0.004436810677452479 0.008115781021800217 -0.00287979326579986 0.004216348035094728 0.008203047484399983
10 11 1.264102319464873 1.316365331251387 1.3615833215122028 -0.03167588363173421 -0.026461712491384206 -0.01542686829568402 0.17127325441889382 0.030717794835123203 0.1588249619319997 0.004625122517798452 0.08359208522736826 0.11955505376200048 -0.001396263401600012 0.015864124306300097 0.02740166925605094
10 12 1.2365860402536766 1.3558810399571284 1.5024476818877066 0.08760912890975116 0.10203863850066117 0.11391560406052116 0.20654277683680938 0.031119220563160008 0.55054665925088 -0.08386307055859965 0.2420771672524 0.3885102914951999 -0.017191493132199948 -0.001423821231894726 0.03106686068560016
10 13 -1.4330569299684466 -1.3595366805571985 -1.3140996514752565 0.3991757076653816 0.40688133631296153 0.43721079538959157 0.18767928899225605 0.07323401541392 0.302378292909 -0.2304707277266005 -0.15914646995210524 -0.07138396640679834 -0.0003490658503998989 0.033657296733305274 0.057508598853400206
10 14 0.768003339409942 0.953039656048478 1.184037473209182 0.7587138729479279 0.9664560504903579 1.183649185932368 0.3393498256654881 1.07856111785844 0.8482823763495602 -0.810618171091399 -0.4464644086050317 -0.1220857811774001 0.2776818839931994 0.5676637462412842 0.6113888369755993
10 15 1.3099865891676399 1.3978438457194418 1.4879272697321702 0.28153906164012005 0.28827603255284 0.30299788479346 0.19329771178377134 0.03050835532495999 0.3911980985432799 -0.08656833089920157 0.1421432886602526 0.38065630986119925 -0.03839724354400026 -0.006843527856526328 0.024172810140200007
10 16 0.6844062376369928 -0.6723097403100096 -0.7729349611367464 0.6361099229079625 0.7267710509031025 0.8662097681685126 0.22074155083597885 0.6378654817284399 3.00363302156248 -3.351381229690401 -1.9791620778208978 -0.2768964858298001 -0.42306781068480015 0.15738276881324217 0.6440264939880003
10 17 0.3327695172487975 0.5360218352904574 0.7788058608899174 0.04660315142913795 0.07366884480452796 0.08037090913220794 0.21921127864138149 0.06508332780708 0.6624920774741601 -0.38056904339860004 0.042788124504294756 0.5002113636231997 -0.008028514559199965 0.024370307923978943 0.048956485518599976
10 18 1.3646958253443546 1.4263382365311164 1.4881080567532747 0.0391495774144258 0.04993571219178579 0.0637892631295358 0.17585887206454345 0.02886774582808 0.21057397425379998 0.01754055898260165 0.10278152105593696 0.18910642445420067 -0.008377580409599968 0.007504915783600002 0.016755160819200005
10 19 1.256538838187819 1.590169869346186 1.9057140534657284 -0.0433622204522201 0.0665018926380499 0.0847100400595399 0.3112569244027779 0.27104963283525096 1.5186284354542294 0.3914773512061476 0.7992781239232787 0.8502371451118007 -0.05017821599499997 0.1246073226491847 0.198094870102
10 20 1.318339686485956 1.331239414987488 1.336984166220446 0.07071822025997579 0.0746321211075858 0.0818446942414758 0.16614063016310607 0.03197443189663999 0.09803514408483993 -0.012479104151797982 0.05159744425517891 0.07452555906039882 0.005672320068999953 0.016828648366652627 0.028099800957199945
10 21 1.2399984498301269 1.344105594382675 1.4207622004597669 0.20680992931482753 0.21249097603008754 0.22865708822673753 0.20457136878169682 0.09426523290034547 0.47282714765932 0.08665559736179884 0.24885639350490527 0.38362336958960075 0.008377580409600072 0.048520153205508114 0.07190756518239971
10 22 1.9844555523048277 2.0636952456748796 2.186726122642238 0.5115439318999585 0.5249960571097485 0.5352978630196785 0.20013294080318994 0.043423791789760025 0.4292113696518398 -0.318697121415199 -0.22590072086938934 -0.0957313094722001 -0.07740535232619916 -0.022854627257768434 0.019722220547599423
10 23 1.3022044084400064 1.3717322171873043 1.4533455583400765 0.12404646466656895 0.12767674951072894 0.13321816988582896 0.1767721396427104 0.013508848410480001 0.2178170906496002 -0.015184364492399904 0.11464057402610536 0.21685715956099805 -0.02050761871099996 -0.0005603425493263069 0.014311699866400018
10 24 -0.463813831069679 -0.027765134073129 0.636952238197331 0.08929700774065584 0.10370470071591584 0.18027665832480944 0.37803251154749357 0.15512486391828362 2.3772606142716404 0.37576938795560033 1.2511897969850738 1.8488272766436005 -0.00855211333480009 0.06847202233926504 0.12208578117740003
10 25 1.0522722414437125 1.5092788520959224 1.9909844896572866 0.1044928138358331 0.14867146052708308 0.15693995785843312 0.2830791711107344 0.08321729873536002 1.353502834920764 -1.0770426814092011 -0.7123699131161917 -0.24905848426040045 -0.059428461030600066 -0.042723822900273704 -0.006981317007999921
10 26 1.0799751756597091 1.2414661280241392 1.398009071959149 0.383274978977417 0.402011088497637 0.424482202617137 0.19503703520500035 0.09826203688760005 0.35150931135280006 0.025918139392199224 0.18495897099484204 0.2611012560991999 0.004625122517800118 0.04615936574368423 0.07504915783599991
10 27 1.203257475264519 1.2250775815730228 1.2123070074361388 0.08760849865198511 0.09023521917624511 0.0921201747684051 0.17362348782956225 0.03897320219715999 0.17788395736384 0.002617993877999103 0.09362313545465263 0.15114551322319758 -0.02713986986859991 -0.0170123672352842 0.00017453292520001884
10 28 0.6005589235234174 0.6028601401421796 0.6072828044667475 -0.015521891777191495 0.027836450165601052 0.05045591727152105 0.16705286119026325 0.10770426814092002 0.034470252726999884 -0.013700834628200265 0.011179293156231562 0.03438298626440017 -0.0894481241649128 -0.05282836067500135 -0.02042035224839995
10 29 1.684658601356045 2.368644392308009 2.9846496414192156 0.0940573447942535 0.19666088819620348 0.22342987559875346 0.15924089833599728 0.46115089496344003 1.4546970249604505 -1.5900822150520544 -3.8528465173912694 -0.11850785621079885 -0.041538836197599904 -0.019611989226421114 0.062133721371200185
10 30 0.7738945528565455 0.7768747025543355 0.7797414058507455 -0.053188375659573205 -0.051665575887203205 -0.045945259263773214 0.15758290829775323 0.017121679962120002 0.013840460968360002 -0.012391837689199603 -0.007284453141242106 -0.002356194490200081 8.726646260000942e-05 0.009011410506378948 0.020682151636199977
10 31 0.431952409242106 0.7209248281664941 1.050549456028466 0.1143887822132662 0.13090832358344623 0.1504167412976762 0.28808304988525724 0.12644910430740003 1.19731332016452 -1.2298462574218005 -0.6301649053497473 0.14931291750859943 -0.10096729722820004 -0.06655216016178948 -0.01239183768919988
10 32 2.4586251005677155 2.5313695511264496 2.654407409410816 0.04798341597920311 0.08735368058119311 0.10713262432948309 0.21456282590051004 0.0921533845056 0.27351054708092004 -0.3910410189105984 -0.1439529195162737 0.18945549030459752 -0.11152653920279995 -0.048501781318736836 0.03193952531160005
10 33 -0.4550569324365594 0.11798440287882728 0.6378595185195806 0.2257279409278126 0.2812119578488925 0.2964574088651125 0.31492306989693125 0.10255554684752 1.55707803887928 -1.4329153158920003 0.017150156386757903 1.3213887766891996 -0.0980002374998 0.05203836953989472 0.20463985479699978
10 34 1.3201472658151925 1.4820440072307124 1.6359165974101624 0.2770633586986445 0.3101809812553445 0.35865313790651454 0.20696642888594016 0.19107864650895998 0.40331068355216004 0.0582939970168006 0.2030460936116211 0.31145400501940035 0.005235987755999871 0.08088223191505263 0.10986847641340003
10 35 -0.32620964877339953 -0.23858626634143626 -0.11380307880517405 0.0649088433632869 0.10910494334705689 0.1129228510858069 0.24226721866062634 0.050806534525719996 0.9325468726359454 0.18613936472579987 0.4908141434926029 0.7312056901253126 -0.009424777960800115 0.02378240754435789 0.03909537524479995
10 36 0.12243712565217879 0.19347813486137966 0.2629186771463569 0.110016393067507 0.128071824179447 0.13642322465026702 0.17536157957478735 0.04639085151816001 0.18985691603325813 -0.13578661580560009 -0.09992469264908323 -0.047996554430000046 -0.03639011490419994 -0.024416237641136845 -0.011257373675399932
10 37 1.5242135375458759 1.6191603215203494 1.7508663575372168 0.18665108556543708 0.1919350698758671 0.20264702816001706 0.18965572860362717 0.01363102145811998 0.37138861153657055 0.046425758103200154 0.19546769028240554 0.20036379812960026 -0.0025307274154000303 0.006944573234273659 0.011344640138000184
10 38 1.8692176674006895 2.169879428990871 2.4821729373799597 0.044257477395856844 0.058385917690796846 0.06947312176412684 0.22854964060900193 0.019128808601920004 0.7752403471481244 -0.6909758508406194 -0.4080212353411181 -0.011868238913599338 -0.02539454061659993 -0.0018647465166105298 0.038746309394399985
10 39 1.3511782502876146 1.3865805088351824 1.4566572236322344 0.048347753460558106 0.07361139438325812 0.07529127378830809 0.19092523000675457 0.0774577122037251 0.33550464211196007 0.07661995416279987 0.17658139058524214 0.20437805540920007 0.00026179938779999357 0.032068128519623734 0.07400196028479994
10 40 0.11151150997870493 0.5026912825649612 0.9107283177315895 0.12329548827448905 0.14599785851987906 0.17937291714107453 0.2542720676719989 0.08511970761986547 1.0388374240830947 -0.7739662567994001 -0.4643586264098393 -0.1718276648593997 -0.07103490055640004 -0.026804582933255505 0.027663468644200107
10 41 1.725972241598381 1.7852890015568534 1.912037429830971 0.08785618996172292 0.09528256592898295 0.10707662834937294 0.19620183912698988 0.02825688058987999 0.43296382754364005 -0.18413223608599982 0.12907169115711578 0.23500858378180056 -0.0027052603405999104 0.014872042415726311 0.030194196059599998
10 42 -0.04771395653522216 0.0961090278113925 0.23367675211900146 0.06670803541523895 0.07693130150882896 0.08623390642198896 0.21129637786406136 0.09536479032928 0.5377184892492036 -0.487383193621 -0.05125756434821054 0.31948251957886176 -0.10821041362400002 -0.0470871460302737 0.017976891295599998
10 43 1.5448487592175506 1.5833437411996623 1.6298899270212506 0.14871543312805685 0.15210573520006684 0.15763842892890684 0.16831992494685682 0.030735248127719994 0.10864674593699997 -0.005934119456800779 0.050072577645536735 0.11955505376199937 -0.07862708280260006 -0.016176446383010523 0.038659042931799975
10 44 2.7455865123292797 2.992426634321328 -3.06188312729934 0.30679814531441146 0.3310669485634715 0.37992307765008143 0.2498035725976159 0.17170549181176004 0.7626651685776 -0.7575601618305994 -3.1621554307690105 0.47900561321140067 -0.1405862712486003 -0.07402033217166315 -0.013526301703000176
10 45 1.278194447214322 1.2963319088011063 1.3208677474257222 0.13218275330707996 0.14044688731529997 0.17433681806605358 0.1640651511672032 0.056199601914574515 0.05256931707023993 0.006806784082799 0.027668061615915753 0.03185225884899889 0.009337511498199863 0.028898978035839226 0.041800635585400175
10 46 -2.766986042773298 -2.73355164295736 -2.6739076337641383 0.517359272005856 0.520705940846566 0.545384896469846 0.18097751709482593 0.03993313328575998 0.2598969789153198 0.011431906600598563 0.136787883639642 0.22514747350800057 -0.04180063558540004 -0.02101743857145262 -0.003141592653600478
10 47 0.929316656041225 1.064684392826345 1.2120861748040053 0.14568951701863422 0.23484529853322605 0.2828462162863561 0.2218536949550304 0.12257447336726185 0.5626243376747201 -0.006894050545400154 0.29271927339069476 0.4010766621095996 -0.12435470920499986 -0.050329784061253595 0.09049532171619995
10 48 0.03349844370315266 0.313220617591438 0.6753301861560471 0.021279684498154414 0.04521251186620005 0.060213616787140045 0.2560123327086889 0.07459537223048 0.9925687456124 0.21868975527559986 0.5189782460539158 0.7308566242749999 -0.05157447939659998 0.015037389397494721 0.1333431548527127
10 49 1.169547701277322 1.312909046036602 1.446505273630942 0.16441539697020216 0.18384963819069855 0.21974233425807857 0.18658992594520923 0.06581636609239641 0.29682814588764006 -0.00584685299420129 0.14608405839240005 0.25699973235699947 -0.0015707963268001002 0.028935721809198105 0.046163958712782116
