16 0 -0.570326475663796 -0.54673747815839 -0.551572912851056 0.1604890364109682 0.1670732910141382 0.1739062550355437 0.17526931457106631 0.05237733085182189 0.18355627743283992 -0.046425758103200154 -0.08189268569252632 0.018587756533800515 -0.016057029118400068 0.01743492063313683 0.03045599544390931
16 1 -0.823464133754921 -0.756660783969995 -0.661375406121681 0.27655212267133106 0.4517962695415211 0.4575514927499911 0.20085926396722908 0.29885272781996 0.22652628361708005 -0.0076794487088011065 0.11922435979846319 0.1948660109857997 -0.20446532187179983 -0.1526244501156842 -0.0010471975511998355
16 2 -1.152717588263798 -0.4340791414173891 0.14587718839454383 0.04877807408398989 0.0974204003372299 0.11989151445672988 0.41700309677463754 0.17907078125519998 2.71780925792188 -2.2348068407234 -1.3604933378774318 -0.43764130993899975 -0.11597712879539993 0.03351950758183158 0.12557643968140014
16 3 -0.6306242561054145 -0.6153107372483665 -0.6109369421428545 0.16484358441347585 0.18085261697796945 0.1918089213573994 0.16880611169978782 0.06298893270520362 0.06689847022915996 -0.042935099599200055 0.03520972117324208 0.1061160185215998 -0.059515727495818016 -0.019768150265033476 0.013700834628200126
16 4 -0.46564807515001905 -0.44997676379631113 -0.4574668442812691 0.22431286675674295 0.24862093991397294 0.25812425769111297 0.17084695520121085 0.04778711491975998 0.12629202467472 -0.010384709049399976 0.06646948667090527 0.014311699866400296 -0.04284783313660001 -0.020392794418105244 0.0025307274154004467
16 5 -0.5086221537703439 -0.38812374954760304 -0.21820809288380397 0.19049381576588656 0.3414255261558474 0.3873015055446674 0.21763399868927966 0.3596250923751236 0.33943163292930906 -0.02687807048079971 0.1487847257612842 0.26790804018374514 -0.26529004630661795 -0.18927636440795978 -0.04633849164060011
16 6 -0.037922804875722846 -0.036893933281668845 -0.036304011994492846 -0.041569476422323795 -0.040400105823483794 -0.035447734070933795 0.15603185094256178 0.012950343049839996 0.003979350694559992 -0.005934119456799981 0.000982895947178944 0.007766715171400006 -0.0110828407502 -0.006613879270736843 0.0011344640138000184
16 7 -1.1711550525566472 -0.9752444620135255 -0.8071710003751774 0.11938115109456605 0.16475534832343608 0.18018405891094152 0.24866164376030658 0.13194689145102548 0.5103866331623601 -0.5037020221272004 0.21619117866221055 0.8090473747646015 -0.13840460968360002 -0.0015707963267999848 0.11815879035952728
16 8 -2.4339392605804675 -2.2751265159532315 -2.1616155373909076 -0.1763949491048495 0.0015762747213984947 0.02601524757254595 0.25188071226246805 0.3366391061255855 0.77799796737152 -0.6005677956132005 -0.4094726144060632 -0.2039417230962015 -0.20219639384420013 -0.17717847690820293 -0.04703662334140003
16 9 -0.6447336917038611 -0.6040491941751152 -0.5869807467551811 0.18831477219489545 0.21302863440321546 0.2506055731987754 0.18419242622043414 0.08126252997312 0.25488788396207995 0.040055306333400265 0.13415151787477894 0.14582225900459933 -0.06422811647360013 -0.04038140732522105 -0.01998401993539997
16 10 -1.01008394883909 -0.929900905008332 -0.9066426473961801 0.10113465491093895 0.10591685706141896 0.10915007950074895 0.19574710614989918 0.02656391121544001 0.42779765295772 -0.3652101459809992 -0.16641255120648415 0.001570796326800794 -0.02809980095720019 -0.01398100590286316 0.01858775653380003
16 11 -0.5064323958166754 -0.4921119693040155 -0.4787209306180455 0.227699581206737 0.235226313605987 0.236430590789867 0.15983040374281518 0.00944223125332 0.04274311338147996 -0.003316125578800566 0.02249637546393682 0.038659042931800114 -0.01221730476400007 -0.00496959539648421 0.0028797932657999292
16 12 -0.8557940310431336 -0.8144655070203995 -0.8029367346463135 0.15152138927014602 0.16125596317317603 0.16804529396345602 0.18454143339924767 0.07579964941436002 0.17341591447871996 -0.06544984695000033 0.0912715339361684 0.15419983941419857 -0.09267698328119994 -0.039894552323347376 0.03900810878132738
16 13 -0.45828564610749156 -0.42804258082883556 -0.4043986054519916 0.35299773783595495 0.35486524013559495 0.3558251712241949 0.16792334241251478 0.010489428804519974 0.13638002775128 -0.0710349005564001 -0.06512833892989474 -0.0016580627894000055 -0.015009831567199816 -0.0035365882211578713 0.009599310885999857
16 14 -0.66762416965791 -0.5927094021743141 -0.54943919935873 0.16768973160976794 0.18562735299737249 0.19776611794503246 0.18753189952353047 0.0622035345414545 0.2891137905938 -0.015707963267999614 0.15216515294410524 0.2578723969829999 -0.055850536064872836 0.0047766905844210715 0.03717551306759992
16 15 -0.7123860472081185 -0.6767289705897584 -0.6581063074709185 0.19706211999888495 0.251586205831365 0.269283844446645 0.1831445131775498 0.09037314866856 0.16261232640884005 -0.05017821599499983 0.08558543495202107 0.22314034486819956 -0.09765117164939996 -0.04756481508871579 -0.004363323129999985
16 16 0.11049805545965209 0.21056738078747123 0.28819875325168304 -0.006419611877083574 0.024533802407097155 0.04070864125000716 0.18393375974718745 0.09403834009775999 0.24008749190477097 -0.18683749642660002 -0.12124526735322681 -0.027401669256399974 -0.05218534463479998 -0.049493863209347365 -0.019285888234600018
16 17 -0.8946843785825795 -0.8455629594496654 -0.8076753520472495 0.2034453708492845 0.2164786170385945 0.23001800871098452 0.19181189992059378 0.03836233695895999 0.36358698977663995 -0.27663468644199996 -0.07448881528667373 0.038484510006600026 -0.05907939518019975 -0.00332531152223158 0.07949974742859994
16 18 -0.6462559581821514 -0.5692590129009194 -0.5048013856306814 -0.016450019088327574 0.03686542623710315 0.04104112647251316 0.18667200169647344 0.11992157290492 0.23774875070744012 -0.15760323145559973 -0.044230317623052635 0.14730578886879953 -0.07853981633999996 -0.06227151052267368 -0.005759586531600032
16 19 -0.49831506339090204 -0.45966300177611 -0.370652955253362 0.07525762771880021 0.1696668502826102 0.18838986983274209 0.21024328881808926 0.2524618763018 0.31901128068056 -0.13386675362839995 0.06579891280040001 0.1771509190779999 -0.21755529126179984 -0.13287467173778947 0.007853981634000223
16 20 -0.9039036925057125 -0.8301740035842243 -0.8056067490330725 0.232916370340965 0.24147721032202502 0.248894859643025 0.19451643101248692 0.04564035993979998 0.26609289775991996 -0.0832522053203999 0.1400488935578526 0.18928095737939965 -0.05427973973719982 -0.017379804972547347 0.025830872929600013
16 21 -0.69512372279769 -0.6706402440506338 -0.6110904826370199 0.1037913369207498 0.11136606587442979 0.11745290164077982 0.18617120930211353 0.04237659423856002 0.29923670025540006 -0.10498155450779978 -0.054187880302884246 -0.011082840750200051 -0.02556907354180002 0.00430820746941051 0.0007853981633999113
16 22 -0.9071384663490158 -0.5420408941046304 -0.20280212005815593 0.23151865249890347 0.27379489030547344 0.28735173527038343 0.29889593661713093 0.53536229475848 0.5708971983292 -0.6294529947338001 -0.2633334403530737 0.38772489333179966 -0.11370820076780017 0.23074171305783153 0.15262904308740027
16 23 -0.9300865886483916 -0.7939482889985134 -0.5867846881031216 0.14245663394897795 0.15780680472031794 0.17344931814136796 0.22639729613482404 0.1273217689334 0.63269930714252 -0.4567526652484005 -0.3329996353381684 -0.11213740444100062 -0.11632619464667267 -0.06701145733336841 0.040142572796872666
16 24 -0.5851542112129524 -0.5012911406543262 -0.47659473173855244 0.23474246955262595 0.25932543206704595 0.279121829107856 0.20467623847124103 0.04979424355956 0.4980820619362837 -0.01553343034280008 -0.14310781272084402 0.12042771838800037 -0.03796091123100018 -0.001543238496505272 0.02583087292960015
16 25 -0.9830896685195094 -0.8981008605933696 -0.8837717074344495 0.07046941387875201 0.21631348949900203 0.226432035837472 0.23224925402155477 0.398371401769 0.47319366680224006 -0.008028514559199618 0.24904929831696848 0.3009820295074006 -0.3364994797856 -0.20966915882578943 -0.024260076602799774
16 26 -0.5064323958166754 -0.4921119693040155 -0.4787209306180455 0.227699581206737 0.235226313605987 0.236430590789867 0.15983040374281518 0.00944223125332 0.04274311338147996 -0.003316125578800566 0.02249637546393682 0.038659042931800114 -0.01221730476400007 -0.00496959539648421 0.0028797932657999292
16 27 -1.3001626156222008 -1.107688578376267 -0.9775297767437409 0.05029757712330895 0.25440510649862347 0.3558392793017335 0.28101410892880796 0.7390596717595744 0.7152184741770802 -0.5532693728839994 -0.3583160954356 -0.14468779499079987 -0.49288098076567255 -0.37185617605384835 -0.15978489302059973
16 28 -0.6730482166408129 -0.6357025339711431 -0.5988062735838631 0.07121917823653215 0.07393752854652216 0.07792124256421215 0.16626085294483167 0.01567305668296 0.11657054074108009 -0.08159414253100072 -0.031360810875410546 -0.009512044423400368 -0.01745329251999994 -0.007881539464294733 0.004799655442999998
16 29 -0.5310776568883425 -0.5178288625364105 -0.5092610412383427 0.2489303964856565 0.2757342904732465 0.28020233335836653 0.1653995788211183 0.03684390050971997 0.04269075350392004 -0.03473205211480007 0.015175178548968408 0.009162978573000191 -0.03647738136679998 -0.019391526584063144 0.004799655443000206
16 30 0.0655012856815271 0.0789586468790731 0.09535514253698711 0.08108920908204521 0.0879265364267552 0.0890260938555152 0.1610613202323177 0.010803588069880021 0.060911990894800004 -0.008464846872200046 0.02737411142610526 0.044854961776400054 -0.0003490658504000377 0.004951223509621057 0.01047197551200002
16 31 -0.738747694155605 -0.713112298102229 -0.7202297507918851 0.3631718923034545 0.3707291679646144 0.3818032820685544 0.18011165896574177 0.09110618695439998 0.17486453775788002 -0.0077667151714005955 0.09203396724098949 0.020333085785800842 -0.060737457969599895 -0.047950624712842095 -0.013962634015999842
16 32 1.0326942370717238 1.0585041660502996 1.0973368692426735 -0.15244123826091052 -0.1327975575296505 -0.12200269610603051 0.1817743761663641 0.09519025740460363 0.11653563415604007 -0.20010199874180068 -0.06133454429265267 0.08019787912940002 -0.003141592653599923 0.05010013547610717 0.08560839981321788
16 33 -0.5086221537703439 -0.38812374954760304 -0.21820809288380397 0.19049381576588656 0.3414255261558474 0.3873015055446674 0.21763399868927966 0.3596250923751236 0.33943163292930906 -0.02687807048079971 0.1487847257612842 0.26790804018374514 -0.26529004630661795 -0.18927636440795978 -0.04633849164060011
16 34 -1.1254613146293937 -1.0571709443217636 -1.0515117142221535 0.34042133157835597 0.3616009020513759 0.3929950119717259 0.19784480376054708 0.05864306286719995 0.33749431745923997 -0.0096865773485999 0.1776285881364421 0.2757620218160006 -0.09642944117300017 -0.02195440480147371 0.0025307274153998915
16 35 -0.9967259259653855 -0.9636083034086855 -0.9848184171436155 0.1046517357605789 0.12280752330450889 0.1345361358779489 0.18446082518489673 0.08014551925184002 0.24370032345675996 -0.010821041362399364 0.12826332813513683 0.07470009198560001 -0.049480084294199964 -0.03770829778663159 -0.018064157758199903
16 36 -0.8496683517874564 -0.7912513090583904 -0.7490850269946963 0.3972101707278022 0.4421131290586322 0.4453943480523922 0.17807162262666812 0.06637487145356002 0.13384930033587994 -0.12138764947659975 0.03303265257995794 0.21336650105699906 -0.06108652382000035 -0.03493414287029475 0.0020943951023999485
16 37 -2.169012242760884 -1.47583465904478 -0.758742573917074 0.242563241449082 0.343835971296382 0.431547492855642 0.41192776492755034 0.28005553177592 2.5461386726916695 0.9290387608396 1.3400729856271947 1.7269160283913998 -0.16336281798720015 0.06777389063818948 0.23099432650220034
16 38 -0.584540097723283 -0.5466036211018109 -0.5068860359786729 0.29966634214018245 0.3127344949145324 0.31485506995571244 0.16512639614451202 0.02178170906495991 0.09857619615296004 -0.07347836150919995 -0.047234121125178954 -0.005672320068999814 -0.015358897417599715 -0.010536277116021031 0.00017453292520036578
16 39 -2.8159843677086998 -2.5389866527822837 -2.3013085879095496 -0.09575957410973122 -0.06298229075717121 -0.03879202732445121 0.1584096160116583 0.41915827315962184 0.5276828460496801 0.09686577348600123 0.10303872747202107 0.40029126394619974 0.011606439525800039 0.22060961745243252 0.20699604928719997
16 40 3.0836940221440248 3.094714903705779 3.1058771569369448 0.15218330538896704 0.16274691068669705 0.19139649035810255 0.16301301970468277 0.06457718232382548 0.031991885189160296 -0.005148721293404268 0.015634475720547443 0.03202679177420009 -0.05523967082580003 -0.0334460200342871 -0.006283185307199984
16 41 -0.856380364710039 -0.8244434573923171 -0.8436481878166988 0.23168043482351453 0.2573367748279145 0.26228914658046454 0.1923426408291594 0.10527826048046546 0.31894146751048 -0.004450589592599474 0.1678639302686737 0.051661745859200026 -0.055152404363199986 -0.05540961077919234 -0.01841322360859987
16 42 -0.8422415978831095 -0.8149917722716336 -0.7970026636712694 0.3252510751634945 0.33346721261728446 0.3364080924069045 0.1693817548486582 0.026214845365039985 0.06974335690991995 -0.06344271831020043 0.03670702995258945 0.014748032179400794 -0.026703537555600176 -0.005428892568063185 0.02792526803200024
16 43 -1.031087725871727 -0.9613225523461569 -0.890601811055117 0.14748497600539684 0.18302424289977043 0.19008409972411044 0.18453698833917392 0.0768643002586036 0.2576629574727599 -0.21580996200979918 -0.046545175367810505 0.10751228192320106 -0.059777526880999896 -0.020392794418380846 0.006719517620199858
16 44 -0.6724017660782257 -0.6505231912397795 -0.6535914800647956 0.28434249675114504 0.294906102048875 0.303410218829245 0.17102301886019566 0.030351275692280022 0.1308822406074801 -0.025569073541799603 0.06888538979341058 0.07845254987739969 -0.024260076602799774 -0.01315427099402107 -0.007068583470599965
16 45 -0.6730482166408129 -0.6357025339711431 -0.5988062735838631 0.07121917823653215 0.07393752854652216 0.07792124256421215 0.16626085294483167 0.01567305668296 0.11657054074108009 -0.08159414253100072 -0.031360810875410546 -0.009512044423400368 -0.01745329251999994 -0.007881539464294733 0.004799655442999998
16 46 1.836482465873711 2.2019291039683564 2.615470907595741 -0.6584992004778969 -0.562353375308347 -0.501249398195827 0.24089411924484064 0.15662584707448013 0.7667231404035997 -0.08377580409599794 0.3869119373381052 0.06728244266460015 -0.059690260418400753 -0.07254139527917891 0.044767695313799316
16 47 -0.8215729240668566 -0.7842961819026406 -0.7943545143819166 0.021818312497845105 0.0476448221043151 0.0728910097344951 0.18828733176338572 0.1407433508812451 0.19903734789807992 -0.03185225884899945 0.10475649889372628 0.09180431865519978 -0.099483767364 -0.07407544783223426 -0.025220007691400016
16 48 -0.943565184685752 -0.8074373570113857 -0.770070730390692 0.15698383349659306 0.1862006451748985 0.22245113373893854 0.25488514764042536 0.41987385815346556 0.62882467620308 -0.0685914396035997 0.3309603558963579 0.6785840131776005 -0.2779436833801274 -0.1946593272585895 0.05838126347940009
16 49 0.9824718219643014 1.0893741113139275 1.1777392586780615 -0.26885817803443546 0.03981202682820865 0.17749232487204453 0.23421170594875607 0.61908573897692 0.29162706471668 0.013002702927399912 0.13854239883507366 0.22575833874619922 0.11065387457679987 0.31717225480555794 0.4878195259340963
