3 0 -1.9511370405842094 -1.7710177682984 -1.5700000000000007 -0.05 -0.05 -0.04118340055189923 0.22573903871168804 0.03 0.7699735842229076 -0.7430555931291916 -0.4052492548541619 0.0 0.0 0.007887785321817595 0.06472035856124395
3 1 1.2600000000000002 1.2753530289474466 1.2899999999999996 -0.1809556286989271 -0.18 -0.18 0.15888955978870817 0.01382251479570834 0.019999999999999574 -0.017899581351659144 -0.01052631578947346 0.0 0.0 0.002011849892478084 0.0
3 2 2.9900000000000007 3.0375641936445366 3.0850000000000004 -0.2325 -0.22 -0.21 0.1730692454673964 0.03999999999999998 0.16999999999999993 0.0 -3.2157894736842105 0.11661013081028182 -0.050000000000000044 -0.015789473684210527 0.0
3 3 1.5950000000000002 2.018728642157692 2.373584204327987 -0.0625 -0.0410692992786688 -0.02816109035326101 0.28986239932438085 0.16999999999999998 1.3632417825215004 0.4577870114275129 0.7157894736842106 1.0251205286402987 0.0 0.08947368421052632 0.12291042523333087
3 4 0.025000000000000244 0.08020456871463613 0.13760080597631563 0.05 0.07500000000000001 0.11750000000000001 0.1791683872775399 0.13 0.1392425775978414 -0.13248190733898504 -0.07328556715675863 0.0 0.0 0.06842105263157895 0.10004246948902101
3 5 0.9025447782410886 1.0627484018378277 1.27 -0.0012157859722486206 0.01 0.02 0.24414934772387603 0.03705576843905391 0.9613863952252752 -0.9189424095568668 -0.5059928395922502 -0.10000000000000231 -0.02873076877773599 0.015242864443624174 0.09999999999999999
3 6 0.10000000000000009 0.1490540629539207 0.1200000000000001 0.18 0.2 0.21 0.2071113263248078 0.04000000000000001 0.52 -0.20000000000000018 -0.2578947368421051 0.0 -0.09494766125990928 0.010526315789473687 0.10107155353393807
3 7 -1.2224999999999997 -1.1229731191326902 -1.0358860942715071 -0.030807782413817514 -0.02 -0.017499999999999998 0.18747401606931707 0.03 0.3400972222222255 0.09999999999999787 0.17899853801169763 0.2677218854301533 0.0 -7.304098846218135e-19 0.0
3 8 -1.5574539834526355 -1.5269608524324072 -1.5000000000000004 -0.3325 -0.3 -0.2882078520374249 0.18367082513570424 0.13 0.1888960717701762 -0.029478953567659838 0.07368421052631516 0.1499999999999968 -0.02052104643233993 0.06842105263157895 0.14474837236319038
3 9 -0.11909747254589548 -0.10153293217959476 -0.0874182880677179 -0.19340252745410424 -0.1569625650908196 -0.13948932700859787 0.1690813340142845 0.08331243562575193 0.05641164796889682 -0.12357488373276639 0.01916402524678709 0.13279307325389497 -0.10000000000000009 -7.803627951155196e-05 0.09999999999999995
3 10 -1.4806828102265648 -1.06594485775966 -0.5786054898475428 -0.22090341005967612 -0.19405286496223928 -0.14717759437064293 0.3780687907928339 0.37 2.135158490069713 0.8467606860512011 1.1237676263524803 1.4046171494121173 -0.368068201193522 -0.14142651446451152 0.10000000000000009
3 11 1.1300000000000003 1.3652998177560614 1.2994061235533416 -0.010766169571045491 0.0 0.0 0.28569802687124185 0.11 1.37 0.0 0.7210526315789474 1.3073450602656644 -0.1 -0.05789473684210527 0.0
3 12 0.0806008396544026 0.46413905719835036 0.8492680999198826 0.07875803204249493 0.09 0.1225 0.2577973121483141 0.05 1.08 -0.7499999999999996 -0.5684210526315789 -0.10000000000000009 -0.011162920624000067 0.021052631578947364 0.10000000000000002
3 13 0.06363577613055993 0.6309128178382634 1.3199999999999998 -0.28 -0.24 -0.10053480593149816 0.28911363587422434 0.19 1.3000000000000003 -0.9124136892688101 -0.6684210526315791 0.0 -0.050000000000000044 0.09473684210526316 0.20086993091688687
3 14 0.020000000000000018 0.03538667248975782 0.06000000000000005 0.07 0.144320545724706 0.2742466876109815 0.1804721734955588 0.23789429388991648 0.05394714694495817 -0.06973573472479067 -0.02313007733945178 0.0 -0.038355415926790426 0.11590695300239916 0.23951564339677495
3 15 2.575 3.0565966330026417 -2.6966347259486394 -1.2925 -1.25 -0.7557694518972785 0.46754401131134515 0.7268604136873699 1.8132550761421298 -0.9334617024705749 -0.7257640489967109 -0.5046327919658089 -0.5941833281709269 -0.3340268501202242 0.10000000000000009
3 16 -0.010000000000000231 -0.0035000000000001827 -1.4306479013393017e-16 0.01 0.07098562995984883 0.27797330097087597 0.1879450264570849 0.33653268472818926 0.040000000000000036 -0.050000000000001155 -0.010526315789473927 0.0 0.0 0.1771224656464154 0.31368978759898636
3 17 2.0040019472090003 2.1779039152749946 2.3354575085026608 -0.02 0.01 0.02 0.20633587144585044 0.07 0.5175279427174302 0.14891621436822877 0.27238312774601586 0.3100129813933372 0.0 0.03684210526315789 0.09619766076785877
3 18 0.07000000000000028 0.08049739466413475 0.0900000000000003 0.017499999999999998 0.03 0.0400839556219329 0.16332533174361252 0.07 0.03000000000000025 -0.0016791124386579537 -0.01578947368421066 0.0 0.0 0.021052631578947368 0.08387819555290155
3 19 -1.1560576282478352 -1.0936249850288169 -1.0337075041799164 -0.05 -0.05 -0.04 0.19167965888215596 0.010000000000000002 0.41000000000000014 0.100595350893814 0.21578947368421061 0.2981794030317264 0.0 -0.005263157894736843 0.0
3 20 -0.7400000000000007 -0.6206778509212918 -0.5749890626095694 -0.15 -0.15 -0.15 0.21449952533571337 0.01999999999999999 0.6600000000000001 -0.40538646203969797 -0.34736842105263166 -0.10000000000000675 0.0 -0.010526315789473679 0.0
3 21 -1.1657553169838195 -0.7095352286734684 -0.07250000000000023 -0.23 -0.22 -0.21 0.30403250902491447 0.09062475525969149 1.5906247552596913 0.4679548169604286 0.8371709238208901 1.0069191814842038 0.0 0.03717092382089027 0.10000000000000009
3 22 1.1075 1.1244099865867931 1.1600000000000006 -0.09086329731280496 -0.09 -0.075 0.17999215675953872 0.1 0.1890357821405959 0.0 0.09949251691610311 0.110999178257295 -0.08273405374390103 -0.042105263157894736 0.0
3 23 -1.5814117930644682 -1.3950573601440222 -1.2688763420955183 -0.18 -0.1333004926108382 0.03564717225787048 0.24708632093693242 0.3 0.7455424497731746 0.07823586128935078 0.39239076303851295 0.5169950738916151 -0.28300492610838224 -0.143488760787256 0.0
3 24 -2.7424999999999997 -2.2440484357565245 -1.752331248371124 0.05 0.06 0.09 0.2898197936949915 0.06726722572836356 1.4037973426052397 -1.175138838394516 -0.7000000000000001 -0.332954355050713 -0.11969026548672476 -0.021052631578947375 0.008119179027247653
3 25 0.9625000000000001 0.9841237550112327 1.02 -0.14 -0.13 -0.13 0.20709701164553534 0.010961406997700845 0.5728842209931029 -0.5847133757962009 -0.3015180110490015 -0.06462950737212592 0.0 -0.005769161577737287 0.0
3 26 0.1689946690071221 0.1831213764472876 0.20540329088952675 0.08 0.11 0.11096776362984223 0.1675210771945492 0.0569736093327643 0.08999999999999986 -0.09999999999999787 -0.047368421052631504 0.0 -0.04886213242606817 -0.010526315789473686 0.05865995919654435
3 27 3.0600000000000005 -3.022552124587159 -2.8416389179696737 -0.05 -0.04 -0.010970677787371546 0.24125170208650001 0.1 0.8774535634448251 -0.5779937958807468 -0.38287029654990806 -0.24999999999999467 -0.13090492151716424 -0.040246098847324475 0.06766206095041749
3 28 -1.1076816505531721 -0.8235592736888926 -0.5700000000000007 -0.12 -0.11216583545265416 -0.08882122329645521 0.242567885656058 0.07 0.9299999999999997 0.0 0.43613860095295615 0.7500000000000018 -0.049999999999999975 -0.028595616265951734 0.0
3 29 -0.2903079112637242 -0.17733336855238918 0.03184467770813539 0.06969208873627586 0.12612524043599088 0.18 0.23895484262573177 0.1322504808719817 0.7370217800955334 -0.7646139249085071 -0.38790620005028076 0.0 -0.1353860750914943 -0.06960551624841144 0.0
3 30 -0.9724999999999993 -0.8209213884423129 -0.6911502186751738 -0.09040822432220526 -0.07413778181660828 -0.0675 0.1972368912876844 0.031632897288821016 0.4412595961281711 0.06084722924036057 0.23224189269903744 0.3622236551916874 0.0 0.016648893309905797 0.09137781816608272
3 31 -0.4482375195502384 -0.3286752375647116 -0.17904911749396574 0.27 0.305 0.37 0.2091936092527093 0.09999999999999998 0.5099999999999998 0.110327449959777 0.26842105263157884 0.38063246236372555 0.0 0.05263157894736841 0.10000000000000009
3 32 0.014870068464651297 0.13031786365039272 0.23981612026668125 -0.2725 -0.23124581878999406 -0.10205632937384698 0.21546258210909308 0.22999999999999998 0.4099999999999997 -0.26556097467190487 -0.1630758840272077 -0.039420727324999405 -0.1375418121000592 0.010690337208742543 0.14999999999999986
3 33 -1.5299999999999998 -1.5622338808552194 -1.52 -0.06 -0.05 -0.04750000000000001 0.19783890530773124 0.03942808083476403 0.4299999999999997 -0.09999999999999787 -0.22631578947368405 0.0 0.0 0.010526315789473679 0.0
3 34 1.241040963257199 1.497509201620702 1.825157532239157 -0.2 -0.18 -0.18 0.26951921219158226 0.020000000000000018 1.23 -0.9499999999999997 -0.6473684210526316 -0.3156164517389548 0.0 0.0052631578947368324 0.049999999999999906
3 35 0.15951536723163862 0.2674108430934646 0.3850820842255539 0.04 0.045 0.05 0.18658089471548114 0.05 0.18999999999999995 -0.20000000000000018 -0.09999999999999996 0.019511004716118996 -0.008126602364571418 0.010526315789473687 0.07229607250754871
3 36 -0.24000000000000066 -0.22854307613077474 -0.20999999999999952 -0.1275 -0.05 0.05500000000000001 0.19340782698837106 0.3795160377044273 0.05000000000000071 0.0 -0.015789473684211124 0.0 -0.2733010986119311 -0.19974528300233016 -0.11213008337046311
3 37 1.221127851309491 1.538240805514285 1.875 -0.07 -0.06874193548387103 -0.06 0.2426554342975374 0.039999999999999994 0.9399999999999995 0.10092910648512365 0.4947368421052629 0.8919239526367684 -0.030457023226417787 -0.005263157894736848 0.04303766838770762
3 38 -1.7850000000000001 -1.2509339669233412 -0.7225000000000001 -0.1525 -0.14 -0.13 0.3488403801661673 0.1363595756560611 2.0200000000000005 0.8000000000000007 1.0631578947368423 1.3999999999999924 -0.10000000000000009 -0.07176819771371637 0.050000000000000044
3 39 1.3975485619144004 1.4541888797831726 1.4950000000000006 0.06 0.06 0.06 0.17391937100575014 0.010000000000000009 0.20000000000000018 -0.12827235337151244 -0.10526315789473693 -0.03200427602441991 0.0 -0.005263157894736839 0.0
3 40 -2.4256095977867633 -2.2436595881345163 -2.03 0.06 0.07 0.08 0.22533697880615838 0.09 0.7082832980972511 0.21219195573525473 0.3526315789473684 0.5946740927682703 -0.09999999999999998 -0.031578947368421054 0.0
3 41 -0.09731438812084037 -0.19399959736313804 -0.04999999999999938 -0.07 -0.05 -0.021962678507140083 0.29077050470096844 0.38740300859933086 1.1497786023500258 -0.0650535475234295 0.577758320574716 0.7287226681881895 -0.015837827042138042 0.2038963203154373 0.31905380037544795
3 42 -0.7124999999999995 -0.43367512654595713 -0.14859428755733853 0.02 0.045 0.07202521544845181 0.23737803799434232 0.15139579147721366 0.7599999999999998 -0.40000000000000036 0.06842105263157934 0.09999999999999787 -0.15514994134570215 0.02414820565817032 0.1
3 43 2.838541396314561 3.10535445431631 -2.9250000000000003 0.17 0.17050174878017144 0.18 0.22798922175464464 0.01999999999999999 0.7991195806299123 0.19999999999999574 -2.8846739049316255 0.5590075323644528 0.0 0.0052631578947368324 0.03411935725548779
3 44 1.1475 1.157594598585578 1.1719379558966143 -0.12686448696970254 -0.09 -0.08 0.16772440859559132 0.05000000000000002 0.07000000000000028 0.0 0.030395696624450776 0.09455178077454551 -0.08983293355215964 -0.02513253872971365 0.0
3 45 2.7889715125895984 2.8453304084083872 3.0116340672652133 0.04361562797659466 0.08499999999999999 0.1766576177285316 0.24897195187577262 0.16999999999999998 0.7799999999999994 -0.09999999999999787 0.3789473684210525 0.7205697482080264 -0.23586195520692646 -0.03157894736842106 0.13108079300790285
3 46 -2.7450000000000006 -2.4010858244330464 -2.255 0.04750000000000001 0.05 0.0685958976752079 0.32613067876180185 0.06571973782460727 1.8476644818717278 -1.4390281933499205 -0.8514023588798572 0.049999999999998934 0.0 -0.008273546223477512 0.09999999999999995
3 47 -0.786244250685044 -0.363991642764951 0.04318984405206889 -0.1225 -0.10541509975141748 -0.07893671864931039 0.26155247836625445 0.04000000000000001 1.1296826034552025 0.18620311895862424 0.5894736842105263 0.7190223361406656 0.0 0.021052631578947368 0.07458337547203299
3 48 -0.09498968915516194 -0.07451270988503403 -0.005112300898467913 0.1958078833881167 0.31 0.3532911810016929 0.22838211564365088 0.38 0.4617223727792825 0.09497451589775724 0.2430117751469908 0.24979378310323846 0.05965826886260017 0.19999999999999998 0.3339460975343391
3 49 -0.1967261647074503 -0.223002064567476 -0.17000000000000037 -0.05 -0.04 -0.03 0.20816203633316652 0.12381909031794386 0.42011970503621465 -0.09999999999999787 -0.2211156342295867 0.08080660007590237 -0.10000000000000002 -0.06516794227260203 0.0
3 50 2.246005079499291 2.3495261522293767 2.44 -0.05 0.012732011974812031 0.03 0.18350951897801793 0.08 0.2033778957681487 -0.06841390718656193 0.09125152408849964 0.26770253443864744 0.0 0.042105263157894736 0.08416149980900166
3 51 -1.2625000000000006 -0.9603940328017746 -0.6289423016815666 -0.0225 -0.01 0.005 0.29283199060601617 0.05 1.4800000000000004 -0.984666602179658 -0.7789473684210528 -0.36479310702464796 0.0 0.02631578947368421 0.08277916473247632
3 52 1.237376719611884 1.2692945724290143 1.3059797759178373 -0.04262328038811675 0.06993620869700103 0.09384007469405423 0.19181933779676869 0.25 0.16999999999999993 0.0 0.08947368421052627 0.12830620463028963 -0.09999999999999995 0.08947368421052632 0.21906566950107864
3 53 2.323974704782941 2.538386640225509 2.8571987951807225 -0.04 -0.03 -0.016880500776580442 0.2198917890094092 0.026566914975597107 0.6799999999999997 -0.39838422892599423 -0.30000000000000016 -0.014544703972383388 -0.07808164176159979 0.01233320264442257 0.019492330663768292
3 54 0.08000000000000007 0.10699622300088965 0.11161585990305223 0.15 0.16 0.19 0.18590048337696846 0.14292687922441555 0.1635365603877923 -0.0823171980610371 0.08607187388831174 0.14999999999999902 -0.0967689168748051 0.054172041697060816 0.10000000000000009
3 55 -0.4174999999999991 -0.21598061466906623 -0.006817847079918234 -0.05 -0.04863569415983615 -0.04 0.2248605754057025 0.010000000000000002 0.7729226921473686 0.2650073880947587 0.4068014169196677 0.5434647099948218 -0.018077324973878976 7.304098846218135e-19 0.01528221333243679
3 56 -1.1102230246251565e-16 0.03248282620724983 0.04645861642989623 -0.03 0.0724002932551318 0.12266758389539373 0.18006268631347275 0.18 0.10830688507806621 2.220446049250313e-15 0.057003623725298005 0.10000000000000231 -0.09999999999999995 0.042105263157894736 0.07400293255131787
3 57 0.6877192033186464 0.9226988795318967 1.1236948102246327 -0.2725 -0.24 -0.22130518977536742 0.24134926838196655 0.10743375174337519 0.8511506276150629 -0.5524468806037247 -0.4479740145342436 -0.34514394710766894 -0.12185939720835495 -0.019701974601776428 0.10000000000000009
