33 0 -0.9025000000000001 -0.8976277056277053 -0.8875 0.25 0.26 0.26714285714285757 0.16746024780622498 0.025000000000000022 0.12071428571428666 0.0 0.06353383458646666 0.1095238095238138 0.0 -0.00037593984962457593 0.0
33 1 -1.0 -0.9432175324675323 -0.8021428571428572 0.17511363636363572 0.2109523809523814 0.23 0.2129296580359379 0.07999999999999999 0.5768181818181827 -0.15313852813852946 0.16842105263157897 0.09318181818181837 0.0 -0.0052631578947368324 0.09761904761905305
33 2 -1.3489772727272729 -1.3271103896103897 -1.31 0.24 0.24404761904761876 0.305 0.1705918842309107 0.12000000000000166 0.04952380952380908 -0.041341991341997675 -0.015538847117794245 0.002380952380954815 0.0 0.063157894736843 0.11634199134199386
33 3 -1.3824999999999998 -1.3661980519480519 -1.36 0.06 0.10500000000000001 0.13 0.1757236736294203 0.15 0.09047619047619082 -0.0849567099567039 -0.037092731829574226 0.0 -0.10000000000000002 0.02631578947368421 0.1659090909090953
33 4 -2.7735714285714304 -1.926110389610388 -1.1714285714285708 0.5749188311688306 0.8485714285714314 0.9985714285714281 0.4426917600643823 0.850476190476191 2.2604761904761914 0.44935064935064717 1.0739348370927297 1.7738095238095941 -0.10443722943723477 0.2844611528822041 0.9080086580086472
33 5 -1.21 -1.2024761904761905 -1.197142857142858 0.12 0.14119047619047526 0.24714285714285758 0.17499853138058344 0.200476190476191 0.020000000000000018 0.0 0.0 0.0 -0.15 -0.0739348370927321 0.06590909090909265
33 6 -1.368214285714286 -1.3581190476190477 -1.3576190476190477 0.52 0.53 0.54 0.16331582040418907 0.040000000000000036 0.040000000000000036 0.0 0.02105263157894739 0.045238095238097076 0.0 0.01052631578947457 0.0068181818181978215
33 7 -1.24 -1.2364761904761905 -1.22 0.34238636363636316 0.35 0.3585714285714279 0.16952268404406948 0.10000000000000003 0.050000000000000044 -0.10000000000000009 -0.026315789473684233 0.0 -0.0904761904761861 -0.052631578947368446 0.0
33 8 -1.4453246753246751 -1.3507564935064926 -1.1175000000000002 -0.014285714285712896 0.06445887445887544 0.2425 0.29938172925406914 0.36 1.2823809523809568 0.20000000000000018 0.6749373433583984 0.6660173160173033 0.07142857142857142 0.18947368421052632 0.27586580086581214
33 9 0.6592045454545457 0.6787023809523809 0.71 -0.09 -0.05 -0.04 0.19310949365781557 0.2700000000000017 0.1504761904761911 -0.021428571428571686 0.042355889724311126 0.10000000000000009 -0.10000000000000009 -0.14210526315789562 0.0
33 10 -1.053095238095238 -0.961964285714286 -0.9170616883116882 0.02 0.03214285714285714 0.04 0.19082366707944623 0.05 0.36047619047619117 -0.2325757575757481 -0.18446115288220588 -0.10000000000000009 -0.07413419913419425 -0.01578947368421053 0.0
33 11 -1.29 -1.2845 -1.28 0.39 0.39976190476190454 0.4007954545454544 0.157114844415595 0.019999999999999962 0.010000000000000009 0.0 -0.005263157894736847 0.0 0.0 -0.005263157894736818 0.0
33 12 -1.14 -1.1299318181818183 -1.12 0.36 0.36 0.3639285714285702 0.15800171424988657 0.010000000000000009 0.029999999999999805 0.0 -0.015789473684210423 0.0 0.0 0.0 0.0031385281385210018
33 13 -1.060438311688312 -0.682101731601731 -0.3075 0.23249999999999998 0.255 0.27261904761904776 0.26100925778637074 0.07428571428571429 1.04 0.26590909090909265 0.5473684210526315 0.7452380952380979 -0.19047619047618772 -0.03157894736842105 0.10000000000000009
33 14 -1.08 -1.0019123376623371 -1.074404761904762 0.31 0.31 0.3107954545454543 0.20372075819417002 0.04999999999999999 0.5100000000000001 0.0 0.268421052631579 0.11190476190476084 -0.04761904761905328 -0.026315789473684206 0.0
33 15 -0.30087662337662385 0.04168614718614746 0.41678571428571504 0.135 0.26527056277056227 0.35 0.27104929662057053 0.32999999999999996 1.000476190476191 0.2857142857142922 0.5265664160401006 0.7130952380952251 -0.24090909090908863 -0.1736842105263158 -0.10000000000000002
33 16 -1.3646428571428575 -1.254190476190476 -1.1775 0.21 0.21 0.22 0.1793247669663021 0.03 0.22999999999999998 0.0 0.11578947368421051 0.17857142857142905 0.0 0.015789473684210527 0.0
33 17 -1.031672077922078 -0.7937619047619043 -0.5075000000000001 -0.155 -0.10027056277056229 -0.08 0.24750981364463043 0.09508658008658322 0.875714285714287 0.08333333333333581 0.457644110275689 0.6321428571428545 -0.02142857142856662 0.02531328320801887 0.15508658008656967
33 18 1.62 1.6271904761904765 1.631547619047619 -0.13 -0.12 -0.1 0.16219965454791505 0.04000000000000001 0.019999999999999796 -0.019047619047616315 0.0 0.09999999999999787 -0.08095238095239224 -0.015789473684210523 0.006818181818181446
33 19 -1.3496428571428576 -1.2970833333333334 -1.2389285714285716 0.2375 0.24 0.25 0.17134577042630916 0.02952380952380898 0.15999999999999992 -0.10000000000000009 0.02105263157894727 0.18095238095238386 -0.026190476190473544 -0.010275689223057369 0.0
33 20 -1.27 -1.2710000000000001 -1.2675 0.35500000000000004 0.37404761904761874 0.39 0.17410010799240394 0.17095238095238208 0.050000000000000044 0.0 0.02105263157894739 0.050000000000000044 -0.20000000000000018 -0.08997493734335898 0.09318181818181864
33 21 -0.815595238095238 -0.8115400432900435 -0.7775 0.28 0.28 0.2871428571428576 0.17390303542461794 0.029523809523810618 0.17999999999999994 -0.20238095238094667 -0.09473684210526312 0.050000000000000044 0.0 0.010526315789473665 0.03095238095238373
33 22 -1.3335227272727286 -1.3026396103896105 -1.2678571428571432 0.3254383116883131 0.36840909090909124 0.4154761904761902 0.18630212966044454 0.22095238095238207 0.08952380952380734 -0.18647186147185302 -0.04711779448621439 0.14080086580086304 -0.05952380952381403 0.07418546365914845 0.23170995670994954
33 23 -0.9524999999999999 -0.9230757575757575 -0.8928571428571425 0.20999999999999958 0.21 0.22 0.16513258581989798 0.01999999999999999 0.09999999999999998 -0.10000000000000009 -0.05263157894736841 -0.0023809523809464883 0.0 0.005263157894735941 0.0
33 24 -1.2325 -1.2033170995670992 -1.17 0.31 0.32 0.33 0.16862017931761944 0.030000000000000027 0.13000000000000012 0.0 0.05789473684210531 0.10000000000000009 0.0 -0.010526315789473694 0.0
33 25 -1.08 -1.0772543290043288 -1.0729816017316014 0.2175 0.22 0.2625 0.17058916721840406 0.12047619047619101 0.060476190476191016 -0.08809523809523934 -0.021303258145363685 0.0 -0.10238095238095518 -0.0581453634085216 0.0
33 26 -1.21 -1.2100000000000002 -1.21 0.16 0.16 0.17 0.1562247474542578 0.020000000000000018 0 0.0 0.0 0.0 0.0 -0.010526315789473694 0.0
33 27 -1.27 -1.2418463203463204 -1.221785714285713 0.057499999999999996 0.12 0.1376136363636361 0.17393121099976047 0.10047619047619102 0.1186363636363621 -0.08095238095238932 0.021052631578946452 0.10000000000000009 0.0 0.04235588972431108 0.09999999999999995
33 28 -1.38 -1.3810681818181818 -1.38 0.28369047619047644 0.29 0.29 0.15711734708554867 0.009999999999999953 0.019999999999999796 0.0 0.0 0.0 0.0 0.005263157894736818 0.009523809523813986
33 29 -1.31 -1.3039761904761904 -1.3 0.23 0.23 0.24 0.15980192338528174 0.01999999999999999 0.040476190476191 -0.050000000000000044 -0.021303258145363685 0.0 0.0 0.005263157894736847 0.0
33 30 -1.0546428571428577 -0.9484653679653683 -0.8185227272727272 0.20374999999999938 0.21 0.23 0.1925638146239875 0.03 0.4004761904761909 0.10681818181818126 0.1686716791979935 0.309523809523814 -0.03690476190475689 -0.015789473684210527 0.0
33 31 -1.5 -1.4997142857142858 -1.4975 0.5146590909090905 0.53 0.55 0.16485105299179703 0.09000000000000008 0.027142857142857135 -0.03571428571428559 -0.005263157894736847 0.0 -0.10000000000000009 -0.04736842105263162 0.0
33 32 -1.1967532467532476 -0.4421309523809508 0.25095238095238226 0.59 0.7402705627705624 0.8304383116883123 0.412272212633007 0.24952380952380893 2.5404761904761943 1.1777056277055915 1.3370927318295758 1.5350649350649546 -0.3455627705627501 -0.1313283208020047 -0.050000000000000044
33 33 -1.1330952380952375 -1.099653679653679 -1.07 0.20750000000000002 0.235 0.26 0.17044375023934266 0.06 0.10999999999999988 -0.050000000000000044 0.03684210526315781 0.17218614718615188 0.0 0.03157894736842017 0.09761904761904472
33 34 -1.7241720779220782 -1.3836179653679648 -1.086904761904762 0.35500000000000004 0.4084090909090907 0.41 0.24555090723475556 0.13 0.8700000000000001 0.2340909090909049 0.4578947368421053 0.6922077922078151 0.0 0.052631578947368446 0.10238095238095518
33 35 1.6128571428571425 1.6782943722943728 1.746190476190476 -0.26 -0.25 -0.2375 0.2260316189922507 0.03 0.7646103896103917 0.050000000000000044 0.400751879699249 0.716666666666671 0.0 0.005263157894736847 0.019047619047611042
33 36 -2.7405952380952385 -2.7625324675324685 -2.73 -0.21 -0.21 -0.21 0.18676744054642486 0.14000000000000168 0.22999999999999998 -0.06190476190476302 -0.12105263157894736 0.0 0.0 0.07368421052631667 0.0
33 37 -0.9227380952380948 -0.9172738095238095 -0.9103571428571433 0.1175 0.13159090909090929 0.14142857142857168 0.16155011562335184 0.039999999999999994 0.020000000000000018 -0.030952380952377623 0.0 0.0440476190476069 -0.015909090909092816 0.010526315789473687 0.050000000000000044
33 38 -0.8032954545454545 -0.7392543290043286 -0.6695941558441556 0.057499999999999996 0.07500000000000001 0.18214285714285755 0.18882895323690319 0.16999999999999998 0.21999999999999997 0.0309523809523804 0.09999999999999998 0.1711038961039102 -0.1285714285714286 -0.08421052631578858 0.0
33 39 -2.5050811688311696 -2.052833333333332 -1.537738095238094 0.03285714285714243 0.08714285714285713 0.10571428571428498 0.3286208312244631 0.09999999999999999 1.840952380952384 0.8214285714285685 0.9689223057644126 1.12359307359309 -0.028571428571433424 0.02631578947368332 0.09999999999999999
33 40 -1.25 -1.19561038961039 -1.1188095238095241 0.17 0.175 0.1825 0.17680916114271145 0.04000000000000001 0.15952380952380896 -0.20000000000000018 -0.07343358395989945 0.06590909090909314 0.0 8.911000592386126e-16 0.0
33 41 -0.40107142857142863 -0.3872110389610392 -0.36 0.5569805194805186 0.9634090909090891 1.04047619047619 0.2564153940695825 0.9304761904761911 0.16952380952381235 -0.15000000000000818 -0.08922305764411176 0.04999999999999977 -0.08333333333333637 0.4265664160400988 0.9739177489177349
33 42 -0.75 -0.729301948051948 -0.7128571428571424 0.17 0.17 0.18 0.16511726506822452 0.01999999999999999 0.09999999999999998 -0.09047619047618638 -0.04736842105263156 0.0 0.0 0.0 0.0
33 43 -1.1362499999999993 -1.1100595238095239 -1.0798863636363645 0.30238636363636306 0.31 0.31 0.16775842166081836 0.029523809523809008 0.11999999999999988 -0.09999999999999898 0.0 0.11590909090909318 0.0 -0.010275689223057369 0.0
33 44 -1.26 -1.1981937229437234 -1.164561688311688 0.33102272727272847 0.34 0.3425 0.18282719040385767 0.03952380952380896 0.2804761904761911 -0.31829004329005095 -0.14761904761904793 0.0 -0.006818181818189495 -0.005012531328320522 0.0
33 45 -1.32 -1.3125000000000002 -1.3175 0.39 0.39 0.4 0.16064480506308576 0.030000000000000027 0.040000000000000036 0.0 -0.02105263157894739 0.0 0.0 0.010526315789473694 0.0
33 46 -0.78 -0.47310930735930656 -0.12892857142856998 0.18083333333333193 0.3190476190476186 0.3876136363636369 0.2808251850123523 0.21 1.090952380952384 0.25000000000000866 0.5741854636591494 0.9012987012987106 -0.25952380952381393 -0.11052631578947367 0.0809523809523835
33 47 -1.0367857142857144 -1.0198214285714284 -1.0098809523809522 0.19 0.19 0.2 0.16422402879282272 0.04000000000000001 0.040476190476191 0.0 0.015538847117794245 0.07857142857142896 0.0 0.015789473684210527 0.0
