41 0 -1.66 -1.640309523809524 -1.62 -0.38 -0.38 -0.37 0.1615455054418583 0.010000000000000009 0.039999999999999813 0.0 0.02105263157894727 0.07619047619047192 0.0 0.0 0.0
41 1 -0.7825 -0.7823181818181817 -0.76 -0.2325 -0.22 -0.21071428571428655 0.17296247853192148 0.1 0.10999999999999999 0.0 0.057894736842105256 0.10000000000000009 0.0 0.05263157894736842 0.10000000000000009
41 2 -1.27 -1.2309761904761907 -1.23 -0.79 -0.7636363636363634 -0.7474999999999987 0.18949484461112523 0.16000000000000003 0.2371428571428571 -0.10000000000000009 -0.10902255639097741 0.0 0.0 -0.045454545454544956 0.10000000000000009
41 3 -1.09 -1.0948917748917752 -1.0695454545454544 -0.43 -0.41261904761904733 -0.3975000000000001 0.18009564569101127 0.12363636363636449 0.137272727272729 -0.050000000000000044 -0.0722488038277521 0.009523809523805937 0.0 0.06507177033492867 0.10000000000000009
41 4 -1.53 -1.51730303030303 -1.515952380952381 0.017499999999999998 0.02857142857142857 0.04 0.16697368065826018 0.027142857142857142 0.06000000000000005 0.0 0.03157894736842108 0.10238095238096268 -0.09999999999999998 -0.014285714285714285 0.06060606060607286
41 5 -1.6293073593073593 -1.3944870129870124 -1.1199999999999997 -0.26 -0.2 -0.19 0.22815103671127046 0.06 0.7128571428571429 0.09999999999999232 0.375187969924812 0.6064935064935106 -0.09999999999999995 -0.031578947368421054 0.0
41 6 -1.12 -1.0387857142857144 -0.9406818181818176 -0.37249999999999994 -0.36 -0.3475 0.17991512924577943 0.0799999999999984 0.20714285714285696 0.0 0.10375939849624057 0.15584415584415812 -0.10000000000000009 -0.021052631578947358 0.0
41 7 1.6146428571428562 1.7187359307359302 1.978571428571429 -0.042499999999999996 -0.03 -0.03 0.26419790004037674 0.06 0.6838961038961084 -1.0283549783549628 -0.35994531784005707 0.5835497835497849 -0.09999999999999996 -0.031578947368421054 0.0
41 8 -1.13 -1.0705844155844155 -1.0274999999999999 -0.06261904761904735 0.05432900432900355 0.5408982683982688 0.23181707701440715 0.7161904761904767 0.1399999999999999 -0.1928571428571435 -0.06315789473684204 0.050000000000000044 -0.6329004329004262 -0.36650717703349234 0.0
41 9 -1.17 -1.1709523809523812 -1.17 -0.36250000000000004 -0.36 -0.36 0.1571143614442004 0.020000000000000018 0.010000000000000009 0.0 0.0 0.0 0.0 0.010526315789473694 0.0
41 10 -1.43 -1.313642857142857 -1.195768398268397 -0.36 -0.35 -0.34 0.18811254963888194 0.02999999999999997 0.18999999999999995 -0.10000000000000009 0.06842105263157901 0.2772727272727338 -0.004545454545451522 -0.005263157894736847 0.0
41 11 -1.73 -1.6600043290043285 -1.6974999999999998 -0.16 -0.12976190476190447 -0.10392857142857143 0.2132859826823269 0.1152380952380947 0.5372727272727291 0.0 0.28277511961722585 0.20000000000000018 -0.09999999999999995 0.005263157894736847 0.15
41 12 -1.3525000000000003 -1.3149696969696971 -1.2834523809523808 -0.1625 -0.1544805194805197 -0.15 0.16892888196287018 0.022857142857142854 0.07714285714285718 0.0 0.02447026657553025 0.10000000000000009 -0.011471861471866462 -0.012030075187969924 0.0
41 13 -0.9025000000000001 -0.8556666666666667 -0.78 -0.44238095238095226 -0.44 -0.43 0.1756834814123629 0.02999999999999997 0.17999999999999994 0.0 0.08947368421052627 0.18095238095238164 0.0 0.010526315789473694 0.0
41 14 -1.019231601731603 -0.4856168831168846 0.09020562770562802 -0.27964285714285675 -0.25 -0.2371428571428579 0.35361067531870427 0.06999999999999998 2.115064935064936 -1.6019480519480886 -1.1131920710868084 -0.5627705627705676 -0.14999999999999986 -0.036842105263157884 0.021428571428575016
41 15 -0.6718181818181819 -0.6723636363636364 -0.67 -0.3 -0.29 -0.29 0.1597658563588149 0.020000000000000018 0.039999999999999925 0.0 0.02105263157894733 0.03636363636363493 0.0 0.005263157894736847 0.0
41 16 -1.4939285714285708 -1.3360584415584411 -1.1241341991341987 -0.15798701298701323 -0.14590909090909113 -0.13 0.2154366501055719 0.017142857142857126 0.6536363636363646 0.15714285714285126 0.3440191387559814 0.5123376623376663 -0.011904761904761169 -0.0018455228981539985 0.0
41 17 -1.179545454545455 -1.0230757575757574 -0.8956818181818177 -0.3348809523809522 -0.2526190476190473 -0.24 0.20001740222290126 0.15714285714285717 0.35 0.0 0.17368421052631577 0.2701298701298621 0.0023809523809550925 0.08270676691729326 0.1214285714285751
41 18 -1.14 -1.1324999999999996 -1.13 -0.31 -0.31 -0.31 0.15710977321595196 0.010000000000000009 0.019999999999999796 0.0 0.005263157894736847 0.0 0.0 0.0 0.0
41 19 -1.5525000000000002 -1.4285606060606062 -1.2559090909090904 -0.14250000000000002 -0.135 -0.12178571428571416 0.19000475234485542 0.039999999999999994 0.3600000000000001 -0.3489177489177431 -0.15263157894736845 0.050000000000000044 0.0 0.0052631578947368324 0.028571428571437102
41 20 -1.404880952380952 -1.387603896103896 -1.36 -0.10159090909090913 -0.1 -0.09 0.16661534079044366 0.03 0.10714285714285698 0.0 0.056390977443608936 0.10000000000000009 0.0 0.005263157894736839 0.018181818181817466
41 21 -1.9565909090909064 -1.0822402597402612 -0.22786796536796497 0.1325 0.21670995670995621 0.43025974025974045 0.4754554074904774 0.5801298701298718 3.01904761904762 -2.438095238095282 -1.3469583048530414 -0.5809523809523842 -0.4292207792207875 -0.3053315105946694 -0.14090909090908876
41 22 -1.58 -1.5183896103896104 -1.48 -0.18 -0.15 -0.14 0.17795819526561082 0.04999999999999999 0.2142857142857144 -0.20000000000000018 -0.06349965823649989 0.05151515151515906 0.0 0.026315789473684206 0.07207792207791816
41 23 -1.2025 -1.1364415584415586 -1.0839935064935062 -0.7791991341991346 -0.77 -0.76 0.1785004858340978 0.06000000000000005 0.19285714285714284 -0.049999999999998934 0.043609022556391035 0.16904761904761645 0.0 0.03157894736842108 0.08116883116883189
41 24 -2.1525000000000007 -2.026915584415584 -1.8991341991341986 -0.24336580086580142 -0.10090909090909113 -0.06545454545454524 0.22649304866232214 0.2766666666666672 0.41000000000000014 0.13333333333333197 0.21578947368421061 0.46796536796537835 -0.1954545454545483 -0.14545454545454498 -0.08636363636363491
41 25 -1.3755194805194804 -1.3681515151515151 -1.36 0.0 0.0 0.01 0.1588855169022049 0.03 0.019999999999999796 0.0 0.010526315789473576 0.025324675324673862 -0.004761904761910402 -0.010526315789473684 0.0
41 26 -0.91 -0.8930714285714286 -0.87 -0.2025 -0.185 -0.18 0.16330679762040873 0.03 0.040000000000000036 0.0 0.02105263157894739 0.09285714285714286 -0.049999999999999906 -0.015789473684210527 0.0
41 27 -0.9294264069264071 -0.8895995670995671 -0.845627705627706 -0.44 -0.43499999999999917 -0.43 0.18085137192854342 0.02999999999999997 0.2471428571428571 0.035714285714291694 0.10375939849624062 0.24999999999999967 0.0 0.01578947368421051 0.0
41 28 -1.0812012987013 -0.7697792207792205 -0.5057142857142858 -0.1925 -0.18 -0.16 0.23662870974656106 0.04000000000000001 0.7157142857142857 -0.050000000000000044 0.35037593984962406 0.5153679653679644 -0.09999999999999981 -0.010526315789473679 0.0
41 29 -0.91 -0.7694458874458876 -0.5957142857142865 -0.125 -0.09857142857142857 -0.042499999999999157 0.20906391503604016 0.06619047619047506 0.3114285714285714 -0.4142857142857165 -0.0887218045112782 0.0 -0.13571428571428418 -0.0330827067669173 0.01666666666666105
41 30 -1.039651162790698 -1.0228100775193798 -1.0175 -0.08249999999999999 -0.08 -0.07 0.1703445900442208 0.07 0.1100000000000001 -0.10000000000000009 -0.05789473684210531 0.0 0.0 0.03157894736842106 0.09999999999999995
41 31 -0.8218073593073593 -0.8455194805194802 -0.7742857142857138 0.11261904761904776 0.21547619047619104 0.22 0.20692780024987978 0.2 0.397142857142857 0.0 0.19323308270676684 0.2707792207792259 0.0 0.10526315789473684 0.2547619047619104
41 32 -0.7549999999999994 -0.7418593073593073 -0.7279545454545455 -0.38 -0.3773809523809527 -0.3161363636363635 0.17626340528297899 0.07 0.1100000000000001 -0.08095238095238377 0.026315789473684233 0.10000000000000009 -0.07857142857143701 -0.031578947368421054 0.01190476190476103
41 33 -1.7957142857142863 -1.7338138528138525 -1.6866666666666656 0.0 0.0 0.0 0.17726520131389312 0.017142857142857144 0.17714285714285727 -0.16818181818181732 0.03164730006835358 0.12727272727273364 0.0 -0.0015037593984962411 0.0
41 34 -1.0901190476190479 -0.8913744588744585 -0.7056818181818177 -0.36250000000000004 -0.275 -0.26 0.20624876647893176 0.13 0.42285714285714293 0.024458874458871405 0.22255639097744365 0.3681818181818147 0.0 0.06842105263157895 0.10000000000000009
41 35 -1.4293181818181822 -1.3083290043290043 -1.2481926406926407 -0.5025 -0.44761904761904736 -0.41 0.20551044271382624 0.14 0.4399999999999984 -0.2989177489177486 -0.22440191387559758 -0.050000000000000044 0.0 0.0736842105263158 0.10000000000000009
41 36 -0.7925 -0.7933939393939392 -0.76 -0.37 -0.28761904761904733 -0.2175 0.19002863281889237 0.21999999999999997 0.18000000000000005 -0.050000000000000044 0.0736842105263158 0.15909090909090096 0.0 0.11578947368421051 0.16060606060607302
41 37 -1.0726190476190478 -1.0449632034632037 -1.05 -0.28 -0.27 -0.22761904761904778 0.1903378915864117 0.16714285714285712 0.2400000000000001 -0.1636363636363658 -0.10000000000000003 0.050000000000000044 -0.1476190476190449 -0.08079289131920665 0.0
41 38 -1.29 -1.180400432900433 -1.0575 -0.681926406926407 -0.4117099567099562 -0.2881818181818177 0.2272316106629042 0.53 0.30000000000000004 -0.23376623376623273 -0.1473684210526316 -0.02272727272726649 0.10454545454545133 0.27894736842105256 0.4259740259740291
41 39 1.618452380952381 1.611865800865801 1.62 0.6959523809523807 0.715 0.72 0.18592561619963363 0.287272727272729 0.06000000000000005 -0.06277056277056547 -0.03157894736842108 0.0 -0.13095238095238382 -0.15119617224880474 0.0
41 40 -1.0210714285714289 -0.977099567099567 -0.9474999999999999 -0.25 -0.23 -0.17818181818181775 0.1788993241439338 0.12 0.08476190476190548 -0.10000000000000009 0.03684210526315787 0.14999999999999958 0.0 0.06315789473684211 0.10000000000000009
41 41 -0.93 -0.9242142857142855 -0.92 -0.19 -0.18380952380952387 -0.18 0.1608787081094761 0.03999999999999998 0.030000000000000027 -0.011904761904760752 0.0 0.011904761904760752 -0.0181818181818226 0.00861244019138709 0.050000000000000044
41 42 -1.18 -1.1865389610389612 -1.1675 -0.24 -0.24 -0.2399999999999996 0.1715884784802876 0.017142857142857126 0.13649350649350755 -0.10000000000000009 -0.07183868762816187 0.0166666666666615 0.0 0.009022556390977435 0.0
41 43 -1.6008333333333333 -1.5347662337662338 -1.4654545454545451 -0.15 -0.125 -0.11 0.17894516637837662 0.039999999999999994 0.2371428571428571 -0.20194805194804544 -0.1195488721804511 -0.004545454545451522 0.0 0.019138755980860775 0.0
41 44 -1.53 -1.3570151515151516 -1.18 -0.1737987012987014 -0.16261904761904733 -0.16 0.1907427984688844 0.027142857142857135 0.3800000000000001 -0.26666666666667727 -0.1349282296650713 0.0 -0.032467532467531784 0.010936431989064025 0.050000000000000044
41 45 -2.5060064935064945 -2.0594047619047604 -1.4857142857142867 -0.17 -0.1511904761904761 -0.11499999999999999 0.3939817847677246 0.09 2.5385714285714287 -0.3551948051948062 -2.074436090225564 2.376190476190514 -0.10000000000000009 -0.005263157894736847 0.12142857142857497
41 46 -1.1067857142857143 -1.081556277056277 -1.0675 -0.34 -0.33 -0.33 0.1683926708124931 0.020000000000000018 0.137142857142857 -0.10000000000000009 -0.04395078605604876 0.023809523809527056 0.0 0.010526315789473694 0.0
41 47 -1.07 -1.0615 -1.05 -0.3476298701298699 -0.33090909090909115 -0.32 0.15976122821557523 0.03999999999999998 0.020000000000000018 0.0 0.010526315789473694 0.0 -0.023376623376628047 -0.021052631578947358 0.0
