52 0 -0.04633070000000006 0.08870185999999998 0.27237930000000043 0.07689075000000001 0.07950480000000004 0.08241714999999994 0.20289112577290755 0.015574399999999766 0.5165927999999993 -0.3457139999999992 -0.2718909473684207 -0.11775000000000091 -0.007064999999999433 0.008197052631578824 0.029987000000001318
52 1 -0.2994303999999999 -0.2926354399999999 -0.28476659999999987 -0.11307139999999993 -0.11170550000000001 -0.1064617000000001 0.16223946640411785 0.014161400000000102 0.07065000000000055 0.03202799999999728 0.037184210526316076 0.06405600000000122 -0.009420000000001094 0.001487368421052629 0.01632800000000101
52 2 0.17854040000000027 0.18654112000000006 0.19549640000000046 0.03394340000000018 0.03417890000000001 0.04041179999999994 0.16182838630857638 0.04374020000000001 0.03899879999999989 -0.05338000000000065 -0.02052568421052626 0.025748000000003213 0.0 0.023021157894736844 0.03595299999999968
52 3 0.25206350000000033 0.3524744200000001 0.4882700000000003 -0.49399265000000003 -0.33131710000000003 -0.31320714999999993 0.2767867518920159 0.7693000000000001 0.5700355999999998 0.050240000000001395 0.27691494736842115 0.49706200000000145 -0.9429419999999994 -0.4048947368421053 0.05290900000000098
52 4 1.0438930000000002 1.0922019 1.1509042000000003 0.1121843500000001 0.15013909999999997 0.22058499999999998 0.18406554164551897 0.16403359999999978 0.1385367999999998 -0.04050599999999793 -0.01708821052631552 0.086978000000002 -0.10566100000000023 0.018509473684210454 0.09718299999999958
52 5 0.9930093 1.4882563800000002 1.8708434 0.05106425000000009 0.0674629000000001 0.09456894999999993 0.2922802419614428 0.0850626000000001 0.9641055999999999 -0.3124299999999991 -0.1296985263157901 0.9771679999999927 -0.11994799999999972 -0.04476978947368426 0.08525099999999841
52 6 0.1470775999999997 0.25632447999999997 0.37819729999999974 -0.24350700000000003 -0.2352959 -0.21347290000000002 0.19966586222449997 0.04402280000000025 0.4066927999999992 -0.22859199999999857 -0.011601473684210717 0.3868479999999974 -0.04835600000000051 0.017187368421052757 0.08744900000000166
52 7 -0.04779080000000002 -0.04677658000000005 -0.04444670000000006 -0.2296910000000001 -0.2295339999999999 -0.2295339999999999 0.15516362615825793 0.0026690000000002545 0.0033911999999998166 0.0 0.0017848421052630613 0.00031399999999903727 -0.0010990000000010713 -8.263157894746567e-05 0.005966000000000582
52 8 -0.27308580000000005 -0.020532460000000065 0.31431399999999987 0.030363800000000107 0.043049400000000015 0.07620779999999994 0.28273645431876737 0.14550760000000018 1.2155567999999999 0.3501100000000035 0.6363953684210526 0.8685239999999994 -0.2681560000000005 -0.0691956842105264 0.14553900000000008
52 9 -0.15007630000000005 0.42724096000000006 1.1065203000000001 0.012316649999999818 0.017599700000000107 0.0796147000000001 0.2855116258015701 0.10691699999999993 1.3666535999999998 0.11712199999999395 0.7192913684210526 0.8766880000000032 -0.04003499999999938 0.045166421052631585 0.09262999999999799
52 10 0.8001505 0.8132191800000002 0.8433412000000002 0.20088934999999986 0.20672190000000012 0.20825264999999998 0.16944099749010505 0.04094560000000036 0.12804919999999909 0.0037679999999995495 0.06650189473684179 0.11806399999999773 -0.019468000000000263 0.011337052631579131 0.040192000000002226
52 11 -0.3688401000000002 -0.28367388 -0.22622129999999985 -0.10609275000000012 0.3723569 0.5989706999999999 0.24409863401239795 0.8046249999999999 0.15926079999999976 -0.18274799999999924 -0.0838214736842104 0.04050600000000015 0.0708069999999994 0.4196031578947366 0.5940879999999993
52 12 -0.11842509999999984 -0.08816492000000001 -0.06501369999999984 0.06419730000000007 0.07138789999999995 0.07947340000000003 0.1670657257952007 0.04260979999999992 0.09357200000000043 -0.12340200000000134 -0.04924842105263181 0.028887999999998026 -0.028730999999999618 0.0028921052631579094 0.0442739999999997
52 13 0.9013526999999999 0.9278857 0.9485782999999999 0.04297089999999987 0.046440600000000054 0.05491075000000001 0.16775854723596498 0.042295799999999995 0.061732400000000354 -0.07944199999999846 -0.032358526315789594 0.021665999999997965 -0.012088999999999572 0.021368526315789404 0.08101199999999809
52 14 -0.20240439999999982 -0.20145925999999995 -0.20059890000000002 -0.12180845000000001 -0.11679229999999996 -0.11376220000000004 0.15649181954360827 0.015260400000000063 0.005526399999999931 -0.016642000000000046 -0.0014212631578945864 0.005966000000001692 -0.015228999999999937 0.0023632631578947368 0.015386000000000566
52 15 1.0566414 1.1975018 1.3341389 -0.1480117500000001 -0.037538699999999925 0.09654714999999991 0.23014885964870396 0.3023191999999999 0.5081776000000007 -0.4355179999999992 0.0500747368421053 0.5570360000000063 -0.3910870000000011 -0.025219157894736884 0.24240800000000062
52 16 -0.7046317 -0.4367834200000001 -0.2153412 0.15368730000000003 0.16004580000000002 0.1645124500000001 0.24348077699520063 0.019844799999999996 0.9709508000000002 -0.8270759999999999 -0.3929296842105265 0.023235999999997592 -0.0246489999999977 0.007007157894736861 0.036423999999998236
52 17 -1.2995831999999998 -0.9767692200000001 -0.6394609999999997 0.05000449999999995 0.07903379999999982 0.13262575 0.286875233890105 0.11417039999999967 1.3809719999999999 -0.8408919999999998 -0.7268273684210526 -0.6245459999999969 0.01632800000000101 0.060007052631578794 0.10832999999999982
52 18 0.9490964000000002 0.9954176800000001 1.0347398999999997 -0.24379745000000003 -0.19424039999999998 -0.17680554999999998 0.17637844402577382 0.0769928000000002 0.10933479999999918 -0.2555960000000024 -0.04766189473684182 0.1570000000000027 -0.025747999999998772 0.006841894736842047 0.10456200000000027
52 19 -0.09737139999999989 -0.019040959999999905 -0.010330600000000079 -0.1632564499999999 -0.1539699000000001 -0.1375163000000001 0.1968019479569841 0.039846600000000176 0.29622760000000037 -0.035167999999998756 0.15590926315789494 0.5137039999999993 0.004867000000000621 0.020674421052631647 0.0422329999999993
52 20 -0.6209820999999999 -0.45557945999999994 -0.3196677000000001 0.07243195000000002 0.09339930000000007 0.09775604999999998 0.2103618056926529 0.03632979999999986 0.5545239999999998 -0.6044499999999986 -0.09178715789473683 0.45341600000000204 -0.10785899999999904 -0.019120947368420977 0.05966000000000138
52 21 -0.2163459999999997 -0.2154762199999999 -0.21524699999999997 -0.027090350000000096 -0.025214199999999964 -0.023761950000000143 0.1553978022531625 0.007316200000000217 0.002951599999999832 -0.0015699999999996272 9.915789473700555e-05 0.0015699999999996272 -0.0007850000000009238 0.002297157894736928 0.013030999999998905
52 22 0.4005384000000003 0.9190089200000001 1.4959902 0.06938614999999998 0.09289689999999995 0.11669810000000008 0.31671874395571015 0.08537660000000002 1.5473920000000003 -1.3963579999999975 -0.8144168421052633 -0.4757100000000025 -0.07693000000000061 -0.042753578947368344 0.019625000000002002
52 23 -2.206949 -1.7520415 -1.2953442 0.09664920000000005 0.10401250000000006 0.10733304999999999 0.3013987125767294 0.06923700000000022 1.5880864 0.43740200000000007 0.8358349473684211 1.1508099999999977 -0.060288000000001674 -0.03644052631578959 -0.0006279999999991848
52 24 -0.05206120000000003 0.029038720000000073 0.09151530000000041 -0.15522589999999997 -0.14445570000000008 -0.12661265000000005 0.1965646331786401 0.037460199999999944 0.4343876 0.059974000000002636 0.22862505263157895 0.2477459999999998 -0.006279999999998509 0.01804673684210521 0.040191999999998895
52 25 -0.08493699999999993 -0.08488048000000004 -0.08182840000000002 0.030277449999999928 0.03075629999999996 0.03212219999999988 0.1571848280665382 0.004301799999999911 0.023549999999999738 0.0 0.012328631578947433 0.02982999999999736 -0.013345000000000162 -0.002264105263157848 0.00015700000000062886
52 26 1.3071819999999998 1.5332934 1.7774440999999999 0.3491366 0.4351883000000002 0.5031693 0.26432841953214314 0.28737279999999976 0.6998432000000001 -0.9040060000000016 -0.10018252631578921 0.5300320000000003 0.04050600000000015 0.0934563157894737 0.22890599999999983
52 27 1.1872497000000002 1.55091508 1.8640453 0.1705020000000002 0.22542059999999986 0.3076258 0.2673456972888312 0.18193159999999997 1.0333112000000009 0.009419999999997763 0.4122654736842108 0.7708699999999968 -0.1171219999999995 0.06984021052631575 0.22859199999999857
52 28 -0.13283770000000017 -0.07109273999999999 0.004615799999999948 -0.15314565000000002 -0.14838070000000003 -0.14556255 0.17941094758564655 0.036580999999999975 0.23311360000000025 -0.15605799999999892 -0.12269136842105277 -0.11429599999999818 0.0003140000000012577 0.01925315789473683 0.022765000000000146
52 29 -0.17177370000000003 -0.17091647999999998 -0.17094160000000036 0.23830244999999983 0.24112060000000013 0.24296535000000002 0.15574184048373566 0.005683400000000116 0.007222000000000062 -0.00251200000000118 -0.00042968421052616703 0.0006279999999958541 -0.008007000000000986 -0.00023136842105238968 0.01256000000000368
52 30 -0.13776750000000026 -0.08265736000000008 -0.027883199999999997 -0.26272380000000006 -0.2605728999999999 -0.23326274999999996 0.17675952167927705 0.06920560000000009 0.12560000000000038 -0.14820800000000078 -0.030309263157894832 0.10927200000000026 0.0021980000000010325 0.03642400000000005 0.0660969999999994
52 31 -0.06331810000000027 0.4091985199999999 0.8553202999999999 -0.10672860000000006 -0.05540529999999999 -0.02154039999999996 0.27085407753405405 0.13765760000000005 1.1744856000000006 -0.012246000000000201 0.365462947368421 1.1448439999999982 -0.036580999999998864 0.06428736842105268 0.08729199999999993
52 32 0.1292424000000003 0.12830354000000024 0.1292424000000003 -0.05519335000000003 -0.05356840000000007 -0.050742400000000076 0.15698490362322612 0.014977800000000041 0.010864399999999996 -0.00031399999999903727 -0.005718105263157892 0.0 0.0 0.007833473684210583 0.013188000000000644
52 33 -0.06999060000000024 -0.029779760000000023 0.03807250000000029 -0.12566280000000002 -0.06653660000000006 -0.05556229999999995 0.18722442226144273 0.08773160000000013 0.14054640000000074 -0.2728660000000005 -0.06461789473684196 0.1591980000000004 -0.06107300000000149 0.036506631578947395 0.0871350000000004
52 34 -0.1057395000000001 -0.05188536000000006 0.015480200000000055 0.28637584999999993 0.2866506000000001 0.2889585000000001 0.17539757691749355 0.0042704000000000075 0.18149199999999954 -0.2455480000000021 -0.024624210526315787 0.21320599999999912 -0.007536000000000209 0.0019005263157894899 0.012716999999999867
52 35 -0.39188770000000006 -0.24066843999999996 -0.10665009999999997 -0.017827349999999964 -0.004678599999999977 0.01721505000000001 0.18769096777545538 0.04518460000000002 0.3237968000000002 -0.32153600000000004 -0.16661831578947375 -0.004082000000000807 0.004395999999998734 0.02378136842105264 0.052595000000000836
52 36 -0.07675729999999992 0.10289151999999997 0.1586013999999999 0.08338270000000003 0.0853451999999999 0.12015210000000004 0.24776391891813057 0.12563139999999984 0.6742836000000003 -0.10299199999999953 0.35488610526315806 1.0669720000000038 -0.0072219999999989515 0.06612178947368412 0.18007900000000188
52 37 -0.04852870000000009 -0.005510700000000024 0.04391290000000003 -0.03113309999999997 -0.025638100000000108 -0.012402999999999997 0.170633845080551 0.031337200000000065 0.12999600000000022 -0.13910200000000206 -0.06316357894736829 0.01475799999999916 -0.023864000000000107 0.009039894736842085 0.05604899999999802
52 38 -0.09561299999999984 -0.07286683999999999 -0.0414637000000001 -0.24745555000000008 -0.20285969999999998 -0.19974325000000004 0.16754637135889477 0.05231240000000015 0.060413599999999956 -0.03799399999999897 -0.0268056842105264 0.028259999999999952 -0.015699999999999603 0.027532842105263234 0.04615800000000059
52 39 -0.07906519999999995 -0.07674159999999997 -0.07473199999999991 0.09040845000000003 0.09862739999999992 0.10281144999999986 0.1570788641117611 0.01987620000000012 0.006782400000000077 -0.025119999999998477 0.0009915789473681855 0.026689999999998104 -0.027789000000001396 -0.009552210526315835 0.00047099999999966613
52 40 -0.012936800000000193 -0.001212039999999992 -0.004034899999999952 0.011672949999999904 0.0152447 0.020088150000000027 0.166773262857621 0.012905400000000178 0.11668239999999974 -0.07504600000000083 -0.043893894736841924 0.02982999999999958 -0.01240300000000194 0.004875263157894748 0.0285740000000001
52 41 -0.17109859999999988 -0.08587272000000004 -0.00015699999999996272 0.02866035 0.03585880000000008 0.0428767000000001 0.19127268294615607 0.04019200000000023 0.37585800000000047 -0.3177680000000027 -0.16737852631578956 -0.016956000000001303 -0.004395999999996514 0.015270315789473729 0.04176199999999963
52 42 0.19174410000000008 0.3095255 0.4817073999999999 -0.11110104999999992 -0.07518729999999996 -0.035670399999999935 0.22298062177418151 0.13812859999999993 0.6232899999999999 -0.3846499999999975 0.13763115789473676 0.6104160000000025 -0.10440499999999964 -0.06539463157894741 0.013187999999999533
52 43 -0.057462000000000124 -0.03202171999999999 -0.0020252999999997856 -0.09277130000000006 -0.0873077000000001 -0.06776905000000005 0.16946613049583756 0.05614319999999995 0.07165480000000057 -0.08760600000000007 0.010246315789473822 0.10236400000000145 -0.042861000000000704 0.02954905263157892 0.07944200000000179
52 44 -0.02738079999999976 0.08152696000000019 0.17623250000000046 -0.22894524999999993 -0.2237406999999999 -0.2092024999999999 0.18875854828118793 0.027914600000000123 0.31494199999999983 -0.09608400000000072 0.019930736842105393 0.33032799999999973 -0.008477999999999541 0.011138736842105354 0.03187100000000109
52 45 0.9454069 0.9902963400000002 1.0584940000000005 -0.1321469 -0.06769840000000005 -0.026203300000000096 0.189433296135965 0.12707580000000007 0.2696004000000003 0.05212400000000006 0.14001094736842115 0.1818060000000088 0.002354999999999441 0.06255210526315788 0.06484099999999993
52 46 -1.2927223 -0.9296692200000001 -0.6612839999999999 -0.010723099999999985 0.09716729999999996 0.1311263999999998 0.2892018575729075 0.137532 0.7048044 -0.5485580000000001 0.3709496842105264 1.089266000000001 -0.11303999999999981 -0.05566063157894734 0.08069799999999905
52 47 0.08854799999999974 0.08861079999999974 0.08873639999999972 0.13907060000000016 0.13907060000000016 0.1395573000000001 0.1547464715245 0.0026690000000000325 0.0003767999999997329 0.0 0.00019831578947354363 0.0 0.0 -0.000776736842105219 0.0
