53 0 -1.6536810000000002 -0.44205548000000006 0.3556834999999997 0.10686990000000013 0.1621496 0.17973359999999983 0.5289685173780031 0.09536180000000005 3.0689103999999996 0.9944380000000008 2.108162947368421 3.5108340000000036 -0.08493699999999937 0.037283368421052614 0.11979100000000131
53 1 2.8804319 2.9912594560000003 -3.12424191 -0.15896250000000006 -0.13374830000000004 -0.08807700000000013 0.22403937865876758 0.0940744 0.58006476 -0.10415380000000418 -3.0741261052631583 0.4989460000000001 -0.18934200000000012 0.034292105263157936 0.23424400000000123
53 2 0.5897548000000001 0.6136784600000003 0.6391313 -0.02103799999999989 -0.017003099999999938 -0.014420449999999974 0.16690833079328984 0.025622400000000045 0.0680124000000002 -0.059973999999998195 -0.035796000000000106 0.009734000000001242 -0.020096000000001668 -0.00854410526315776 0.017112999999999712
53 3 1.0168576000000003 1.05000972 1.0654176999999998 -0.23924445 -0.22662950000000004 -0.18235550000000006 0.18459495185889482 0.09821919999999995 0.24221959999999942 -0.2599920000000022 -0.1274839999999997 0.06908000000000136 -0.09796799999999939 -0.04933105263157892 -0.0021979999999999222
53 4 0.3811174999999999 0.39702788 0.4093146999999999 -0.10042505000000002 -0.09123270000000006 -0.03786055000000005 0.17129825015443634 0.1300587999999998 0.05281480000000016 -0.050239999999999174 -0.0024128421052632396 0.003140000000001475 -0.06923699999999977 -0.056371263157894744 0.025277000000000216
53 5 0.4626633000000001 0.5702648200000001 0.6924171 0.04613444999999994 0.05289330000000003 0.07033600000000001 0.19250506816908605 0.043865800000000066 0.2334904 0.031399999999999206 0.1228896842105263 0.2895079999999983 -0.03862200000000038 0.02308726315789477 0.08132600000000156
53 6 3.0246364 3.02490644 3.0269914 -0.24524184999999998 -0.2446687999999999 -0.2433029 0.15707804269265283 0.014067199999999946 0.010424800000000012 -0.0043959999999998445 -0.005486736842105269 0.0021979999999999222 -0.000628000000000295 0.007403789473684182 0.015386000000001676
53 7 0.5255575 0.52757338 0.5290586 -0.32860100000000014 -0.3278474 -0.32677979999999995 0.15577595145443626 0.0024177999999999145 0.011052799999999863 -0.0009419999999993323 0.005718105263157892 0.012559999999999238 -0.010361999999999316 -0.0012725263157894286 0.004553000000000473
53 8 0.7576663000000002 0.75719216 0.7618896 -0.11099114999999993 -0.1085969 -0.10648524999999998 0.15954479446271652 0.01387880000000008 0.0435831999999996 -0.012873999999996055 0.018145894736842097 0.019154000000003446 -0.03140000000000032 -0.007304631578947411 0.018996999999999487
53 9 0.5494057999999999 0.60326308 0.6476092999999999 0.012348049999999833 0.018117800000000184 0.019193249999999884 0.16594789828564643 0.007912800000000164 0.07667880000000027 -0.09043200000000029 -0.021418105263157673 0.042703999999997855 -0.013815999999998718 0.0005453684210524788 0.010675999999999464
53 10 0.6695893000000003 0.6720133800000001 0.6856661000000004 0.08495269999999999 0.08785719999999997 0.08832035000000016 0.16433213273469105 0.013062399999999919 0.09828200000000065 -0.03453999999999846 -0.05172736842105297 0.0 -0.004709999999998882 0.0011237894736842709 0.018054999999999044
53 11 0.3503141000000002 0.4501912200000001 0.5786863 -0.08408134999999994 -0.05780739999999995 0.1530671500000001 0.27706018519137904 0.9430676 0.45278799999999997 0.07881399999999816 0.19656400000000013 0.3956399999999971 -1.1385639999999986 -0.42480894736842106 0.10220699999999971
53 12 0.35368960000000016 0.41095378000000016 0.46781289999999986 0.0558684499999999 0.22386630000000018 0.5021566499999999 0.2336523191703599 0.569753 0.19204240000000006 -0.10990000000000277 -0.05516484210526324 0.21728799999999548 -0.02983000000000069 0.017650105263157773 0.42342900000000183
53 13 0.23573549999999988 0.34399327999999996 0.4276365999999999 0.19035465000000001 0.5534564 0.8098217000000001 0.279858558912398 0.43168720000000005 0.46679239999999966 -0.37460200000000166 -0.1520090526315787 0.1965640000000013 -0.8281749999999988 -0.22720378947368422 0.3673799999999994
53 14 0.5351816000000003 0.5883826200000001 0.7147268000000004 -0.2147446 -0.2047751 -0.18723819999999997 0.2052914620168567 0.10057420000000006 0.30753159999999946 -0.4163640000000024 -0.16185873684210497 0.12717000000000311 -0.051338999999999135 0.02786336842105263 0.08839099999999989
53 15 2.7234162 2.8222163 2.9125698 -0.10396539999999999 -0.07391559999999997 -0.036949950000000065 0.19750303879265277 0.10544120000000001 0.3393084000000002 0.011618000000002127 0.1785833684210527 0.31839599999999635 -0.1402009999999987 -0.006032105263157982 0.16736199999999868
53 16 2.6817641 2.841489934 3.0201462 0.17274710000000015 0.19121030000000006 0.1965169 0.2171220599470477 0.050930800000000165 0.3249272000000003 -0.5630020000000036 -3.135207368421053 0.5978559999999966 -0.008477999999999541 0.025896736842105448 0.022921999999998555
53 17 0.46859790000000023 0.5011848200000001 0.5344594000000004 -0.11870770000000003 -0.0977325 -0.04678599999999994 0.17410907742067838 0.07824880000000012 0.1302471999999999 -0.09388599999999636 -0.06855115789473679 -0.03234200000000076 -0.05071099999999884 -0.030920736842105237 0.025747999999999882
53 18 0.36458539999999984 0.40403007999999996 0.4334770000000001 -0.20946155000000005 -0.19058229999999998 -0.1482865 0.18528781939137898 0.1770018 0.12409280000000011 -0.0018839999999986645 0.06531200000000006 0.18055000000000154 -0.021508999999999556 0.06732821052631574 0.13329299999999877
53 19 0.6973625999999998 1.72755578 2.8105512000000004 0.012308800000000009 0.01851029999999998 0.04271185000000005 0.19341603837481847 0.03607859999999996 2.2190380000000007 -1.480509999999997 -0.9933307368421055 0.041448000000001706 -0.03234200000000076 0.01824505263157887 0.06028799999999945
53 20 0.5605998999999998 0.5695489 0.5802248999999998 -0.048465899999999895 -0.046864499999999976 -0.04527879999999995 0.15720975219456365 0.007504599999999861 0.018965600000000027 0.0 0.00998189473684212 0.023236000000002033 -0.0015700000000007375 0.0039497894736841375 0.013187999999999533
53 21 0.5830823000000002 0.5851578400000002 0.58718 -0.12324500000000005 -0.12181629999999999 -0.11972819999999995 0.155372515825137 0.004615799999999837 0.00477280000000091 -0.010676000000002794 -0.0022475789473685418 0.0012560000000028104 -0.004709999999998882 0.00047926315789478666 0.009263000000001576
53 22 2.9537509 3.0944442519999997 -3.02560352 0.09290475000000004 0.14315260000000007 0.1666790500000001 0.21130175485086947 0.12013640000000003 0.2993047999999998 -0.36763119999999816 -3.237987831578947 0.04333200000000481 0.0031400000000003647 0.03982842105263159 0.11492399999999847
53 23 0.3044857999999998 0.35427991999999997 0.4143858 0.14438505000000001 0.15104970000000006 0.1604697000000001 0.17768310827927708 0.03843360000000007 0.14010679999999986 -0.17709599999999437 -0.07374042105263151 -0.09639799999999976 -0.02841699999999947 -0.008593684210526378 0.027631999999999657
53 24 0.33798960000000033 0.3811960000000001 0.3535012000000002 -0.3489089499999999 -0.33656090000000005 -0.3155464500000001 0.1992811027760924 0.18491460000000015 0.3265600000000002 -0.19530799999999848 -0.15131494736842108 0.045216000000001255 -0.2238819999999997 -0.0797229473684211 0.0536940000000008
53 25 0.46040250000000016 0.48722124000000006 0.5053201999999999 0.05750910000000009 0.05970710000000001 0.06785540000000001 0.16463238671494584 0.019593599999999878 0.07963039999999966 -0.059032000000001084 -0.014047368421052569 0.047728000000000215 -0.05730500000000305 0.0008924210526315307 0.04050600000000126
53 26 0.5120084 0.55378924 0.6028015000000002 0.19860500000000003 0.20902980000000004 0.22553049999999997 0.1684195202085764 0.03965820000000009 0.09928679999999979 -0.07692999999999728 -0.05109936842105256 0.0025119999999989595 -0.03956400000000082 -0.002974736842105258 0.057462000000000346
53 27 0.48718669999999986 0.48907698 0.48971440000000044 0.10588864999999997 0.10807880000000003 0.11248265000000002 0.1562648904913789 0.013031000000000237 0.0028888000000000247 -0.00125600000000059 0.0008924210526314138 0.001883999999996444 0.0 0.006858421052631704 0.01726999999999923
53 28 0.37194870000000024 0.4830890000000001 0.6008389999999998 -0.10820439999999998 -0.09376039999999997 -0.09259074999999994 0.19539447163532794 0.029641599999999935 0.43105919999999953 -0.27883199999999775 -0.2163625263157892 -0.019467999999995822 -0.022765000000000146 -0.012593052631578902 0.010204999999999798
53 29 2.7669209 2.792405139999999 2.8115559999999995 -0.014640249999999966 -0.01075449999999989 -0.003972099999999978 0.17069237872832155 0.06465260000000006 0.11906879999999909 -0.10047999999999835 -0.055693684210526416 0.010047999999991397 -0.04615799999999948 -0.023847473684210568 0.016799000000000675
53 30 0.8563251 0.8678143599999999 0.8817276999999994 -0.3076101 -0.3037008 -0.29921060000000005 0.1682759095671752 0.09322659999999994 0.06298840000000094 0.00031400000000347816 0.030309263157895068 0.07567400000000113 0.003454000000000512 0.049066631578947334 0.059974000000000416
53 31 0.7317927000000002 1.61793838 2.4567517 0.011743599999999965 0.016437900000000005 0.028197199999999922 0.36858210149902226 0.08352399999999993 2.3140544 0.5328580000000027 1.2179233684210526 1.2729559999999962 -0.024335000000000884 0.016823789473684167 0.04333200000000037
53 32 0.3958598000000002 0.53012934 0.6131949 -0.13336364999999994 -0.10787469999999999 -0.09681404999999998 0.18552611113341716 0.08349260000000003 0.2594268000000004 -0.11775000000000091 -0.13654042105263178 -0.006594000000004208 0.005181000000000768 0.03298652631578954 0.07206299999999888
53 33 0.7925359999999999 0.7988317 0.8039812999999999 -0.21012880000000012 -0.2041628000000001 -0.20275765 0.15846517167672933 0.02273360000000002 0.022545200000000154 -0.023863999999997887 -0.011766736842105415 0.00125600000000059 0.0031400000000003647 0.005850315789473627 0.025591000000000363
53 34 0.4381556 0.44122652 0.4439802999999999 0.09170370000000017 0.09347779999999983 0.0957229 0.15680582888437267 0.012842600000000148 0.009106000000000503 -0.026690000000000325 0.004792631578947633 0.02857400000000121 -0.01491500000000201 -0.0036027368421053196 0.008006999999999875
53 35 0.38571759999999977 0.39271038 0.39995749999999974 -0.15120669999999997 -0.14955819999999997 -0.14759569999999994 0.1574620270748184 0.0067509999999999515 0.01727000000000034 -0.0018839999999986645 0.009089473684210706 0.025433999999997514 -0.008006999999999875 0.002578105263157937 0.013502000000000791
53 36 0.3024762 0.40355907999999996 0.5406765999999998 -0.04085140000000004 -0.03979949999999988 -0.03884180000000009 0.18274774034360822 0.006782400000000077 0.30633839999999957 -0.0015699999999996272 0.1410355789473684 0.3293860000000004 -0.004396000000000955 -0.0003635789473683581 0.00989099999999965
53 37 3.0252801000000002 3.0437244600000004 3.0671049000000004 0.04991030000000002 0.05388240000000011 0.056276649999999984 0.16425672900793944 0.015637200000000462 0.08565920000000027 -0.05212400000000006 0.00046273684210477935 0.09545600000000043 -0.008321000000000023 0.008230105263158137 0.027632000000002988
53 38 0.5854687000000003 0.6696709399999999 0.8747098000000002 -0.31176275000000003 -0.24512410000000007 -0.19825960000000004 0.26229800601876757 0.14330960000000004 0.9547484000000002 -0.2709819999999996 0.3909465263157897 0.8113759999999992 -0.15762799999999966 0.049380631578947426 0.24821699999999836
53 39 -2.1400199 -1.85742304 -1.622281 0.020637650000000007 0.0381980999999999 0.048230399999999896 0.24803560873405417 0.03218499999999991 1.0142828 -0.7897100000000001 -0.533833052631579 -0.33943399999999957 -0.02464899999999992 1.652631578953988e-05 0.021823000000000814
53 40 0.5809000000000001 0.62886978 0.6720385000000001 -0.11354240000000004 -0.1115642 -0.07853139999999992 0.16966343063660186 0.045906800000000025 0.05852959999999996 -0.1158659999999978 -0.02584715789473683 0.000628000000000295 -0.00863500000000017 0.024161473684210538 0.04678599999999977
53 41 0.5599718999999999 0.5607788800000001 0.5719510000000003 -0.030544350000000053 -0.015495900000000007 -0.008564349999999998 0.16605781701685668 0.030175400000000074 0.09752840000000029 -0.04678600000000088 0.023103789473684196 0.022922000000002996 -0.006907999999999914 0.011700631578947372 0.03736599999999979
53 42 2.3322978 2.39659872 2.539365100000001 0.11340110000000009 0.17681340000000012 0.1854326999999999 0.23726141424488206 0.22900019999999977 0.6840175999999998 0.03202799999999506 0.29658126315789485 0.6578300000000015 -0.09388599999999969 0.07628547368421049 0.19703499999999874
53 43 -2.73992632 -2.212944516 -1.7023039 -0.14841994999999997 -0.13794019999999996 -0.13364624999999997 0.29942826102099684 0.027317999999999953 1.59133944 0.6283140000000009 0.8375470736842106 1.0215047999999993 -0.03344100000000183 0.0045282105263158125 0.03140000000000143
53 44 0.5029337999999997 0.50435936 0.5085544000000003 -0.24727500000000002 -0.24620740000000008 -0.24549305 0.15686022930220694 0.00624860000000016 0.020158799999999477 -0.02480599999999722 -0.01060989473684183 0.0012559999999983695 -0.013815999999999828 -0.0032887368421053473 0.0004709999999985559
53 45 0.49820810000000004 0.5248478599999999 0.5505361999999998 -0.1456253500000001 -0.14048359999999993 -0.13640944999999993 0.16124640961112421 0.012120400000000142 0.061104399999999615 -0.03611000000000031 -0.02839221052631592 0.00031399999999903727 0.00015700000000062886 0.005338000000000112 0.010362000000000426
53 46 0.3171871000000003 0.39805152 0.5047235999999999 0.033511650000000115 0.30823810000000007 0.5669269999999998 0.2654314997385127 0.8284575999999999 0.40003600000000006 -0.4000360000000036 -0.04541431578947351 0.31337200000000065 0.03830799999999912 0.12315410526315787 0.5829410000000002
53 47 0.476966 0.48271847999999995 0.4870454000000001 0.04580474999999995 0.04714710000000011 0.050326349999999964 0.15785049658055098 0.011272599999999855 0.025999200000000222 -0.023864000000000107 -0.013683789473684328 0.0 -0.010362000000001537 -0.0053379999999998776 0.00031399999999792705
