54 0 0.31362319999999977 0.4295174599999999 0.5312095000000002 0.8242657 0.9429420000000002 1.02689775 0.22871358963532812 0.38603160000000036 0.41768280000000013 -0.0373660000000009 0.17012189473684197 0.34665600000000074 -0.303481000000001 0.03085463157894731 0.44462400000000013
54 1 -0.3191809999999998 0.39244976000000004 0.9184028999999996 -0.18358795 -0.05838830000000006 0.06988070000000002 0.34693339179520055 0.3833312000000002 1.8141035999999993 -1.2070159999999963 -0.9547913684210523 -0.47413999999999623 0.046315000000000106 0.17964105263157895 0.2932760000000001
54 2 -1.0457927000000002 -1.0207040999999997 -1.0001998999999997 0.5165221500000001 0.5295767000000002 0.5656788499999998 0.1665340432155829 0.05912620000000013 0.07272239999999996 0.006279999999998509 0.036324842105263044 0.062485999999999375 0.0036109999999989206 0.030061368421052437 0.04945500000000047
54 3 -0.23953490000000022 -0.009545599999999998 0.12041899999999972 -0.13838764999999992 -0.09101289999999995 -0.020967349999999996 0.24567226883596496 0.12622799999999978 0.8856055999999999 0.11335400000000107 0.4643233684210527 0.4248419999999964 -0.0722199999999984 -0.059957473684210526 0.026689999999999214
54 4 0.6324274000000002 0.8901743000000002 1.2618247000000002 0.18205720000000003 0.21399099999999993 0.21733509999999995 0.27640564080475466 0.052971800000000124 1.3198675999999998 0.20127399999999795 0.6790002105263161 1.1332260000000005 -0.05699099999999846 -0.018823473684210546 0.032655999999999796
54 5 -0.17050200000000004 -0.15629978000000003 -0.14888310000000005 0.20545805000000006 0.2520007000000001 0.2589872 0.16528842239965935 0.049988800000000166 0.059785600000000105 -0.0012559999999983695 0.03146610526315795 0.07159200000000032 -0.026533000000000806 -0.02254189473684206 0.02088100000000037
54 6 -0.07110529999999993 0.01657291999999997 0.0386219999999996 0.01958575000000007 0.031133100000000025 0.03745235000000008 0.1974493042283217 0.027537800000000168 0.32448760000000076 -0.028888000000000247 0.17078294736842145 0.3865339999999984 -0.025276999999999106 -0.009965368421052697 0.011460999999999277
54 7 -0.21804159999999984 -0.21510569999999998 -0.21502720000000008 0.13611115000000007 0.13728079999999987 0.13878800000000013 0.1571603007194044 0.017897999999999747 0.012685599999999742 -0.013187999999997313 -0.0048917894736841714 0.0 0.0 0.00789957894736851 0.0171129999999986
54 8 -0.4203361000000001 -0.2934958000000001 -0.24502990000000002 0.12063095000000001 0.15462929999999997 0.21782179999999995 0.21634783388500953 0.12079580000000001 0.5591084 0.13627599999999962 0.2942675789473684 0.2631320000000015 -0.14177100000000165 -0.058717999999999944 -0.0031399999999992545
54 9 -0.041196800000000255 -0.039479220000000016 -0.038292299999999835 0.18400400000000017 0.18816450000000007 0.19644625000000004 0.15636791348437268 0.013816000000000273 0.0057776000000004935 0.0 0.0028425263157896403 0.004082000000003028 -0.013816000000000939 -0.004263789473684227 0.00047099999999966613
54 10 -0.07699279999999997 -0.013034140000000027 0.013156599999999963 0.22941625 0.23749390000000004 0.2640975500000002 0.19139577787609238 0.07140360000000001 0.25779399999999963 -0.08823400000000037 0.02244273684210517 0.0618580000000013 -0.0857220000000003 -0.02346736842105267 0.04458800000000207
54 11 -0.3101691999999999 -0.17817616000000006 -0.03202800000000017 -0.5042290500000001 -0.34934069999999995 -0.07106604999999994 0.25854206747035974 0.6891985999999999 0.49323119999999987 -0.4377160000000013 -0.16430463157894729 -0.0056520000000004345 -0.547145 -0.17612094736842096 0.03312699999999946
54 12 -0.30908590000000014 -0.26575704 -0.2162832 0.21495655000000002 0.2234895 0.22605645000000024 0.17776002360029625 0.025496799999999986 0.17100440000000017 -0.03862199999999927 0.032061052631579046 0.20975200000000083 -0.04851300000000114 -0.013419368421052624 0.01632800000000101
54 13 -0.0928812 0.08487106000000003 0.23262689999999986 0.12224019999999997 0.13073389999999996 0.14173175000000005 0.19113621826462737 0.02581079999999991 0.3660612000000003 0.022607999999997297 0.18846610526315807 0.397523999999998 -0.05338000000000176 0.008610210526315686 0.056205999999998646
54 14 2.0876761000000004 2.1957391999999993 2.3240552999999995 0.050397000000000025 0.08094920000000005 0.1113600999999999 0.19619590971430897 0.08660119999999982 0.3469072000000004 0.06813800000000647 0.17045242105263136 0.2628179999999958 -0.043959999999997335 0.045579578947368325 0.09372899999999906
54 15 1.2463288000000003 1.2732982600000002 1.3073389999999998 0.04133809999999993 0.06865610000000011 0.10279574999999991 0.17382598520157 0.09677480000000016 0.11517519999999948 -0.09388600000000302 -0.0028094736842105604 0.11994799999999639 -0.06452700000000089 -0.02730147368421073 0.06374199999999663
54 16 0.7721730999999998 1.0828195800000002 1.4076305999999996 0.3483045000000001 0.39135390000000014 0.39521610000000007 0.2629340530155828 0.06311400000000011 1.1606068000000005 -0.8525100000000019 -0.6108456842105265 -0.17113000000000156 -0.026532999999999696 -0.02928463157894745 0.013815999999999828
54 17 0.10936619999999975 0.26540221999999997 0.46886479999999975 -0.008564349999999887 0.057618999999999976 0.06991994999999995 0.21055583794870378 0.1096801999999999 0.5268919999999997 -0.4044320000000057 -0.2772124210526315 -0.1230880000000023 0.009262999999999355 0.057643789473684176 0.09545599999999932
54 18 -0.30787699999999985 -0.2938694599999999 -0.27788999999999997 -0.11183895000000005 0.04333200000000004 0.049470700000000034 0.18317509089902226 0.1928901999999999 0.043646000000000296 -0.031714000000000464 0.02151726315789491 0.07504599999999861 -0.02731799999999951 0.0943156842105265 0.21854400000000052
54 19 2.6897711 -3.124312560000001 -2.77285707 0.12256990000000006 0.1332144999999999 0.41425234999999994 0.26254676816870387 0.2947203999999999 0.91667276 0.07724399999999854 -2.8261057684210527 0.48673140000000226 -0.09498499999999854 -0.14584473684210522 0.07473199999999958
54 20 -0.2470237999999999 -0.20886024000000009 -0.16868080000000008 0.16869650000000008 0.17494510000000008 0.18858839999999993 0.16999317934360822 0.03632979999999986 0.13947880000000001 -0.002197999999997702 0.06977410526315783 0.08352399999999927 -0.03344099999999961 -0.012659157894736829 0.008477999999998431
54 21 0.08423049999999976 0.18504334000000003 0.34175759999999966 0.1351927000000001 0.13707669999999994 0.14798034999999987 0.21960004809520062 0.04644060000000039 0.6868436 -0.17364199999999608 0.16823789473684214 0.3793119999999983 -0.042546999999999446 -0.024442421052631783 -0.0003140000000012577
54 22 0.4880973000000002 0.50799548 0.6402773999999998 0.12662049999999997 0.15119099999999996 0.24780879999999994 0.26051300298883123 0.1632800000000001 1.0106404000000007 0.025433999999997514 0.5319160000000004 1.158974000000006 -0.06421299999999963 0.0005123157894736327 0.06939399999999929
54 23 -0.4823667999999999 -0.4823762200000002 -0.48161319999999996 0.27126459999999986 0.2723007999999999 0.2723321999999999 0.15537471770602862 0.0061229999999998785 0.0033911999999998166 -0.00251200000000118 0.0012229473684210429 0.00031399999999903727 -0.0003140000000001475 0.002264105263157848 0.003611000000000031
54 24 0.5749025999999998 0.64691536 0.7140987999999999 -0.08511754999999993 -0.08079219999999998 -0.06471540000000009 0.181060351602844 0.04615799999999992 0.2542772000000002 -0.20441400000000165 -0.12173284210526343 -0.032969999999998834 0.014129999999998866 0.024293684210526273 0.0394070000000013
54 25 -0.3710852 -0.3709501800000001 -0.3710224000000002 0.16381380000000023 0.1682726000000001 0.16880640000000002 0.15541893630029616 0.00593459999999979 0.0026376000000003508 -0.0006279999999980745 0.0 0.0006279999999980745 0.0 0.002627684210526206 0.005495000000000916
54 26 0.018526000000000153 0.12427492000000011 0.16539950000000003 0.25489735 0.28300820000000004 0.2899318999999999 0.2122906212729076 0.06782400000000033 0.3605348000000004 -0.24272200000000188 0.18975515789473704 0.06562600000000085 -0.014600999999999642 -0.0002478947368420464 0.07583100000000065
54 27 -0.4511866 -0.4493811 -0.44380759999999997 0.33360930000000016 0.34039169999999996 0.34145145 0.1580349727576209 0.010518999999999723 0.0256223999999996 -0.000628000000000295 0.012791368421052446 0.025433999999997514 -0.009734000000001242 0.002231052631578885 0.01632800000000101
54 28 -0.07578390000000002 -0.06850851999999999 -0.0651392999999999 0.10056635000000003 0.10511149999999991 0.11044950000000009 0.1620603088888312 0.014726599999999923 0.06317679999999992 -0.015385999999999456 0.03325094736842101 0.0593459999999979 -0.00251200000000118 0.004181157894736878 0.015700000000000713
54 29 -0.11655680000000002 -0.11203834000000001 -0.10358860000000014 0.10834569999999999 0.1161643 0.13254725000000006 0.16469135513596475 0.0503655999999999 0.06531199999999959 0.010676000000002794 0.03424252631578943 0.05965999999999916 0.013344999999999052 0.026442105263157812 0.037679999999999936
54 30 -0.07346030000000003 -0.005827840000000006 0.0129996 -0.18639824999999988 -0.16656130000000002 -0.15839729999999996 0.18992415586462738 0.034068999999999905 0.344144 -0.2511999999999981 -0.13425978947368442 0.02606200000000003 -0.06358500000000045 0.009139052631578859 0.059974000000000416
54 31 -0.3032611999999999 -0.26171585999999997 -0.25501510000000005 0.047390450000000084 0.07732250000000007 0.10272510000000012 0.18344834089774834 0.09391740000000004 0.2338043999999999 -0.1651640000000021 -0.11399852631578962 0.024491999999998182 0.03202800000000061 0.04943021052631581 0.06342800000000093
54 32 0.07501459999999993 0.28807615999999997 0.5728302000000003 0.02522989999999986 0.028809500000000043 0.04533374999999995 0.2074071036525255 0.026658599999999977 0.5631276000000001 -0.40663000000000116 -0.28362463157894746 0.012874000000000496 -0.015386000000001676 0.01188242105263161 0.02496300000000007
54 33 -0.30715479999999973 -0.30271798 -0.2966671999999999 0.19751385000000005 0.19871490000000003 0.19993165000000007 0.15606487516717518 0.004364599999999941 0.013690400000000214 0.0 0.007205473684210639 0.009733999999999021 -0.006907999999999914 -0.002297157894736811 0.005966000000001692
54 34 0.9955841000000001 1.0105148000000002 1.0227922 0.30020755 0.3106873 0.31582905 0.16114089625634698 0.02122639999999998 0.05432199999999909 -0.04207600000000866 -0.02749978947368404 -0.010361999999997096 -0.024021000000000736 -0.010692526315789413 0.0028260000000013275
54 35 -0.908873 -0.82281188 -0.7683423 0.3007413499999999 0.3605819000000001 0.3840534000000001 0.19671956465762097 0.11859779999999986 0.36053479999999993 -0.29233399999999854 -0.18975515789473682 -0.014130000000001086 0.02245099999999889 0.062419894736842035 0.11052800000000085
54 36 -0.33059490000000025 0.06328355999999993 0.6003209000000002 0.2557687000000001 0.3071077 0.3442382000000001 0.27536107514743 0.09589559999999997 1.2740236 0.3177680000000005 0.6705387368421052 0.7272239999999996 -0.07912800000000164 -0.0469182105263158 0.003296999999998773
54 37 0.153389 0.16054820000000009 0.1608464999999999 0.1884313999999998 0.1998453 0.21592210000000006 0.16259065043914966 0.028982199999999736 0.03855919999999946 -0.014130000000001086 0.0202943157894734 0.04835599999999829 -0.011460999999999277 0.009254736842105404 0.054949999999999166
54 38 -0.23914239999999998 -0.22205766000000002 -0.20676899999999976 -0.05959720000000002 -0.04449380000000003 -0.03319765000000008 0.16131216444806679 0.027317999999999953 0.04000359999999992 -0.030457999999999874 0.0013551578947366607 0.002197999999997702 -0.021666000000000185 -0.0069410526315789355 0.02213700000000096
54 39 -1.8007900000000001 -1.1790166199999998 -0.4779394 -0.02037859999999997 0.01224600000000009 0.027584899999999912 0.32243181533787585 0.08732340000000005 1.6882524000000003 0.3309559999999989 0.8885538947368423 1.3514560000000009 -0.041290999999998856 0.04595968421052634 0.12418700000000116
54 40 0.8070741999999999 1.0118587199999998 1.1740931 0.06486454999999997 0.10500159999999992 0.11836229999999998 0.20280141718118783 0.07297359999999964 0.4699951999999996 0.010989999999999611 0.24630821052631555 0.318082000000004 -0.014444000000000123 0.03477136842105249 0.06813799999999981
54 41 -0.10394970000000014 -0.09768226000000009 -0.09338360000000012 0.2695376 0.27239499999999994 0.2748755999999999 0.15720183265188847 0.011052799999999863 0.019907600000000247 0.0 0.010477684210526446 0.02857399999999899 -0.006123000000000101 0.0036523157894735882 0.013973000000001567
54 42 -0.27402779999999993 -0.25324727999999996 -0.2487665 0.24481009999999986 0.2517338 0.28751409999999994 0.1822003275034808 0.09890999999999983 0.21351999999999993 -0.07598800000000017 -0.08015263157894727 0.040191999999998895 -0.06860900000000059 -0.05205789473684202 -0.007693000000000838
54 43 0.7382297000000002 0.7881557 0.8529653 0.12417915000000002 0.15742389999999995 0.165949 0.20095680512513694 0.2006774 0.32731360000000054 0.12622800000000156 0.17227031578947397 0.20880999999999927 -0.016327999999999898 0.09347284210526324 0.15809900000000043
54 44 -1.8146531000000001 -1.6363827400000002 -1.5320060000000004 0.15172479999999988 0.1550531999999999 0.16119974999999998 0.22284846489711146 0.023518600000000056 0.448078 -0.2920200000000006 0.23583052631578943 0.6713320000000012 -0.04694300000000151 -0.007139368421052596 0.030300999999999245
54 45 -0.1427444 0.09131747999999999 0.33241609999999977 -0.00803054999999997 0.009027500000000077 0.02360494999999979 0.23198581865889492 0.13382680000000025 0.7193112000000004 -0.5586060000000015 -0.052752 0.4779080000000002 0.0034539999999982918 0.07043515789473698 0.11869200000000135
54 46 -0.03724039999999995 0.20339978000000009 0.2624569000000003 0.13633880000000004 0.16373530000000003 0.19656400000000002 0.2810974970257738 0.12088999999999994 1.3015299999999996 -0.861929999999993 -0.5110267368421049 0.07630200000000142 -0.041447999999999485 0.037564315789473744 0.13878799999999858
54 47 -0.2770107999999998 -0.2768506599999999 -0.2766183000000001 0.17569085000000018 0.17599700000000018 0.1772373000000001 0.15518844318628344 0.007598799999999795 0.0006908000000001024 -0.0009420000000015527 -0.000363578947368475 0.0 0.0 0.003999368421052523 0.012559999999998128
