59 0 0.20899839999999992 0.26556863999999997 0.30407760000000006 0.20372319999999988 0.21048990000000012 0.21533335000000003 0.18202793911176116 0.047413999999999845 0.2631948000000004 -0.19907600000000025 -0.13852357894736864 -0.08069799999999905 -0.03925000000000067 0.024954736842105182 0.07583099999999954
59 1 -0.6528531000000002 -0.3752048800000001 -0.17455259999999984 -0.011955549999999926 0.07758940000000003 0.11559910000000001 0.23023854569520055 0.26288080000000025 0.5772575999999998 0.04238999999999882 0.2521254736842107 0.5259500000000017 -0.019468000000000263 0.09163842105263167 0.21728799999999993
59 2 0.10559819999999986 0.10154132000000012 0.11121880000000006 0.10550399999999982 0.10760780000000014 0.11569329999999994 0.16278872282067836 0.024052399999999974 0.06995920000000044 -0.00125600000000059 0.0329534736842107 0.06688199999999922 -0.014600999999998532 0.005734631578947316 0.014130000000001086
59 3 0.11321270000000017 0.15512856000000008 0.15948059999999986 -0.16823335000000006 -0.15425250000000001 -0.1367313 0.19622473119265288 0.03940699999999997 0.40656720000000046 0.02606200000000003 0.2139827368421055 0.3601579999999993 -0.08619299999999996 -0.01179978947368426 0.06044500000000008
59 4 -0.19023690000000004 -0.15502494000000003 -0.14228910000000017 0.11539499999999986 0.1373749999999999 0.15186610000000006 0.17852462935762098 0.1269188000000001 0.13395240000000008 -0.09137399999999962 -0.07050126315789478 0.000628000000000295 -0.10628899999999941 -0.04308410526315797 0.05730500000000083
59 5 -0.05615889999999968 0.12437853999999997 0.33379769999999975 0.27803915000000007 0.31498910000000013 0.36121775 0.23017253253086947 0.08917600000000014 0.6809403999999994 -0.5080520000000033 0.09248126315789447 0.4810479999999995 -0.09200200000000103 0.02358305263157898 0.1628089999999982
59 6 0.37592080000000005 0.50718222 0.6859330000000001 0.02095164999999999 0.03477549999999996 0.03972100000000012 0.21218067554106054 0.0330642000000001 0.6173240000000004 0.11523799999999973 0.31254568421052636 0.43897200000000414 -0.027945999999999804 -0.006792315789473778 0.030301000000000355
59 7 1.6351863999999998 1.85570546 2.1779197 0.029939899999999908 0.08231509999999997 0.09262214999999996 0.27298386308628336 0.11341679999999998 1.0635807999999995 0.05463600000000124 -0.08025178947368451 0.8167139999999984 -0.06107299999999927 0.010213263157894626 0.08195399999999853
59 8 -0.09327370000000001 0.24076264000000003 0.6224579000000001 0.052092600000000044 0.07272239999999985 0.09166445000000017 0.276390265179277 0.04518460000000024 1.0542236000000003 -1.3831700000000002 -0.5548545263157896 0.0417619999999963 -0.06201499999999971 0.014857157894736751 0.08116899999999982
59 9 -0.13918049999999993 0.14726914000000002 0.42211019999999977 0.028746699999999847 0.05892210000000009 0.08677389999999996 0.22527861464233434 0.05501279999999986 0.6657427999999999 -0.14255599999999813 -0.19071368421052615 0.34948199999999874 -0.019154000000000115 -0.00988273684210523 0.06217199999999923
59 10 -0.1228996 0.01191002000000001 0.13533400000000018 0.16259705000000008 0.16842960000000007 0.17163239999999996 0.19225789592704776 0.022513799999999584 0.2905128000000001 0.0050240000000001395 0.1529014736842106 0.36926399999999804 -0.012088999999999572 0.010675999999999755 0.03862199999999927
59 11 -1.7456045 -1.1216079999999997 -0.4853027000000001 0.0776129499999999 0.14638680000000015 0.23435390000000006 0.36335903249074203 0.1574082000000001 2.1853772 -1.3486299999999996 -1.1501985263157894 -0.9441979999999983 -0.1857310000000001 -0.08243326315789477 -0.0010990000000010713
59 12 -0.012167500000000109 -0.004892120000000033 0.05972279999999974 0.14494240000000008 0.15517879999999995 0.16242434999999988 0.18559117185634713 0.03906159999999992 0.2935272000000002 -0.26815600000000384 -0.1544880000000001 -0.010361999999997096 -0.0361099999999992 -0.017402210526315843 0.02716099999999999
59 13 -0.2892410999999998 0.09576372000000004 0.41829510000000025 0.11592095000000008 0.12746829999999998 0.20454744999999996 0.25597927429201606 0.11068499999999992 0.8930788000000001 -1.185035999999997 -0.4700414736842105 0.1243440000000029 -0.041605000000000114 0.04799242105263145 0.11162700000000081
59 14 0.2715000999999998 0.2921518800000001 0.31451810000000013 0.30636195 0.31338770000000005 0.32686615000000013 0.16613648146717527 0.042421400000000054 0.08245640000000076 -0.059974000000002636 -0.04131578947368445 -0.012560000000001459 -0.05463600000000013 -0.01538600000000004 0.04380300000000337
59 15 -0.2047279999999999 0.03168260000000005 0.25848479999999996 0.019287449999999928 0.06473110000000004 0.08656979999999981 0.22194429863660184 0.1001974000000001 0.36273279999999986 -0.4810480000000017 -0.19091199999999992 0.005965999999997251 -0.1642219999999983 -0.05273547368421058 0.046314999999997886
59 16 0.2540888 0.3286543799999999 0.4534944999999997 0.3797751500000002 0.3839435000000001 0.3863142000000001 0.19725832252959555 0.016547800000000112 0.4672320000000001 -0.10801599999999967 0.14030842105263192 0.44556599999999946 0.0014130000000034393 0.005437157894736883 0.015071999999999308
59 17 -0.23495050000000017 -0.18167726000000003 -0.0258579000000001 0.08787290000000009 0.21171449999999992 0.21650300000000006 0.23998819612322606 0.1775355999999999 0.7646528000000004 -0.5532680000000001 -0.4024488421052633 -0.04458799999999874 -0.014600999999999642 0.09343978947368416 0.13282200000000022
59 18 -0.49252470000000004 -0.26366266000000005 -0.07465350000000004 -0.19844799999999996 -0.1861235 -0.15514740000000005 0.20797579332386298 0.08748040000000001 0.4186247999999999 -0.45467200000000263 -0.1961343157894737 0.12654199999999838 -0.08242500000000041 -0.04604231578947369 0.013972999999999347
59 19 0.06746290000000033 0.06806892000000006 0.14210070000000008 -0.02374625000000008 -0.022545199999999932 -0.021147899999999997 0.18405967366271658 0.019216799999999923 0.29905360000000014 -0.1196340000000018 0.10576842105263147 0.02951599999999832 -0.011932000000000054 0.0051396842105263345 0.01742700000000097
59 20 0.025889300000000115 0.18539187999999998 0.48068690000000025 -0.002276499999999959 0.015417400000000026 0.06240749999999995 0.24840043748309862 0.06980220000000004 0.5287132000000003 -0.43206399999999645 -0.27827010526315804 0.24083799999999433 -0.11806399999999995 -0.02954905263157904 0.09765399999999813
59 21 0.25914420000000027 0.25144178000000006 0.3363567999999997 -0.09432560000000006 -0.045294500000000015 -0.02517495000000003 0.22086051697672943 0.084152 0.6611584000000001 -0.10267800000000271 0.2879875789473685 0.1237160000000026 -0.018211999999999673 0.028706210526315775 0.07787199999999994
59 22 -2.51221352 -2.05229301 -1.6739654000000002 0.21522344999999993 0.2354372 0.27206529999999984 0.29918686401520067 0.10682280000000022 1.4776902799999998 0.5635985999999993 0.7777317263157895 0.9079624000000008 -0.03579600000000016 0.05622252631578959 0.1598260000000018
59 23 0.011696499999999665 0.03719015999999997 0.08379090000000011 0.26222924999999997 0.2686898000000001 0.28731000000000007 0.18611831710411783 0.05614320000000017 0.2795855999999999 -0.23361600000000093 0.030672842105263307 0.17364200000000274 -0.0646839999999993 0.008957263157894737 0.06578299999999815
59 24 -0.2421411 -0.10210965999999996 0.0037837000000003895 0.10119434999999999 0.15883689999999995 0.16639644999999997 0.23184306429265283 0.18296780000000012 0.6552551999999996 0.12622799999999934 0.3448711578947366 0.5695959999999944 -0.02496300000000007 0.08253242105263166 0.16076800000000002
59 25 -0.29501869999999986 -0.00977481999999994 0.1976002 0.18518935000000009 0.20943800000000012 0.23702290000000015 0.20888981760157005 0.08311579999999985 0.5301576000000003 0.01224599999999798 0.2773115789473685 0.19750600000000285 0.01350199999999857 0.04181157894736843 0.06656800000000018
59 26 0.21837130000000016 0.2551124400000001 0.3017382999999998 0.39293175000000014 0.39706869999999994 0.40031860000000014 0.16974854449265298 0.011178400000000144 0.11347960000000024 -0.15731400000000395 -0.022475789473684483 0.16799000000000452 -0.018212000000001893 -0.002495473684210588 0.012560000000001459
59 27 -0.13563230000000004 -0.06656485999999998 0.01648499999999986 0.18883959999999989 0.20681610000000006 0.2201611000000001 0.17703443057545548 0.03673800000000016 0.21345720000000012 -0.22011400000000014 -0.056982736842105385 0.010990000000001832 -0.026533000000001916 -0.0006610526315791411 0.027946000000000915
59 28 -0.25460689999999986 -0.03928453999999999 0.13286910000000018 -0.0425156000000001 -0.028825199999999884 -0.008423049999999932 0.24556920617418151 0.0666621999999999 0.7140987999999995 0.2442919999999993 0.3758414736842102 0.7743239999999973 -0.1212039999999992 -0.0031730526315789185 0.08854800000000163
59 29 0.19890330000000023 0.20084382000000006 0.234244 0.2984256 0.3226821000000001 0.33006895000000014 0.17997870139328986 0.04703719999999989 0.24071240000000005 -0.05840400000000301 0.0752608421052631 0.13910200000000206 -0.013031000000000015 0.00188399999999995 0.04914099999999921
59 30 -0.19040960000000018 -0.04747994 0.08310009999999979 -0.18971095000000004 -0.1849617 -0.1776298 0.20687599293787587 0.029578800000000127 0.5132016000000004 -0.3102319999999992 -0.24782863157894738 0.10330600000000079 -0.02088099999999926 0.009486105263158027 0.041447999999999485
59 31 0.1914771999999999 0.40006426 0.6924328000000003 -0.016484999999999972 0.012748399999999993 0.03580385000000008 0.27171279371494583 0.14563320000000002 0.7942944000000001 -1.1190959999999994 -0.41804968421052635 0.07630199999999698 -0.2442919999999993 -0.07664905263157895 0.07269099999999806
59 32 -0.14550759999999996 -0.012139240000000018 0.12561569999999989 0.04301015000000008 0.04899969999999998 0.05721080000000006 0.19129842527227076 0.029704400000000186 0.3367963999999999 0.0646839999999993 0.17445178947368412 0.2961019999999981 -0.04804200000000036 -0.015633894736842204 0.015385999999999456
59 33 -0.5154466999999999 -0.34456162000000007 -0.2943907000000001 -0.09821919999999995 0.00036109999999989206 0.04714709999999994 0.251876179102207 0.2341812000000001 0.8627463999999994 -0.5303459999999993 -0.3077530526315787 0.2973579999999987 -0.14773700000000223 -0.045315157894736856 0.1434980000000008
59 34 -0.2342126 -0.19303150000000005 -0.1681941 0.07630199999999987 0.18937339999999991 0.20483004999999993 0.194136384969086 0.1642220000000001 0.14732880000000037 -0.051495999999999764 0.07754147368421072 0.2279640000000005 -0.049141000000001434 0.0719390526315789 0.23110399999999864
59 35 0.35830539999999966 0.44372596 0.5976519 0.1064852500000002 0.12393580000000004 0.13150320000000004 0.21316505291239793 0.029641600000000157 0.6204639999999997 -0.14789399999999953 0.1359124210526316 0.3887320000000005 -0.037679999999998826 0.0024293684210525456 0.0354819999999989
59 36 0.3531557999999997 0.5248196 0.6751313999999997 0.28822059999999994 0.2907797 0.2969419500000001 0.21291487259392677 0.0189341999999999 0.6312028000000001 0.08823399999999815 0.332212 0.5969139999999995 -0.014758000000001381 -0.009965368421052579 -0.003611000000001141
59 37 -0.1234805000000001 0.10183962000000002 0.3286480999999999 0.11822099999999997 0.12895979999999996 0.1699211000000001 0.22075615671494583 0.04644059999999994 0.4965596000000003 -0.10707399999999812 0.261347157894737 0.5055399999999999 -0.018996999999999487 0.02259147368421068 0.050083000000000766
59 38 -0.3074687999999999 0.024281619999999983 0.34665599999999974 0.09712019999999993 0.12497200000000008 0.1325786499999999 0.22994812908309872 0.030301000000000133 0.796932 -0.6659939999999986 -0.41943789473684207 -0.16893199999999942 -0.032813000000000425 -0.014477052631578969 0.014286999999999495
59 39 -0.42298940000000007 -0.14821427999999998 0.09685329999999981 0.1269031 0.13242949999999998 0.13739855 0.2213271916200414 0.021257800000000104 0.7247748000000005 -0.5419640000000014 -0.369462315789474 -0.209438000000004 -0.021508999999999556 -0.00023136842105274025 0.018840000000001078
59 40 -0.4075876999999998 -0.2508703 -0.06377340000000009 -0.036212049999999996 0.06595569999999995 0.09731645000000005 0.20162433650539177 0.16233799999999987 0.3692639999999998 -0.4144799999999993 -0.19038315789473675 -0.0031399999999992545 -0.00015700000000062886 0.06625399999999985 0.15951200000000054
59 41 -0.12567850000000003 -0.10804740000000006 -0.0930696000000002 0.14584514999999992 0.17624819999999985 0.17789670000000007 0.1671202702588949 0.08069800000000016 0.05036560000000012 -0.001884000000000885 0.02459115789473694 0.062486000000001596 0.0 0.04024157894736833 0.07379000000000135
59 42 -0.2558001 -0.1853542 -0.10708969999999973 0.017230750000000017 0.06292560000000003 0.06951959999999985 0.19238573886590135 0.08164000000000016 0.3401247999999999 0.04741399999999896 0.1611976842105264 0.2995560000000008 -0.06060199999999849 -0.04296842105263166 0.010675999999998353
59 43 -0.04766519999999996 0.14274753999999995 0.3630154 -0.07506170000000001 -0.03968959999999999 0.005997400000000042 0.22458719647800304 0.09661779999999998 0.6829500000000004 0.2163460000000006 0.35944736842105285 0.3673800000000016 -0.056206000000000866 -0.050851473684210516 0.008006999999998765
59 44 -0.264702 -0.13518014000000012 -0.014726599999999923 -0.07212580000000002 -0.05355270000000001 -0.03340960000000015 0.19475984333978666 0.09398020000000007 0.24887640000000033 0.025433999999997514 0.1309875789473686 0.2967300000000006 -0.06374199999999886 0.01469189473684217 0.023864000000001218
59 45 -0.4712198000000002 -0.17427628 0.02625040000000023 -8.634999999990178e-05 0.06818509999999989 0.08612235000000013 0.2550893121251368 0.10829860000000013 0.5750596000000003 -0.4097700000000004 0.22181621052631587 0.8688379999999984 -0.007222000000000062 0.04552999999999994 0.11617999999999906
59 46 -0.19592029999999994 -0.03291033999999997 0.15654469999999998 0.08863434999999992 0.10008750000000022 0.11908450000000009 0.20920155686908598 0.07061859999999998 0.4075719999999996 0.008164000000003835 0.21451157894736822 0.3827659999999966 -0.10048000000000168 -0.037167684210526304 0.01617099999999927
59 47 -0.029249099999999917 0.11448126 0.25540759999999973 0.07725969999999999 0.09068320000000007 0.09325014999999992 0.20119307460921326 0.04251559999999999 0.48632319999999973 -0.06217200000000034 0.2116690526315788 0.4568699999999981 -0.00502400000000125 0.021368526315789404 0.035324999999999385
