8 0 -0.06873082353690005 0.05232259538805365 0.22885217725240448 -0.07836790140867801 0.038748054723652 0.129230286470462 0.24453931793218964 0.39638172642172 0.6307270850877601 0.11039207518900016 0.3253110006859369 0.513388599475713 0.14137166941199997 0.2070419790043579 0.30316369107240015
8 1 0.16267622485199107 0.19642740192704491 0.22439543052566652 0.18470072860808304 0.20078393766526303 0.207983420829763 0.16727230164782375 0.044244096538199995 0.09862855603034545 0.010908307825000102 0.051909766331760754 0.08761552845040002 -0.03743731245540005 -0.023093461786989462 -0.005672320068999953
8 2 0.0675722642832458 0.15784069319703486 0.2536505424859239 0.02373594453209066 0.1368201900922832 0.2100891120905451 0.2036053590130247 0.17755234480526189 0.23820253631365815 0.0001745329252000015 0.11806693092645167 0.18247417329660004 -0.21554816262200002 -0.0690782946054737 -0.047298422729199985
8 3 0.20256926404653647 0.24586041081312698 0.28331255856718646 0.22980086066263306 0.23960961105887307 0.2752666876772331 0.18956942044519923 0.24823817951126187 0.14102260356177448 -0.06597344572560004 0.014734253264344483 0.044680428851200105 -0.08901179185199976 -0.13065167342697995 -0.02268928027600009
8 4 0.10674763378537094 0.11080465163164495 0.11745086542326096 0.06148164697012495 0.06342332576297494 0.06547845095720495 0.15933131975949127 0.022514747350799995 0.03242821750216002 0.008464846872200046 0.016461210629389475 0.021991148575200015 -0.023300145514200017 -0.01184986702673684 0.00026179938779999357
8 5 0.4969331504738751 0.589810846619055 0.693544490711675 0.33090094835925293 0.521355639660623 0.6212321061063231 0.2527483647007954 0.37606609392844 0.38201766667776 -0.11152653920280031 -0.004491926338042097 0.31956978604120057 -0.5982988675855999 -0.14962064661375998 0.2949606435879992
8 6 -0.6065247497937987 -0.43090361180525516 -0.3268401004839286 -0.3257366645461075 -0.2897305220773475 -0.18032892123890115 0.24211354388917253 0.22636920398422547 0.7351326809418763 -0.6617415858931814 -0.16440082959469282 0.35971235883720004 -0.1792453141804 -0.08651321523851867 0.08246680715700012
8 7 1.0111764279890756 1.475731587660374 2.0264606338214914 -0.10906514014376009 -0.004432651486360104 0.1074298635974499 0.3211245091610296 0.37751471720725094 1.5202690449598362 0.08377580409600016 0.8001416026104401 1.2499175438459786 0.08709192967480006 0.19869195642486892 0.27855454861920015
8 8 0.704956326025877 0.8752542097958989 1.032471723486807 0.10413865744189779 0.1304102260076278 0.1612763738292478 0.23444432141041024 0.06729989595781816 0.78860956922368 0.2909463863084 0.4150576680124632 0.5707226654039999 -0.02984513020920003 0.035420997872535866 0.10419615634440008
8 9 -0.0047929977280645715 0.0024632086371243807 0.010779702522905428 -0.036906999965574096 -0.0340490233154241 -0.030453645056304095 0.15828415690573175 0.015760323145559998 0.02471386220832 0.0035779249666000046 0.012373465802336841 0.0207694180988 -0.022252947963000008 -0.008294906918715789 0.004188790204800001
8 10 -1.0119798127390751 -0.7067784497649825 -0.37409687771811506 0.030766179240536106 0.0349200628602961 0.0547906363943161 0.2353482185299107 0.0490612052736851 0.8541990425134909 0.07208209810760147 0.4495784434281532 0.6962991050854006 -0.04459316238859998 -0.02582168698615005 0.005672320068999988
8 11 0.49665549767928446 0.6348497951880184 0.6540405629783844 0.23928851895826106 0.3181904911180511 0.32737092298357107 0.24259960277680007 0.375909014295411 0.62924355522356 0.04686209041619954 0.33118081853871584 0.41181043700939945 -0.29330258079860005 -0.19784684962916368 8.726646260004411e-05
8 12 0.0906088650803938 0.20281521002726666 0.2837164568455019 -0.04604614899089 -0.0227329135073 0.00609992573574 0.17966325542269987 0.07133160652923999 0.21305234179233817 -0.022776546738600134 0.08476788598697794 0.09564404300960005 -0.050614548307999996 -0.03754295080486316 -0.01998401993540001
8 13 0.5160515840637949 0.564351825783643 0.6081177021067949 0.178425882096586 0.216836215609976 0.232347829337126 0.18082805391068982 0.11683234012888 0.13880603541156 -0.16903513805619996 -0.01938234064063159 0.0958185759348007 -0.10471975512000034 -0.06149070533098949 -0.014486232791599968
8 14 -0.1455062574469997 0.9161042227192977 1.9942106823118153 0.252548657950331 0.36628740198004106 0.41363382126367104 0.25806858788784526 0.29803242307117095 2.87520304986724 -2.995770394595401 -1.5132647630880212 -0.001483529864201305 -0.24050637092385474 -0.15685917003745842 -0.03246312408719976
8 15 0.24316159849372757 0.2515662315067335 0.2638044802217575 -0.35979598919777345 -0.3556290156086234 -0.3518416511317834 0.1608859167959049 0.019198621772000046 0.053302355356079995 -0.02129301687439994 0.01468832354709474 0.037699111843199906 -0.019111355309400224 0.0012584742501263093 0.00994837673640031
8 16 0.4482569357454889 0.5622784231140229 0.7293509384263488 0.007255236737820022 0.1008921511075502 0.13832073691669022 0.2254661801762441 0.21155135863492 0.3532197340197599 -0.4841543345047998 -0.1859051231682947 0.18456856839900004 -0.17357299411140004 -0.11134282033416841 -0.04180063558539983
8 17 2.532702885704484 2.745360774953662 3.019003975189244 -0.29690750988685005 -0.19328294887248004 -0.031006598344999105 0.28324941380681096 0.41743039720049097 1.0530006896478001 0.31450833121040134 -2.7510522686064207 0.7031058891681985 -0.2939134460366255 -0.21564920799956366 -0.09590584239757458
8 18 0.274720060252556 0.379178888649382 0.500360589274246 -0.12673640489480703 -0.07465141669199706 -0.02154977419989705 0.20616423793095795 0.17884388845242255 0.40603339718528 0.08237954069440001 0.16603592752578944 0.28361600345000004 -0.11676252695871275 -0.09412836234338029 -0.06710790973940005
8 19 0.3915504126451495 0.5357582420916495 0.6534632468465296 0.14882374050432012 0.17212388601852008 0.18251295839070103 0.19686167336608945 0.14035937844549093 0.33262484884615995 0.04241150082360007 0.12845623294720002 0.26651177678039983 -0.1128355361400546 -0.07387335707657418 0.02905973204579998
8 20 0.3424511979784426 0.37385927053280854 0.41394424746349257 -0.06676616457550721 -0.05996374381583721 -0.05633782229480721 0.17708095478351593 0.04361577800747999 0.21155135863491994 -0.10786134777360012 -0.11134282033416838 -0.039618974020400044 -0.028797932657999882 -0.022955672635515782 -0.00863937979740003
8 21 2.923068607632847 2.937184830623023 2.9846787302284468 -0.18968092866689845 -0.17542595200092664 -0.16488852664171486 0.18018690876692503 0.042725660088960005 0.21608921469011966 -0.07042403531819952 0.07596775217915785 0.1913753524817996 -0.04668755749100015 0.007192593707201884 0.06510078110221793
8 22 0.35430397450183626 0.6119843852671163 0.8342477021861863 0.10415010698208342 0.14256916714173343 0.16593912582601342 0.22974029575886334 0.09140289292741453 0.7445050990256401 0.23003439541360027 0.39184478896086317 0.4818854064771999 -0.06265732014680003 -0.009323732583144497 0.04869468613080005
8 23 0.37298369702588546 0.4758324591877415 0.5817992520582955 -0.15692803144193596 -0.07833585522437594 -0.008339425572898495 0.2109271079600955 0.24666738318533454 0.3948109300949201 -0.2830924046743996 -0.20779522636574738 -0.1374446785950001 -0.18666296350131278 -0.12982493851859714 -0.08796459430080006
8 24 0.23614144790987054 0.2563000007704706 0.2822879533327506 -0.008492481252017514 0.021186842678294845 0.046380670430914844 0.174828479374974 0.12538445346368 0.05874778262232003 -0.04171336912279999 -0.02371810594033685 0.04869468613080005 -0.10594148559639999 -0.06599181761246316 -0.028187067419799997
8 25 -2.835731022865828 -1.9088529796429963 -1.0562369507649092 -0.08597710061508501 0.0050330932304549995 0.010290897602105 0.4145537524742859 0.30707322859687997 2.652272144502299 0.3673918075459981 1.395932707632789 1.8306758524228017 -0.20594885173600003 -0.1616174887352 0.012217304764
8 26 0.20909713481781753 0.22069572036198357 0.23212675429795757 0.0664612167701271 0.0720811769615671 0.0823829828714971 0.1610479021215349 0.039165188414879995 0.03492403833252 -0.03822271061880003 0.00018371886863158417 0.03682644721720002 -0.03054326190999993 -0.020613257060463158 -0.009250245035599958
8 27 0.19669060727524346 0.2397557339036389 0.2899435492096034 0.17907621116823452 0.19928712390639453 0.2127523390855745 0.1787807195092516 0.06478662183424 0.16358971079048362 -0.12505284090580007 0.0019014902903368538 0.1825614397618179 -0.13360495423972732 -0.022248354991192355 0.08621926504880015
8 28 0.182034350325096 0.22486123951067194 0.267791103122116 0.1255241282852469 0.16402609158436687 0.20873270037469596 0.1837430143229387 0.18805922690334909 0.13245303693427998 -0.08264134008220028 -0.06971212470225263 -0.027401669256399974 -0.12182398179134538 -0.0989785404754469 -0.06754424205239987
8 29 0.8053777135890735 1.1718846392043094 1.4713648128903636 0.2294451249841367 0.25443387654964666 0.27024219624963663 0.25998594693523874 0.12384856372191999 1.03363634291196 0.1943424122102011 0.5440191278483999 0.9045168848490004 -0.11274826967919982 0.008239791258126317 0.12199851471480005
8 30 0.2173857519173215 0.21830030444538698 0.2303230049977715 -0.14289461462841616 -0.13859237802223617 -0.13751900053225616 0.16320299453521803 0.011519173063199994 0.08251916703438544 -0.017366026057399897 0.04316474818489759 0.08639379797399996 -0.009948376736400033 -0.005456450398357878 0.005061454830799922
8 31 0.42450193803411906 0.4640092109823911 0.5101583343991491 0.002788357405540942 0.010005293862560504 0.02008893361598614 0.17024952290066903 0.0300371164269008 0.10438814256212003 -0.09293878266900008 -0.006742482478778908 0.05044001538279941 -0.03953170755779127 -0.015809008645737265 0.022514747350791266
8 32 0.655178226761898 0.7098140136665061 0.766237890389788 -0.021673934983648998 0.065278368350991 0.09411993424029101 0.18894838565872224 0.16948892366172 0.2150071105538801 -0.199840199354 -0.11316163713362112 -0.022165681500400658 -0.09965830028919999 -0.08920469666406315 -0.0504400153828001
8 33 0.33317070056972303 0.441854098421015 0.5935563716756029 0.232729183778688 0.264241103423548 0.299003698800258 0.2080755461795519 0.07291985614856003 0.50068260252124 0.07557275661159962 0.2597049926976 0.25813419637079893 -0.0877027949130002 -0.009847331358652645 0.005061454830799783
8 34 0.28499122593706405 0.36782280690773206 0.4412069206373241 0.15772346524853495 0.16286782321880497 0.17025492927789496 0.18240351066495206 0.07110471372648001 0.18448130193639994 -0.11938052083680012 -0.030965815307852636 0.18500490071200026 -0.041364303272400094 -0.03742353354025264 -0.005759586531599997
8 35 0.4109088290072195 0.4287914725232114 0.4613357544206294 0.03221519037060221 0.1434362969543022 0.21746443717718406 0.19086265447084344 0.2849948135583819 0.07635815477500002 -0.11152653920280031 -0.040188502513157906 0.024172810140200007 -0.194167879285349 -0.1499972702938852 -0.09747663872419998
8 36 0.22216368770818345 0.3797625558406535 0.6171360607589135 -0.14306303890123417 0.09284438944534584 0.12258916322255585 0.2256785571112255 0.3433237171603964 0.45862016754804 0.008028514559199895 0.24137903555159998 0.2680825731072002 -0.2994984996432001 -0.17823486040265074 -0.026441738167799905
8 37 0.500813065882827 0.654080899476459 0.885845788843417 -0.016327312745613144 0.03865928533865995 0.07999740867227995 0.21897737245537088 0.13706070615956 0.5911953775299601 0.06614797865080013 0.29865339284749476 0.5201953835586002 -0.11021754226380007 -0.07213721376818948 -0.018151424220800016
8 38 -0.640340697976577 -0.46383816871576833 -0.5079531108892471 -0.10426800573199883 -0.09983050610878885 -0.034747178301695755 0.28181183862689946 0.42051962997635645 1.06824622197912 -0.9050404836245995 -0.562234853673221 -0.0069813170080001985 -0.34444072788246183 -0.21606257545389285 0.012653637077000013
8 39 0.03321124007853759 0.18858045009168584 0.3525584966402865 -0.09606490976619195 -0.062484774957711944 0.042056083913958056 0.22359152283851835 0.30044097743910547 0.4765796055512945 -0.39112828537328703 -0.2508313713427866 -0.04564035993979976 -0.2145882315334 -0.15812683023110816 -0.0649262481744
8 40 2.797086912203163 2.8435659028485487 2.900048248101773 -0.35668411562146807 -0.22443179155116807 0.04738142283148379 0.2525597033494034 0.44999824104316 0.43715261774844016 -0.41695915830280095 -0.230080325130758 0.05934119456799669 -0.20324359139540005 0.2368411794964 0.4651302456579999
8 41 0.14687236543794485 0.17180264847380083 0.21072959944601843 -0.1708040777345089 -0.1363076450687289 -0.06714024681196888 0.19562887109051738 0.29164451800954905 0.16734216868228358 -0.12391837689199992 0.026225868497157898 0.1296779634236 -0.19669860670039993 -0.1508791208636842 -0.01553343034280022
8 42 0.263367178282365 0.275201383275551 0.29117899991298496 0.011476267052427484 0.024474606656749845 0.036225035845839845 0.18120998047152745 0.1459095254672576 0.157515964993 0.009773843811199945 0.08290313947000001 0.10864674593699997 -0.04136430327242618 -0.06352998477280002 0.04511676116420001
8 43 0.10601952749596075 0.15468192503588674 0.19978297823705438 -0.12381103905625915 -0.014880677115809135 0.0019486601966008637 0.18513304634670952 0.17987363271112 0.13379694045832 -0.13674654689420002 -0.07041944234648422 0.03787364477101804 -0.09040805525360003 -0.09467033300585263 -0.03848451000659989
8 44 0.20194976912384305 0.21832444816617685 0.24251122094032307 0.0710712131011928 0.07647737045926278 0.08414372919867279 0.1634266119783353 0.018029251173159996 0.08313003227206187 -0.031154127148199928 0.02132976064775888 0.08656833089570937 -0.017366026057400036 -0.007863167577431574 -0.0017453292519999802
8 45 0.052384700020434105 0.0825343901841081 0.11153390837071411 0.024847622302957947 0.04169877623101795 0.04993236697732795 0.16708161897945117 0.05766567848609745 0.08215264789163998 0.006370451769799959 0.02459995650976842 0.05550147021359999 -0.045378560551999986 -0.03035035709794603 -0.008639379797399996
8 46 2.4654549617778576 2.5526132139642335 2.619624257930148 -0.3553108808706905 -0.12128404479296595 0.04583559440916404 0.2156864277549068 0.45165630383273453 0.24181536786460045 -0.15865042900679693 -0.12727124624452654 -0.055326937288402434 0.03560471674079999 0.23756686902758659 0.3865031628562725
8 47 -0.027229366474171894 -0.022796230174081424 -0.01695374050298699 -0.057869009343938 -0.008676904376318 0.008532042048402 0.1679637940434085 0.1275835683212 0.019216075064519996 -0.029059732045800014 -0.010113723718168419 0.004188790204800001 -0.10515608743299999 -0.0671492464848421 -0.02277654673860001
8 48 0.092010703839249 0.184137908406069 0.283700215586409 -0.05839789258870089 -0.013905086632073443 0.0931446830393291 0.2104161985293337 0.32335715051804004 0.26420794216776006 -0.24268803249059973 -0.011978470234778943 0.2467022897702001 -0.24129176908900007 -0.17018797395686316 -0.08997172294060002
8 49 0.5534331914266535 0.6476364651387275 0.7648667403370635 0.019191155641280832 0.034506419827572105 0.0571477035491421 0.20951224590205889 0.19411551940743998 0.30452504788896 -0.030368728984800364 -0.0447722882855158 0.2663372438552003 -0.16074482410920005 -0.10216606284602106 0.03438298626439998
