84 0 -1.1948529411764703 -1.1666433823529412 -1.067352941176471 0.7526470588235297 0.9150000000000011 1.0738235294117655 0.24427884045471965 0.48882352941176543 0.5176470588235307 -0.15000000000000013 0.2040247678018583 0.5470588235294083 0.20294117647059184 0.25727554179566603 0.345248868778289
84 1 -2.4913235294117664 -1.4844708556149744 -0.7181985294117663 -0.37 -0.304062499999999 -0.004117647058822421 0.42185427219768123 0.9020000000000041 1.732 -2.05 -0.9010526315789474 0.382352941176452 0.050000000000000044 0.4747368421052654 0.955555555555563
84 2 1.6942187499999992 1.776223049965599 2.0225 -0.0625 -0.06 -0.05 0.274958614152038 0.07 0.8904779411764776 -0.9187500000000026 -0.46867260061919874 0.049999999999998934 -0.10000000000000002 -0.026315789473684206 0.049999999999999975
84 3 2.02 2.0264999999999995 2.03 0.7066176470588239 0.71 0.71 0.15975977930139162 0.029999999999999916 0.020000000000000018 0.0 -0.005263157894736963 0.0 0.0 -0.01578947368421048 0.0
84 4 0.12 0.12450000000000001 0.13 0.37 0.37 0.37 0.15798972777800316 0.020000000000000018 0.020000000000000018 0.0 -0.010526315789473694 0.0 0.0 -0.010526315789473694 0.0
84 5 2.03 2.0863270833333334 2.0957812500000004 0.2014999999999994 0.245 0.26 0.19145510106337432 0.11000000000000001 0.2243750000000011 -0.09999999999999787 0.11809210526315847 0.2218750000000025 -0.10000000000000009 -0.03684210526315789 0.0
84 6 2.3607628676470576 2.517571497678018 2.71 -0.9 -0.875 -0.840138888888889 0.27402365517603844 0.37882352941176534 0.6682352941176495 -0.6687306501547852 -0.35170278637771024 -0.050000000000001155 -0.24411764705882633 -0.19411764705882384 0.0
84 7 -1.1889338235294127 -0.9971100898692811 -0.7608333333333328 -0.2225 -0.19 -0.15661764705882397 0.2327841906088122 0.07794117647058996 0.38205882352941345 -0.9990808823529385 -0.08482972136222988 0.29722222222222483 -0.13933823529411082 0.02260061919504618 0.10000000000000002
84 8 0.5774999999999999 0.6689111111111115 0.77 0.51 0.52 0.53 0.20666605584232717 0.09777777777777868 0.49 0.15000000000000013 0.25789473684210523 0.30555555555555225 0.0 0.04868421052631519 0.10000000000000009
84 9 2.9625 2.967560924369748 2.99 0.10328125000000032 0.11499999999999999 0.13970588235294237 0.18043719867272645 0.13 0.16500000000000004 -0.1749999999999985 -0.08684210526315791 0.0 0.0 0.06842105263157895 0.10000000000000009
84 10 -1.0875 -0.9796647233893555 -0.87 -0.4372058823529424 -0.385 -0.3460294117647061 0.21800096555585527 0.33 0.34658088235294304 0.10000000000000009 0.18241099071207528 0.25714285714285356 -0.22196078431371363 -0.1736842105263158 -0.09797794117645753
84 11 1.7276470588235286 2.067580485527545 2.4081250000000005 0.35 0.3744117647058828 0.4125 0.2503810165879607 0.10999999999999999 0.8070588235294123 0.0441176470588267 0.4247678018575854 0.7086601307189422 -0.10000000000000009 0.005263157894736818 0.10588235294117232
84 12 -2.4570882352941186 -1.9237490196078415 -1.327996323529408 -0.3125 -0.2814705882352949 -0.25212745098039446 0.37203422559248606 0.3582500000000003 2.0400000000000036 0.7780392156863014 1.0736842105263178 1.36507352941175 -0.16921568627450922 0.12210526315789476 0.5458823529411803
84 13 2.901819852941176 2.9030710784313722 3.03 -0.88 -0.5659007352941167 -0.37637867647058765 0.29436139453891896 0.69 0.6875000000000009 -0.7490196078431377 -0.36184210526315835 0.04705882352940671 0.0 0.3618421052631585 0.6472426470588283
84 14 -0.8855882352941179 -0.8192205882352944 -0.745 -0.1714062500000002 -0.13794117647058818 -0.09 0.1925879201357299 0.13 0.29000000000000004 -0.24117647058823521 -0.14210526315789473 0.07500000000000007 -0.12941176470588178 -0.03684210526315789 0.025000000000000022
84 15 -1.424264705882353 -1.2388921568627458 -1.0225408496732027 0.3932352941176468 0.41 0.43 0.23627526966576914 0.14 0.7870588235294123 -0.6160130718954165 -0.4142414860681117 -0.18823529411765294 0.0 0.0736842105263158 0.10000000000000009
84 16 -2.958593750000003 -2.264652573529413 -1.6544117647058827 0.14 0.19705882352941223 0.2625 0.3774455701243807 0.24 2.297205882352942 -1.4673202614378889 -1.1145123839009274 -0.9183823529411927 0.03709150326797847 0.12631578947368421 0.18235294117646933
84 17 -1.5 -1.448929792311661 -1.446764705882353 -0.36 -0.34 -0.31867647058823545 0.20342427763537727 0.19294117647058776 0.3012693498452028 0.0 0.1585628157080015 0.12187499999999574 -0.14705882352941319 -0.10154798761609883 0.07647058823529035
84 18 -1.5317647058823538 -1.4680036764705886 -1.37 0.04843749999999994 0.05 0.05 0.18746311501719443 0.02625000000000028 0.34125000000000116 -0.31507352941177236 -0.17960526315789535 -0.09999999999999898 0.0 0.013815789473684358 0.04375000000000694
84 19 -0.2520588235294117 0.06589958505331885 0.37 -0.32 -0.32 -0.31 0.26420199015632745 0.06941176470588162 1.1682352941176448 -0.7970588235294183 -0.61486068111455 -0.4027777777777719 0.0 -0.026006191950464 0.0
84 20 2.1776562500000005 2.403527369281047 2.561718750000001 -0.6224999999999999 -0.45 -0.43 0.23829041114086175 0.25117647058823467 0.6594117647058835 0.046874999999997335 0.34705882352941236 0.6027777777777721 0.0 0.10588235294117614 0.1999999999999999
84 21 1.5310294117647065 1.8679707064843492 2.1882352941176486 0.26 0.27 0.29 0.245821598844788 0.03999999999999998 0.98 0.35653594771241304 0.5157894736842106 0.7358165634674874 0.0 0.021052631578947358 0.09999999999999981
84 22 -2.46 -2.4413235294117652 -2.42 0.11 0.11 0.11 0.1606498762627287 0.009999999999999995 0.06000000000000005 0.0 0.03157894736842108 0.08235294117646674 0.0 0.005263157894736839 0.0
84 23 -0.3225 -0.207888632568412 -0.135 -0.49160869565217213 -0.1731593406593403 -0.033875000000001265 0.3012181831276584 1.22 0.2523076923076949 -0.13529411764705082 0.001547987616099948 0.37583333333333213 -0.5873161764705898 -0.34210526315789475 0.532857142857148
84 24 -0.7886764705882359 -0.30379738562091607 0.1508333333333332 -0.2304166666666666 -0.005 0.00791666666666823 0.3695731786205579 0.6900000000000001 1.788000000000002 -1.1947712418300374 -0.9410526315789483 -0.5045138888888789 0.03611111111112153 0.3631578947368421 0.7470588235294193
84 25 -0.6537847222222217 -0.4751123366013066 -0.265 -0.4268137254901958 -0.37250000000000055 -0.32000000000000156 0.25467766391728486 0.25 0.8595833333333343 0.2735294117646936 0.4524122807017548 0.663786764705882 -0.15147058823529042 0.043859649122807855 0.22941176470588798
84 26 2.338189338235293 2.4952091503267972 2.6147794117647054 0.46 0.48 0.5 0.22873302503680354 0.08374999999999977 0.7437499999999999 -0.3733660130718941 -0.3914473684210526 -0.26066176470586955 -0.07812499999999778 0.017763157894736727 0.018750000000002653
84 27 1.028676470588235 1.356588235294117 1.7025 0.4875 0.7358823529411769 0.9664705882352951 0.2738346149067862 0.5700000000000001 0.8047058823529419 -0.6499999999999856 -0.3736842105263158 -0.10000000000000009 0.050000000000000044 0.28421052631578947 0.4941176470588171
84 28 -1.8305882352941176 -1.6956736335323612 -1.53 -0.4125 -0.395 -0.37 0.23593412856798932 0.12 0.8031578947368461 -0.5964285714285678 -0.4227146814404453 -0.19803921568626426 -0.11666666666667436 -0.06315789473684211 0.0
84 29 3.03 3.0831395123839007 3.1043014705882337 0.2775 0.28500000000000003 0.6809046052631587 0.23103547091823254 0.5756250000000017 0.15000000000000036 -0.13421052631579666 -3.2651896284829727 0.1843750000000055 0.0 0.3029605263157903 0.3687499999999988
