11 0 0.06310339721473215 0.06461921567009414 0.06713074446372216 0.14176112024205595 0.15935840242534594 0.18491874932106048 0.16156108643875244 0.0724660705432145 0.004066617157160002 -0.004799655442999998 -0.0014054493450315736 0.006544984695000082 -0.05506513790060008 -0.03814003712800764 -0.013875367553399937
11 1 -0.035147731365042845 -0.030362038556029525 -0.004731005825760484 0.0751001602352141 0.1086628417511741 0.11320506112950411 0.18030432870932347 0.17254324985272 0.08321729873536 -0.09747663872422616 -0.043798578281768426 0.025132741228800003 -0.10847221301180002 -0.08850656496326315 0.005585053606399978
11 2 -3.050294383457387 -2.963981743293605 -2.887372261106317 -0.09314065908587285 0.023281528668787153 0.028207720482557156 0.18838111640621208 0.13674654689420002 0.21479767104363967 -0.16728980880420075 -0.08771657382814736 0.03019419605960527 -0.0627445866094 -0.0606915282524421 0.02871066619540008
11 3 -0.737827808676289 -0.3852171945657563 -0.10758941577978721 -0.093214108358503 -0.020019362852753 0.011972522336406999 0.2501223792609503 0.18870499872624003 0.8434129077357819 -0.6735225583468001 -0.4085080903453799 -0.016755160819200005 -0.1157153294076 -0.004253091808821069 0.16798794050500004
11 4 0.22188113829463796 0.22334459687244 0.22591284886675797 0.15312301974712292 0.15695838077839291 0.1621638252724829 0.15753617616478044 0.02227040125551999 0.012496557444320017 -0.013439035240399855 -0.002259742084168424 0.011606439525800039 -0.017976891295600206 -0.004831806245010515 0.007155849933200009
11 5 -0.2978994386795669 -0.30632937896672696 -0.28826522120852693 -0.3498191054157605 0.058217057085639665 0.23019743825513944 0.2295864277783471 0.68977157368292 0.14817845349480002 -0.03717551306759992 -0.07798865973410528 0.0010471975511999743 -0.5133885994758001 -0.29723875755903156 -0.008377580409600072
11 6 -0.05332048738777295 -0.05187884542562095 -0.05131772207110294 0.16029258990747897 0.16271423424462894 0.16457300989800897 0.1567193089796482 0.018168877513494552 0.006632251157599994 -0.011082840750200017 -0.0023240436881894725 0.005846852994200007 -0.018675022996400004 -0.005428892568155012 0.010733774899800153
11 7 -0.4910240958841946 -0.29258975924289 -0.09486053561949817 -0.38643102258023243 -0.22500988338588246 -0.023511621241958845 0.2622927274554866 0.4354596483745236 0.46811475867839636 -0.3330960877442001 -0.24637618877810336 -0.06894050545400009 -0.37795104952060005 0.11713915063921918 0.571246264176982
11 8 -0.24696142268236604 -0.16711610006211786 -0.0464536348898251 -0.35665173006853945 -0.2655280898216195 -0.10789867842706494 0.24016728320171649 0.41697661159551197 0.411897703471651 -0.3923500158496002 -0.21678826498507947 -0.046949356878800044 -0.297927703316487 -0.01003105022728421 0.3055198855626
11 9 0.1129419611036705 0.12039364434508448 0.12333539679933048 -0.11023829002340998 -0.09821733480025999 -0.04144177423269998 0.17369645753477703 0.17477727129528 0.04307472593935997 -0.03385938748879991 -0.01974977837789473 0.006806784082800041 -0.13011429573668726 -0.07825505209362105 0.013439035240399994
11 10 -0.8654997585317495 -0.5576812743442654 -0.2905490330147796 -0.21840798156491395 -0.1586260913600858 -0.06038150776500578 0.23515589075354848 0.20954422999581812 0.6582858339768399 0.07609635538719989 0.3381253917729894 0.5366887449900006 -0.14931291750859998 -0.012897064577936832 0.14337879805180004
11 11 -0.19934457432792616 -0.23908572139595746 -0.02787033864196017 -0.37764072028254514 -0.3037172998140851 -0.11480722490143322 0.27080512434249177 0.39036034050155205 0.890135371812904 -0.4640830481068 -0.46279701602658097 -0.012915436464800076 -0.282132473585451 -0.12544324350123795 0.12426744274239981
11 12 -0.0543438321058041 -0.0510634857766701 -0.0447445212198041 -0.09963813203998821 -0.09033552712682821 -0.0717477705930282 0.16349739069899788 0.06700318998428 0.03326597554312 -0.035168384427799945 -0.017508408180589474 0.013439035240399994 -0.06632251157599994 -0.022882185088063157 0.022776546738599926
11 13 -0.0981499964459728 -0.08620583570991078 -0.07325287466619279 -0.1241902604044059 -0.0811722576657359 -0.01253718483080099 0.17617642983670131 0.19779816412916 0.034382986264400006 -0.02207841503780006 0.006044350777978941 0.04363323129999992 -0.16929693744400004 -0.08755122684637892 0.026878070480799987
11 14 0.06044210947510589 0.061664712616126494 0.0782662844611559 0.10648874327971578 0.13586263459087577 0.18131537163678393 0.17716291782666657 0.15681783329289814 0.0841772298239949 -0.08089601083019995 -0.04305451686383074 0.023125612588982547 -0.037873644768400064 0.08212233427868322 0.18334683792260012
11 15 0.08010503730954478 0.0846123501028313 0.1003813998946548 -0.1147155951157032 -0.08593075242709321 -0.0634378216919432 0.17338246695576293 0.10449286231724 0.10974630336582981 -0.04267330021140006 0.04048245270300516 0.09704030641119993 -0.10105456369079999 -0.02501332396418947 0.05061454830799991
11 16 -0.17220068050552084 -0.12974118312749083 0.0685805797771819 -0.37767480268471504 0.023851281706908443 0.04248703479515589 0.2762230816094741 0.46493825943993095 0.892735912397651 -0.29400071249939985 -0.46986100652507956 0.028536133270199993 -0.29941123318077456 -0.21747721074244789 0.04869468613080002
11 17 -0.34765997664132514 -0.2589623440546066 -0.15199111419943062 -0.10217929896114386 -0.04419073456344387 0.1511814219052616 0.2374079187634886 0.31152381818874697 0.47022660707401454 -0.46591564382140016 -0.24748768793369189 0.007941248096600129 -0.2610139896367746 0.09644322008776156 0.3861540970048255
11 18 -0.04284366373892305 -0.00711153796272967 0.03196987464805695 -0.17133877874338696 -0.16402148585437695 -0.13810334646217695 0.17421397402444191 0.042725660088960005 0.15177383175392 -0.1226093799530873 0.01827084148541052 0.15271630954999987 -0.025481807079199975 0.014183096658357892 0.049131018443799856
11 19 -0.3446198665375645 -0.20428317737192897 -0.03997700892391995 -0.016157143143547506 0.033069868409129954 0.07754958439634994 0.2093605428278899 0.10625564486176 0.3997851184632945 -0.31939525311600003 -0.19536664490291292 -0.057857664703800105 -0.17697638615279998 0.02841212303387368 0.23369958684288727
11 20 0.06743147439019295 0.09027957962812495 0.12123561190622296 -0.080724532231191 -0.063210153187371 -0.048610473994391 0.16675155299016653 0.061575216010560006 0.07592182246200001 -0.07112216701900001 -0.035880295043747366 0.00794124809659999 -0.05480333851279996 -0.008579671165094732 0.03874630939439988
11 21 0.12217367789776606 0.12418429719607008 0.12794635439875607 -0.017608142009708106 -0.004644708990513011 0.011403593481626988 0.15924914015094108 0.035325464060445094 0.018709929581440007 -0.014922565104600119 -0.009847331358652636 -0.0028797932657999986 -0.036302848441600005 -0.0006154582099157898 0.02548180707920001
11 22 -0.1727819721093379 -0.11769501759315773 -0.060452581450617895 -0.18005233503417148 -0.11273062246122695 -0.023025062231552585 0.20291056772804436 0.3980572425038145 0.1287180323353491 -0.12217304764 -0.030818840212947368 0.030194196059599963 -0.28972465583199997 -0.2095038118441129 -0.127845367709
11 23 0.1032234746559092 0.10695411593205921 0.11017424840199921 -0.025108791432991898 -0.01502951500265699 0.0028339298915630103 0.15913784376947485 0.035377823938074905 0.013159782560079991 -0.01745329252000001 -0.003876468128126318 0.00017453292520001884 -0.0381354441562 -0.01124359476025263 0.015271630954999999
11 24 -0.12816170863592502 -0.11739302715108502 -0.10345657307386501 -0.10024288862580621 -0.04687072009964621 0.1005092452623638 0.20013037309784817 0.26459191460320003 0.09988519309196002 -0.08002334620420014 -0.05257115425892631 -0.00951204442340002 -0.2261074045966 0.07535229396960953 0.39994219809545095
11 25 -0.7230107390296685 0.07541717990116369 1.1010895854362217 0.031024778858098945 0.06401586504402895 0.10041034327135895 0.41990275364161633 0.126100038457 2.7363097479930802 -2.0559105923933996 -1.440163025259516 -0.8879362569550002 -0.1002691655274 0.010343372303957902 0.12705996954559995
11 26 0.1345244033869048 0.13983456763611482 0.1448742058512648 0.04870695191697089 0.07218599367950089 0.10708385207324089 0.1677105412766683 0.10273007977271997 0.01429424657388001 -0.02190388211259997 -0.002140324819557881 0.017366026057399897 -0.05044001538280003 0.013007295899115789 0.07810348402699993
11 27 -0.912185813100532 -0.5367750903063228 -0.1494856566231411 -0.177774486435033 -0.0823049763502839 0.1073163202332561 0.27305372315217563 0.3151366497414691 0.8817752446950909 -0.6841690667839995 -0.45790090817716367 -0.10890854532479982 -0.10969394348994549 0.007633518991642116 0.2635447170537454
11 28 -0.10894408216760605 -0.07961731474625006 -0.04209360849287605 -0.040453435328309056 0.009192455244813495 0.049788813646350946 0.17396295066305287 0.14196508135768 0.06775368156264 -0.00942477796080008 0.0340798501311579 0.070685834706 -0.09581857593480003 -0.07471846387246316 -0.0488692190559999
11 29 -0.027861369588848946 -0.011714456013960388 0.003218581066158505 -0.08258994983207979 -0.0650450275263498 -0.010669294680219979 0.16995630421813446 0.13131857292048 0.04204498168069745 -0.030106929596999992 -0.02212893772668287 -0.009512044423399995 -0.1233947781164 -0.057485633994821046 0.010733774899800014
11 30 0.19157989537308506 0.19240718143853305 0.1933863111489051 0.049596536540364104 0.04994996571389411 0.05011140866970411 0.1548239607338044 0.0013264502315200044 0.002844886680759995 -0.0009599310886002077 0.0009094083997263227 0.0026179938780000744 -0.000698131700800006 0.0 0.0013962634016000466
11 31 -0.6922307910807439 -0.45779380262890407 -0.22989307222594393 -0.21378426500581954 -0.20341264592580954 -0.17877732353382952 0.24512006051203236 0.2659707247121055 0.664027967216269 -0.5332853529485999 -0.08517206749778372 0.22802726677380092 -0.04921828490639976 0.13998459195373972 0.15219271077439991
11 32 -0.014851976232637981 -0.005886219865134575 -0.001831820012716234 0.028531188170710847 0.029879455017880842 0.03803450594785085 0.16333582026297364 0.05939355444555999 0.04052654523144 -0.04014257279565093 -0.016617371667689573 0.007941248096949051 -0.07661995416280003 -0.02695155802825262 0.017278759594800026
11 33 -0.22497274665752148 0.0684729511397687 0.37350501717640855 -0.04751120745389785 0.06509307256201216 0.22241268801363856 0.23601399974582998 0.3200410249387164 0.61456533621424 -0.40613811694127255 -0.30959385147450524 0.03508111796519969 -0.2069960492869383 -0.15301025973953494 -0.01431169986639988
11 34 -0.11183318385602523 -0.07442903265641321 -0.07101429597487521 -0.24043932119292058 -0.13791431760783415 -0.011469576623617824 0.2094805457693837 0.3684040985116364 0.19310322844128 -0.04476769531379987 0.10163327812698947 0.024260076602799982 -0.2823942729736001 -0.06479764496638546 0.1038470904939999
11 35 -0.8855114128481365 -0.5138950358474872 -0.12723566602369285 -0.36019251830677856 -0.2379409308504385 -0.006741528161320506 0.3173386657461503 0.45603708025490547 1.1751825452496836 -0.8604473212359998 -0.6185171290787808 -0.2116211718049999 -0.3407755364530871 0.029367461150757904 0.39269908170000006
11 36 -0.4362056796657181 -0.2972416919571418 -0.03936144099291621 -0.14947290602342483 -0.027264951798358666 0.05383177189579516 0.24682433346183344 0.22355922388868 0.6755645935708721 -0.49628437280619997 -0.3555603124057221 -0.07452555906005093 -0.17924531418040007 0.05680587418088421 0.3066543495761383
11 37 -0.003426226765778901 0.01951350825793431 0.04230139963667784 0.23883943604641744 0.25447758614433746 0.2645917691596774 0.17163755254872043 0.08810422064096005 0.10564477962356 -0.07007496946780001 -0.05560251559134737 -0.010821041362400058 -0.0832522053203999 -0.026271798214315807 0.028361600345000043
11 38 0.044922835691774944 0.08385851331001695 0.10926876188988495 -0.06248429014399205 -0.05372273729895205 0.003118273115539186 0.17243665294010216 0.12796754075664002 0.07553785002656 -0.002705260340600049 0.03837887165713684 0.04572762640240001 -0.10131636307860875 -0.05137698161282107 0.0263544717052
11 39 -0.12116943483869311 -0.08912257177804275 -0.05090684247630311 -0.20933241489803647 -0.15514430494639198 -0.08078018884180195 0.19126022640461118 0.23898793447655198 0.12367403079637093 -0.13133602621299995 -0.0650915951559847 -0.0008726646260000075 -0.22139501561707256 -0.06475171524920918 0.12470377505627253
11 40 -0.328488467000676 -0.2129441798595276 -0.0315468747113069 -0.3491585467756345 -0.20195747766195452 -0.17090807026904903 0.261815757667248 0.26485371399082547 0.7989942782734291 -0.5462880558759997 -0.4205233043544364 -0.008901179185200041 -0.1802925117316001 0.05179034906724209 0.38964475550899963
11 41 -0.10265061881034711 -0.08901959735222711 -0.0791192171702571 -0.1147057533981318 -0.10721829090705179 -0.08863926101951178 0.17340602302566976 0.08747590211030981 0.05616469532936001 0.0021816615649999926 0.02221161121755789 0.06021385919399994 -0.006457718232399934 0.04603994847911043 0.08342673824559999
11 42 0.14461521838279584 0.16204407629342493 0.17936472379063945 0.18809752718303208 0.1976226615758221 0.24553631286635205 0.1703636179194075 0.12470377505470184 0.04447098934148358 0.011344640138000045 0.023405783863938726 0.04459316238860006 -0.10681415022239987 -0.06563356581826413 -0.02792526803199996
11 43 -0.008895943197444 0.008009315937428 0.019295487545486 -0.4193304304986765 -0.33423690281741647 -0.21483020204179287 0.20059661722903951 0.2939134460369745 0.0424115008236 -0.07216936457019998 -0.004354137186568419 0.03953170755780001 -0.2954842423636003 0.07535229396924213 0.3527310418292
11 44 -0.35845509151816846 -0.23078425673424632 -0.07876607888499396 0.01948349829099083 0.0923728111776321 0.11971775723325484 0.2800825691125942 0.5814564403034509 0.6742032367552545 -0.5516985765571997 -0.354843808818555 0.0061086523819999655 -0.1734857276488 0.30602970542286895 0.7317292889009996
11 45 0.15983987089203802 0.22394232365949404 0.275031601524038 -0.10380302093038701 -0.09260673377880699 -0.085490153753777 0.18490862422192392 0.08595746566100002 0.25888468794916003 -0.2099631090156004 -0.13354524560829475 0.002356194490200081 -0.06972590361740007 -0.03325311522231579 0.021380283337000053
11 46 -2.7615029939751006 -1.3719896532538853 -0.16452288016342084 -0.04853620053836721 0.16992229861134278 0.2035024334205209 0.24014714437020157 0.2861990907436581 2.8726548691650797 0.1427679328135995 1.4852292637378737 2.560398012684 -0.09093165402920003 0.13246130428373587 0.12383111043289055
11 47 -0.1439433635834151 -0.09791466788501021 -0.03614746565676511 -0.19924053331241545 -0.13133413543970185 -0.09630974067519185 0.18622655327926088 0.10468484853548361 0.1572890721898909 -0.09773843811199993 -0.04967758207797895 0.10655235083460009 -0.07112216701900029 0.044478338095705255 0.17741271846841788
11 48 0.1471217535955278 0.20245916285975393 0.2830872656501559 -0.07692087801472386 -0.05528315861305384 -0.05198884964990385 0.17648448597404187 0.05946336761564 0.15945328046341814 -0.14233160050060006 -0.014633207886505252 0.05489060497540027 -0.045029494701600004 -0.030460588419115784 0.0020943951023999832
11 49 -0.21928622154747102 -0.165397435562719 -0.115539487485461 -0.074151185935846 0.026449592149434 0.180919957597694 0.21877140016816546 0.51157345705372 0.19771089766656 -0.15105824676060003 -0.10405836719292631 -0.014660765716800056 -0.42463860701160006 -0.0978302975463158 0.30647981665120005
