16 0 -0.069421343662926 -0.06584603669020402 -0.064364252155256 0.04972171543278821 0.055904544307998204 0.06830947196658821 0.15869261710749993 0.024958208303599995 0.013578661580560016 -0.006195918844600079 0.004381695016863156 0.007243116395800053 -0.02129301687440001 -0.006090280495136843 0.004974188368200051
16 1 -0.1471795918675292 0.005004392260820237 0.2227560330639589 0.3053107854211611 0.3113583512793411 0.3332229634837711 0.20131235046696744 0.06820746716815995 0.4009544890626582 0.02408554367760038 0.20292667634737796 0.27410395902659984 -0.008901179185199781 0.01755433789774733 0.07042403531820035
16 2 -0.206068455271518 -0.08697765909044526 0.0402193188016811 0.1014957441406499 0.19371894181667892 0.20155547015815897 0.20486127296177944 0.12058479802102907 0.43456953045547997 0.025132741228800076 0.2287208055028842 0.43179445694305474 -0.10716321607279998 -0.0601403716467311 0.024347343065399818
16 3 0.022931735597981846 0.06927459056170109 0.11700498228078185 0.16628348104637586 0.17576498220838943 0.19825791294353945 0.17520707297479965 0.053249995479043605 0.13786355761548003 0.04345869837480003 0.07255976716604212 0.1022762941672 -0.06920230484180001 -0.0033069396353684276 0.05393067388941797
16 4 0.1681638793899528 0.24265889518889655 0.3274818968363409 0.1537535684208148 0.1577590990541548 0.1641382774702148 0.18095923698408461 0.03719296636081812 0.22008601867719998 0.0263544717052 0.11583474667221051 0.1719149313219999 -0.012828170002199962 0.01957524545306217 0.045291294089400136
16 5 -0.07598557546110489 0.06707993598987558 0.17132757954720781 0.08653764219324385 0.09270738109906385 0.11403966788163386 0.2175779163692926 0.08239699398691999 0.630796898257491 -0.267035375556 -0.17154749358473687 0.28317967113682546 0.003316125578800011 0.04336683894048421 0.07688175355059994
16 6 -0.06648511808470285 -0.04357592632294037 -0.025221171244292847 -0.021725082827083794 -0.009664857695693979 0.020869677568028565 0.1709283533758748 0.06258750697665019 0.038117990863732354 -0.06187192198340009 -0.006365858798084213 0.03525565089039999 -0.07984881327899998 -0.016635743554589476 0.036390114904199994
16 7 2.4115128462804263 2.7458389344861986 3.0903520935323563 -0.26011451481422854 -0.2320976169964985 -0.2103420878703185 0.26438262581731226 0.07358308126449453 0.6097219662248401 -0.6366088446669993 -2.9843568598816628 0.8086983089141975 -0.15123277968579998 0.0010655694380631532 0.19940386704100005
16 8 -0.07173647443429709 -0.03915641328721485 -0.0527385655262771 0.3028811901406105 0.3086495033184705 0.32302228970869046 0.18307334054161795 0.07574728953679999 0.20113174300048 -0.05899212871759995 0.1058588121055158 0.19355701404679998 -0.03944444109519968 0.028797932658000007 0.07190756518240027
16 9 0.05922740879712079 0.10002186206888242 0.11838534379366078 0.17994155510842544 0.18115019561543544 0.19033499080408545 0.17542930839341947 0.015166911199879979 0.22113321622909812 0.024172810140199973 0.11638590327847269 0.19451694513539994 -0.01300270292740019 -0.004188790204800014 0.005759586531600136
16 10 0.0614783987184809 0.09690945519875926 0.09703075558172089 0.13885558336978895 0.13953189845493896 0.14100233834974896 0.17477418046178841 0.015620696805400014 0.20739747501550904 0.00026179938779999357 0.10915656579763636 0.19024088846800008 -0.002879793265800068 0.008221419371263165 0.006021385919399991
16 11 -0.03715699318500095 0.09223648157047157 0.28339017723714455 0.184227792862547 0.190240452135687 0.193600210945787 0.20031203806858 0.07010987605284 0.40524799902170544 0.005846852994200007 0.21193808685329765 0.22523473997059978 -0.023212879051600077 -0.036330406271894745 0.012479104151800063
16 12 0.14829388763229195 0.14996940371421197 0.15139184705459197 0.06168056602344605 0.06984434359967605 0.07233143778377606 0.1570255389614451 0.015533430342799998 0.01349139511796002 -0.016231562043600156 -0.0032885677485052747 0.006195918844600079 -0.0026179938779999357 0.007752936256252636 0.015707963267999996
16 13 0.11531681256178485 0.12206338278539086 0.12321879075021483 0.2632223644362049 0.2693790133726349 0.27027785793741493 0.16054103500974692 0.011571532940760021 0.03665191429199999 -0.02111848394919999 0.019290481206315782 0.010733774899799944 -0.008290313947000028 -0.004482740394610543 0.004712388980400162
16 14 0.37016605687381 0.701477545458189 0.6817204183251999 0.1918494517807089 0.21304647554629247 0.23776906440087248 0.17655501709327925 0.49610983988100005 1.8808191618362509 -1.2097749710238 -0.8621559067161112 0.23492131731919969 -0.05358160803640016 0.2529716961622526 0.46827183831160013
16 15 0.14847142640227606 0.1871540312788995 0.22438888554097153 0.0628419371966059 0.0649319689758759 0.07272922740918589 0.17018616646986112 0.018779742751519994 0.13871876894878551 -0.006108652381999896 0.07300987839409764 0.11737339219700021 -0.011344640138000045 -0.0049604094530526265 0.013700834628199987
16 16 0.7132126060524631 0.723112113569807 0.728554050177543 0.020026489613807156 0.022212514501937154 0.024481442529537156 0.1596370505779154 0.009320058205679996 0.04920083161387989 0.00829031394700086 0.025895174533620995 0.02530727415400058 -0.00785398163399998 -0.0021403248195578923 -0.000785398163399998
16 17 -0.31844647274225946 -0.0987854417378595 0.11799492333616504 0.10724282247921907 0.12267589639002904 0.17870096537905453 0.2165805651247348 0.07380997406708001 0.58288761029044 0.1421570675753997 0.3067829527844421 0.38659042931791254 -0.06553711341260003 -0.026060521515389484 0.04197516851059992
16 18 0.017854912173417416 0.08785308715409461 0.15331427874426307 -0.020468639691096843 -0.014045828043684483 -0.010651162648544482 0.17927968205587558 0.011833332328612362 0.2230530784054255 0.06632251157600957 0.11739635705548712 0.188931891528903 -0.014049900478599999 -0.0021770685932842103 0.011955505376199998
16 19 -0.003016801612082 0.03360631474726 0.049949577862988 0.11826254048808021 0.11963698727403022 0.12445409600955022 0.1794782866520308 0.04181808887791999 0.12992230951888 -0.08953539062759999 0.06838016290467368 0.07522369076119999 -0.023561944902000045 0.022009520462063156 0.0395317075578
16 20 -0.02833309330060884 0.06516594005818656 0.14563259989249117 0.12506811253675498 0.129296172649725 0.152810120997295 0.19281583577834602 0.03480186528487997 0.3960501138633164 0.0412770368100618 0.2084474283491139 0.3837106360521998 -0.033597588100999984 -0.012759275426463152 0.00776671517140004
16 21 0.19170425008229008 0.23471614416861297 0.2769635840424901 -0.0075301260950100205 -0.0009633247843670021 0.0008256376989329978 0.16697813557555832 0.021380283337069813 0.10967649019498191 -0.05750859885339993 -0.03675295966974739 0.03525565089039992 -0.0013089969390000025 0.011252780703720955 0.018500490071165093
16 22 -0.2576709084179059 -0.10269614281553865 0.03816239979679221 0.23657574400657344 0.26526895690945346 0.2769582995747234 0.21047936955938795 0.051015974035960004 0.5627814173074 -0.2231403448682001 -0.05244255105051676 0.3495894491755999 -0.06021385919399991 -0.023231250938463156 0.010995574287600007
16 23 -0.2068832331434115 0.037297928522221246 0.2990659003957385 0.04018906642803795 0.051577339797337945 0.09940808794839795 0.23322452716322536 0.056635934227399994 0.7831292353724 0.1650208807766003 0.41217328177494733 0.594197343843313 -0.01841322360860001 0.029771642661747373 0.07155849933199995
16 24 -0.23871508133721245 -0.11349556148766318 -0.017970200866858844 0.295126498348696 0.325202884683786 0.35206786519519595 0.22613982566424148 0.14219197416044 0.6495068278392799 0.15917402778501816 0.34184569886277894 0.5296201615193998 -0.1237438439668001 0.04686668338791578 0.19870573534019997
16 25 -0.24713668282866946 -0.056099051557087866 0.17900290733978141 0.054975253444122005 0.090475250429802 0.129038300252742 0.22136198428548845 0.10264281331012001 0.64692374054632 0.09843656981280008 0.3404861792349052 0.446717022048527 -0.09154251926739992 -0.039977225814231576 0.0
16 26 -0.03715699318500095 0.09223648157047157 0.28339017723714455 0.184227792862547 0.190240452135687 0.193600210945787 0.20031203806858 0.07010987605284 0.40524799902170544 0.005846852994200007 0.21193808685329765 0.22523473997059978 -0.023212879051600077 -0.036330406271894745 0.012479104151800063
16 27 0.05217084870565721 0.2686990137022712 0.4232278476801591 0.040366653679428946 0.059416922465008945 0.07923949944459895 0.2385331406682529 0.0614355896704 0.8422784437219819 -0.7473499857064 -0.25913546420484207 0.3047344873992 -0.11292280260440002 -0.01996105507682105 0.07051130178079998
16 28 -0.23481785807926303 -0.08622750688114984 0.01917118131766172 0.09386046195810217 0.11846087776504216 0.14542185138531216 0.2141769043786455 0.0671428163239164 0.29996973854158904 -0.011868238913600171 0.15787880975873106 0.44820055191185454 -0.09992009967700007 -0.026363657648631585 0.0645771823240001
16 29 0.07415889447343385 0.11473605425328656 0.14308630995804386 0.15365723594228106 0.15666792890198106 0.16179919690286104 0.17673885549316556 0.016039575825705477 0.20561723917864363 0.008464846872200046 0.10821959956770717 0.17217673070980016 -0.028797932657999986 -0.0032058942576210516 0.01780235837039998
16 30 0.0862008906102471 0.0869775621273871 0.08771496373635711 0.07514636297898519 0.07732366122085521 0.07789525655088522 0.1551235205626481 0.004520402762680009 0.00301941960596 -0.0028797932657999986 -0.0015891682136631579 -0.00017453292520001884 0.0008726646259999554 0.0023791593487789524 0.0037524578918000234
16 31 0.087399543955465 0.148198961113511 0.188798810173535 0.09466171352899085 0.09905994324403085 0.10398613505780085 0.1843812900210273 0.031590459461199996 0.30232593303144006 0.02399827721499999 0.15911891212181054 0.20516345357260019 -0.02364921136460002 -0.016626557611157895 -0.0003490658503998989
16 32 -0.09520297541797554 -0.029106483980113895 -0.004332407912660976 0.28059676577541587 0.2879664185419859 0.2935209288864759 0.18590650071531292 0.07543313027144 0.26768114737924 0.03534291735300003 0.14088481441012632 0.17078046730819998 -0.06928957130440005 -0.024232518772505273 0.03429571980180013
16 33 -0.07598557546110489 0.06707993598987558 0.17132757954720781 0.08653764219324385 0.09270738109906385 0.11403966788163386 0.2175779163692926 0.08239699398691999 0.630796898257491 -0.267035375556 -0.17154749358473687 0.28317967113682546 0.003316125578800011 0.04336683894048421 0.07688175355059994
16 34 -0.24862098839398358 -0.03591073113589525 0.19362362744716644 0.3200751558231659 0.32343927795639593 0.36053188788452595 0.22691867686599662 0.04043927876883996 0.6722135614078 0.2009746633678 0.3537966112672632 0.5477715857404617 -0.06527531402479969 -0.019345596866905256 0.016755160819200143
16 35 -0.3758555878282954 -0.13758672900371585 0.13398999326611905 0.06273329045066889 0.0758756197182289 0.0861294290737289 0.22458456854104694 0.02994984996432 0.64990825356724 0.11370820076780003 0.3420569755617053 0.58904862255 -0.036913713679799995 0.005392148794336836 0.0331612557879999
16 36 0.16099945816766 0.26497832102047403 0.37246355034050366 0.3202455140377322 0.3438074589397322 0.3683991481004122 0.18989481596270802 0.05976007358848001 0.30766664054308357 -0.030630528372599802 0.15935774665130714 0.2936516466490001 -0.04214970143579966 -0.01322775854147371 0.02251474735080028
16 37 0.0663181967342769 0.16775760552528252 0.24817277814676597 0.18740211043962202 0.19766464644138199 0.240735009057612 0.1920330268440239 0.06375687757555998 0.35739107093238903 0.08377580409599995 0.1881005636486258 0.26764624079594557 -0.05890486225499994 -0.028283519825831573 0.008813912722599876
16 38 0.25671732838697703 0.2975658868654111 0.3369064808701171 0.3659888537161824 0.36711022776059243 0.3688773736282424 0.16267876487556385 0.003560471674079968 0.08351400470820003 -0.0057595865315998584 0.041869530161136856 0.03961897402040032 -0.007853981634000085 -0.0005235987756000309 0.0036651914292001875
16 39 -0.25701316169519106 -0.10211780857431689 0.0810483877702508 0.2627179642823769 0.34044183919706694 0.40882820261355696 0.2143961971899511 0.0960803753226 0.496546172194 0.05139994647139989 0.26134009062842106 0.43476151667319995 -0.12697270308300007 -0.047463769710968426 0.017191493132200086
16 40 0.305470192160674 0.3434860812631119 0.391174585080134 -0.8500283843409076 -0.1375718937050302 0.12103790488702705 0.2950765592424998 1.3502390692247601 0.08787732783819996 -0.0499164166071997 0.025656340004400025 0.1731366617984001 0.14686945655579997 0.6906359709598316 1.1664035391116
16 41 -0.05566257379991079 0.08871542524842534 0.2472916777615511 0.07534256707578904 0.09516078073224904 0.10549312990408904 0.19986506547108596 0.03319616237304 0.24904103096718183 0.11117747335274908 0.13107422682483252 0.31651545985020013 -0.025307274153999956 0.0008818505694315791 0.024870941841000013
16 42 -0.18166065593988948 0.011824799607648335 0.21832953871034053 0.2142219547975145 0.24236102566288448 0.27728506399540453 0.21993514907983475 0.0771435529384 0.60402354753216 0.15524703696540007 0.3179071302800842 0.48406706804220007 -0.10541788682080014 -0.0020117216115157987 0.0919788515804
16 43 -0.071444616598307 0.021065687739327005 0.05502630432474301 0.20294281298822048 0.20839260357759043 0.21329697877571047 0.21073805091996692 0.15842353620456362 0.48176323342955996 -0.20760691452539998 -0.13571312825814735 0.17671458676500001 -0.02731440279379993 0.06771877497787558 0.08403760348380002
16 44 -0.17871793385750556 -0.052864859489980334 0.07509657261407085 0.207181490520225 0.225599077451955 0.283452378832625 0.2040060532884358 0.08585274590588002 0.39559632825832 0.10698868314760003 0.2082085938201684 0.2985385685543382 -0.09468411192099999 -0.02717202067061054 0.059166661642799795
16 45 -0.23481785807926303 -0.08622750688114984 0.01917118131766172 0.09386046195810217 0.11846087776504216 0.14542185138531216 0.2141769043786455 0.0671428163239164 0.29996973854158904 -0.011868238913600171 0.15787880975873106 0.44820055191185454 -0.09992009967700007 -0.026363657648631585 0.0645771823240001
16 46 2.2448633309029304 2.3704380252550785 2.445733274515611 -0.721719389308467 -0.7038472177679871 -0.696447021739507 0.18515759541500407 0.0498291501446001 0.24717352866824038 -0.010210176124201276 0.13009133087802124 0.24452062820520037 -0.0617846555208007 -0.00964524060315798 0.030543261909999897
16 47 -0.10503672630469105 -0.02590437068363095 0.013427496674795859 -0.01595061251539999 0.0052856811583100105 0.033843631044125105 0.18769787473518112 0.05426228644464509 0.177377811880952 -0.1395390736974001 0.0933567430952379 0.27986354555820003 -0.0386590429318 0.026574934347539523 0.029583330821400036
16 48 -0.21218059831202196 0.199408181882409 0.4850260779844181 -0.2981282222551015 0.009669317981533051 0.3051317437293085 0.32061740944140715 0.73785539457552 0.9361597041877601 0.08997172294060024 0.49271563378303157 0.5755223208470001 -0.6318964556865998 -0.10356232624762104 0.5535311722717999
16 49 0.10954539657632695 0.11607118264955496 0.12146599536748695 0.23514927671186453 0.2359957613990845 0.23774545397421454 0.15934165165473238 0.007051130178080012 0.046670104198480014 -0.03429571980180006 -0.02456321273604211 -0.0049741883682000165 -0.008813912722599876 0.00260880793456844 0.008813912722599876
