39 0 -1.12 -1.1183452380952381 -1.12 -0.41 -0.41 -0.41 0.15622474745425777 0.009999999999999953 0.010000000000000009 0.0 0.0 0.0 0.0 -0.005263157894736818 0.0
39 1 -1.1972727272727277 -1.1922965367965368 -1.19 -0.35 -0.35 -0.35 0.158162409370418 0.011904761904764138 0.010000000000000009 0.0 0.005263157894736847 0.009199134199129322 0.0 0.006265664160402178 0.0
39 2 -1.1567857142857245 -0.265245670995674 0.3 -0.3571428571428563 -0.35 -0.3385714285714286 0.30534638669780845 0.06 1.285454545454546 -0.486363636363651 -0.6660287081339715 0.10000000000000009 -0.10000000000000009 -0.031578947368421054 0.0
39 3 -0.9725 -0.9652727272727273 -0.95 -0.10250000000000001 -0.09 -0.09 0.16436266090192028 0.031904761904764156 0.07999999999999996 0.0 0.042105263157894715 0.10000000000000009 0.0 -0.01679197994987587 0.0
39 4 -1.290119047619045 -1.2857543290043298 -1.24 -0.14284090909090832 -0.14 -0.056428571428571425 0.21098539201815775 0.3119047619047641 0.3257142857142925 -0.1626623376623415 -0.171428571428575 0.0 0.0 0.16416040100250745 0.2686147186147255
39 5 -1.11 -1.1030324675324676 -1.0917857142857126 -0.27 -0.26 -0.2575 0.16143739775213325 0.048636363636363505 0.021363636363636473 0.0 0.00497835497835389 0.01190476190475076 -0.07727272727273013 -0.009808612440191305 0.0568181818181826
39 6 -0.502857142857148 -0.025089826839829153 0.44711038961038807 -0.2225 -0.16333333333333053 -0.15 0.31006599094327036 0.13 1.5019047619047643 -1.209523809523787 -0.7904761904761916 -0.4678571428571518 -0.19761904761903634 0.03157894736842106 0.3
39 7 -1.09 -1.083 -1.08 -0.04 -0.04 -0.04 0.15622571339704694 0.010000000000000002 0.010000000000000009 0.0 -0.005263157894736847 0.0 0.0 -0.0042606516290714935 0.0
39 8 -1.4986363636363644 -1.4828095238095238 -1.4774999999999998 -0.4287500000000012 -0.37809523809523926 -0.36 0.17416411399600215 0.11380952380952836 0.09727272727272696 -0.009523809523803717 -0.04066985645932997 0.052705627705638136 -0.04999999999999977 -0.005263157894736847 0.1214285714285715
39 9 -1.3575000000000002 -1.2867781385281387 -1.21 -0.17 -0.16 -0.15 0.17986791015036463 0.03809523809523924 0.22999999999999998 0.0 0.12105263157894736 0.20000000000000018 -0.10000000000000009 -0.01478696741854518 0.04523809523810651
39 10 -0.9920238095238098 -0.9934047619047618 -0.99 -0.31 -0.31 -0.3 0.16063466266379975 0.02999999999999997 0.030000000000000027 0.0 -0.01578947368421054 0.0 0.0 0.01578947368421051 0.0
39 11 0.6782954545454551 1.0033701298701265 0.9744967532467462 -0.03 -0.03 -0.02 0.3232759057445768 0.11 1.7954329004329013 -1.5200216450216835 -0.892583732057416 0.08409090909089645 -0.03095238095239223 0.0411027568922294 0.04999999999999999
39 12 -1.05 -1.0500000000000003 -1.05 -0.13 -0.13 -0.13 0.1553397216925636 0.010000000000000009 0 0.0 0.0 0.0 0.0 0.0 0.0
39 13 -1.19 -1.18633658008658 -1.18 -0.25 -0.25 -0.24571428571428486 0.15711415288837094 0.010000000000000009 0.011363636363636465 0.0 -0.005980861244019192 0.0 0.0 -0.005263157894736847 0.0
39 14 -1.4603571428571436 -1.3369664502164509 -1.2021753246753262 -0.22 -0.21 -0.1975 0.20062447370272618 0.07 0.41999999999999993 -0.2500000000000002 -0.15689223057643986 0.05681818181818232 0.0 0.021052631578947368 0.10000000000000009
39 15 0.3992857142857126 0.4606471861471856 0.5125 -0.41 -0.39568181818181825 -0.34 0.187328216240612 0.10136363636363654 0.24190476190476423 -0.19047619047617925 -0.12731829573934958 -0.050000000000000044 0.0 0.05334928229665081 0.10000000000000009
39 16 0.36 0.36000000000000004 0.36 -0.34 -0.34 -0.34 0.1544546959308694 0 0 0.0 0.0 0.0 0.0 0.0 0.0
39 17 0.33 0.3464318181818185 0.385 -0.1625 -0.14931818181818174 -0.11642857142857142 0.19637810272678627 0.0967316017316027 0.35454545454545394 0.0 0.17081339712918628 0.19318181818181762 -0.09047619047619598 0.036124401913875503 0.12142857142857143
39 18 -1.09 -1.0799999999999998 -1.0775000000000001 -0.10250000000000001 -0.1 -0.1 0.15971956710307944 0.029523809523807273 0.030000000000000027 0.0 -0.01578947368421054 0.0 0.0 0.010526315789473679 0.0
39 19 -1.16 -1.1178658008658007 -1.0793181818181818 0.03 0.04 0.04 0.16692205603406524 0.02 0.06000000000000005 -0.18538961038961022 -0.026315789473684115 0.10000000000000009 0.0 -0.009523809523808338 0.0
39 20 -1.15 -1.1336904761904762 -1.12 -0.01 -0.01 -0.01 0.15800494137693213 0.01 0.029999999999999805 0.0 0.015789473684210423 0.0 0.0 -0.005263157894736842 0.0
39 21 -1.14 -1.1315000000000002 -1.1275 -0.17 -0.14500000000000002 -0.10750000000000001 0.1687769996903717 0.14190476190476417 0.019999999999999796 0.0 -0.010526315789473576 0.0 -0.10000000000000009 -0.07468671679198113 -0.015909090909087265
39 22 -1.42 -1.4003809523809525 -1.3775 -0.33 -0.32 -0.32 0.16526893740497556 0.041904761904764165 0.07999999999999985 -0.10000000000000009 -0.010526315789473694 0.08809523809523157 0.0 -0.02205513784461272 0.0
39 23 -1.38 -1.373908008658009 -1.37 -0.22105519480519403 -0.19476190476190533 -0.19 0.1754757980048542 0.2086363636363635 0.028636363636366458 -0.0023809523809470434 -0.005263157894736847 0.0 0.0 0.10454545454545447 0.21948051948049163
39 24 -1.6275 -1.4837857142857145 -1.3196590909090908 -0.41 -0.41 -0.41 0.19527189318991015 0.009999999999999953 0.4313636363636364 -0.3091991341991285 -0.2270334928229665 -0.15000000000000013 0.0 -0.005263157894736818 0.0
39 25 -1.08 -1.0691818181818185 -1.06 0.07 0.08499999999999999 0.32988095238095183 0.1858172710746324 0.3 0.040000000000000036 -0.02500000000000835 -0.005263157894736847 0.0 0.0 0.13583959899749254 0.2238095238095011
39 26 -1.28 -1.277 -1.27 -0.29 -0.29 -0.29 0.15622474745425774 0.009999999999999953 0.010000000000000009 0.0 0.005263157894736847 0.0 0.0 0.005263157894736818 0.0
39 27 -1.08 -1.076833333333333 -1.0703571428571421 -0.28 -0.28 -0.28 0.15533972169256358 0 0.010000000000000009 -0.0023809523809470434 -0.005263157894736847 0.0 0.0 0.0 0.0
39 28 -1.14 -1.1400000000000001 -1.14 -0.4 -0.4 -0.4 0.1551711453570026 0.008095238095235824 0 0.0 0.0 0.0 0.0 0.0 0.0
39 29 -0.5375000000000001 -0.472990259740259 -0.3617857142857126 -0.3 -0.2584090909090897 -0.21 0.21183355928282366 0.10136363636363649 0.537272727272727 0.07499999999999202 0.28277511961722473 0.5404761904761803 0.0 0.04808612440191394 0.11590909090910345
39 30 -1.18 -1.18 -1.18 -0.27 -0.27 -0.27 0.1544546959308694 0 0 0.0 0.0 0.0 0.0 0.0 0.0
39 31 -1.14 -1.1276580086580086 -1.12 0.05732142857142901 0.10531385281385214 0.1285714285714269 0.17141663101140325 0.0986363636363635 0.058636363636363376 -0.09761904761905194 0.030861244019138617 0.09999999999999898 -0.05595238095238337 0.045648211437683855 0.15952380952380388
39 32 -1.04 -1.0379999999999998 -1.04 -0.52 -0.52 -0.51 0.15622474745425777 0.010000000000000009 0.010000000000000009 0.0 -0.005263157894736847 0.0 0.0 -0.005263157894736847 0.0
39 33 0.4775 0.48630086580086634 0.514404761904764 -0.22 -0.15214285714285714 -0.1175 0.19569611857843458 0.14 0.30508658008658157 -0.04761904761903607 0.1605718842560956 0.3000000000000161 -0.049999999999999975 0.025313283208018858 0.15
39 34 -1.15 -1.1440000000000001 -1.14 -0.19 -0.18 -0.18 0.15622949667297106 0.010000000000000009 0.010000000000000009 0.0 0.005263157894736847 0.0 0.0 0.005263157894736847 0.0
39 35 2.23797619047619 2.2424134199134196 2.2562500000000014 -0.42 -0.42 -0.41 0.16494438589660299 0.03999999999999998 0.07863636363636317 0.0 0.025598086124401773 0.0 -0.050000000000000044 -0.01578947368421051 0.0
39 36 2.58 2.9591450216450244 3.058214285714294 -0.3404761904761902 -0.33 -0.33 0.34269933495466326 0.02999999999999997 2.090064935064949 0.0 -2.205228981544764 1.633333333333371 0.0 -0.005263157894736847 0.0
39 37 2.6475 2.6562500000000004 2.67 -0.27 -0.27 -0.2675 0.1615298308247799 0.020000000000000018 0.050000000000000266 0.0 0.02631578947368435 0.07500000000000728 0.0 -0.010526315789473694 0.0
39 38 -1.1967857142857143 -1.031912337662338 -0.92 -0.19 -0.18690476190476246 -0.15 0.18701291436907144 0.03 0.24 -0.10000000000000009 -0.11052631578947367 0.07857142857142896 0.0 0.01478696741854518 0.0
39 39 -0.72 -0.6646677489177495 -0.6871590909090917 -0.2204761904761885 -0.13 -0.011250000000001212 0.22154645911839038 0.19 0.42590909090909046 -0.2068181818181658 -0.21363636363636337 0.0 -0.22500000000000808 0.05162907268170306 0.33095238095237534
39 40 0.41761904761904645 0.43949242424242446 0.46 -0.2 -0.185 -0.16 0.1677812428261499 0.06 0.07 -0.04999999999999977 0.005263157894736847 0.09999999999999981 -0.07857142857142854 0.0 0.0
39 41 -1.0482142857142849 -1.0382261904761907 -1.03 -0.36 -0.35 -0.35 0.15889503833826932 0.019999999999999962 0.030000000000000027 0.0 0.009523809523808392 0.03690476190475911 0.0 0.0 0.0
39 42 0.3 0.29999999999999993 0.3 0.02 0.03 0.03 0.15533972169256358 0.009999999999999998 0 0.0 0.0 0.0 -0.002380952380963662 -0.005263157894736841 0.0
39 43 -1.15 -1.1499999999999997 -1.15 -0.08 -0.07 -0.07 0.15533972169256358 0.009999999999999995 0 0.0 0.0 0.0 0.0 -0.005263157894736839 0.0
39 44 -1.2 -1.1983095238095243 -1.2 -0.11 -0.11 -0.11 0.15533972169256358 0 0.010000000000000009 0.0 0.005263157894736847 0.0 0.0 0.0 0.0
39 45 -0.9212500000000005 -0.7523160173160162 -0.6696428571428521 -0.17 -0.16 -0.1337500000000012 0.23975236810534212 0.1543506493506492 0.6632683982684007 0.0 0.34908863066757934 0.8321428571428986 -0.07857142857142854 -0.0571770334928229 0.05714285714285727
39 46 -0.09076298701298689 -0.12082034632034674 0.01 -0.28 -0.28 -0.28 0.22551647784910478 0.030000000000000027 0.6432683982684007 -0.42261904761906177 -0.33856231487810556 0.09318181818181742 0.0 0.01578947368421054 0.0
39 47 0.52 0.6045054112554118 0.656785714285716 -0.28 -0.265 -0.22 0.1925254940636376 0.07000000000000003 0.36 0.10000000000000009 0.1894736842105263 0.21904761904762482 0.0 0.03157894736842107 0.09761904761903639
