4 0 0.02993456589085745 0.0888730615023477 0.1473487037564605 -0.2001258502094305 -0.195 -0.18 0.18723367888294806 0.07999999999999999 0.28932518412833075 -0.2945059159645784 -0.1470132548043847 -0.051308682182854906 -0.10000000000000009 -0.04210526315789473 0.0
4 1 0.3092949423217982 0.3452741383879323 0.39250000000000007 -0.3 -0.29 -0.28 0.1721865928245825 0.04999999999999999 0.1499999999999999 -0.1641011535640377 -0.07894736842105259 0.0 -0.050000000000000044 -0.021052631578947358 0.0
4 2 0.1775000000000001 0.20294017297576836 0.22999999999999998 -0.22 -0.21 -0.19 0.17134118794281653 0.07999999999999999 0.08997659094850097 -0.10000000000000231 0.005263157894736963 0.093058350100471 -0.0013786519847160117 0.04210526315789473 0.1486943369367058
4 3 0.4587079263950222 0.5320859498738858 0.6731243679650395 -0.1 -0.09946315789473714 -0.08645838503536378 0.21322331027310598 0.039999999999999994 0.5411014959885108 -0.7995580203210426 -0.2847902610465846 0.0946315789473734 0.0 0.010816183154871246 0.08931053400795613
4 4 0.23751896505012152 0.25077569082782836 0.2625000000000002 -0.07 -0.07 -0.06750985243245612 0.16687546380698517 0.04000000000000001 0.06000000000000005 -0.09999999999999787 -0.02627586305237622 0.0 0.0 -0.010566242210781812 0.0
4 5 -0.024543230016313262 0.06599142652027884 0.14939046833354516 -0.1 -0.08 -0.050930702085982105 0.21651112821892848 0.06244794467433453 0.606533289104324 -0.359928363152022 -0.31922804689701256 -0.14819607482191452 -0.06260312222363423 0.014363280095736888 0.10000000000000006
4 6 -0.2475000000000005 -0.10104207992910239 0.04000000000000026 -0.3524999999999999 -0.34 -0.285 0.22439639112120727 0.18 0.6099999999999999 -0.6493184108897293 -0.1631578947368426 0.34999999999999254 -0.19999999999999976 -0.08421052631578946 0.0
4 7 0.03621105099689526 0.09712217378828628 0.1625000000000001 -0.33098716109242043 -0.325 -0.2775 0.18797807180852527 0.13000000000000003 0.25 -0.20000000000000018 -0.09999999999999998 0.07940336553667507 -0.10000000000000009 -0.06315789473684212 0.0
4 8 -0.10890852502414863 0.016707308475327268 0.0020051832654570875 -0.38021085571657387 -0.3481579227791015 -0.26959090184438034 0.2537392587918924 0.31692199150046857 0.8138146391634805 -0.4695473959633945 -0.37056155874147 0.0815849322343682 -0.29621940357310017 -0.12566469885931375 0.0991916925183442
4 9 0.6200000000000001 0.6365886792452818 0.6499999999999999 -0.11 -0.11 -0.10813422671656389 0.16421034003231014 0.039999999999999994 0.06999999999999984 -0.10000000000000231 -0.01578947368421066 0.09999999999999787 -0.0992514174344452 -0.01578947368421053 0.049999999999999975
4 10 0.08823917019348596 0.12008342933738259 0.12146472136739395 -0.24 -0.23 -0.2042476806968352 0.17736242253644294 0.06 0.1884245834035677 -0.2216821286877651 -0.07663591646750473 0.06298864661076709 -0.09999999999999981 -0.022740872800557116 0.0
4 11 0.45999999999999996 0.51752823077426 0.5525226948515105 -0.21947259597580593 -0.2 -0.17765283796414286 0.1838868605719674 0.04000000000000001 0.13000000000000034 -0.29969363810186167 -0.06842105263157912 0.049999999999998934 -0.09999999999999995 0.015789473684210527 0.10414636839360294
4 12 -0.04249999999999954 -0.012275869712817123 0.0017977777777808829 -0.1825 -0.15 -0.12346947194718971 0.18460074719468395 0.15000000000000002 0.19000000000000083 -0.20000000000000018 -0.0631578947368424 0.049999999999998934 -0.10000000000000009 -0.03157894736842106 0.10000000000000009
4 13 0.022014221359534968 0.1296056062068831 0.12026892950391667 -0.5283745923319799 -0.46920804211552286 -0.37750000000000006 0.24671054319760272 0.21999999999999997 0.8199999999999998 -0.5665265911701012 -0.3736842105263158 0.13569276604291602 -0.17160096854460766 -0.09558311143844234 -0.050273370618148794
4 14 0.10000000000000009 0.13739793728896138 0.16635238641100536 -0.4183670022062901 -0.28500000000000003 -0.24114761358899478 0.1897508230998058 0.22999999999999998 0.16999999999999993 -0.10901590940670364 -0.08947368421052627 0.0 -0.15105087278266927 -0.11578947368421051 -0.009015909406701467
4 15 0.41719722665602443 0.4990646506293543 0.6200000000000001 -0.39 -0.38 -0.36 0.1801113001683462 0.030000000000000027 0.2200000000000002 -0.049999999999998934 0.08421052631578956 0.14844738724416107 -0.0006874660510602926 0.010526315789473694 0.0
4 16 -0.05749999999999966 0.02024557308478544 0.08273752012882507 0.047049836540604364 0.08403644765773395 0.10250000000000001 0.1892049932787587 0.09 0.22891069391184166 -0.17490443753154872 -0.04630103701132461 0.09332202873146171 -0.012073910118468069 0.047368421052631574 0.09530638204837816
4 17 -0.028909784464362074 -0.000796825398057149 0.022500000000000075 -0.12 -0.11 -0.09716150160361692 0.17136751629299948 0.06 0.12999999999999945 -0.16304935662335035 -0.05263157894736847 0.09999999999999787 -0.10000000000000002 -0.005263157894736839 0.002256655975887145
4 18 0.050000000000000266 0.08405611799467168 0.08750000000000013 -0.48 -0.4623595679012217 -0.4475 0.1826298069843645 0.09999999999999998 0.21987899740708583 -0.2499999999999991 -0.11046263021425558 0.0 -0.10000000000000009 -0.04736842105263156 0.0
4 19 0.03000000000000025 0.10018120400000304 0.15608198644663607 -0.1951111667895999 -0.1383905444019744 -0.10750000000000001 0.18929261962383104 0.08000000000000002 0.27063388099467217 -0.27166323232802225 -0.14243888473403798 0.004299219687869116 -0.022445190061443077 0.04210526315789475 0.09559262576504406
4 20 0.27780911675719033 0.38908150273892445 0.48250000000000004 -0.4725 -0.47 -0.45 0.1828008763032983 0.04999999999999999 0.27 -0.20000000000000018 -0.14210526315789473 -0.00815027389244688 -0.04999999999999977 -0.021052631578947358 0.0
4 21 0.050000000000000266 0.07659780959220926 0.09461640870675142 -0.380603061567792 -0.36 -0.3568415479125585 0.1786446041215482 0.043582033700929834 0.19116366082673703 -0.11256474991927362 -0.10061245306670369 0.0 -0.0002193218998391977 0.022937912474173597 0.08142630996557015
4 22 -4.440892098500626e-16 0.033441634745098564 0.05738729828214465 -0.1725 -0.16 -0.1475 0.17496666402461453 0.04000000000000001 0.15000000000000036 -0.10235598505877845 -0.05792603602028392 0.04984241020644078 0.0 0.021052631578947364 0.05151766737514725
4 23 -0.19263028327353793 0.004993622383653429 0.24 -0.5275000000000001 -0.46 -0.37250000000000005 0.23829689162015016 0.33000000000000007 0.5099999999999998 -0.4774328496962109 -0.1684210526315791 0.1056220636977434 -0.30000000000000016 -0.0631578947368421 0.059355942585685995
4 24 -0.0637331690727377 -0.033536796259226134 -0.015000000000000124 -0.18022707506144794 -0.17 -0.155 0.1782540805412662 0.11 0.1600000000000006 -0.09999999999999787 -0.0736842105263154 0.0 -0.10000000000000002 -0.05789473684210527 0.0
4 25 0.2994436312887198 0.32018082559990524 0.33250000000000013 -0.44064378242852625 -0.44 -0.42 0.17127953801529686 0.09000000000000002 0.10000000000000009 -0.10000000000000009 -0.050403229263657943 0.0 -0.013190823528447804 -0.031578947368421054 0.0
4 26 0.06000000000000005 0.12435832245625818 0.15416477019563762 -0.3521715371422807 -0.31459824384124924 -0.23233842315669573 0.20235595541561566 0.2517262647509705 0.29345252950194106 -0.31059400903254425 -0.1544486997378637 0.0 -0.20726141375568025 -0.1324875077636687 -0.01058681874189199
4 27 -0.1524999999999994 -0.09640517223667046 -0.0560841131070262 -0.34 -0.31028925035360644 -0.2675 0.19202225378993468 0.16704346407261622 0.2444110266831579 -0.23221514629949566 -0.0654794877279773 0.10634205922007714 -0.10000000000000009 -0.087917612669798 -0.018673808709288586
4 28 -0.12999999999999945 -0.0714998356711076 -0.020000000000000018 -0.21 -0.17 -0.13 0.1755593658815883 0.09 0.14999999999999947 -0.09999999999999787 -0.07368421052631562 0.0 -0.08147437295528137 -0.047368421052631574 0.0
4 29 -0.0506942781004841 -0.004743192023940799 0.0375000000000002 -0.51 -0.49 -0.4175 0.1862080699378896 0.18 0.18000000000000105 -0.19999999999999796 -0.07368421052631585 0.0 -0.14999999999999986 -0.08421052631578946 0.0
4 30 -0.03999999999999959 -0.023939322688190823 -0.009696613440955237 -0.15 -0.15 -0.14 0.16420519290843436 0.03 0.07999999999999963 -0.09393226881909811 -0.03684210526315781 0.0 0.0 -0.005263157894736847 0.0
4 31 -0.18156113537118113 -0.1359463678420616 -0.09250000000000025 -0.12 -0.1 -0.08 0.18890160830992905 0.13 0.25999999999999934 -0.29999999999999805 -0.1105263157894739 0.08122270742361812 -0.14999999999999997 -0.03684210526315789 0.049999999999999975
4 32 -2.1700000000000004 -2.0314001081509354 -1.833396943458872 -0.3524999999999999 -0.1858474389369809 -0.0725 0.24668726949202535 0.33999999999999997 0.71 0.19999999999999574 0.3736842105263158 0.42363751979782593 -0.3 -0.17894736842105266 -0.049999999999999975
4 33 -0.0900000000000003 -0.039136982292491594 0.023812289870511164 -0.28 -0.27 -0.21309385506474454 0.18714765806803138 0.0915779534993505 0.25999999999999934 -0.2499999999999991 -0.10000000000000044 0.049999999999998934 -0.13729236709829687 -0.04293576499965818 0.07976115287007743
4 34 0.09953720067921151 0.18004457061717444 0.2606914119291065 -0.4547642838061729 -0.4389463588290194 -0.42679528861692045 0.19012026438551466 0.11837744409636242 0.2815817011000808 -0.2544689267506822 -0.14293773742109525 -0.008112779518187757 -0.1684180816912098 -0.05683230605583819 0.03904758587055329
4 35 0.56 0.5847540287873076 0.6100000000000003 -0.13 -0.125 -0.11 0.1690014906843101 0.020000000000000004 0.1341938775510243 0.0 0.07062835660580226 0.10000000000000231 0.0 0.005263157894736847 0.0
4 36 0.16748217528010367 0.27298597317096956 0.377453743545621 -0.01 -0.0035307346326646522 0.0013854679803041877 0.19088032454203493 0.05 0.35508122743682113 0.09964350560207377 0.18162169865095834 0.25000000000000133 -0.08530734632664651 -0.02631578947368421 0.0
4 37 0.14033052517154176 0.22429183582325019 0.4049999999999999 -0.2931129832189723 -0.25 -0.22 0.2374661005250672 0.14 0.6799999999999997 -0.5615618740407433 -0.3578947368421051 -0.049999999999998934 -0.15000000000000013 -0.0736842105263158 0.050000000000000044
4 38 0.2975000000000002 0.3415000000000001 0.3825000000000003 -0.1 -0.08499999999999999 -0.05 0.17038008844172184 0.07 0.10999999999999988 -0.10000000000000231 -0.0578947368421052 0.0 -0.09999999999999995 -0.03157894736842106 0.0
4 39 0.05785786535795871 0.17154182215032726 0.29558834351313507 -0.24983804641730573 -0.219555511225563 -0.1872058282434325 0.19928177723048107 0.121426923883414 0.3799999999999999 -0.3456304379270777 -0.17368421052631558 0.0 -0.10943568980470816 -0.02105263157894737 0.050504950636239276
4 40 -1.1600000000000006 -1.0410347855161934 -0.9197323269513986 -0.2 -0.1860414794331131 -0.1675 0.2011807517274396 0.13999999999999999 0.37375112340132244 -0.3999999999999915 -0.19671111757964338 -0.03395456750998005 -0.16096361309266172 -0.05899103098222431 0.0
4 41 0.25 0.2681835929826762 0.2725000000000001 -0.39 -0.38 -0.38 0.1634171480871823 0.020000000000000018 0.08119621251972647 -0.10000000000000231 -0.026945375010382456 0.049999999999998934 0.0 -0.005263157894736847 0.0
4 42 -0.14070578231291705 -0.0813480269788443 -0.0050000000000001155 -0.5824999999999999 -0.5359388821317971 -0.5105726872246321 0.19100065788141798 0.15000000000000002 0.1399999999999988 -0.1499999999999968 0.0631578947368424 0.22818840579756136 0.0 0.07894736842105264 0.15269337225451152
4 43 -0.35688561528877627 -0.29152831204296614 -0.1847147059925789 -0.16014219939496696 -0.16 -0.12991436744152374 0.2091428090370758 0.09922426688002309 0.5192242668800227 0.10139571883136328 0.27327592993685407 0.3521982924547157 0.0 0.05222329835790689 0.09999999999999995
4 44 -0.10250000000000004 -0.03448264125114484 0.009999999999999676 -0.4925 -0.43 -0.3025 0.21693520370706018 0.38 0.33000000000000007 -0.38840160284953273 -0.17368421052631583 0.0 -0.2999999999999998 -0.2 -0.10000000000000009
4 45 -0.06550940116433279 -0.0007123361649061077 0.07500000000000007 -0.2600762225699041 -0.25 -0.23685200036314963 0.18910579995141158 0.11049211597151343 0.2799999999999998 -0.1499999999999968 -0.14736842105263148 0.0 -0.15 -0.052631578947368446 0.015357077075682235
4 46 0.1499999999999999 0.2210510938567026 0.2925000000000002 -0.2 -0.18 -0.14 0.18532681565451808 0.09999999999999999 0.25 -0.20000000000000018 -0.12105263157894736 0.0 -0.10000000000000002 -0.05263157894736842 0.0
4 47 0.52 0.5342133106860776 0.5425000000000001 -0.3 -0.28 -0.25 0.16777923134662118 0.07 0.08000000000000007 -0.10000000000000009 -0.04210526315789478 0.0 0.0 0.031578947368421054 0.08178887993542744
4 48 -0.10000000000000009 -0.012108089933006622 0.0950000000000003 -0.270420230753929 -0.25 -0.20750000000000002 0.1874093661811625 0.08289790491249469 0.2842041901750103 -0.20000000000000018 -0.1111913037660569 0.03473111330688429 -0.09159538492141975 -0.02706713073828614 0.007351782548754987
4 49 0.1200000000000001 0.18853822187306316 0.19999999999999996 -0.4025 -0.38 -0.31141511627907426 0.21706642665205508 0.4 0.31562475970782383 -0.20000000000000018 -0.16611829458306518 0.0 -0.30000000000000016 -0.1368421052631579 0.19999999999999962
4 50 0.20999999999999996 0.2483819991199913 0.2775000000000001 -0.22 -0.21 -0.15 0.17831036866442743 0.11000000000000001 0.16000000000000014 -0.1500896451769415 -0.06837453482190282 0.00044191919192484996 -0.10000000000000009 -0.04736842105263158 0.0
4 51 0.0900000000000003 0.16286221779304808 0.21762209215627365 -0.4 -0.39954944477791177 -0.36162596928124213 0.1982412486664019 0.16000000000000003 0.3393678655638339 -0.2599833123337444 -0.16842105263157886 0.0 -0.15632614810882128 -0.0842105263157895 0.0
4 52 -2.6299999999999994 -2.6175418839238285 -2.6072615417962544 -0.2725 -0.24622749050057813 -0.22 0.16878356850614787 0.09371255004832232 0.06742510009664437 -0.09999999999999787 -0.03022373689297037 0.02789593492090514 0.0 0.04932239476227491 0.10000000000000009
4 53 0.3700000000000001 0.3875000000000001 0.40249999999999997 -0.36 -0.36 -0.3475 0.16227477133389098 0.028474461888186753 0.05999999999999961 -0.09999999999999787 -0.031578947368420845 0.0 0.0 -0.010526315789473665 0.0
4 54 2.98 3.0871895879537954 -3.0975 -0.07 -0.06 -0.042753521126787535 0.19282837399404976 0.08 0.17999999999999972 -0.20000000000000018 -3.210526315789474 0.3000000000000025 0.0 0.031578947368421054 0.09999999999999995
4 55 0.08000000000000007 0.1421810036160884 0.12986206755936044 -0.28974274926741184 -0.28 -0.2675 0.18789295933022843 0.06999999999999998 0.30918253373313337 -0.25717821362544757 -0.13100360046972911 0.09805251481979096 -0.09999999999999981 -0.03157894736842107 0.0
4 56 -0.0009330386259891925 0.0697594307811399 0.09965338457112494 -0.14026897528040932 -0.13 -0.11 0.19513669716058057 0.10877218723160663 0.3510802424592266 -0.34434773362644955 -0.11143585021935803 0.1467606352122342 -0.10000000000000002 -0.015789473684210523 0.10000000000000009
4 57 0.007500000000000173 0.04500000000000008 0.0475000000000001 -0.36 -0.35 -0.3275 0.182492012725358 0.14806504599211956 0.17000000000000037 -0.20000000000000018 -0.07368421052631562 2.220446049250313e-15 -0.14032522996059782 -0.056876339995852405 0.023819994136679568
4 58 -0.040397981718912485 0.016073923114274438 0.0866804590293146 -0.31508763251659 -0.2409281955525379 -0.22978452003453137 0.19438090506595274 0.18145128886164644 0.2700000000000009 -0.2414208735110821 -0.12205756702874258 0.0404531132269444 -0.14929680992997407 -0.04286909940086653 0.059281955525379015
