40 0 -1.61 -1.5232012987013006 -1.4830952380952394 -0.23 -0.23 -0.22327380952380982 0.22947231229442958 0.06999999999999659 0.7808874458874504 -0.7156926406926967 -0.41099339257234235 -0.0023809523809470434 -0.07261904761904914 -0.031578947368421054 0.0
40 1 -0.4807142857142857 -0.34016991341991387 -0.17833333333332319 -0.23 -0.19159090909090712 -0.1789285714285706 0.21578019978603483 0.07809523809523583 0.4128571428571437 -0.45681818181818157 -0.10573023467760549 0.12380952380950126 -0.033333333333342985 0.0 0.07857142857141161
40 2 -1.862938311688313 -1.5461244588744572 -1.2110714285714295 -0.24 -0.23 -0.2145238095238098 0.24825831912623927 0.07999999999999999 0.8299999999999998 -0.5904761904761957 0.07583732057416813 0.050000000000000044 -0.08095238095237517 -0.03157894736842105 0.0
40 3 -1.4475 -1.205411255411256 -0.9075 -0.19 -0.17476190476190362 -0.1575 0.22183445229902324 0.0500000000000034 0.62 -0.6047619047619207 -0.32631578947368417 -0.10000000000000009 -0.050000000000000044 0.015789473684210527 0.050000000000016975
40 4 -1.6229761904761904 -1.6092413419913416 -1.5875000000000001 0.06 0.07 0.08 0.17589673168197578 0.06000000000000001 0.1499999999999999 0.0 0.07894736842105259 0.14047619047616644 0.0 0.03157894736842106 0.08809523809524933
40 5 -1.6324999999999998 -1.5508170995670996 -1.4632142857142882 -0.24547619047619018 -0.11380952380952285 -0.045000000000000005 0.20830228348958998 0.38 0.21999999999999997 -0.038095238095249284 0.09473684210526312 0.18495670995671176 0.09999999999999999 0.19999999999999998 0.2639610389610543
40 6 -1.5725 -1.3907510822510836 -1.2320238095238096 -0.2025 -0.19 -0.18 0.23347638995215791 0.13047619047618936 0.761839826839829 -0.6554112554112168 -0.4009683299156994 -0.07857142857142008 -0.10000000000000009 -0.04761904761904703 0.011904761904771577
40 7 -0.8254761904761901 -0.7882337662337658 -0.7185714285714294 0.16 0.18 0.1825 0.18417736409667942 0.020000000000000018 0.29380952380952496 0.0 0.14210526315789473 0.25714285714285745 0.0 0.0 0.0
40 8 -0.8434523809523813 -0.8879339826839845 -0.8270238095238097 -0.0325 -0.03 -0.03 0.20926483855846947 0.049999999999999996 0.5708874458874506 -0.2666666666666784 -0.3004670767828687 0.0 -0.049999999999999975 -0.02631578947368421 0.0
40 9 -1.63875 -1.6299329004329004 -1.61 -0.01 0.0 0.0025 0.16775290275467564 0.03047619047618935 0.09999999999999987 0.0 0.036842105263157926 0.10000000000000009 -0.05551948051950034 -0.01077694235588913 0.0
40 10 -1.1785660173160206 -1.1955216450216466 -1.1303571428571428 -0.14 -0.13 -0.0975 0.19564431374945856 0.06 0.3822510822510903 -0.4190476190476089 -0.20118478013215277 0.043181818181819986 -0.09999999999999988 -0.026315789473684223 0.0
40 11 -0.7635660173160206 -0.7799090909090922 -0.71 -0.01 -0.002142857142855451 0.0 0.19347428770939695 0.04 0.3913636363636399 -0.18733766233764215 -0.205980861244021 0.0 -0.04999999999999999 -0.021052631578947368 0.0
40 12 -1.49617965367966 -1.4929166666666678 -1.42 -0.15 -0.14 -0.13 0.19713175280505427 0.020000000000000004 0.43136363636363995 -0.4190476190476089 -0.22703349282296842 0.0 0.0 0.010526315789473686 0.0
40 13 -0.5846428571428577 -0.4904848484848494 -0.3448809523809526 -0.2557142857142832 -0.25 -0.2375 0.22477080205717273 0.21000000000000002 0.46993506493506804 -0.5190476190476077 -0.04955570745044603 0.22824675324675164 -0.12499999999999997 -0.09999999999999999 0.0
40 14 -1.3725 -1.3571277056277056 -1.33875 -0.35 -0.35 -0.3375 0.17023271411131782 0.03999999999999998 0.13816017316017448 -0.09761904761903528 0.03659147869674245 0.15000000000000013 0.0 -0.021052631578947358 0.0
40 15 -0.7347673160173134 -0.7165400432900432 -0.6974999999999999 -0.05 -0.03 -0.03 0.1615904437347985 0.020000000000000004 0.059523809523810645 -0.09999999999999953 0.005012531328321427 0.04448051948049925 0.0 -1.460819769243627e-18 0.0
40 16 -1.35 -1.1260119047619057 -0.8977976190476196 -0.2 -0.17809523809523753 -0.1675 0.22116738099014052 0.06999999999999998 0.6799999999999999 -0.6288961038960761 -0.3578947368421052 -0.10000000000000009 -0.09999999999999981 -0.015789473684210527 0.0
40 17 -2.0598863636363647 -1.6736839826839844 -1.1974999999999998 -0.1525 -0.11 -0.057499999999999996 0.2570962713913819 0.12047619047618936 0.9299999999999999 -0.8045454545454589 -0.431578947368421 0.1068181818181968 -0.15909090909090187 -0.06340852130325754 0.0
40 18 -1.8962500000000002 -1.890726190476191 -1.88 -0.19 -0.19 -0.1742857142857143 0.16503670842943335 0.06952380952381063 0.049523809523810636 0.0 0.026065162907268756 0.024999999999999467 -0.09999999999999981 0.010275689223058233 0.04318181818180347
40 19 0.1379816017315982 0.410936147186145 0.7059523809523804 0.04 0.06 0.08249999999999999 0.2591600549150909 0.08 1.1013636363636399 -0.7098484848484808 -0.5796650717703367 -0.4187229437229578 -0.09318181818181961 -0.02631578947368421 0.0
40 20 -1.2650000000000001 -1.0998225108225115 -0.94 0.0275 0.06068181818181987 0.07702380952380969 0.21481986067107436 0.07 0.6108874458874504 -0.4357142857142976 -0.321519708361816 -0.19047619047617925 0.0 0.027033492822968287 0.08095238095238573
40 21 -1.330000000000001 -1.1348961038961052 -0.8882738095238099 -0.14 -0.13 -0.1275 0.21489224054143186 0.020000000000000004 0.6395238095238108 -0.3884199134198807 -0.33659147869674255 -0.09999999999998344 0.0 0.010526315789473686 0.0
40 22 -2.26 -2.255 -2.25 -0.1 -0.09 -0.08 0.15800494137693213 0.03 0.009999999999999787 0.0 0.00526315789473673 0.0 0.0 -0.015789473684210527 0.0
40 23 -1.3010660173160207 -1.1530000000000018 -0.9625 -0.32 -0.295 -0.2888474025974005 0.21117473123599853 0.03999999999999998 0.58 -0.4142857142857148 -0.3052631578947368 -0.18809523809522666 0.0 0.01578947368421054 0.08170995670993775
40 24 -1.8834523809523807 -1.8518733766233766 -1.8092857142857133 -0.08 -0.08 -0.07 0.1723353349072935 0.020000000000000004 0.13136363636363968 -0.19318181818182012 -0.06913875598086298 0.08809523809524378 -0.049999999999999975 -0.004545454545452764 0.0
40 25 -1.02 -1.0155 -1.01 0.01 0.01 0.01 0.1562247474542578 0 0.020000000000000018 0.0 0.010526315789473694 0.0 0.0 0.0 0.0
40 26 -0.9405952380952385 -0.9432824675324681 -0.93 -0.27 -0.26 -0.26 0.16785825374403843 0.010000000000000009 0.1313636363636398 -0.09999999999999953 -0.06913875598086305 0.0 0.0 -0.005263157894736847 0.0
40 27 -1.5560660173160208 -1.329108225108227 -1.1070238095238099 -0.38 -0.345 -0.34 0.2156593361669836 0.06 0.61225108225109 -0.5103896103896144 -0.32223741171110004 -0.2095238095238039 0.0 0.031578947368421054 0.09999999999999981
40 28 1.356639610389612 1.7954069264069237 2.2228571428571398 -0.37999999999999745 -0.3025 -0.19809523809523755 0.2985728178330778 0.26999999999999996 1.18 -1.1761904761904662 -0.08325358851675696 0.9193722943722504 -0.2431818181818199 -0.00454545454545276 0.283333333333356
40 29 -2.378977272727271 -2.0693593073593055 -1.6939339826839792 0.0010227272727294748 0.04 0.06499999999999916 0.240870849586119 0.09 0.8699999999999999 0.0 0.45789473684210524 0.8182900432900309 0.0 0.02631578947368421 0.09999999999999998
40 30 -1.13 -1.124666666666667 -1.12 0.03 0.04 0.042499999999999996 0.15711991561523794 0.020000000000000004 0.009999999999999787 0.0 0.00526315789473673 0.0 0.0 -0.005263157894736843 0.0
40 31 -1.6125 -1.6125 -1.61 0.18 0.18 0.18 0.1553397216925636 0 0.010000000000000009 0.0 0.005263157894736847 0.0 0.0 0.0 0.0
40 32 -1.3834523809523813 -1.1182694805194817 -0.8223214285714294 -0.32125000000000004 -0.27 -0.26 0.2400802144508404 0.08000000000000002 0.8795238095238107 -0.6112554112554303 -0.46290726817042666 -0.16590909090909878 0.0 0.0368421052631579 0.10000000000000009
40 33 -1.6285660173160208 -1.4711093073593096 -1.275 0.009204545454546445 0.01 0.0225 0.21406364423088173 0.04 0.6227272727272795 -0.4706709956709765 -0.32775119617225235 -0.20000000000000018 -0.025432900432891894 -0.01578947368421053 0.0
40 34 0.5889448051948052 1.044035714285717 1.5171320346320412 -0.15 -0.14404761904761962 -0.13 0.2963289566448835 0.09 1.291839826839829 0.025865800865806365 0.6799156983367522 1.4190476190476398 -0.10000000000000009 -0.04736842105263159 0.0
40 35 -1.5467261904761904 -1.3603755411255398 -1.1909090909090942 -1.4223809523809525 -1.3938095238095227 -1.3775 0.2109100366657667 0.05952380952381042 0.5680952380952351 -0.09761904761903639 0.23709273182957338 0.5136363636363761 0.0 0.03132832080200548 0.05714285714287337
40 36 -1.7001785714285707 -1.6801612554112553 -1.55 -0.3 -0.29 -0.2557738095238098 0.22353384804779006 0.15 0.6381601731601745 -0.07142857142855452 0.3050125313283213 0.5619047619047679 -0.1669913419913248 -0.06842105263157894 0.0
40 37 -1.6204761904761904 -1.5451861471861459 -1.5414339826839794 -0.08 -0.065 -0.03 0.2128353407029503 0.1 0.5413636363636398 0.050000000000000044 0.2849282296650736 0.3730519480519412 0.0 0.05263157894736842 0.10000000000000006
40 38 1.8298214285714294 1.9219383116883133 1.9851136363636395 -0.16 -0.135 -0.10750000000000001 0.22830042293685343 0.08 0.7522510822510899 0.2068181818181969 0.3959216222374158 0.7101731601731598 -0.09999999999999995 -0.03684210526315789 0.0
40 39 -0.1711688311688293 0.016137445887444292 0.23568181818181805 0.01 0.02 0.020119047619048182 0.23882005047084953 0.019999999999999997 0.9276190476190533 -0.5880952380952325 0.149225336067439 0.9785714285714285 0.0 0.00980861244018961 0.009199134199160165
40 40 0.2113203463203401 0.5847770562770531 1.0516071428571423 -0.19 -0.14119047619047714 -0.03809523809523773 0.27897662738781454 0.17 1.203203463203469 -0.9357142857142847 -0.6332649806334046 -0.38538961038957 -0.18809523809522835 -0.08421052631578947 0.0
40 41 -1.28 -1.271520562770563 -1.2557142857142867 0.01857142857142942 0.02 0.03 0.16357599851142693 0.03 0.06183982683982925 -0.09761904761903639 -0.03254727728412066 0.0 0.0 0.0007177033492840732 0.0
40 42 -1.43 -1.2804686147186157 -1.1165476190476198 -0.09726190476190343 -0.02 0.0125 0.22723006588051398 0.2576190476190465 0.54 -0.29253246753247697 -0.28421052631578947 -0.05238095238096374 -0.16309523809523246 -0.052380952380952986 0.13365800865799898
40 43 -2.6885551948051947 -2.5779935064935056 -2.4475000000000002 -0.08249999999999999 -0.065 -0.0275 0.19439995156235979 0.11 0.26000000000000023 -0.14318181818180564 0.11052631578947367 0.37110389610390815 -0.1 -0.042105263157894736 0.0
40 44 -1.07 -1.0693409090909092 -1.06 0.04 0.04 0.05 0.16065977717631738 0.010000000000000002 0.06000000000000005 -0.10000000000000009 -0.03157894736842108 0.0 0.0 0.0 0.0
40 45 -0.61 -0.6014729437229441 -0.5879761904761911 0.05 0.05 0.05107142857142857 0.16432953502299089 0.009999999999999995 0.059523809523810756 -0.10000000000000009 -0.022020961494646905 0.0 0.0 0.0 0.0
40 46 -1.9729761904761902 -1.8888127705627702 -1.79 -0.05 -0.04 -0.026071428571429415 0.1927582768672868 0.049999999999999996 0.3800000000000001 0.050000000000000044 0.15789473684210528 0.3982683982683566 -0.05000000000000001 0.0 0.0
40 47 -1.74625 -1.7097738095238093 -1.68 0.11 0.12 0.14250000000000002 0.1659473528337864 0.05 0.08000000000000007 0.0 0.04210526315789478 0.10000000000000009 -0.09999999999999988 -0.02631578947368421 0.0
