50 0 0.27341550000000003 0.32411394000000004 0.38215370000000004 0.66565645 0.708698 0.7655634 0.19029431193405416 0.13599339999999982 0.1875207999999997 -0.1937380000000033 -0.06779094736842099 0.10424800000000234 -0.03454000000000068 0.07157547368421042 0.18997000000000153
50 1 0.10219129999999965 0.11268518000000008 0.11596020000000007 0.41975520000000005 0.42328770000000004 0.4294656499999999 0.16840525291430894 0.09165659999999964 0.043331999999999926 -0.02229399999999826 -0.0017187368421056031 0.022921999999998555 -0.04710000000000103 -0.0482403157894735 0.013345000000000162
50 2 0.5393106999999999 0.54365332 0.5641323999999999 0.1687828500000001 0.40480879999999997 0.42362524999999984 0.20830529974488224 0.45837720000000015 0.06826360000000031 -0.10927200000000026 -0.03592821052631595 0.09796800000000383 -0.41479399999999944 -0.24125115789473692 -0.023863999999998997
50 3 0.5202822999999999 0.5236578 0.5414459000000001 0.27080145000000005 0.28347920000000015 0.2940217500000002 0.1852923476531624 0.2176962 0.11473559999999994 -0.1045620000000036 -0.02373178947368414 0.07410399999999928 -0.02496300000000007 0.11457694736842106 0.16312299999999724
50 4 0.49622990000000033 0.5470162600000001 0.6267283000000002 0.2362065000000002 0.33425300000000013 0.3855449000000001 0.21928677433469124 0.3085678000000003 0.17232320000000012 -0.2176020000000034 -0.09069642105263165 0.06782399999999855 -0.5190420000000007 -0.16240410526315804 0.13690400000000102
50 5 0.5044723999999998 0.6137663800000001 0.7329074 0.28810285000000013 0.46988529999999984 0.4885761499999999 0.23163872880857633 0.3765174 0.4662899999999994 -0.1183780000000012 0.13872189473684193 0.34508599999999223 -0.3592160000000022 -0.19816705263157894 -0.004552999999999363
50 6 0.3951376 0.4673670200000001 0.5915916999999998 -0.04144014999999995 0.1346275 0.15875840000000002 0.23039645216080604 0.2746558000000001 0.5089940000000004 -0.2198000000000011 0.15756189473684215 0.48041999999999474 -0.29029299999999925 -0.14455568421052636 0.03375499999999976
50 7 0.5386826999999996 0.5400360399999998 0.5459047000000001 -0.034767650000000094 -0.007237700000000014 0.003163550000000015 0.16653251780985034 0.09991479999999986 0.03667520000000035 -0.03830800000000023 -0.01930273684210545 -0.0006280000000047359 -0.07708699999999902 -0.052586736842105186 -0.027632000000000767
50 8 0.2721752000000004 0.27800304000000003 0.27518960000000003 0.3770669000000001 0.38185540000000007 0.3824834 0.19570713235889498 0.4096443999999999 0.053819599999999745 -0.004396000000002065 0.02832610526315776 0.025120000000002918 -0.057776000000001604 -0.21560231578947364 0.0
50 9 0.2870588000000003 0.29716646000000013 0.30998080000000017 0.3304379000000002 0.38207520000000006 0.3859060000000001 0.18890346625698404 0.34945060000000017 0.024052399999999974 -0.030144000000005278 0.005420631578947344 0.032655999999999796 -0.18117800000000073 -0.18392136842105272 -0.011617999999998796
50 10 0.009985200000000027 0.02266452000000001 0.03249900000000039 0.40700679999999995 0.4134751999999998 0.4158694499999999 0.16534911007354455 0.05802719999999972 0.05934600000000012 0.0 0.031234736842105325 0.061230000000001006 -0.05118199999999962 -0.030540631578947222 0.0037679999999984393
50 11 0.40987989999999996 0.42929452 0.4500561999999999 0.2627708999999999 0.2683601 0.2779292499999999 0.17001115028309868 0.09837619999999991 0.06455839999999968 -0.042704000000000075 0.010345473684210361 0.058717999999997605 -0.043959999999998445 -0.051776947368421006 0.014600999999999642
50 12 -0.1521172999999999 -0.011369940000000045 0.1120665999999999 0.22202155000000007 0.28387170000000006 0.2984099 0.22333174967800307 0.27650839999999977 0.36530759999999995 -0.18651600000000101 0.1922671578947368 0.48167599999999977 -0.23785500000000237 -0.14553073684210513 -0.0660969999999994
50 13 -0.008336699999999975 0.058281539999999986 0.09410580000000024 0.48604059999999993 0.4955862 0.49887535000000016 0.18710960860730252 0.05435340000000011 0.28737279999999954 -0.01632800000000101 0.1512488421052629 0.313685999999993 -0.04710000000000214 -0.028607052631579005 0.004081999999998587
50 14 0.5688580999999998 0.5896951400000001 0.6930294000000001 0.30316700000000013 0.3609901 0.41146560000000015 0.23443248623532806 0.41134000000000004 0.49097039999999925 -0.1799219999999968 0.16681663157894708 0.24931599999999499 -0.3267169999999997 -0.2164947368421053 -0.08713499999999819
50 15 0.35224520000000004 0.3619729200000001 0.37639180000000017 0.2716963500000001 0.28817349999999997 0.28979059999999995 0.16425310701239804 0.0657201999999999 0.04452519999999982 0.00031399999999903727 0.018212000000000023 0.02480599999999944 -0.05071099999999995 -0.03458957894736837 0.002983000000000846
50 16 0.37689419999999985 0.56913128 0.7612773000000003 0.33806025 0.3661240000000001 0.3848384000000001 0.21845437074360824 0.09658640000000007 0.62643 0.05212399999999784 0.28854947368421074 0.523752000000004 -0.07206299999999777 -0.05083494736842109 -0.01868299999999823
50 17 0.20782090000000042 0.23151848 0.24333429999999967 0.2322344 0.23369450000000003 0.23461295000000004 0.1662323019499777 0.012183200000000172 0.11775000000000047 0.02354999999999663 0.06197368421052656 0.06028799999999945 -0.00863499999999795 0.0064122105263158796 0.021822999999999704
50 18 0.08363390000000026 0.12881221999999998 0.18389410000000017 0.09937315000000008 0.12673040000000002 0.13946309999999995 0.17543367090157014 0.06374199999999997 0.1554300000000004 0.025433999999999735 0.08180526315789495 0.10424800000000012 -0.04694299999999929 -0.03354842105263156 0.025433999999999735
50 19 0.2074440999999998 0.25106184000000004 0.31869429999999976 0.16809990000000008 0.1822142000000001 0.21994130000000006 0.1951083233111243 0.14899300000000015 0.2439152 -0.12497199999999875 0.05394189473684197 0.06562600000000085 -0.2416229999999986 -0.07841736842105271 0.04050600000000015
50 20 0.48999700000000024 0.5049151399999999 0.5155408999999997 0.40682625000000017 0.4415939 0.4494125 0.17134969392131538 0.1311578 0.04973760000000027 -0.0596600000000036 -0.0046934736842106275 0.05369400000000635 -0.14993499999999882 -0.06903042105263157 -0.011460999999999277
50 21 -0.008807700000000085 0.14405378 0.33583869999999993 0.039446249999999794 0.13037280000000007 0.13430565000000005 0.23163896648182492 0.41674080000000013 0.4359575999999996 -0.028259999999999952 0.22376631578947362 0.5397660000000015 -0.276320000000001 -0.21933726315789484 -0.03720900000000027
50 22 0.20096000000000025 0.20253628000000007 0.20479080000000005 0.9347701500000001 0.9350292 0.9359397999999997 0.15555578616399046 0.004615800000000281 0.004082000000000363 -0.022608000000001738 9.915789473653809e-05 0.030457999999999874 -0.000628000000000295 0.001900526315789373 0.010205000000003128
50 23 0.1908648999999999 0.2549114800000001 0.29553680000000015 0.3798457999999999 0.42411979999999994 0.4256741000000001 0.2221236988257739 0.4934510000000001 0.2560984000000004 -0.23769800000000396 -0.09261347368421079 0.005023999999997919 -0.39564000000000044 -0.259711052631579 0.006750999999998175
50 24 -0.0924415999999999 -0.07171446000000004 -0.06221909999999986 0.049635550000000084 0.05667699999999998 0.06595570000000012 0.16711325761176116 0.05281479999999994 0.09018079999999973 -0.04239000000000104 -0.02406231578947377 0.043960000000000665 -0.03705199999999964 -0.027103157894736836 -0.0001569999999984084
50 25 0.3332168000000001 0.35204738 0.3602835999999999 0.3180663000000001 0.3978379999999999 0.40725799999999995 0.1770386069939267 0.1371551999999998 0.07774639999999966 -0.012874000000000496 0.0305736842105263 0.07504600000000305 -0.13988699999999965 -0.07218694736842095 0.02621900000000177
50 26 0.3897681999999998 0.3915265999999999 0.39563999999999977 0.36278775000000024 0.3634864 0.3646168 0.15646431681558276 0.0037993999999996753 0.015009200000000167 -0.023864000000000107 -0.00789957894736851 0.0021979999999999222 -0.00612299999999788 -0.001999684210526145 0.0025119999999989595
50 27 -0.10071550000000029 -0.0007598800000000016 -0.001491499999999868 0.3664222999999999 0.3864084 0.3892186999999999 0.2082535819270477 0.14974660000000006 0.4599472000000002 -0.0012560000000028104 0.22310526315789483 0.07724400000000298 -0.025590999999998143 -0.07866526315789464 0.012088999999998462
50 28 0.5325910999999998 0.55451458 0.6121744000000001 -0.02622685000000008 0.018337600000000065 0.10035440000000007 0.19795956517736624 0.1689948000000001 0.1833131999999993 -0.3397479999999975 -0.096480631578947 0.11617999999999684 -0.1659490000000019 -0.08894463157894743 0.021980000000000333
50 29 0.06694479999999992 0.07681067999999994 0.08796709999999974 0.1299018 0.13370120000000008 0.1400439999999999 0.1605788225499776 0.01905979999999996 0.04992599999999925 0.00125600000000059 0.026276842105262762 0.041447999999995044 -0.018211999999999673 -0.0023302105263157736 0.005965999999999472
50 30 -0.1860136 -0.04060020000000002 0.09536180000000005 -0.20955575000000004 -0.20055179999999995 -0.16722855000000003 0.21260002766271668 0.2068631999999999 0.2373839999999996 -0.18086400000000058 0.09879431578947392 0.5520119999999995 -0.2028440000000009 -0.09479494736842105 0.022922000000000775
50 31 0.2692235999999997 0.29884949999999993 0.2896493 0.4873907999999999 0.5180057999999998 0.5190106000000003 0.19709587945125173 0.31679460000000015 0.16711080000000011 0.0 0.087953052631579 0.12559999999999905 -0.25575299999999856 -0.16673400000000008 0.0
50 32 0.5408335999999998 0.5671342399999999 0.5987195000000004 0.3386254499999999 0.3436102000000001 0.35013355000000007 0.17046126532895867 0.029107800000000017 0.13263359999999969 -0.1347060000000022 -0.06980715789473668 -0.004081999999998587 -0.04301799999999911 -0.015319894736842114 0.015385999999998345
50 33 0.09432559999999979 0.20346572 0.2858499000000001 0.3407449499999999 0.4135222999999999 0.41825585000000004 0.19981003161048727 0.2425022000000001 0.26507879999999995 0.016956000000001303 0.13743284210526321 0.16830400000000578 -0.2749069999999998 -0.12763273684210533 -0.013030999999997794
50 34 0.15998299999999988 0.16715162000000003 0.1762010999999999 0.4686685500000001 0.4716436999999998 0.4751761999999998 0.1578356459143088 0.007912800000000164 0.02223120000000023 -0.0006279999999980745 0.011700631578947488 0.02825999999999773 -0.007536000000001319 0.0010742105263156514 0.014444000000000123
50 35 0.11035530000000016 0.12174093999999998 0.12602389999999974 0.4276915500000002 0.42994449999999984 0.4309022 0.1609521970366019 0.011398199999999692 0.057336400000000065 -0.0015700000000040681 0.023797894736842063 0.05903199999999664 -0.012089000000001793 -0.005371052631578958 0.011774999999997204
50 36 0.46616440000000026 0.4691002999999999 0.4737788999999998 0.25335874999999997 0.2655655 0.26928640000000004 0.16527699480411784 0.09517340000000019 0.015888400000000136 -0.0028260000000024377 -0.008362315789473756 0.004710000000001102 -0.041605000000000114 -0.05009126315789483 0.0
50 37 0.4246692999999999 0.42471639999999977 0.42823319999999976 0.3221875500000001 0.3510206 0.35327355 0.16277699828246178 0.06719600000000003 0.01827480000000037 -0.02354999999999885 -0.009618315789473877 0.004709999999998882 -0.08038400000000112 -0.035366315789473704 0.0015700000000018477
50 38 0.02989279999999983 0.17770201999999996 0.3466088999999998 -0.07750304999999996 -0.07072850000000008 -0.05264209999999997 0.1922416675563472 0.04173059999999995 0.3837080000000004 -0.0009419999999993323 0.16711410526315787 0.25339800000000245 -0.025590999999999253 -0.0219634736842105 0.0012559999999994798
50 39 0.43751189999999984 0.5520748 0.6613625000000003 0.20903765000000007 0.27881630000000013 0.3270938 0.21799714030411776 0.2641996 0.42214160000000023 -0.19216799999999923 0.12444315789473698 0.34540000000000015 -0.17332800000000037 -0.13905242105263158 -0.06735299999999889
50 40 0.5188065000000003 0.5344028799999998 0.5662518999999999 0.13665279999999996 0.22080480000000002 0.24207829999999997 0.1947769898123981 0.2261742 0.18525999999999998 -0.23047599999999724 -0.09750526315789472 -0.014758000000003602 -0.25151400000000046 -0.11903905263157895 0.041447999999999485
50 41 0.26313200000000037 0.33366268 0.4192684999999997 0.2075775499999999 0.21395960000000014 0.21983924999999988 0.17804929818055096 0.05893780000000004 0.10550399999999938 -0.1780379999999937 -0.049975578947368524 0.04678599999999644 -0.07096400000000003 -0.031019894736842125 0.015229000000001047
50 42 -0.10892659999999998 -0.08434040000000005 -0.07000630000000019 0.40622180000000013 0.42383720000000014 0.4400160500000001 0.17715851238692035 0.1397299999999999 0.11718479999999953 -0.09325800000000051 -0.06167621052631554 -0.0015699999999996272 -0.04207600000000089 0.05250410526315784 0.1383169999999989
50 43 0.09702599999999961 0.12774147999999985 0.13944740000000022 0.30025464999999996 0.32747060000000006 0.3304222000000001 0.17634662326972292 0.10977439999999983 0.13577360000000072 0.0 0.07145978947368459 0.07473199999999958 -0.13423500000000033 -0.05777599999999991 0.0
50 44 0.1398556000000002 0.14068770000000008 0.14211640000000036 0.19125740000000002 0.1936909 0.1970506999999999 0.15591966286080583 0.011021399999999959 0.0032656000000006458 -0.003768000000006211 0.0003305263157896289 0.004082000000003028 -0.014129999999999976 -0.005800736842105241 0.0014130000000001086
50 45 0.11329119999999948 0.18617373999999978 0.27738759999999985 0.07874335000000016 0.1811936999999998 0.18277940000000004 0.1880875700066656 0.15166199999999974 0.2246984000000003 0.0 0.0973399999999998 0.19342400000000426 -0.1292110000000002 -0.07856610526315776 0.00737899999999958
50 46 0.1996255 0.2465088399999999 0.26454500000000003 0.35903545000000014 0.3807564 0.39134605000000017 0.20635553554042368 0.37089680000000014 0.21992559999999983 0.005652000000002655 0.11575031578947359 0.19279600000000174 -0.1306240000000003 -0.19520884210526324 -0.007850000000000357
50 47 0.24647430000000004 0.2765241 0.3081438999999997 0.21273499999999984 0.2742319 0.2774582500000001 0.17634302549010503 0.15700000000000025 0.09087160000000027 0.020410000000001816 0.047000842105263264 0.07190599999999936 -0.1708159999999992 -0.08263157894736856 -0.009734000000001242
