51 0 -0.1735163999999998 -0.1338833199999999 -0.0760036999999999 0.055578000000000016 0.05777600000000005 0.06001324999999991 0.18094091020284392 0.05451040000000007 0.2459247999999996 -0.13721799999999895 -0.12943410526315768 -0.03077199999999891 -0.0010989999999999611 0.028689684210526353 0.028730999999999618
51 1 -0.32652860000000006 -0.21378690000000006 -0.14225769999999993 -0.09045554999999988 -0.06510790000000011 -0.02549680000000004 0.1878283040111241 0.09143679999999987 0.2682815999999999 -0.035167999999998756 0.09297705263157903 0.24806000000000106 0.011931999999998943 0.0481246315789473 0.09168799999999977
51 2 -0.14211640000000003 -0.09448260000000011 -0.0571480000000002 0.017254299999999945 0.033252599999999966 0.035764599999999924 0.16485663791303506 0.02122639999999998 0.09514200000000006 0.0 0.048587368421052546 0.06185799999999908 -0.0009420000000004425 0.009783578947368343 0.01491499999999979
51 3 -0.2289217 -0.21714042 -0.2153883000000001 -0.1357579000000001 -0.12162790000000012 -0.11781280000000005 0.16605712527736624 0.04361459999999995 0.08760600000000007 -0.06311399999999967 -0.0362256842105265 0.02229399999999826 0.0 0.0223435789473684 0.034225999999999424
51 4 -0.1854013000000001 -0.13971116000000008 -0.08939580000000003 0.10170460000000009 0.11399770000000009 0.12779015000000005 0.17183596430793943 0.07363299999999984 0.1206387999999996 0.00125600000000059 0.06025494736842096 0.12089000000000016 -0.0585609999999992 -0.010841263157894803 0.027945999999998694
51 5 -0.6771252999999999 -0.47843865999999996 -0.28528469999999995 0.07651395 0.1115955999999999 0.13575789999999993 0.22164100089965932 0.1734849999999999 0.45429520000000023 -0.22607999999999961 0.058139578947368264 0.18588800000000072 -0.12277400000000105 -0.006478315789473689 0.056363000000000385
51 6 -0.16437899999999994 -0.15603287999999998 -0.1510967999999998 -0.17451335 -0.16761320000000002 -0.1640414500000001 0.16144271349265282 0.038622000000000156 0.03912439999999995 -0.032655999999997576 -0.020591789473684185 0.0028259999999979968 0.0025119999999989595 0.019798526315789423 0.0285740000000001
51 7 -0.25931689999999996 -0.25734811999999996 -0.25653799999999993 0.08500764999999999 0.08521960000000006 0.08615375000000003 0.1550776044506148 0.0027946000000003135 0.0033284000000004532 0.0 0.001751789473684449 0.0009419999999993323 -0.006437000000000248 -0.000363578947368475 0.007849999999998136
51 8 -0.12820619999999983 0.27625406000000013 0.6095367999999998 0.005683400000000172 0.025967799999999985 0.04556139999999992 0.26224738106590145 0.06929980000000002 1.126694800000001 0.3840219999999972 0.5929972631578952 0.7620779999999994 -0.07708700000000124 -0.0004957894736842096 0.06609700000000052
51 9 -0.15555560000000002 -0.15331678 -0.15247840000000012 0.013038850000000046 0.017364200000000052 0.022129149999999875 0.15642054382131523 0.01136680000000001 0.0035168000000003197 -0.000628000000000295 0.0 0.0009419999999971118 -0.006594000000000877 0.002330210526315657 0.015071999999998198
51 10 -0.2853475000000002 -0.27808153999999996 -0.2716099999999999 0.07134865000000001 0.08434039999999998 0.08721350000000011 0.16016918922513695 0.03865340000000006 0.02593639999999997 0.0 0.011898947368421032 0.031399999999999206 0.007692999999999728 0.020343894736842137 0.0285740000000001
51 11 -0.21319030000000017 -0.18780026 -0.1452406999999999 -0.010338449999999999 0.013125200000000059 0.027372950000000063 0.1784992604327802 0.09137400000000029 0.18124079999999987 0.0 0.08739115789473675 0.1312520000000017 0.008791999999997469 0.04526557894736836 0.06374200000000108
51 12 -0.33739299999999994 -0.3348496000000001 -0.33207069999999994 0.13611900000000005 0.15583820000000004 0.17302970000000012 0.16609899899647454 0.10914639999999998 0.016579199999999794 -0.023235999999999812 -0.002280631578947154 0.022921999999998555 0.015543000000001195 0.05620600000000005 0.07912799999999831
51 13 -1.0284913000000002 -0.61039716 -0.28994759999999997 -0.025473249999999947 -0.009121700000000121 -0.0035482000000000014 0.241771227046156 0.0368949999999999 0.7720632000000003 -0.10990000000000277 0.06898084210526319 0.4926660000000038 -0.057461999999999236 0.005519789473684232 0.09545600000000043
51 14 -0.3983875000000001 -0.33302212000000003 -0.2728816999999998 -0.11244339999999992 -0.10897369999999995 -0.06303550000000008 0.17911388766399042 0.06886020000000004 0.1855112000000001 -0.23958200000000263 0.0041976842105263005 0.21885800000000177 -0.03202799999999839 0.019467999999999912 0.021509000000000666
51 15 0.15461360000000024 0.65479362 1.0957815000000002 -0.2214485 -0.17153819999999997 -0.15982600000000002 0.28150086755825804 0.1311264000000001 0.9406812000000002 -1.2836320000000012 -0.49509536842105273 0.13062399999999919 0.03344100000000072 0.06901389473684215 0.11806399999999995
51 16 -0.23328630000000006 -0.146167 -0.044666500000000164 0.09262215000000007 0.10112369999999993 0.11661959999999999 0.18870033277864007 0.030395200000000067 0.3556992000000001 -0.0006279999999958541 0.15799157894736832 0.2904499999999999 -0.0048669999999984 0.013948210526315797 0.025433999999998624
51 17 -0.4344975 -0.27976144000000003 -0.14244610000000002 0.10767844999999993 0.12566279999999996 0.14403180000000004 0.19397865094997765 0.0805724000000001 0.3578343999999998 -0.34068999999999905 -0.11829536842105269 0.04238999999999882 -0.05212399999999895 0.016873368421052668 0.09231599999999895
51 18 -0.21601630000000005 -0.21187778000000002 -0.20526180000000005 -0.2837931999999999 -0.17249590000000004 -0.15884474999999998 0.1720261235869203 0.1631543999999998 0.02775760000000016 -0.03673799999999838 -0.006544421052631614 0.02700399999999714 -0.09011800000000014 -0.08587073684210517 -0.028259999999999952
51 19 -0.21050559999999985 -0.20123632000000002 -0.1929687000000001 -0.3116607 -0.3101849000000001 -0.3078770000000002 0.15840207059711145 0.011617999999999906 0.032970000000000166 0.0 0.01708821052631575 0.036738000000000604 -0.00376800000000177 0.003867157894736789 0.013188000000000644
51 20 -0.28256860000000006 -0.25105556000000007 -0.22686499999999998 0.040458899999999964 0.04450949999999998 0.04983964999999985 0.16715895820602877 0.04458800000000007 0.09891000000000005 0.03140000000000143 0.052057894736842136 0.0646839999999993 -0.011774999999998315 0.018112842105263136 0.04443099999999922
51 21 -0.26598939999999993 0.17620109999999983 0.5747141999999998 0.013360699999999781 0.024853100000000072 0.030669950000000112 0.26982405626717515 0.03205939999999985 0.6421299999999999 -0.9492220000000007 -0.3316501052631578 0.5695960000000011 -0.04364600000000274 0.004759578947368437 0.04819899999999988
51 22 -0.3462164000000003 -0.34461814 -0.3432019999999999 0.05898489999999984 0.06528060000000002 0.07180394999999984 0.15815599229774838 0.03702059999999974 0.0047728000000000215 -0.004082000000000807 -0.002512000000000011 0.0 0.013815999999997608 0.019484526315789334 0.027789000000000286
51 23 -0.32183430000000013 -0.3471584 -0.20312659999999993 -0.02198785000000003 0.08545510000000012 0.11571684999999998 0.2558100000321433 0.2826000000000002 0.8752436000000001 0.015386000000001676 0.4606545263157895 0.8744900000000011 0.04223300000000041 0.14873684210526325 0.25905000000000067
51 24 -0.0378369999999999 -6.593999999990885e-05 0.0481204999999999 -0.08177344999999991 -0.07900239999999992 -0.07698494999999994 0.17863443148883118 0.028636799999999907 0.2445432000000003 0.02731800000000062 0.11862589473684232 0.22545200000000154 -0.00125600000000059 0.015071999999999952 0.035325000000000495
51 25 -0.2128135 -0.21183696 -0.20973629999999988 0.04810479999999995 0.050255700000000014 0.051786449999999984 0.1555284901550732 0.00747320000000018 0.0031400000000001427 -0.0009419999999993323 3.305263157907976e-05 0.001884000000000885 -0.00015699999999951864 0.003437473684210505 0.012559999999998128
51 26 -0.2783296000000002 -0.2759557600000001 -0.2727718 0.2719397000000001 0.2730387000000001 0.27456945 0.15566405241876752 0.0038936000000000526 0.006342800000000093 -0.0043959999999998445 3.305263157884603e-05 0.0006280000000025154 -0.010361999999999316 -0.0008593684210525678 0.009105999999998726
51 27 -0.2237878000000001 -0.22266682 -0.2102387 0.12972909999999999 0.1368098000000001 0.14054640000000007 0.16759711091621968 0.08308439999999973 0.05036560000000012 -0.004081999999998587 -0.009056421052631625 0.011932000000001164 0.013815999999999828 0.04372863157894722 0.06374199999999997
51 28 -0.21080389999999993 -0.20304809999999995 -0.20331500000000013 -0.23550000000000015 -0.2179945000000001 -0.20390375000000005 0.1671819643149458 0.057210799999999784 0.08660120000000004 0.0043959999999998445 0.04557957894736844 0.05212399999999784 0.01240299999999972 0.02953252631578938 0.0442739999999997
51 29 0.0949536000000002 0.09662408000000007 0.09790520000000003 0.041055499999999856 0.04452519999999982 0.04600100000000018 0.15548643534169745 0.007033600000000195 0.002825999999999773 0.0 -0.0012890526315789685 0.0009419999999993323 -0.007064999999999433 -0.0030077894736843377 0.0
51 30 -0.27804700000000016 -0.27202134000000006 -0.25751140000000006 -0.2428319 -0.23857720000000004 -0.2299736 0.16916862439520064 0.06468399999999996 0.09206479999999972 -0.023864000000000107 0.0484551578947367 0.11429599999999818 -0.010990000000000721 0.03404421052631577 0.043960000000000665
51 31 -0.1529180000000001 -0.14728798000000004 -0.1407505 0.05418854999999989 0.05804290000000001 0.06345939999999994 0.15744252860857638 0.010644600000000004 0.018651599999999657 0.0 0.009816631578947188 0.030144000000000837 -0.015228999999998827 -0.0023302105263157736 0.007535999999999099
51 32 -0.23118250000000007 -0.22927652000000015 -0.22834080000000023 -0.05108780000000013 -0.04410130000000001 -0.039893699999999976 0.15633415281367197 0.01802360000000003 0.00320279999999995 -0.000628000000000295 -0.001520421052631592 0.0 0.0 0.00948610526315791 0.015700000000000713
51 33 -0.8747883 -0.49427368000000005 -0.22399190000000002 -0.12699730000000004 -0.12142379999999997 -0.11606225000000003 0.24702259282131536 0.05425919999999995 0.9662408 -0.4085139999999998 -0.36060421052631597 0.033912000000000386 -0.056519999999999904 -0.0002313684210526234 0.05290900000000098
51 34 -0.2250751999999998 -0.22329481999999992 -0.22061639999999993 0.1812565 0.18350160000000004 0.18690065000000006 0.1561792939837357 0.008101200000000253 0.009482800000000235 -0.0025119999999989595 -0.004858736842105091 0.0 -0.0062800000000007294 0.0001652631578946976 0.012560000000002569
51 35 -0.3487755000000001 -0.34035716 -0.3375813999999999 -0.17896429999999997 -0.16470870000000004 -0.13735930000000007 0.16587880552959555 0.07451220000000003 0.036172800000000116 -0.034225999999999424 0.007701263157894732 0.04992600000000014 0.012088999999999572 0.03594473684210526 0.05479299999999965
51 36 -0.2484367999999999 -0.17353209999999997 -0.1288341999999998 0.06253310000000001 0.06617549999999994 0.0772911 0.16835226681749363 0.01679900000000001 0.13589920000000033 -0.04584399999999933 -0.07152589473684227 2.220446049250313e-15 -0.006751000000000396 0.008031789473684244 0.015856999999999122
51 37 -0.24270629999999993 -0.19388557999999995 -0.12533309999999986 -0.0006436999999999693 0.01389449999999992 0.054588899999999996 0.18285579023723886 0.1219262000000001 0.2001436000000001 0.04615799999999837 0.1053387368421053 0.12622799999999934 0.02967300000000117 0.06417168421052637 0.08163999999999949
51 38 -0.5978245999999999 -0.5083722799999999 -0.4790384000000002 0.04301015000000008 0.04981610000000003 0.05933029999999995 0.2041191090773663 0.10066839999999999 0.2853631999999995 -0.13125199999999948 0.15019115789473658 0.4819899999999988 0.006750999999999285 0.052983368421052626 0.10267799999999938
51 39 -0.4021869 -0.3414184800000001 -0.24677260000000023 0.044171949999999904 0.07474769999999997 0.07891605000000018 0.22770635451112423 0.08236220000000016 0.7294220000000005 -0.574306 -0.38390631578947393 -0.13313599999999814 -0.08446599999999971 -0.04334852631578956 0.018054999999999044
51 40 -0.2390011000000002 -0.23503527999999996 -0.23047600000000001 -0.054612450000000035 -0.036580999999999975 -0.0169795499999999 0.16943588771048726 0.14224199999999998 0.020033200000000306 -0.057462000000001456 -0.009849684210526502 0.0273179999999984 0.010361999999999316 0.07412052631578953 0.10848699999999933
51 41 -0.2944378000000001 -0.15104656 -0.11683939999999993 0.0038072500000000398 0.0088391000000001 0.011610149999999875 0.22361663793787587 0.047947799999999985 0.7297988000000002 -0.5356840000000029 -0.3841046315789475 -0.05181000000000102 -0.014444000000001234 0.014609263157894703 0.033912000000001497
51 42 -0.21979999999999977 -0.19330468 -0.18524430000000003 -0.0003611000000000586 0.02483740000000012 0.04152650000000002 0.17167290745507321 0.06961379999999995 0.12490919999999983 -0.12246000000000201 -0.05903199999999992 0.013815999999999828 0.01601399999999975 0.03586210526315779 0.05589200000000072
51 43 -0.10482889999999978 -0.10332169999999989 -0.10186159999999989 -0.08333560000000007 -0.08167139999999984 -0.08050960000000007 0.1558841421092134 0.005652000000000212 0.00885479999999994 -0.00125600000000059 -0.004660421052631547 0.0 -0.0014130000000001086 0.0007932631578948758 0.013345000000001273
51 44 -0.3580856 -0.32880196 -0.3049411000000001 -0.15774575000000002 -0.14710899999999993 -0.13480019999999993 0.16407326985889492 0.032153600000000004 0.07322479999999976 0.00251200000000118 0.03658926315789474 0.0546359999999968 -0.0003140000000001475 0.015038947368421105 0.029359000000001023
51 45 -0.15979460000000012 -0.1377518 -0.10033869999999989 0.05526399999999998 0.07346030000000003 0.08684455000000019 0.1848402274181305 0.0877002 0.17269999999999985 -0.042703999999997855 -0.09089473684210518 0.08791999999999911 -0.0015700000000018477 0.04364600000000011 0.112255
51 46 -0.2309941000000001 0.23634152000000003 0.6474052000000005 -0.006020949999999914 0.020331500000000058 0.0367223000000001 0.2562441103200415 0.07554839999999996 1.0515860000000004 0.18777199999999938 0.5215374736842108 0.7457499999999984 -0.03799399999999897 0.00925473684210517 0.07049299999999925
51 47 -0.10820439999999998 -0.10498276000000006 -0.10445209999999971 0.055994049999999906 0.05777599999999983 0.057807400000000175 0.15603053249647444 0.005620599999999865 0.01218319999999995 -0.015385999999999456 -0.006412210526315763 0.0 0.0 0.002958210526315718 0.006751000000001506
