60 0 -1.7 -1.58682373366013 -1.5149999999999983 -0.04 -0.03 -0.03 0.20537710911193185 0.020000000000000004 0.5343750000000036 0.0 0.28125000000000194 0.6470588235294106 0.0 -0.010526315789473686 0.0
60 1 0.23470588235294298 0.4371960375817017 0.583750000000003 0.145 0.2 0.27236111111111144 0.310902843348168 0.19999999999999998 1.564967320261434 0.39705882352941924 0.8236670106639127 1.2468954248365895 0.0 0.08947368421052633 0.20571895424837283
60 2 0.3720833333333313 0.37713888888888875 0.38 -0.07 -0.065 -0.06 0.15622474745425782 0.010000000000000009 0.010000000000000009 0.0 0.005263157894736847 0.0 0.0 -0.005263157894736847 0.0
60 3 0.24 0.29714705882352926 0.31 0.02 0.03 0.03 0.18047188312137716 0.025882352941176717 0.2676470588235301 -0.10000000000000009 -0.13560371517027903 0.0 0.0 0.009287925696594814 2.0903417885520525e-14
60 4 0.7889950980392046 0.8630240196078418 1.1452941176470581 0.06 0.06 0.07161764705882576 0.2682167780464718 0.06 0.9886250000000033 -0.8435661764706247 -0.5203289473684228 0.20000000000002238 0.0 0.02105263157894737 0.04411764705883836
60 5 0.06573529411764731 0.10986919934640509 0.1225 -0.84 -0.84 -0.8375 0.19464835670199285 0.1368749999999994 0.3206249999999984 -0.03437499999999028 -0.11611842105263073 0.10000000000000002 -0.10000000000000009 -0.06677631578947336 0.0
60 6 0.9473529411764692 0.951694852941176 0.99 -0.44 -0.43 -0.32352941176470335 0.2005018709212824 0.30375000000000496 0.223750000000005 -0.1352941176470751 -0.11776315789473947 0.0 0.0 0.1598684210526342 0.10000000000000009
60 7 -0.7979411764705873 -0.5876121732026129 -0.3461948529411734 -0.07250000000000001 -0.07 -0.06 0.22451098773843586 0.03 0.75 0.2676470588235269 0.39473684210526316 0.5375000000000119 -0.03823529411765572 -0.015789473684210527 0.0
60 8 -1.032892156862746 -0.6806787173202631 -0.2965992647058814 0.06 0.09 0.09867647058823548 0.2518092589894842 0.05 1.04 -0.902818627450976 -0.5473684210526316 -0.19411764705883594 -0.008333333333313576 0.026315789473684216 0.09999999999999995
60 9 0.15 0.15058823529411763 0.16 -0.07 -0.07 -0.07 0.15700565253810547 0 0.02882352941176347 0.0 0.0099071207430334 0.0 0.0 0.0 0.0
60 10 -0.11338235294118772 0.23781629901960546 0.5826562499999997 0.245 0.28 0.29 0.280226464871291 0.12999999999999998 1.1 -1.1106617647058972 -0.5789473684210527 -0.09724264705883001 0.0 0.0631578947368421 0.10882352941176343
60 11 -0.3425 -0.2285509803921569 -0.11 -0.1182352941176476 -0.1 -0.09 0.1934306176994902 0.060000000000000005 0.33999999999999997 -0.20000000000000628 -0.16771929824561285 0.0 -0.014705882352952226 0.031578947368421054 0.10000000000000006
60 12 2.9105882352941164 3.0485882352942024 -3.1275000000000004 0.1275 0.15500000000000222 0.1825 0.24272733934630059 0.15 0.567647058823531 -0.4055555555555457 -3.184760921910835 -0.10555555555554319 2.220446049250313e-14 0.07894736842105263 0.10000000000000009
60 13 -1.1349999999999998 -0.9947941176470587 -0.9 -0.21573529411764988 -0.13 -0.13 0.19051098645747544 0.14 0.2699999999999999 -0.1941176470588174 -0.1421052631578947 0.0 -0.10882352941176357 -0.07368421052631578 0.0
60 14 0.07941176470588253 0.19171007206301383 0.255 0.1675 0.17 0.17 0.19975835141066886 0.01999999999999999 0.4916666666666706 0.12307692307692727 0.25877192982456343 0.25 0.0 0.005263157894736847 0.0
60 15 -0.6969117647058805 -0.2940790441176458 0.06740808823529482 0.057499999999999996 0.1407352941176462 0.21 0.29582467998251694 0.19 1.3358823529411785 0.49908088235294357 0.5030959752321991 0.9529411764705514 -0.1235294117647194 0.0027863777089769 0.11874999999999442
60 16 2.712647058823529 -2.9980582107843117 -2.475983455882343 -0.0225 0.07645833333333191 0.13 0.33453848123036284 0.20625000000000387 1.7362500000000045 0.049999999999998934 -2.391447368421051 1.5505514705882217 -0.19699754901963246 -0.10855263157894943 -0.005882352941164182
60 17 1.994999999999994 2.163338235294117 2.4527777777777757 -0.02485294117646991 0.05472222222222288 0.2275 0.2907027353550237 0.2893333333333349 0.6897647058823575 -1.0058823529411631 -0.36303405572755654 0.29444444444443496 -0.04705882352939825 0.15228070175438677 0.35000000000000003
60 18 -0.20176470588235135 -0.0842080882352926 0.007463235294119961 0.10556985294117156 0.125 0.13 0.25066074400514676 0.14133333333333553 0.8492941176470648 0.15000000000000002 0.4469969040247708 0.7198529411764785 -0.06764705882354789 -0.07438596491228187 0.10000000000000009
60 19 0.03749999999999667 0.03749999999999979 0.04 -0.03 -0.02 -0.02 0.1562247474542578 0.009999999999999998 0.010000000000000002 0.0 -0.005263157894736843 0.0 0.0 0.005263157894736841 0.0
60 20 -0.89573529411765 -0.5531562500000016 -0.245000000000001 0.017058823529412872 0.04 0.042499999999999996 0.25851579613061504 0.04 1.1 -0.7000000000000012 -0.5789473684210528 -0.4999999999999988 -0.04999999999999999 0.005263157894736844 0.0911764705882365
60 21 0.3066176470588223 0.4772795343137252 0.6606249999999975 -0.2 -0.18874999999999834 -0.1575 0.21502963732663585 0.04999999999999999 0.5964705882352946 -0.6027573529411712 0.05541795665634611 0.6007352941176514 -0.09999999999999995 -0.015789473684210527 0.06250000000001657
60 22 0.6661764705882303 0.7297132352941167 0.761176470588235 0.09 0.095 0.1 0.1991663527833905 0.06 0.44470588235294406 -0.6117647058823444 -0.23405572755418108 0.10000000000000009 0.0 0.01052631578947369 0.08823529411765077
60 23 0.5478124999999994 0.5696507352941175 0.5925 -0.12 -0.11 -0.11 0.1651460018662015 0.01999999999999999 0.09999999999999998 -0.09999999999999953 0.010526315789473694 0.10000000000000009 0.0 0.010526315789473679 0.0
60 24 0.64 0.7011470588235296 0.7636764705882368 -0.81 -0.795 -0.7475 0.17745602503263466 0.07687499999999947 0.18000000000000005 0.047058823529418925 0.09473684210526319 0.10588235294118509 0.0 0.0404605263157892 0.10000000000000009
60 25 -0.4952665441176464 -0.4561783088235293 -0.3461764705882349 0.86 0.8903492647058839 0.93 0.21745824200176625 0.20999999999999996 0.5 0.09117647058823258 0.20990712074303094 0.30386029411766047 -0.10000000000000009 0.057894736842105256 0.13823529411765068
60 26 -0.011737132352942117 0.08424701797385561 0.16749999999999887 -0.1 -0.09 -0.09 0.18541566572455045 0.010000000000000009 0.33999999999999997 -0.20277777777779332 -0.17894736842105266 -0.1 0.0 0.005263157894736847 0.0
60 27 0.0275 0.22526143790849734 0.445 0.7314062500000028 0.7958823529411764 0.8603125000000005 0.23276016858371673 0.3376470588235301 0.45 -0.04999999999999999 0.23684210526315788 0.4588235294117684 -0.15000000000000013 0.0882352941176474 0.3494485294117444
60 28 -0.10250000000000001 -0.07197610294117647 -0.04 -0.18 -0.17 -0.17 0.1642075001178308 0.01999999999999999 0.06187500000000028 0.0 0.014802631578947222 0.08529411764705383 0.0 0.0 0.0
60 29 -0.9524999999999999 -0.6019773542311682 -0.2985294117647075 0.20750000000000002 0.23210526315789376 0.4057352941176463 0.29232608370450947 0.31999999999999995 1.2547058823529396 -1.1224361455108802 -0.6445820433436524 -0.050000000000000044 -0.26470588235292525 -0.16842105263157892 -0.052941176470582135
