67 0 2.49 2.518648897058824 2.53 -0.08249999999999999 -0.065 -0.06 0.174695011527591 0.0594117647058794 0.09058823529412097 -0.09117647058821454 0.04767801857585314 0.10294117647060341 0.0 0.03126934984519968 0.09999999999999995
67 1 -1.332205882352943 -0.9989174688057061 -0.683593750000002 0.2875 0.29764705882352904 0.31783088235294255 0.2654389543994762 0.0747058823529419 1.1276470588235321 -0.6953375668449113 -0.5934984520123853 -0.47834558823528495 0.0 0.03931888544891679 0.1406250000000206
67 2 -0.0925 -0.05068423202614394 -0.0375 0.0 0.02 0.049479166666668746 0.1909009886221329 0.06882352941176348 0.3411764705882365 -0.10000000000000009 -0.17956656346749292 -0.09999999999999995 -0.1 -0.030959752321980782 0.0
67 3 0.1975 0.3436358251633997 0.4781158088235314 0.09 0.09 0.1 0.1995584198619202 0.03 0.48 0.1757352941176235 0.25263157894736843 0.29669117647057514 0.0 -0.010526315789473686 0.0
67 4 -0.945 -0.710718750000001 -0.5013235294117645 0.07 0.08823529411764902 0.11 0.23080508331086072 0.06 0.8011764705882328 -0.60000000000002 -0.42167182662538566 -0.21176470588234408 0.0 0.02631578947368421 0.09999999999999995
67 5 -1.254999999999999 -0.9667420868347317 -0.6371874999999961 0.13 0.13 0.15 0.27132581807304773 0.03 1.2775694444444499 0.5994485294117633 0.6724049707602366 0.7456932773109504 -0.049999999999999906 -0.015789473684210527 0.0
67 6 -2.65 -2.6470000000000002 -2.64 -0.23 -0.22823529411764865 -0.22 0.1597717115358457 0.01999999999999999 0.03000000000000025 0.0 0.01578947368421066 0.0 0.0 -0.005263157894736847 0.0
67 7 0.3 0.3045 0.31 0.54 0.54 0.54 0.1562247474542578 0.010000000000000009 0.010000000000000009 0.0 -0.005263157894736847 0.0 0.0 0.005263157894736847 0.0
67 8 0.21250000000000002 0.2619687499999981 0.445 0.14 0.16 0.16191176470588253 0.24188635388256036 0.07999999999999999 0.9117647058823612 -0.30000000000000016 -0.47987616099071656 -0.20000000000000004 0.0 0.04210526315789473 0.09411764705883563
67 9 0.01844444444444311 0.1178860767113856 0.23749999999999666 0.07 0.08 0.1 0.20394984342256772 0.06999999999999999 0.47 -0.5060818713450567 -0.24736842105263154 -0.02058823529412862 0.0 0.03684210526315789 0.09999999999999995
67 10 1.7438694852941166 1.8255925116099043 2.087647058823529 0.01 0.02 0.02 0.292264271787665 0.019999999999999997 1.1008455882353103 -1.356985294117632 -0.5793924148606897 0.40000000000000036 -0.03750000000000555 -1.460819769243627e-18 0.03750000000000555
67 11 -0.33973856209150294 -0.10707761437908443 0.06867647058823494 -0.025 0.00305555555555424 0.0325 0.2505659123605225 0.07 0.4994117647058836 -0.2787581699346192 0.23467492260062112 0.8994485294117829 0.0 0.0368421052631579 0.15000000000000002
67 12 1.0633455882352958 1.2676194852941183 1.46 -0.18176470588235374 -0.17 -0.1475 0.2230693851379248 0.06823529411764731 0.7017647058823526 0.0 0.3640866873065014 0.6468749999999907 -0.008823529411763481 0.030650154798761736 0.09999999999999981
67 13 0.16528125000000177 0.9052936253010009 1.7185661764705986 0.11499999999999999 0.185 0.40470588235294286 0.4144400091555614 0.39 2.5913333333333353 0.697324346405235 1.363859649122808 1.5860294117647045 0.10000000000000009 0.20526315789473687 0.20000000000000018
67 14 -0.7642647058823555 -0.7011050711951445 -0.6040624999999992 -0.05 -0.05 -0.04 0.19149087787967897 0.030000000000000002 0.3755555555555542 -0.22279411764703716 0.08589611283109487 0.41875000000000495 -0.09999999999999996 7.304098846218135e-19 0.049999999999999975
67 15 2.6636764705882316 2.8544949346405235 3.1287775735294114 -0.365 -0.33 -0.31485294117647095 0.2925027192713476 0.3682352941176549 1.154669117647062 -0.48363970588235716 -2.9130611455108424 1.166911764705889 -0.21764705882352714 -0.19380804953560785 0.050000000000000044
67 16 0.5484191176470623 0.6729818627450976 0.7124999999999989 0.10455882352941287 0.12 0.13 0.28384645115109414 0.3782352941176508 1.0975686274509855 -1.1 -0.3885448916408687 0.1349019607843091 -0.10000000000000002 -0.15170278637771095 0.10000000000000009
67 17 0.9010110294117608 1.0118304738562085 1.145 -0.23 -0.22 -0.18 0.19458500115146102 0.06 0.39411764705882746 -0.22977941176468453 -0.2074303405572776 -0.14999999999999958 -0.09999999999999981 -0.031578947368421054 0.0
67 18 1.0751470588235303 1.1310016339869282 1.1948529411764708 0.22 0.22 0.22 0.17925600036273992 0.010000000000000009 0.27 0.10000000000000009 0.12662538699690326 0.1942810457516464 0.0 -0.005263157894736847 0.0
67 19 -0.3025 -0.07369771241830143 0.25875 -0.56 -0.41000000000000003 -0.23791666666666667 0.24191546544433498 0.32999999999999996 0.64 -0.5086601307189514 -0.3263157894736863 0.0 -0.2972426470588313 -0.17368421052631577 0.0
67 20 -1.4504411764705871 -1.1784367238562097 -0.9275000000000073 0.12 0.14500000000000002 0.17 0.258210892840323 0.05000000000000002 1.0494117647058836 -0.9441176470588575 -0.1394930340557216 0.7299019607843216 0.0 0.02532894736842323 0.09999999999999995
67 21 -0.7650000000000001 -0.5761213235294114 -0.44955882352941184 0.0775 0.10500000000000001 0.12235294117647096 0.19558886113279586 0.07 0.33 -0.055882352941162006 0.1736842105263158 0.25294117647058023 0.0 0.03157894736842105 0.10000000000000009
67 22 2.6958496732026145 -2.9884389404884732 -2.488970588235289 -0.3125 -0.27093750000000016 -0.18937499999999918 0.35190084455707427 0.18687499999999946 1.8480147058823633 0.15000000000000124 -2.3326238390092833 1.6108649380804962 -0.23437499999999736 -0.09340170278637898 0.0
67 23 0.08937500000000057 0.22583186274509864 0.39749999999999996 -0.14 -0.14 -0.13 0.22528887446414328 0.09000000000000001 0.71 0.2187499999999809 0.3736842105263158 0.44583333333332226 0.0 0.0368421052631579 0.10000000000000002
67 24 -0.7738235294117635 -0.6058120098039221 -0.48985294117647094 -0.09 -0.060882352941174625 -0.057499999999999996 0.22204343420376407 0.06 0.6799999999999999 -0.4978431372548914 -0.3 -0.10882352941174567 0.0 0.005263157894736841 0.023529411764671472
67 25 -0.12 -0.01995710784313672 0.02029411764705913 0.08222222222222189 0.09 0.1 0.20324663733095233 0.05647058823529461 0.3205882352941206 -0.14640522875817208 0.16873065015480035 0.49705882352943626 -0.04738562091503959 0.003405572755418218 0.03333333333333334
67 26 -1.9727941176470591 -1.6640997549019592 -1.6036764705882267 -0.052500000000000005 -0.05 -0.0375 0.2893144612926038 0.06 1.2558823529411787 -0.20000000000000018 0.6609907120743045 1.550367647058835 -0.09999999999999998 -0.02631578947368421 0.0
67 27 0.16 0.16549999999999998 0.17 -0.19 -0.19 -0.19 0.15533972169256358 0 0.010000000000000009 0.0 0.005263157894736847 0.0 0.0 0.0 0.0
67 28 2.38 2.4629803921568625 2.4929411764705884 0.3360294117647058 0.36 0.38779411764705807 0.19194265141057934 0.1353333333333302 0.29000000000000004 0.032352941176452266 0.15263157894736845 0.20000000000000018 -0.10000000000000009 -0.06315789473684211 0.0
67 29 -0.5225 -0.472909926470589 -0.48 -0.0325 -0.03 -0.0275 0.1885458534292047 0.02 0.3541176470588216 -0.1882352941176299 -0.15479876160990608 0.0968750000000071 0.0 0.005263157894736844 0.0
