72 0 -0.23750000000000002 -0.2056470588235292 -0.14 -0.14661764705882427 -0.006000000000000474 0.4523529411764688 0.2576216733708277 0.95 0.21999999999999997 0.0 0.11052631578947367 0.22352941176469854 -0.9294117647058835 -0.3929824561403492 0.020000000000000018
72 1 1.5629411764705883 1.6965072712418308 1.755 0.2626562500000019 0.35931985294117585 0.4975 0.24709614755086529 0.37999999999999995 0.3437500000000049 -0.25506535947711795 0.1809210526315815 0.6100000000000472 -0.34999999999998255 -0.07532894736841972 0.13529411764705387
72 2 2.252794117647057 2.644126593137253 2.9614705882352927 -0.39 -0.1329803921568665 0.05 0.3248123063860187 0.54 1.3858823529411781 -0.8231372549019178 -0.63095975232198 -0.5499999999999905 -0.4735294117646985 -0.28421052631578947 -0.029411764705883636
72 3 -0.15812500000000085 0.0665093954248368 0.33513888888888793 -0.5051470588235292 -0.4117647058823527 -0.10450980392156685 0.2663422586746766 0.6650000000000023 0.5599999999999999 -0.09779411764706925 0.25526315789473564 0.6000000000000136 0.10000000000000009 0.3500000000000012 0.5970588235294192
72 4 0.0775 0.08511764705882345 0.09058823529411722 -0.47 -0.45 -0.45 0.1615501156233519 0.03999999999999998 0.039999999999999994 -0.050000000000000044 -0.015789473684210527 0.0 0.0 0.021052631578947358 0.04999999999999977
72 5 1.425 1.8167388480392137 2.2449999999999988 -0.5332352941176485 -0.3509215686274487 -0.2654411764705882 0.2832265874945176 0.2580882352941187 1.0788235294117672 -0.7535416666666583 -0.5678018575851406 -0.15624999999998668 0.0999999999999783 0.135835913312694 0.20333333333332565
72 6 -1.0175 -0.8465183823529421 -0.7113051470588232 -0.12579044117646887 -0.11 0.05014705882353089 0.2522878024269668 0.33705882352941496 0.7205882352941164 -0.6500000000000008 -0.32136222910216644 0.06470588235292507 0.0 0.17739938080495524 0.3500000000000062
72 7 0.024999999999999998 0.2535496323529429 0.36953125000000436 -0.13390625000000134 -0.08323529411764866 -0.03 0.25609886194780324 0.16 0.9829411764705971 0.2647058823529607 0.5173374613003143 0.7267973856209438 -0.11764705882351345 -0.06315789473684212 0.0
72 8 -1.2525 -1.0522917075163414 -0.9355330882352973 0.18 0.19 0.22 0.252713376677253 0.06 1.051764705882353 -0.8617647058823499 -0.5535603715170279 -0.10000000000000009 -0.09117647058823647 -0.03157894736842106 0.0
72 9 3.06 3.1316397058823524 -3.101093750000001 0.09 0.11 0.21140624999999913 0.20100863910948996 0.27999999999999997 0.2500000000000009 -0.16562500000000924 -0.09999999999999992 0.0 -0.2235294117647195 -0.13684210526315788 0.0
72 10 1.9391176470588243 2.1102941176470607 2.245625 0.07 0.11852941176470538 0.14250000000000002 0.24533005872124636 0.13 0.8890441176470674 0.31249999999999334 0.4679179566563512 0.5988970588235232 0.0 0.06842105263157895 0.11875000000000281
72 11 -1.4575000000000018 -1.255362132352942 -1.11 -0.2425 -0.185 -0.10441176470588279 0.2158774828398239 0.2368750000000025 0.44999999999999996 -0.3156249999999827 -0.23684210526315788 0.0 -0.1735294117647304 -0.12467105263158025 -0.09761029411763475
72 12 2.917794117647059 2.9767066993464053 3.0007352941176473 0.031617647058822244 0.08 0.09 0.19898467601308434 0.1670588235294108 0.3341176470588225 -0.20882352941176796 -0.08667010663914494 0.09411764705881343 -0.15000000000000008 -0.06687306501547935 0.09411764705881495
72 13 -1.4232812499999994 -1.2698594663742693 -1.1255555555555552 -0.5071874999999996 -0.3876470588235311 -0.2475 0.21969305588915886 0.32 0.2688235294117636 -0.1842105263158067 -0.11857585139318993 0.20000000000000018 -0.23421052631580605 -0.15603715170278806 -0.014705882352931132
72 14 -0.5064999999999988 0.19214142156863057 0.8210294117647117 0.031499999999998814 0.095 0.14 0.4017172334859197 0.4201470588235258 2.2999264705882356 0.993382352941169 1.2104876160990714 1.3334558823529707 -0.3089583333333351 -0.12763157894736785 0.20000000000000012
72 15 0.7377205882352929 0.990391253869969 1.2627941176470583 -0.155 -0.13294117647058923 -0.12 0.24569432630412982 0.12000000000000001 0.9100000000000028 0.0 0.15185758513931058 0.9075657894737038 0.0 0.04210526315789475 0.10000000000000009
72 16 -0.1275 -0.04524522058823506 0.06071691176470831 0.017499999999999998 0.05812500000000194 0.13859375000000312 0.2542185332342915 0.5152941176470622 0.5018750000000003 0.15000000000000002 0.19293730650154634 0.30000000000000615 -0.09999999999999998 0.27120743034055905 0.5968749999999847
72 17 -0.89 -0.5055058436532494 -0.1569479166666623 -0.08043198529411764 0.07500000000000001 0.12502777777777693 0.2649249152041858 0.36 0.8779256965944313 0.18374613003098228 0.46206615610233226 0.7988562091503214 -0.10000000000000002 0.13684210526315788 0.29613970588234156
72 18 -0.07154411764705884 -0.05054779411764535 0.16176470588235317 -0.53 -0.5090624999999999 -0.2425 0.3058094817430492 0.37000000000000005 1.3137499999999989 -0.09999999999999998 0.5703947368421045 1.3176470588235087 0.011764705882365 0.19473684210526318 0.2593750000000016
72 19 0.1851470588235301 0.24999816176470585 0.3125 -0.042499999999999996 -0.03 -0.02 0.17582748235222523 0.049999999999999996 0.14 -0.14687499999998466 0.01578947368421051 0.1999999999999999 0.0 0.02631578947368421 0.09999999999999996
72 20 1.47 1.4943529411764709 1.51 0.08750000000000001 0.11 0.13 0.17040678085019573 0.08 0.06764705882353028 0.0 0.016718266253870306 0.10000000000000009 -0.050000000000000044 -1.460819769243627e-18 0.09999999999999995
72 21 0.7692647058823545 1.1076823640819977 1.4291176470588225 -0.0925 -0.065 -0.04750000000000001 0.2850780815190452 0.13058823529411642 1.23466666666667 0.10000000000000009 0.6498245614035105 1.1 -0.2 -0.0354385964912289 0.05294117647058206
72 22 -1.2833823529411774 -1.1681893382352933 -1.080625 -0.5425 -0.525 -0.4023897058823514 0.22860153287077065 0.36352941176470277 0.47294117647059464 0.09411764705881787 0.24891640866873402 0.4406250000000034 0.008823529411746134 0.19133126934984357 0.34466911764707187
72 23 1.8197058823529397 1.892794117647058 2.0016176470588225 -0.4757812500000027 -0.46 -0.3472058823529397 0.22194554823540272 0.26 0.41999999999999993 -0.4882352941176338 -0.22105263157894733 0.049999999999998934 0.0 0.1368421052631579 0.2882352941176346
72 24 -1.16 -1.1084387254901955 -1.0875000000000001 0.07 0.13908088235294097 0.2523529411764709 0.20459525829614406 0.13999999999999999 0.14882352941176347 -0.1441176470588179 0.07781217750258476 0.19705882352941795 -0.1529411764706018 0.06315789473684212 0.20294117647060297
72 25 1.1225 1.1365922020123833 1.2686687306501554 -0.07867647058823235 -0.06 -0.0375 0.2336307619904979 0.13588235294117673 0.48764705882353443 -0.2676470588235269 -0.25665634674922866 0.1852941176470546 -0.1 -0.06625386996904038 0.0
72 26 -1.8100000000000034 -1.490065563725492 -1.1787500000000013 -0.045 -0.015588235294118262 0.09156249999999916 0.28072057482863927 0.2 1.2152941176470604 -0.7364174836601284 -0.6396284829721371 -0.5000000000000215 -0.15625000000000558 -0.07368421052631578 0.09999999999999999
72 27 -1.120000000000002 -0.7999053870702328 -0.5684974747474733 -0.37 -0.3202083333333325 -0.019179292929292376 0.31799030248122545 0.43 1.2985897435897569 0.050000000000000044 0.683468286099872 1.0936868686868557 0.0 0.2175438596491211 0.38364898989896923
72 28 -1.9332107843137236 -1.5209785539215663 -1.1392647058823515 0.02332516339869851 0.1484640522875834 0.19 0.30814677162024096 0.5812499999999972 1.0661111111111148 0.2361111111111247 0.561111111111113 0.6435620915032692 -0.10000000000000009 0.17638888888888546 0.643750000000014
72 29 1.1375 1.1822518597351226 1.2348090277777775 0.08 0.08 0.09 0.183252774392186 0.12294117647058922 0.20294117647058907 -0.14705882352939903 0.027863777089783767 0.20000000000000018 0.0 0.054179566563468014 0.09999999999999995
