86 0 0.05 0.08175551470588249 0.1125 0.0275 0.03 0.042499999999999996 0.16595346810394407 0.030000000000000002 0.1 0.0 0.05263157894736843 0.09999999999999995 0.0 -0.01578947368421053 0.0
86 1 -2.9793750000000023 -2.4564381127451 -2.1229411764705874 0.2175 0.23 0.2425 0.37634617633535594 0.08000000000000002 2.4282352941176435 -1.3450980392156375 -1.225386996904023 -0.647058823529385 0.0 0.04210526315789474 0.10000000000000009
86 2 -1.25 -1.0329289860681106 -0.8487499999999985 -0.09 -0.055 -0.029375000000000276 0.23904200559257205 0.08 0.6411764705882412 -0.235294117647048 0.3374613003096007 0.8934984520123784 -0.10000000000000009 -0.042105263157894736 0.0
86 3 -0.3833823529411746 -0.23684742647058693 -0.18720588235294194 0.10208333333333136 0.1176388888888901 0.1375 0.22821957895621242 0.07520833333333585 0.6729411764705946 0.10937500000000155 0.3541795665634708 0.8136029411764616 -0.08225081699348116 0.02543859649122807 0.10138888888888677
86 4 0.027916666666666666 0.05584138071895449 0.07882352941176507 -0.25 -0.24 -0.23187499999999917 0.1764131930672657 0.07000000000000003 0.1758823529411767 -0.15 -0.013293343653249296 0.10833333333333335 0.0 0.03684210526315792 0.09999999999999995
86 5 0.01 0.17563357843137467 0.3030882352941222 -0.18 -0.10558823529411851 0.0882352941176476 0.29379202470661964 0.31 1.223006535947713 0.05 0.6436876504987964 1.1888888888888753 -0.1937499999999917 -0.10000000000000003 0.09999999999999995
86 6 0.11323529411764656 0.742640114379088 1.3936213235294153 -0.08 -0.07 -0.07 0.34702565280552855 0.03 2.1475735294117664 0.7500000000000024 1.1303018575851405 1.599999999999956 -0.002941176470582091 -0.015789473684210527 0.0
86 7 0.11 0.11000000000000001 0.11 0.01 0.01 0.01 0.1544546959308694 0 0 0.0 0.0 0.0 0.0 0.0 0.0
86 8 -0.1225 -0.0507702205882347 0.006875000000001595 -0.16 -0.16 -0.15 0.18286141374903644 0.010000000000000009 0.31 0.10000000000000002 0.16315789473684209 0.24724264705882892 0.0 0.0 0.0
86 9 0.018398692810460936 1.1183435049019652 2.3770098039215726 -0.01 -0.01 0.0 0.4264982528291993 0.02 3.037647058823531 0.6944444444444575 1.5960526315789458 2.206209150326701 0.0 1.460819769243627e-18 0.0
86 10 0.08323529411764835 0.8357481617647086 1.5025 -0.19 -0.18 -0.07852941176470643 0.34409944316528024 0.30000000000000004 1.8458823529411768 0.17941176470588377 0.9600619195046421 1.435294117647012 -0.2794117647058848 -0.13157894736842107 0.08749999999998884
86 11 -3.081470588235295 -2.3385114379085 -1.726397058823534 -0.0560294117647054 0.005 0.014338235294118751 0.41403777102978684 0.21374999999999614 2.6338888888888876 -2.5088235294117753 -1.277046783625725 0.049999999999998934 -0.07500000000001111 -0.026315789473684233 0.17941176470589215
86 12 -0.2025 0.032753676470589396 0.09073529411764834 -0.0795588235294127 -0.07 -0.06 0.23507529190544624 0.04000000000000001 0.8382352941176507 0.09999999999999991 0.4411764705882373 0.5205882352941281 -0.09999999999999998 0.010526315789473682 0.09411764705883834
86 13 -0.2239705882352895 0.6149465976522226 1.3795294117647108 0.12 0.13524999999999937 0.17 0.3556145585221683 0.09 2.1500000000000004 0.4003921568627683 1.131578947368421 1.6641176470587489 0.0 0.01605263157894671 0.10000000000000009
86 14 -0.21808823529411744 -0.1449226307189535 -0.02209967320261239 0.30549999999999766 0.31 0.32 0.1975157283613237 0.020000000000000018 0.455 0.13611111111110452 0.23947368421052626 0.3013725490196031 -0.013333333333349073 0.0 0.02499999999998892
86 15 0.26875000000000376 0.8653263888888917 1.4000000000000068 -0.01 0.01 0.0125 0.35381761275949913 0.09 2.144379084967326 0.8941176470587942 1.1286205710354347 1.2441176470588227 0.0 0.036842105263157884 0.1
86 16 -2.5958006535947753 -1.707833129084971 -0.8338725490196164 0.11852941176470644 0.3035294117647054 0.3125 0.4330489385270061 0.24000000000000002 2.92 -1.7411764705882726 -1.5368421052631576 -0.8205882352940974 -0.03033088235295578 0.11052631578947367 0.17941176470587128
86 17 -1.265147058823529 -0.8126838235294104 -0.2875 0.042647058823529045 0.06 0.08205882352941268 0.2593904920867527 0.04000000000000001 1.0841176470588234 0.052941176470590046 0.5705882352941175 0.37499999999997813 -0.07058823529412868 0.01578947368421053 0.11176470588234927
86 18 -0.7775000000000001 -0.4874178921568616 -0.10382352941176194 -0.23 -0.21 -0.20750000000000002 0.2412271100464282 0.03999999999999998 0.9299999999999999 0.15000000000000013 0.4789473684210525 0.6382352941176761 -0.09999999999999981 -0.010526315789473679 0.052941176470581996
86 19 0.14102941176470643 0.6997175245098066 1.2170980392156892 0.1175 0.135 0.15 0.3056317078613806 0.054117647058823284 1.627058823529414 0.544901960784319 0.8563467492260073 1.0296078431372688 -0.049999999999999906 0.0021671826625385693 0.05725490196076738
86 20 0.5190716911764747 0.9025255396456859 1.4310386029411775 0.01 0.01 0.02 0.34177297620354546 0.03 2.0800000000000045 0.6433823529411697 1.0947368421052655 1.3525000000000154 0.0 0.005263157894739042 0.012500000000037549
86 21 -1.0931250000000274 -0.6720569852941224 -0.0958823529411774 0.02 0.05 0.05823529411764521 0.19277235273826268 0.09 1.9500000000000086 -1.8601102941176961 -1.0263157894736887 0.3500000000000001 -0.14705882352939825 -0.021052631578947368 0.0
86 22 -0.25617647058823545 -0.18108688725490069 -0.06676470588235166 -0.1525 -0.14 -0.14 0.2195151423933199 0.07 0.6674632352941189 0.17261029411766804 0.35129643962848367 0.5147058823529105 0.0 0.0368421052631579 0.09999999999999995
86 23 -1.2518137254901924 -0.6872910539215689 -0.11238970588235211 -0.1 -0.09 -0.08 0.29809073446923373 0.07999999999999999 1.3915972222222202 -1.5480800653594846 -0.21695906432747872 0.45138888888890105 -0.09999999999999995 -0.04210526315789473 0.0
86 24 -0.37 -0.17580433006535853 0.04514705882353218 -0.46852941176470647 -0.20166666666666952 -0.07 0.24967761408008626 0.5137500000000033 0.56 0.050000000000000044 0.2947368421052632 0.5483660130718998 -0.4222222222222376 -0.1894736842105263 0.1187500000000169
86 25 -0.08249999999999999 -0.042926470588234934 -0.005882352941176347 0.2275 0.23 0.25161764705882367 0.17656237143192852 0.04000000000000001 0.21 0.09999999999999995 0.11052631578947371 0.1363970588235075 0.0 0.02105263157894737 0.017647058823526962
86 26 0.9941176470588243 1.0637354983660134 1.1413235294117645 0.05 0.05 0.05514705882352905 0.17859823453466608 0.009999999999999995 0.2629411764705891 0.0 0.12538699690402386 0.23529411764704022 0.0 -0.005263157894736839 0.0
86 27 -0.27 -0.1559730392156857 -0.13214285714285715 -0.1 -0.05500000000000001 -0.015312500000000416 0.21600864010637394 0.12000000000000001 0.5700000000000001 0.0 0.30000000000000004 0.29537815126048705 -0.045238095238089616 0.031578947368421054 0.14545454545455577
86 28 -0.2869117647058807 0.1679030250258017 0.6461580882352975 -0.09374999999999938 -0.05 -0.02529411764705809 0.30632083771869145 0.31470588235294195 1.292352941176474 -0.07812500000000389 0.6801857585139336 1.0981617647058828 -0.24852941176472068 -0.12879256965944313 0.08529411764705391
86 29 -3.0324999999999998 -2.279549019607848 -1.8291176470588288 -0.07044117647058923 -0.027352941176473047 -0.01 0.39771806031405443 0.13823529411764732 2.572500000000003 -1.9158088235294857 -1.3539473684210541 -0.17426470588235932 -0.056250000000008335 -0.02631578947368421 0.09705882352939701
