2 0 1.5382733689488446 1.7702476473622872 1.8321657107008427 -0.1 -0.07559269881101754 -0.035515579299229834 0.27522168567036387 0.2 0.983394958485158 -0.05416414380147394 0.5175762939395568 1.266974792425788 -0.25465996839688476 -0.09473684210526315 0.01031158598459668
2 1 0.04022352331606335 0.048032855020941734 0.050000000000000266 -0.04 -0.04 -0.03715545917722774 0.15800007718068304 0.02 0.010000000000000231 -0.001981829706320243 0.0 0.001676638493008642 0.0 0.0 0.0
2 2 -1.1244198040050148 -0.4931326464451081 0.20750000000000013 0.04 0.11627034257263849 0.1625 0.34854824460685563 0.15000000000000002 2.031068131663769 -1.842122774337776 -1.0689832271914577 -0.3499999999999992 -0.11270342572638488 -0.06842105263157897 0.0
2 3 -0.5499632710475129 -0.5249314671118079 -0.5100000000000002 0.11 0.11 0.11 0.16335733490870544 0.039999999999999994 0.05042484870939834 0.0 0.026539394057578075 0.09562681470061396 0.0 0.021052631578947364 0.09975514031675584
2 4 1.4940310108679575 1.757964418717161 2.0158231323499223 -0.05864599358497943 -0.009023963904742414 0.1396255945771167 0.25203056052281536 0.18463009695842705 0.7782845222536703 0.30606268902943157 0.40962343276508956 0.5514261617440386 -0.12997769482884006 0.09284473001335894 0.2920164148479615
2 5 -2.467491050855826 -2.3958355424868363 -2.329647734191528 -0.24 -0.2347133772427889 -0.2175 0.19526073900480762 0.06 0.40052261653227683 0.10269673415148839 0.21080137712225097 0.30043725848555747 0.0 0.031578947368421054 0.09999999999999995
2 6 -0.42646550541763817 -0.19437005655482403 0.04250000000000009 0.3 0.305 0.45158620216705514 0.2489886839760045 0.21000000000000002 0.8476192905170457 -0.6627546747632915 -0.446115416061603 -0.15000000000000124 0.0 0.10392644026016744 0.1754007380315606
2 7 -0.0638459751294403 -0.02499498374853021 0.050000000000000266 0.22989205790262668 0.2752795767581865 0.3225 0.2133013358944238 0.1611387333629442 0.3394883980876936 0.0 0.1631512393760727 0.45224560592591434 -0.2002000151599645 -0.08480985966470748 0.10000000000000009
2 8 -0.07000000000000073 -0.06493994005323368 -0.057309115182833895 0.3002715637999828 0.31 0.31972029978521666 0.16694661906979258 0.0804060582321467 0.0600000000000005 -0.09999999999999787 -0.021052631578947854 0.050000000000007816 -0.09805905914436253 -0.04210526315789474 0.09805905914436253
2 9 0.09750000000000014 0.6239863708804131 1.2864459785464302 -0.10049576675411367 -0.09 0.023409084095340274 0.3236523628904538 0.43 1.4619279689382783 -1.2948380434144542 -0.7641726152306727 0.0 0.0 0.22631578947368425 0.38900952884322004
2 10 -0.13826221109623327 -0.11125574611688047 -0.09579664787896842 -0.0543455223880604 -0.02274931898212821 -0.006395896575550034 0.18717356017875683 0.11985517220952456 0.1370125247198437 -0.09235087970246775 0.07211185511570721 0.18093953188503636 -0.19468333721742248 0.03584755885798905 0.1878282330813733
2 11 1.701603576751113 1.9121338744616705 2.0725000000000007 -0.12 -0.04 -0.01561326378539637 0.21663079722463954 0.16115746690176586 0.3986476549188427 -0.48263799647350947 -0.2098145552204435 0.1452398722273629 -0.05 0.0631578947368421 0.15578733450882937
2 12 0.10750000000000026 0.10750000000000026 0.11000000000000032 0.1275 0.14 0.15 0.1624199277861171 0.04961253561253581 0.010000000000000231 0.0 0.0 0.0 -0.09999999999999995 -0.02611186084870306 0.0019373219373210182
2 13 0.29500000000000004 0.8788925851608156 1.4493025150401064 -0.01 -2.0699063838178887e-05 0.05 0.3143561082060823 0.09000000000000001 1.2900000000000005 -0.45083163524779146 -0.12105263157894736 1.1483440748929497 -0.09979300936161822 -7.304098846218135e-18 0.14815613119659002
2 14 -0.11499999999999977 0.055859001997396705 0.20300349179223212 -0.09 -0.06 -0.04752578450735133 0.2272786816178921 0.09 0.42110637908137727 0.153375888459778 0.22163493635861964 0.5056674260758829 -0.10000000000000002 -0.0368421052631579 0.0
2 15 0.07911489361702131 0.08459029255630698 0.09447591217532267 -0.0019632375656474985 0.04160327651095898 0.07250000000000001 0.17034481100851473 0.12656745857806637 0.027852950262590187 -0.09958371143464172 0.010526315789473694 0.07069482449633228 -0.19999999999999996 -0.019246030830561252 0.07688757706821824
2 16 -0.010000000000000231 0.02414034939545469 0.015508198679848286 -0.03 -0.02 -0.02 0.17499833706380633 0.010947653967686044 0.22094765396768623 -0.20473826983843257 -0.10576192314088771 0.0 0.0 -0.0057619231408873916 0.0
2 17 -0.835012087122 -0.6506915605439916 -0.48350081505631465 -0.07094408451959958 -0.048061578105562316 0.0625 0.23126152240106937 0.15 0.6499999999999986 -0.530064786472082 -0.3253090633532886 0.0 -0.15 -0.06791768957138136 0.019384218944376863
2 18 1.795 2.2821584440794327 2.8540311178227658 -0.08277632268203386 -0.045 0.0025 0.32999765306860324 0.09 1.6115346906328751 -0.5000000000000027 -2.4570870049300653 1.5713676194988802 -0.051842151213559104 -0.021052631578947368 0.1
2 19 0.04500000000000026 0.09653483586002855 0.1050000000000001 0.1312374843563711 0.32326304691618196 0.36630222753141106 0.21639956325380974 0.32999999999999996 0.2722945002956826 -0.21391071086413666 -0.14331289489246454 0.0 -0.18487300796813252 -0.15789473684210523 0.11337037037035896
2 20 2.0170007974246156 2.1805454828398245 2.343226616774505 -0.05 -0.035 0.2 0.255892685301635 0.38 0.7200000000000006 0.0 0.3105263157894736 0.8900159484923109 0.0 0.19999999999999998 0.35
2 21 -1.6674407819634705 -1.5593787146850058 -1.4272918127086933 0.06 0.08491986615005258 0.09969977881863118 0.2009090787531596 0.13999999999999999 0.3807277969221621 0.09999999999999787 0.20038305101166426 0.30039478691020083 -0.05325794075749214 0.052448184561656015 0.149802606544901
2 22 -0.3408500989763884 -0.3141229873453212 -0.27987315654173955 0.15 0.165 0.22081865472451914 0.17833408123473904 0.0996076261809504 0.13041622976977368 -0.10000000000000675 -0.06864012093145984 0.0 0.0 0.047368421052631574 0.10000000000000009
2 23 0.08000000000000007 0.15745500216083425 0.20146339185516654 0.034999999999999996 0.08 0.09098896742331536 0.22172481717106893 0.26 0.41344997677997586 -0.2996513687943285 -0.21460301860624226 -0.049999999999998934 -0.10000000000000002 -0.12320840941469105 0.10000000000000002
2 24 -0.05978671096345342 -0.05346641849574694 -0.04999999999999938 0.22 0.22 0.22 0.1560438134492396 0.007955607476647947 0.009999999999999787 0.0 -0.005113481377862524 0.0 0.0 0.004187161829814709 0.0
2 25 -1.0502313625916693 -0.5973290444987691 -0.08751199366372545 0.10513689407162125 0.16965412120927287 0.255 0.27895893415269424 0.23000000000000004 1.1485760105287093 -0.5033662164230503 -0.5738876205409248 -0.00193748485051555 -0.2478444926805779 -0.07390623990251045 0.10000000000000002
2 26 2.4211900643655486 2.7884435503327665 3.1199999999999997 1.0272846352803062 1.0799866231351745 1.1025 0.32686613441621215 0.25223015350605915 1.6310749461585514 -1.1476981094423189 -0.8163552348202906 -0.5050401783836156 -0.29563614091797863 -0.13275271237161007 0.10000000000000009
2 27 1.2400000000000007 1.2464570456305073 1.2500000000000004 -0.14 -0.11 -0.08 0.16074394271147466 0.06053321341385108 0.009878753141396412 -0.0004214252602363633 -0.005199343758629691 0.0 -0.09999999999999995 -0.03157894736842106 0.0
2 28 0.2050110874578681 0.37284313135777747 0.5525000000000002 -0.35983984874713276 -0.08087178736952873 0.12247901761144787 0.2759193653792114 0.590675376574033 0.6000559530361396 -0.25000000000000133 0.19984435604741477 0.5497290035669584 -0.6905176424007389 -0.31088177714422793 0.14851844505880618
2 29 0.06000000000000005 0.05948791579706024 0.08000000000000007 0.19 0.20494118454778443 0.24 0.17315001487567705 0.06 0.1200000000000001 -0.050000000000001155 0.04210526315789478 0.049309635127203 -0.09580271872753884 0.026535774682387728 0.09999999999999995
2 30 -0.059999999999999165 -0.05301038445175103 -0.047503423598532796 0.16 0.1602567353407291 0.18 0.16068391412131097 0.02955454436594432 0.02047271541642818 0.0 7.207575859710365e-06 0.0014620758483053706 -0.09580486581235281 -0.010526315789473679 0.004999402460100777
2 31 -0.08000000000000052 -0.07301834314478309 -0.06759171572391463 0.07 0.08 0.09 0.1580052078115294 0.009999999999999995 0.02000000000000135 0.0 -7.304098846218135e-19 0.0 0.0 0.005263157894736839 0.0
2 32 1.0175 1.0223106517168887 1.0299999999999998 0.0 0.0 0.001048745815563824 0.15888996713862624 0.01 0.03999999999999915 0.0 0.02105263157894692 0.0689348283111435 0.0 0.005263157894736842 0.0
2 33 0.4600000000000002 0.8782738577467295 1.2102920243761397 -0.04 -0.03 0.04 0.25889879007572036 0.09372269916818587 1.0411680975045574 -0.7249260250810114 -0.547983209212925 -0.10000000000000231 0.0 0.049327736404308355 0.10000000000000002
2 34 2.9724819073472646 -3.1302717107345703 -2.9413399166806213 0.06862734606519597 0.08156618361569914 0.09902635859365297 0.21065970194000627 0.07 0.3971307070997634 -0.3575691917997381 -3.109023714066416 0.6924591857821905 -0.06038167988707974 0.0368421052631579 0.1231576093756468
2 35 -0.9149617013539092 -0.7652502636981969 -0.6470947081987513 -0.1797476717845456 -0.10535145729279985 -0.045000000000000005 0.2276864994219337 0.22964862174910064 0.34000000000000163 -0.5048534819816397 0.11578947368420993 0.5484681248687662 -0.34950755438185027 -0.08399288035625542 0.1004419213602583
2 36 -1.1031503475886342 -0.8578609601485045 -0.5974999999999997 0.13 0.14 0.175 0.2898310671552007 0.21000000000000002 1.33 -0.8539168410517872 -0.7000000000000001 -0.49836745814918537 -0.10195842052589388 -0.10526315789473684 0.0
2 37 2.5900000000000003 2.79080024339392 2.98 -0.01 -0.009746840810787541 0.0 0.21056637737811687 0.02 0.5999999999999996 -0.20186073651452752 0.09999999999999974 0.44999999999999263 -0.1 0.0 0.1
