22 0 0.73 0.9719999999999998 1.1824999999999999 0.06999999999999999 0.14 0.225 0.2602563511704328 0.31 0.8099999999999999 -0.5000000000000004 -0.41052631578947363 -0.3500000000000003 -0.2999999999999998 5.843279076974508e-18 0.2500000000000001
22 1 -0.2225 -0.11800000000000002 -0.015 -0.10250000000000001 -0.09 -0.09 0.1774501521359893 0.03 0.23 0.0 0.12105263157894738 0.2 0.0 0.015789473684210527 0.0
22 2 -0.1 -0.085 -0.0775 -0.14 -0.14 -0.10500000000000001 0.17588294859832043 0.09000000000000001 0.15000000000000002 0.0 0.07894736842105264 0.10000000000000009 0.0 0.010526315789473693 0.049999999999999975
22 3 -0.045 0.0235 0.07 0.2275 0.23 0.23 0.17131075500020285 0.020000000000000018 0.17 0.0 -0.05789473684210527 0.0 0.0 -0.010526315789473694 0.0
22 4 -0.14 -0.14000000000000004 -0.14 -0.14 -0.14 -0.14 0.1544546959308694 0 0 0.0 0.0 0.0 0.0 0.0 0.0
22 5 0.19000000000000003 0.37649999999999995 0.6025 -0.07500000000000001 -0.060000000000000005 0.22000000000000003 0.28927659539940764 0.64 0.76 -0.10000000000000009 0.12631578947368424 0.65 0.0 0.3368421052631579 0.4500000000000001
22 6 -0.38 -0.371 -0.37 -0.31 -0.31 -0.31 0.1650496490729848 0.030000000000000027 0.09000000000000002 0.0 -0.031578947368421054 0.0 0.0 -0.005263157894736847 0.0
22 7 0.12 0.14500000000000002 0.17 -0.09 -0.07 -0.0675 0.1686658201144063 0.03 0.11 -0.10000000000000009 0.021052631578947364 0.15 -0.09999999999999995 -0.015789473684210523 0.0
22 8 -0.2425 -0.0435 0.1 -0.28 -0.255 -0.225 0.21114441965191283 0.18000000000000002 0.42 -0.29999999999999993 -0.21052631578947373 0.0 -0.20000000000000004 -0.06842105263157895 0.0
22 9 -0.02 -0.020000000000000004 -0.02 -0.03 -0.03 -0.03 0.1553397216925636 0.009999999999999998 0 0.0 0.0 0.0 0.0 0.005263157894736841 0.0
22 10 -0.7975 -0.4765 -0.3025 0.2275 0.495 0.8 0.3250695281755851 0.7000000000000001 1.22 -1.0 -0.6421052631578947 -0.20000000000000018 -0.44999999999999984 -0.3684210526315789 0.0
22 11 0.0275 0.2405 0.485 -0.08 -0.05 -0.0375 0.21313253275994978 0.06 0.49 -0.40000000000000013 -0.2578947368421053 -0.05000000000000001 -0.049999999999999975 -7.304098846218135e-19 0.049999999999999975
22 12 0.17 0.1685 0.17 0.03 0.03 0.03 0.15533972169256358 0 0.010000000000000009 0.0 0.005263157894736847 0.0 0.0 0.0 0.0
22 13 0.13 0.159 0.2 -0.1725 -0.16 -0.135 0.18381268205606713 0.1 0.15 -0.049999999999999906 0.031578947368421054 0.10000000000000009 -0.09999999999999995 -0.04210526315789473 0.10000000000000009
22 14 0.13 0.192 0.26 0.0375 0.07 0.09 0.18642718974400585 0.09 0.21000000000000002 -0.15 0.02631578947368421 0.2500000000000001 0.0 0.047368421052631574 0.09999999999999998
22 15 -0.07 -0.05950000000000001 -0.04750000000000001 -0.16 -0.14 -0.12 0.16959648667288732 0.08000000000000002 0.09 0.0 0.04736842105263158 0.09999999999999995 -0.10000000000000002 -0.01578947368421053 0.0
22 16 1.8150000000000002 1.775 2.06 -0.35749999999999993 -0.18 -0.0975 0.35084704450484805 0.26999999999999996 1.7000000000000002 -1.15 -0.8947368421052632 -0.09999999999999787 -0.14999999999999986 0.13157894736842107 0.5
22 17 0.034999999999999996 0.05500000000000001 0.08249999999999999 -0.14 -0.14 -0.135 0.1739354050874275 0.05000000000000002 0.15 0.049999999999999975 0.07894736842105261 0.1 0.0 0.021052631578947375 0.049999999999999906
22 18 -0.28500000000000003 -0.267 -0.2375 -0.05 -0.05 -0.04 0.17217549596332507 0.020000000000000004 0.11000000000000001 -0.14999999999999986 -0.02631578947368421 0.10000000000000009 -0.049999999999999975 -0.010526315789473687 0.0
22 19 -1.485 -0.9480000000000001 -0.495 -1.36 -1.22 -0.8425 0.3633972493813137 1.1300000000000001 1.27 -1.0000000000000004 -0.6421052631578947 -0.35000000000000003 -0.8000000000000002 -0.5947368421052632 -0.050000000000000044
22 20 0.1975 0.2205 0.25 -0.24 -0.24 -0.24 0.1686506065154773 0.020000000000000018 0.14 -0.10000000000000009 0.03684210526315788 0.050000000000000044 0.0 0.010526315789473694 0.0
22 21 -0.02 0.005000000000000002 0.0225 -0.05 -0.05 -0.03 0.16505979147227065 0.05 0.07 -0.1 -0.03684210526315789 0.0 0.0 0.02631578947368421 0.049999999999999975
22 22 0.0 -0.0025 0.0 0.0 0.0 0.0 0.15799479897764618 0.02 0.02 0.0 0.010526315789473684 0.0 0.0 0.010526315789473684 0.0
22 23 0.065 0.16099999999999998 0.265 -0.4725 -0.45 -0.41 0.19156492352630938 0.08999999999999997 0.30000000000000004 -0.20000000000000012 0.02105263157894736 0.3000000000000001 -0.09999999999999953 0.01578947368421054 0.10000000000000009
22 24 0.0375 0.06000000000000001 0.08 -0.535 -0.365 -0.18750000000000003 0.2177250111566392 0.64 0.06 -0.049999999999999975 0.005263157894736843 0.09999999999999995 -0.6 -0.05263157894736845 0.30000000000000016
22 25 0.03 0.0385 0.05 -0.12 -0.12 -0.1175 0.15887982473934037 0.01999999999999999 0.020000000000000004 0.0 -0.005263157894736841 0.0 0.0 0.010526315789473679 0.0
22 26 0.16 0.161 0.17 -0.16 -0.16 -0.1475 0.16156025802263785 0.010000000000000009 0.06 0.0 0.010526315789473679 0.09999999999999981 0.0 -0.005263157894736847 0.0
22 27 0.675 0.688 0.7825 0.1375 0.19 0.25 0.2298997444115381 0.15999999999999998 0.6499999999999999 -0.20000000000000018 0.2421052631578947 0.15000000000000013 -0.14999999999999986 -0.010526315789473686 0.0
22 28 -0.02 0.05399999999999998 -0.0075 -0.2925 -0.13 -0.12 0.2942918089983367 0.85 0.7799999999999999 -0.4 -0.37368421052631573 0.0 0.0 0.4473684210526316 0.7
22 29 0.17 0.24699999999999997 0.38250000000000006 0.2875 0.745 0.83 0.2531868960201226 0.62 0.31 -0.30000000000000027 -0.16315789473684209 0.050000000000000044 -0.6000000000000003 -0.32631578947368417 0.050000000000000044
22 30 0.0375 0.1005 0.16 -0.2225 -0.175 -0.1475 0.17846195788875827 0.12 0.12000000000000001 -0.049999999999999906 0.031578947368421054 0.10000000000000003 -0.050000000000000044 0.010526315789473675 0.10000000000000009
22 31 -0.015 0.052000000000000005 0.2825 -0.045 0.5 0.6325000000000001 0.38071316483427325 0.7100000000000001 1.62 -0.5 0.5263157894736841 1.0499999999999998 -0.10000000000000009 0.3736842105263158 0.30000000000000027
22 32 -0.0975 -0.07799999999999999 -0.0375 -0.3125 -0.26 -0.225 0.19165113392024014 0.18 0.14 -0.10000000000000002 -0.06842105263157895 0.0 -0.20000000000000018 -0.09473684210526315 -0.049999999999999906
22 33 -0.06 -0.055000000000000014 -0.05 -0.042499999999999996 -0.03 -0.03 0.15801001257657515 0.020000000000000004 0.020000000000000004 0.0 0.010526315789473686 0.0 0.0 -0.005263157894736843 0.0
22 34 -0.3075 0.37350000000000005 1.185 -0.1925 -0.155 -0.1 0.3922548095257413 0.1 2.45 -1.7500000000000004 -1.131578947368421 0.15 -0.20000000000000012 -0.03157894736842106 0.050000000000000044
22 35 0.07 0.08150000000000002 0.1225 -0.23 -0.215 -0.155 0.18566894397338632 0.14 0.2 -0.09999999999999995 0.05789473684210527 0.15000000000000002 0.0 0.07368421052631578 0.15
22 36 0.565 0.8109999999999999 1.0925000000000002 -0.125 -0.07500000000000001 -0.03 0.24693106414053304 0.16 0.8900000000000001 0.15000000000000013 0.46842105263157907 0.7999999999999998 0.0 0.07894736842105263 0.10000000000000006
22 37 -0.03 -0.03200000000000001 -0.03 -0.23 -0.23 -0.23 0.157109773215952 0.009999999999999981 0.020000000000000004 0.0 0.010526315789473686 0.0 0.0 0.0 0.0
22 38 -0.08 -0.0685 -0.0275 -0.07 -0.065 -0.03 0.1846824942188324 0.06 0.22 0.0 0.11578947368421054 0.19999999999999996 0.0 0.03157894736842105 0.050000000000000044
22 39 0.41000000000000003 0.7785 1.2025 -1.0575 -0.86 -0.755 0.3362152135989289 0.4900000000000001 1.26 -0.30000000000000027 -0.026315789473684188 1.2000000000000006 0.0 0.25789473684210534 0.49999999999999933
22 40 0.085 0.09550000000000002 0.14 -0.19 -0.19 -0.19 0.17476464765304878 0.06 0.16999999999999998 -0.09999999999999988 0.05789473684210527 0.15000000000000002 0.0 0.02105263157894737 0.0
22 41 0.02 0.03650000000000001 0.05 -0.24 -0.24 -0.23 0.15798972777800316 0.009999999999999981 0.030000000000000002 0.0 0.01578947368421053 0.0 0.0 -0.0052631578947368324 0.0
22 42 0.03 0.085 0.14 -0.0325 -0.02 -0.02 0.17931148525295146 0.09 0.15 -0.049999999999999975 -0.04736842105263159 0.049999999999999975 -0.1 2.921639538487254e-18 0.0
22 43 -0.7975 -0.5650000000000001 -0.32249999999999995 -0.2475 -0.095 -0.0275 0.2916034646435959 0.59 0.9800000000000001 -0.8500000000000002 -0.5157894736842106 -0.2999999999999997 -0.5999999999999996 -0.31052631578947365 -0.09999999999999996
22 44 0.0 0.015500000000000003 0.03 -0.19 -0.19 -0.19 0.15799479897764618 0 0.03 0.0 -0.005263157894736842 0.0 0.0 0.0 0.0
22 45 0.0 0.0325 0.03 -0.12 -0.11499999999999999 -0.0975 0.1893206134123088 0.11000000000000001 0.18000000000000002 -0.09999999999999999 0.09473684210526317 0.1 -0.10000000000000009 -0.03157894736842105 0.0
22 46 0.04000000000000001 0.2565 0.5824999999999999 -0.052500000000000005 0.05 0.11 0.2555480465738977 0.22 0.9299999999999999 0.09999999999999995 0.47368421052631576 0.8500000000000001 0.049999999999999975 0.11578947368421054 0.2
22 47 0.05 0.04650000000000001 0.05 -0.0125 0.0 0.0 0.15799479897764618 0.02 0.020000000000000004 0.0 -0.010526315789473686 0.0 0.0 0.010526315789473684 0.0
22 48 -0.1225 -0.0815 -0.03 -0.03 -0.02 -0.0075 0.1766513367682259 0.05 0.1 0.0 0.05263157894736842 0.19999999999999996 0.0 0.005263157894736841 0.04999999999999999
22 49 -0.1775 -0.131 -0.0725 0.03 0.03 0.05 0.17860395147876176 0.05 0.13 -0.05000000000000001 0.042105263157894736 0.3 -0.1 -0.02631578947368421 0.0
22 50 0.10750000000000001 0.1285 0.1525 -0.08249999999999999 -0.07 -0.05 0.16969791066574705 0.06 0.1 -0.09999999999999995 0.021052631578947358 0.10000000000000009 -0.10000000000000009 -0.005263157894736847 0.09999999999999998
22 51 -0.37 -0.15150000000000002 -0.0075 -0.21 -0.2 -0.17750000000000002 0.1996492271491744 0.04999999999999999 0.39 -0.15000000000000005 -0.17368421052631577 0.1499999999999998 -0.09999999999999981 0.0 0.049999999999999906
