23 0 -1.575 -1.568 -1.5274999999999999 -0.05 -0.03 -0.03 0.2059535396973508 0.36 0.1299999999999999 -0.10000000000000009 -0.04736842105263162 0.10000000000000009 -0.25 -0.18947368421052632 0.0
23 1 -0.38 -0.20800000000000002 -0.045 -0.13 -0.1 -0.015 0.21613001744492683 0.12000000000000001 0.51 -0.45000000000000007 -0.2578947368421053 -0.050000000000000044 -0.049999999999999975 0.06315789473684212 0.15
23 2 -0.4625 -0.2065 -0.06 -0.05 -0.035 0.0125 0.24997662379812566 0.11000000000000001 0.97 -0.7000000000000001 -0.5105263157894737 -0.20000000000000018 -0.10000000000000002 -0.05789473684210527 0.0
23 3 -0.14 -0.08500000000000003 -0.0375 0.26 0.26 0.26 0.17305037932573328 0.03999999999999998 0.15000000000000002 -0.10000000000000009 -0.07894736842105264 0.0 0.0 0.021052631578947358 0.09999999999999981
23 4 -0.31 -0.23899999999999996 -0.22250000000000003 -0.1 -0.09 -0.09 0.18378225485820926 0.010000000000000009 0.32 -0.24999999999999994 -0.1631578947368421 0.0 0.0 0.0 0.0
23 5 -0.11000000000000001 0.0925 0.215 -0.22 -0.16 -0.1475 0.25272014280498206 0.08000000000000002 0.9299999999999999 -1.05 -0.2421052631578947 0.45000000000000007 -0.15 -0.010526315789473684 0.10000000000000009
23 6 -0.5625 -0.5149999999999999 -0.5125 -0.03 0.22 0.3325 0.23339156963771351 0.5 0.26999999999999996 -0.24999999999999994 -0.1105263157894737 0.050000000000000044 -0.6499999999999999 -0.04736842105263158 0.35000000000000003
23 7 -0.44 -0.29950000000000004 -0.17750000000000002 -0.1125 -0.1 -0.1 0.20830434500385414 0.1 0.51 -0.5499999999999999 -0.2631578947368421 0.0 0.0 0.047368421052631574 0.09999999999999995
23 8 -0.37 -0.28550000000000003 -0.19 -0.09 -0.07 -0.07 0.17588801979796337 0.01999999999999999 0.2 -0.09999999999999995 -0.09473684210526315 0.0 0.0 0.010526315789473679 0.0
23 9 -0.14500000000000002 -0.119 -0.08 0.03 0.03 0.03 0.1738846930909976 0.020000000000000004 0.18000000000000002 -0.1999999999999999 -0.09473684210526317 0.0 0.0 0.010526315789473686 0.0
23 10 -0.49 -0.43 -0.36749999999999994 -0.05 -0.03 -0.02 0.17391004908921254 0.060000000000000005 0.15000000000000002 -0.14999999999999986 -0.07894736842105264 0.0 -0.04999999999999999 -0.03157894736842106 0.0
23 11 -0.66 -0.5469999999999999 -0.4175 -0.015 0.02 0.03 0.20027825875289057 0.12 0.4 -0.3999999999999998 -0.19473684210526318 0.0 0.0 0.06315789473684211 0.09999999999999999
23 12 0.1025 0.1095 0.17 -0.21 -0.21 -0.21 0.17835039149661247 0 0.27 -0.15000000000000008 -0.14210526315789473 0.0 0.0 0.0 0.0
23 13 0.1375 0.1345 0.14 0.21 0.23 0.23 0.15978513529960647 0.03 0.030000000000000013 0.0 -0.010526315789473694 0.0 0.0 0.0 0.0
23 14 -0.37 -0.30100000000000005 -0.20750000000000002 0.09 0.09 0.1 0.18551173678445376 0.12000000000000001 0.2 -0.24999999999999994 -0.10526315789473684 0.0 0.0 0.06315789473684212 0.10000000000000009
23 15 -0.4225 -0.2845000000000001 -0.1225 -0.3275 -0.22 -0.12 0.20464253316564573 0.22999999999999998 0.33999999999999997 -0.3 -0.17894736842105266 0.0 -0.20000000000000018 -0.12105263157894736 0.0
23 16 -0.37 -0.22100000000000003 -0.049999999999999996 0.09 0.1 0.10250000000000001 0.2189500101423992 0.18 0.55 -0.6000000000000001 -0.28421052631578947 0.0 0.0 0.08421052631578947 0.09999999999999995
23 17 -0.52 -0.4065 -0.295 -0.06 -0.05 -0.024999999999999998 0.19999163454906893 0.09000000000000001 0.42000000000000004 -0.4500000000000001 -0.19999999999999998 0.0 0.0 0.04736842105263158 0.10000000000000002
23 18 -1.5375 -1.0345 -0.49 -0.1 -0.065 -0.0375 0.332291322163171 0.08 1.7899999999999998 0.0 0.9421052631578944 1.9500000000000002 0.0 0.042105263157894736 0.10000000000000009
23 19 -0.65 -0.5800000000000001 -0.52 -0.14 -0.14 -0.085 0.17833010669804056 0.07 0.2 -0.20000000000000018 -0.10526315789473684 0.0 -0.050000000000000044 -0.0368421052631579 0.0
23 20 -0.56 -0.489 -0.42 -0.14 -0.14 -0.14 0.1783605338958984 0.01999999999999999 0.24999999999999994 -0.20000000000000018 -0.10526315789473686 0.0 0.0 0.0 0.0
23 21 -0.3 -0.27349999999999997 -0.25 -0.02 -0.02 -0.02 0.1615349020244229 0.009999999999999998 0.03999999999999998 -0.09999999999999967 -0.021052631578947358 0.0 0.0 0.005263157894736841 0.0
23 22 -0.52 -0.4305 -0.41000000000000003 0.03 0.05 0.05 0.19987499695728025 0.030000000000000002 0.46 -0.35000000000000003 -0.24210526315789477 0.0 0.0 0.0 0.0
23 23 -0.6075 -0.7775 -0.5 -0.28 -0.27 -0.26 0.3636179479897765 0.34 2.07 0.0 1.0421052631578949 1.7000000000000002 -0.35000000000000003 -0.17894736842105266 0.0
23 24 -0.63 -0.44750000000000006 -0.195 -0.17 -0.12 -0.10750000000000001 0.20381329060002434 0.07 0.49 -0.4000000000000001 -0.2473684210526316 0.0 0.0 0.0368421052631579 0.09999999999999995
23 25 -0.3 -0.16099999999999998 -0.04 -0.09 -0.09 -0.0775 0.18660468173151043 0.01999999999999999 0.33999999999999997 -0.3 -0.1736842105263158 0.0 0.0 0.0 0.0
23 26 -0.1725 -0.15250000000000002 -0.1175 -0.38 -0.35 -0.3075 0.17750086413241917 0.09999999999999998 0.16 -0.10000000000000009 -0.08421052631578947 0.0 -0.10000000000000009 -0.042105263157894715 0.0
23 27 -0.65 -0.5699999999999998 -0.48 0.03 0.035 0.06 0.18755056188892041 0.04000000000000001 0.32999999999999996 -0.10000000000000009 -0.1263157894736842 0.050000000000000044 -0.049999999999999975 -0.02105263157894737 0.0
23 28 -0.5225 -0.4265 -0.3025 -0.12 -0.11 -0.1 0.20268221023165242 0.03 0.43 -0.3999999999999998 -0.16842105263157894 0.20000000000000004 -0.049999999999999975 0.010526315789473679 0.0
23 29 -0.36 -0.298 -0.235 -0.28 -0.28 -0.235 0.17828953710089665 0.09 0.16999999999999998 -0.1999999999999999 -0.0894736842105263 0.0 -0.09999999999999981 -0.04736842105263158 0.0
23 30 -0.475 -0.404 -0.315 -0.20500000000000002 -0.18 -0.09 0.20324775041583837 0.14 0.39 -0.20000000000000018 -0.20526315789473681 -0.14999999999999986 -0.1999999999999999 -0.05263157894736842 0.0
23 31 -0.59 -0.4485 -0.2825 0.0975 0.15500000000000003 0.26 0.209876619741166 0.23000000000000004 0.38 -0.40000000000000036 -0.18421052631578946 0.0 0.0 0.08947368421052632 0.15
23 32 -0.58 -0.4495 -0.285 -0.1525 -0.14 -0.14 0.19636532110836138 0.11000000000000001 0.36 -0.3500000000000003 -0.18421052631578944 0.0 0.0 0.047368421052631574 0.10000000000000009
23 33 -0.7250000000000001 -0.5435000000000001 -0.365 -0.05 -0.05 -0.02 0.1961574019229989 0.030000000000000002 0.42 -0.30000000000000027 -0.2157894736842105 -0.04999999999999977 0.0 0.01578947368421053 0.0
23 34 -0.47 -0.2819999999999999 -0.10750000000000001 -0.19 -0.19 -0.1675 0.19507967057487116 0.03 0.43 -0.2999999999999998 -0.21052631578947367 0.0 0.0 0.015789473684210527 0.0
23 35 -0.09 -0.07300000000000001 -0.057499999999999996 -0.12 -0.12 -0.12 0.16243514138504606 0.04000000000000001 0.049999999999999996 0.0 -0.005263157894736844 0.049999999999999975 0.0 -0.02105263157894737 0.0
23 36 -0.37249999999999994 -0.32649999999999996 -0.2675 0.05 0.05 0.06 0.16950520507931355 0.010000000000000009 0.15 -0.10000000000000009 -0.07894736842105263 0.0 0.0 -0.005263157894736839 0.0
23 37 -0.35 -0.30099999999999993 -0.2475 -0.06 -0.05 -0.05 0.16696169418637674 0.030000000000000006 0.08999999999999997 -0.10000000000000009 -0.04736842105263156 0.0 0.0 -0.005263157894736843 0.0
23 38 -0.5625 -0.49650000000000016 -0.4375 0.0275 0.04 0.07 0.1950238873787983 0.13 0.32999999999999996 -0.30000000000000027 -0.1473684210526316 0.04999999999999949 -0.10000000000000009 -0.06842105263157894 0.0
23 39 -0.0025000000000000005 0.6315000000000001 1.2425000000000002 -1.0975000000000001 -0.655 -0.3975000000000001 0.3981544403424075 0.88 1.8699999999999999 0.5 0.9842105263157894 1.3000000000000012 -0.7499999999999996 -0.46315789473684216 -0.24999999999999994
23 40 -0.8049999999999999 -0.533 -0.1975 0.2 0.26 0.26 0.27859664895127595 0.33 1.0699999999999998 -0.7999999999999998 -0.563157894736842 -0.44999999999999984 0.0 0.15263157894736845 0.30000000000000016
23 41 -0.3 -0.15799999999999997 -0.045000000000000005 -0.01 0.0 0.02 0.18910762302730338 0.04 0.35 -0.20000000000000012 -0.17894736842105263 -0.09999999999999995 0.0 0.021052631578947368 0.05
23 42 -0.5924999999999999 -0.4145 -0.23 -0.03 -0.03 -0.02 0.20675742626475724 0.05 0.52 -0.3999999999999998 -0.27368421052631575 -0.19999999999999948 0.0 0.015789473684210527 0.0
23 43 -0.64 -0.5690000000000001 -0.4925 -0.06 -0.05 -0.04750000000000001 0.179499119639742 0.039999999999999994 0.19 -0.1999999999999999 0.03157894736842108 0.20000000000000018 0.0 0.021052631578947368 0.09999999999999995
23 44 -0.7375 -0.5825 -0.42 0.03 0.05 0.0875 0.21443846809201184 0.13 0.51 -0.5499999999999999 -0.20526315789473681 0.0 -0.14999999999999997 0.005263157894736842 0.10000000000000002
23 45 -0.605 -0.489 -0.4075 0.0024999999999999996 0.05 0.07 0.2081647855896791 0.15 0.45 -0.3999999999999995 -0.1947368421052631 -0.04999999999999977 -0.10000000000000006 0.021052631578947358 0.04999999999999999
23 46 0.0275 1.0534999999999999 2.3099999999999996 -0.17 -0.17 -0.15 0.21129919266501684 0.06000000000000001 2.95 0.3 1.5526315789473684 1.8000000000000016 -0.049999999999999906 0.03157894736842106 0.15
