33 0 -0.92 -0.6075714285714293 -0.3041071428571439 -0.06 -0.05404761904761877 0.051547619047622575 0.2618324945086152 0.26 0.8999999999999999 -0.7574675324675395 -0.47368421052631576 -0.19999999999999962 0.0 0.13684210526315793 0.14729437229437012
33 1 -1.34 -1.210258658008658 -1.11 0.25 0.25 0.26 0.1784387752618188 0.010000000000000009 0.25 -0.16904761904762422 -0.11578947368421051 0.0 0.0 -0.005263157894736847 0.0
33 2 -1.32 -0.5591818181818202 0.39678571428571174 -0.28595238095237957 0.12380952380952494 0.2385714285714294 0.3777399287022763 0.6680952380952375 1.9219047619047624 -1.8309523809523665 -1.0062656641604015 0.0 0.03809523809524082 0.35162907268170396 0.6800865800865684
33 3 -1.27 -1.236012987012987 -1.2095238095238101 -0.07 -0.05785714285714201 -0.009880952380952664 0.18009942364018455 0.12809523809523754 0.10380952380952513 -0.13409090909090482 -0.054636591478697434 0.0 -0.10681818181818148 -0.03583959899749344 0.0
33 4 -3.008392857142859 -2.4794350649350667 -2.0219047619047656 0.1475 0.37 0.4032954545454544 0.3344369780644367 0.25 1.6742857142857128 -1.290259740259685 -0.8812030075187961 -0.2409090909090872 -0.23409090909091296 -0.11578947368421054 0.09999999999999995
33 5 -1.2 -1.196619047619048 -1.19 0.32 0.32 0.3225 0.1571109806444384 0.020000000000000018 0.010000000000000009 0.0 0.0040100250626560665 0.0 0.0 -0.010526315789473694 0.0
33 6 -1.37 -1.3663766233766235 -1.36 0.51 0.515 0.6 0.16513553016823737 0.09999999999999998 0.010000000000000009 0.0 0.005263157894736847 0.024999999999999467 -0.10000000000000009 -0.05263157894736841 0.0
33 7 -1.24 -1.2242857142857142 -1.21 0.36749999999999994 0.41690476190476244 0.5023214285714281 0.17308177246638035 0.17000000000000004 0.040000000000000036 -0.02142857142856336 -0.02105263157894739 0.0 -0.07500000000000007 0.02631578947368421 0.10000000000000842
33 8 2.568863636363636 2.888597402597404 3.0810714285714305 -0.04 -0.025 -0.009404761904761945 0.27277839501031687 0.062380952380953515 0.9419047619047749 -0.03409090909090473 -2.809523809523802 0.740800865800888 -0.11190476190477602 -0.03283208020050185 0.09318181818181745
33 9 -0.4634523809523795 -0.1233246753246738 0.2748214285714294 -0.04678571428571429 -0.016904761904762467 0.09511904761904734 0.325255053219498 0.36809523809523753 1.5785714285714285 0.6690476190476163 0.830827067669173 0.8452380952381109 -0.3190476190476162 -0.18847117794486182 -0.06461038961038887
33 10 -0.6735714285714295 -0.5128961038961041 -0.3851136363636357 0.0 0.01 0.052500000000000005 0.19066721389705366 0.07 0.3280952380952375 -0.294480519480515 -0.17268170426065133 0.009523809523812599 0.0 0.0368421052631579 0.1
33 11 -1.3625 -1.3123409090909093 -1.28 0.36749999999999994 0.40690476190476244 0.41 0.17034831610865753 0.04999999999999999 0.11999999999999988 0.0 0.0578947368421052 0.10000000000000009 0.0 0.026315789473684206 0.06504329004327986
33 12 -1.2025 -1.1666590909090908 -1.135 0.37 0.3706818181818183 0.38 0.16511557466834362 0.010000000000000009 0.10999999999999988 0.0 0.0578947368421052 0.10000000000000009 -0.006818181818174507 0.0 0.0
33 13 -1.8011904761904742 -1.6149783549783538 -1.3 0.22 0.24 0.28511904761904777 0.30351153381900386 0.30809523809523753 1.3880952380952376 0.0 0.7213032581453637 1.207251082251073 -0.040476190476187585 0.09373433583959871 0.271753246753245
33 14 -1.08 -1.0737175324675323 -1.07 0.30965909090909094 0.31 0.32 0.1571154416436521 0.020000000000000018 0.010000000000000009 0.0 -0.005263157894736847 0.0 0.0 0.010526315789473694 0.0
33 15 -1.0225 -0.8669058441558436 -0.7276785714285706 0.405 0.44 0.46 0.2265644580034681 0.12 0.6980952380952374 0.26699134199132946 0.3674185463659144 0.48896103896103993 -0.10000000000000009 -0.0631578947368421 0.0
33 16 -1.4575 -1.418 -1.39 0.2 0.2909523809523796 0.4789285714285706 0.1973552943587712 0.24 0.11999999999999988 0.0 0.05263157894736847 0.14999999999999902 -0.34761904761904494 -0.12631578947368421 0.03809523809523874
33 17 -1.62047619047619 -1.3570454545454536 -1.0087175324675346 0.365 0.40976190476190444 0.5 0.3234105377148511 0.4814285714285765 1.366190476190475 0.18636363636363507 0.48496240601503576 1.0690476190476228 -0.2595238095238292 -0.2533834586466192 -0.0023809523809550925
33 18 1.5946428571428575 1.597809523809524 1.6 -0.08124999999999999 -0.07500000000000001 -0.06 0.1608361960473807 0.024285714285715965 0.020000000000000018 0.0 0.005263157894736847 0.0 -0.036904761904767505 -0.012781954887218928 0.0
33 19 -1.435 -1.3974393939393939 -1.3585714285714279 0.20750000000000002 0.21999999999999914 0.24428571428571513 0.17571854471269985 0.06 0.17999999999999994 0.021428571428580012 0.08421052631578943 0.17727272727273258 0.0 0.02230576441102815 0.07413419913419289
33 20 -1.32 -1.3077857142857143 -1.3 0.44964285714285757 0.5056818181818175 0.5185714285714281 0.17449168510007504 0.13 0.09000000000000008 -0.10000000000000009 -0.03157894736842108 0.03095238095238373 -0.07857142857143701 0.030325814536340253 0.09318181818181726
33 21 -0.8119047619047621 -0.8000919913419914 -0.79 0.15 0.165 0.2 0.1765780525496126 0.1876190476190465 0.030000000000000027 -0.08809523809523878 0.01578947368421054 0.10000000000000009 0.0 0.09874686716791921 0.14015151515150648
33 22 -1.6896428571428561 -1.5871471861471855 -1.4649999999999999 -0.14214285714285632 -0.10500000000000081 -0.03428571428571556 0.2651489105039285 0.23809523809523753 0.8566666666666629 0.0 0.44962406015037343 0.5380952380952408 -0.2635281385281486 0.06140350877193131 0.07857142857143694
33 23 -0.8457142857142874 -0.6288300865800871 -0.4975 0.16 0.2 0.21 0.20332707363768254 0.06952380952380896 0.47000000000000003 -0.4122294372294269 -0.24210526315789482 0.0 -0.021428571428565024 0.02105263157894737 0.06666666666666099
33 24 -1.2925 -1.2214015151515154 -1.1632142857142844 0.32 0.325 0.34 0.1721965052189889 0.040000000000000036 0.11190476190476262 -0.16818181818181732 -0.0588972431077698 0.0 0.0 0.01578947368421054 0.0
33 25 -2.3894047619047596 -1.6689491341991323 -1.0378409090909093 0.1716666666666678 0.2723809523809535 0.3282142857142862 0.3797563002755877 0.3867316017316026 2.1861904761904754 0.043181818181808884 -2.154636591478697 1.8698051948051897 0.0 0.18847117794486187 0.36904761904761635
33 26 -1.21 -1.2100000000000002 -1.21 0.16 0.16 0.17 0.1562247474542578 0.010000000000000009 0 0.0 0.0 0.0 0.0 0.0 0.0
33 27 -1.29 -1.26833658008658 -1.25 -0.0125 0.017857142857142856 0.034285714285715134 0.16688930283760792 0.05 0.06000000000000005 0.0 0.009273182957392913 0.05681818181818232 -0.09999999999999999 0.006516290726817636 0.09999999999999998
33 28 -2.06 -1.796317099567099 -1.5001785714285705 0.09 0.10500000000000001 0.20875000000000002 0.2329525148111437 0.21000000000000002 0.6842857142857144 0.07142857142857006 0.3578947368421053 0.5181818181818265 0.0 0.1105263157894737 0.19318181818182567
33 29 -1.3 -1.2740541125541123 -1.24 0.23 0.24 0.25 0.16575824538424236 0.0376190476190465 0.06000000000000005 -0.08365800865800632 0.02105263157894739 0.10000000000000009 -0.04999999999999158 -0.019799498746866578 0.0
33 30 -1.5807954545454548 -1.465784632034632 -1.3253571428571411 0.2675 0.3297619047619045 0.35 0.20434567868683354 0.11761904761904815 0.3500000000000001 -0.10000000000000009 0.18421052631578952 0.5404761904762057 -0.10000000000000009 -0.060150375939850495 0.0
33 31 -1.48 -1.458833333333333 -1.4485227272727275 0.5774999999999999 0.595 0.61 0.16425175574152012 0.040000000000000036 0.06000000000000005 -0.05909090909090309 -0.03157894736842108 0.0 -0.050000000000000044 -0.005263157894736788 0.004761904761902969
33 32 -1.7127380952380946 -1.5401601731601733 -1.41 0.3 0.3188095238095239 0.3873214285714294 0.23104484904704942 0.3966666666666695 0.4080952380952376 -0.36190476190475884 -0.17142857142857057 -8.881784197001252e-15 -0.014285714285707796 0.20877192982456286 0.5288961038961202
33 33 -1.2625000000000002 -1.208022727272727 -1.16 0.19 0.20500000000000002 0.22 0.1737388629518614 0.04000000000000001 0.17619047619047512 0.0 -0.008521303258144725 0.10000000000000009 0.0 -0.015789473684210527 0.0
33 34 -1.3721428571428589 -0.7569350649350668 -0.08404761904762045 0.20738095238095267 0.26 0.315714285714287 0.35481042918059175 0.16000000000000003 2.100476190476191 -1.2770562770562797 -1.1055137844611531 -0.8490259740259649 0.0 0.057894736842105256 0.10000000000000009
33 35 0.8796590909090913 1.0391461038961036 1.2554761904761897 -0.26 -0.23 -0.22428571428571303 0.19679716602923225 0.04000000000000001 0.44000000000000006 -0.3142857142857064 -0.1343358395989963 0.011904761904759087 0.0 0.015789473684210527 0.0
33 36 -2.79 -2.7731190476190477 -2.74 -0.21 -0.2 -0.2 0.16331065720999477 0.03 0.06999999999999984 0.0 0.031578947368420845 0.08809523809524045 0.0 -0.010526315789473679 0.0
33 37 -0.98 -0.9628409090909094 -0.9474999999999999 0.11 0.12 0.12 0.16596763763235833 0.01999999999999999 0.09999999999999998 0.0 0.05263157894736841 0.10000000000000009 -0.024999999999999953 -0.005263157894736839 0.0
33 38 -1.0204761904761899 -0.9497424242424237 -0.86 0.23 0.23404761904761961 0.25 0.1905577290213345 0.04000000000000001 0.3680952380952375 0.06190476190475913 0.183208020050125 0.368290043290036 -0.07142857142857978 -0.02105263157894737 0.0
33 39 1.7542857142857151 2.2408874458874473 2.6682142857142885 -0.35 -0.2680952380952375 -0.021428571428570586 0.3298119381440287 0.43 1.5723809523809535 0.5119047619047679 -2.4776942355889715 1.0476190476190617 0.050000000000000044 0.21052631578947362 0.39047619047617915
33 40 -1.9892857142857139 -1.639232683982683 -1.3528571428571412 0.22 0.26 0.27 0.24071969178211672 0.06 0.5299999999999983 -0.2467532467532385 0.1854636591478703 0.45238095238094633 -0.10000000000000009 -0.030325814536340253 0.014285714285714318
33 41 -0.375 -0.3307272727272727 -0.27 -0.2 -0.187857142857142 -0.10267857142857059 0.20108496872716314 0.25238095238095354 0.19136363636363488 -0.21818181818181737 -0.08421052631578947 0.0 -0.049999999999999906 0.13283208020050186 0.16904761904761623
33 42 -0.4282142857142882 -0.1815519480519486 0.06 0.07 0.07500000000000084 0.10107142857142942 0.22872891533203082 0.06999999999999999 0.73 -0.5857142857142861 -0.3842105263157895 -0.11904761904761633 0.0 0.03684210526315789 0.10681818181818258
33 43 -1.09 -1.0828495670995673 -1.08 0.3 0.31 0.31 0.16292689715115372 0.035714285714285754 0.06000000000000005 0.0 0.03157894736842108 0.10000000000000009 0.0 0.01578947368421054 0.03809523809522403
33 44 -0.4069642857142882 -0.15982900432900513 0.14508116883116853 -0.1625 -0.0076190476190464915 0.3396428571428589 0.2999938914785774 0.53 0.954285714285716 -1.062554112554142 -0.5022556390977452 0.09999999999999995 0.0 0.26842105263157895 0.6522727272727391
33 45 -1.26 -1.2530000000000001 -1.24 0.36 0.36 0.36 0.1588899671386263 0.010000000000000009 0.020000000000000018 0.0 -0.010526315789473694 0.0 0.0 0.0 0.0
33 46 -3.062970779220778 -2.4488923160173144 -1.5762499999999946 -0.7559523809523796 -0.06571428571428402 0.2664285714285706 0.22018402118119404 1.32 2.392380952380954 0.3139610389610481 -2.046115288220551 1.6333333333333289 0.16904761904763282 0.6882205513784454 1.052489177489189
33 47 -0.7473214285714295 -0.7073722943722948 -0.63 0.13 0.13 0.13 0.1908845206702098 0.03 0.3723809523809535 -0.3250000000000003 -0.19598997493734394 -0.07142857142856229 0.0 0.015789473684210527 0.025000000000000022
