41 0 -1.4885064935064942 -1.335127705627706 -1.18 -0.5225 -0.445 -0.4075 0.21498463409823695 0.21999999999999997 0.4661904761904767 -0.3681818181818175 -0.2453634085213035 -0.10000000000000009 0.09999999999999981 0.11578947368421051 0.18181818181817438
41 1 -0.96 -0.9375909090909091 -0.9075 -0.39 -0.38 -0.35 0.17127852763623785 0.040000000000000036 0.08999999999999997 0.0 0.04736842105263156 0.12272727272726991 0.0 0.021052631578947358 0.10000000000000009
41 2 -1.5325 -1.330528138528138 -1.0163203463203452 -0.5596428571428571 -0.445476190476191 -0.42 0.2320534869769462 0.18 0.6400000000000001 -0.050000000000000044 0.2967418546365912 0.5597402597402451 -0.21190476190476787 -0.09473684210526315 0.04999999999999977
41 3 -1.11 -1.0983095238095237 -1.09 -0.46 -0.46 -0.4475 0.16155494533729758 0.030000000000000027 0.030000000000000027 -0.026190476190465217 0.0 0.0 0.0 0.01578947368421054 0.0
41 4 -1.7442857142857138 -1.6108268398268397 -1.479642857142857 0.058809523809523666 0.11285714285714285 0.5235714285714277 0.30470842634242895 1.1845454545454568 0.5481818181818194 -0.05909090909091308 0.2516746411483261 0.5493506493506273 -1.3720779220779287 -0.6066985645933022 -0.09999999999999995
41 5 -1.32 -1.2468614718614721 -1.09 -0.5824999999999999 -0.37922077922077857 -0.24535714285714286 0.24886847258889574 0.39619047619047676 0.6785714285714302 -0.4623376623376585 -0.357142857142858 0.0 0.06536796536797104 0.20852130325814566 0.32056277056277227
41 6 -1.335227272727271 -1.2620562770562767 -1.1074999999999988 -0.7725 -0.5692207792207785 -0.3778571428571429 0.27794950730018175 0.6000000000000001 0.40255411255411544 -0.6240259740259751 0.08812941444520253 0.5919913419913614 0.11904761904762473 0.3157894736842105 0.4454545454545489
41 7 0.11214285714285842 0.6402294372294388 1.131006493506494 -0.006363636363636915 0.01 0.034285714285713864 0.32091981388279744 0.15 1.7307359307359316 0.7536796536796359 0.9109136477557535 1.114285714285689 -0.158225108225114 -0.07894736842105261 0.0
41 8 -1.01 -1.0055454545454547 -1.0 0.63 0.63 0.63 0.1562247474542578 0.010000000000000009 0.010000000000000009 -0.013636363636365667 -0.005263157894736847 0.0 0.0 0.005263157894736847 0.0
41 9 -1.1724999999999999 -1.1342835497835502 -1.08 -0.51 -0.43636363636363573 -0.38 0.17600939880413427 0.14 0.10428571428571409 -0.10000000000000009 -0.05263157894736835 0.0 0.0 0.06842105263157895 0.13181818181818267
41 10 -1.17 -1.1606212121212123 -1.15 -0.38 -0.37 -0.37 0.1644042666086065 0.016190476190476755 0.0661904761904768 -0.07619047619047303 -0.034837092731829895 0.0 0.0 0.00852130325814566 0.0
41 11 -1.8975541125541118 -1.6236255411255418 -1.2361363636363638 -0.19136363636363693 0.14785714285714285 0.26607142857142774 0.3372934073109116 1.1090909090909098 0.8654545454545453 -0.7309523809523921 -0.36477557530189036 0.16536796536796294 -0.9547619047619105 -0.5363636363636367 -0.15714285714285722
41 12 -1.0185064935064942 -0.9411363636363641 -0.85 -0.41 -0.355 -0.27899350649350596 0.2118423539961452 0.23999999999999996 0.4123809523809534 -0.2694805194805161 -0.21704260651629126 -0.10000000000000009 0.03333333333333882 0.1263157894736842 0.18333333333332202
41 13 -1.105 -0.9483246753246757 -0.8207142857142861 -0.855 -0.45136363636363575 -0.35314935064935166 0.2710476868603761 0.8481818181818175 0.4745454545454547 -0.437878787878791 -0.1497607655502394 0.09999999999999898 -0.12445887445887538 0.3335839598997492 0.8316017316017157
41 14 0.970411255411255 1.0689372294372297 1.1749999999999998 -0.34 -0.30785714285714283 -0.2636363636363631 0.20974172750709225 0.12000000000000002 0.46909090909090967 -0.2792207792207857 0.057416267942584046 0.4991341991341841 0.0 0.06315789473684212 0.13766233766234148
41 15 -0.818203463203464 -0.7909415584415583 -0.7675000000000001 -0.56 -0.45285714285714285 -0.345 0.19399971655855294 0.25999999999999995 0.12 -0.10000000000000009 0.03157894736842108 0.14545454545454806 0.004545454545452354 0.13684210526315788 0.22380952380952668
41 16 -1.5777272727272726 -1.3435432900432907 -1.2014285714285722 -0.27107142857142774 -0.2 -0.15178571428571513 0.2534651131194011 0.3890909090909097 0.7390909090909097 -0.6201298701298663 -0.3153110047846893 -0.10000000000000009 0.04285714285715128 0.20277967646388764 0.35714285714284005
41 17 -1.2210714285714277 -1.2337402597402594 -1.1628571428571437 -0.46 -0.41000000000000003 -0.37 0.21191072346097328 0.09000000000000002 0.5445454545454549 -0.10000000000000009 0.2129186602870816 0.6181818181818255 0.0 0.047368421052631594 0.10000000000000009
41 18 -1.14 -1.1270000000000002 -1.11 -0.31 -0.31 -0.31 0.15799479897764615 0.010000000000000009 0.029999999999999805 0.0 -0.015789473684210423 0.0 0.0 0.005263157894736847 0.0
41 19 -1.2 -1.1201277056277057 -1.0575 -0.373333333333333 -0.31922077922077857 -0.19649350649350594 0.19295844424392225 0.1954545454545452 0.09454545454545493 -0.18333333333333868 -0.0482342219184325 0.0 0.0 0.10287081339712904 0.22857142857142854
41 20 -1.47 -1.406452380952381 -1.3475000000000001 -0.22178571428571386 -0.16999999999999998 -0.11 0.17824153894373143 0.13 0.1399999999999999 -0.10000000000000009 -0.0684210526315789 0.0 0.0 0.06315789473684212 0.10000000000000009
41 21 0.5739285714285722 1.029521645021646 1.50435064935065 -0.13499999999999918 0.06238095238095266 0.10142857142857142 0.3550820478661354 0.5561904761904768 1.6718181818181839 -0.14285714285714235 0.6109820004556843 1.2077922077921994 -0.028571428571428567 0.2927318295739351 0.6088744588744384
41 22 -1.22 -0.7391731601731616 -0.48964285714285843 -0.25 -0.24 -0.23 0.2938229280746707 0.05000000000000002 1.4936363636363645 -1.4086580086580522 -0.7841193893825481 -0.2309523809523839 0.0 0.026315789473684223 0.09999999999999995
41 23 -1.4628571428571413 -1.4785757575757565 -1.2 -0.6470129870129881 -0.55 -0.5375000000000001 0.33187170726405624 0.32 1.6827272727272742 -0.05238095238095486 0.8488038277511968 2.018398268398313 -0.377705627705629 -0.16842105263157894 0.0
41 24 -1.9771428571428573 -1.6226861471861482 -1.3432142857142864 -0.002499999999999154 0.045 0.08 0.29916071136083894 0.7245454545454548 0.8916450216450218 -0.5833333333333313 -0.4692868534973799 -0.2699134199134068 -0.12727272727273026 0.33071314650262007 0.5071428571428318
41 25 -1.38 -1.3779999999999997 -1.38 0.01 0.01 0.01 0.15622474745425782 0.01 0.009999999999999787 0.0 -0.00526315789473673 0.0 0.0 0.005263157894736842 0.0
41 26 -1.0901190476190479 -0.9556991341991349 -0.8932142857142862 -0.37 -0.2961904761904768 -0.21 0.23626160214415542 0.12999999999999995 0.6702597402597406 -0.6690476190476163 -0.23397129186602894 0.20043290043289086 -0.09999999999999995 0.047368421052631594 0.22380952380952612
41 27 -1.17 -1.1546536796536795 -1.16 -0.43 -0.43 -0.43 0.1668344531771527 0.010000000000000009 0.11999999999999988 0.0 0.06315789473684204 0.027272727272730224 0.0 -0.005263157894736847 0.0
41 28 -1.0015476190476191 -0.9441212121212124 -0.8783333333333331 -0.19 -0.155 -0.1275 0.21434959316713575 0.2790909090909097 0.39528138528138634 -0.3261904761904738 -0.20804283435862442 -0.10000000000000009 -0.10000000000000002 0.10478468899521563 0.233333333333339
41 29 -1.376785714285714 -1.3206038961038955 -1.2688095238095236 -0.3225 -0.23636363636363572 -0.22 0.2141924913005602 0.20619047619047676 0.4547619047619069 0.02619047619047299 0.23934837092731942 0.3179653679653771 0.0 0.10852130325814566 0.16515151515151344
41 30 -1.0378571428571417 -1.0010064935064935 -0.96 -0.26 -0.2 -0.19 0.17984783288978998 0.13619047619047678 0.15000000000000002 -0.054545454545451566 0.06315789473684216 0.14935064935065023 0.0 0.07167919799498779 0.10000000000000009
41 31 -1.2510714285714286 -1.2221493506493508 -1.2 -0.14 -0.03922077922077856 0.02 0.17745820084572664 0.16 0.08000000000000007 -0.10000000000000009 0.00852130325814566 0.08095238095238377 0.0 0.08421052631578947 0.15865800865802168
41 32 -0.94 -0.9187142857142858 -0.8978571428571429 -0.57 -0.5413636363636357 -0.513993506493506 0.18550125735058426 0.23619047619047667 0.10619047619047672 0.0 0.055889724310777225 0.09999999999999953 0.0 0.12431077694235615 0.16774891774891776
41 33 -1.3525000000000003 -1.2857792207792211 -1.17 -0.16 -0.10285714285714286 -0.06 0.20344614038741543 0.15000000000000002 0.4061904761904769 -0.28008658008657705 -0.21378446115288258 -0.050000000000000044 0.011904761904767552 0.07894736842105265 0.10000000000000009
41 34 -1.186071428571429 -1.1486991341991342 -1.1265476190476191 -0.7324999999999999 -0.6278571428571429 -0.5014935064935059 0.2128994952948547 0.2723809523809535 0.2690909090909088 -0.27077922077922145 -0.06229209387104116 0.15000000000000013 0.050000000000000044 0.14335839598997552 0.23376623376622996
41 35 -1.22 -1.176242424242424 -1.1539935064935058 -0.66 -0.66 -0.625 0.1840504673143399 0.09999999999999998 0.21999999999999997 0.0 0.11578947368421051 0.16190476190476755 0.0 0.05263157894736841 0.1454545454545475
41 36 -1.1391666666666667 -1.0745324675324675 -0.9915476190476191 -0.61 -0.565 -0.4875 0.20092280339780044 0.18 0.2945454545454549 -0.3023809523809551 0.0008658008658009966 0.33809523809524067 0.04999999999999949 0.09473684210526315 0.15000000000000013
41 37 -0.4445129870129881 0.02180303030302904 0.4910714285714277 -0.034772727272727386 0.03943722943722904 0.15357142857142855 0.36646127500636116 0.31090909090909224 1.959826839826841 -1.2720779220778968 -1.0314878104351797 -0.8290043290043279 -0.05194805194805571 0.03310549100022788 0.29090909090909467
41 38 -1.01 -1.0069761904761907 -1.0021428571428583 -0.79 -0.79 -0.79 0.1553397216925636 0 0.010000000000000009 0.0 -0.005263157894736847 0.0 0.0 0.0 0.0
41 39 1.46 1.5348116883116887 1.62 0.5989285714285724 0.7336363636363643 0.7582142857142848 0.21183033068842694 0.4 0.25 0.0 0.13157894736842105 0.30000000000000027 0.0 0.19473684210526315 0.3681818181818258
41 40 -1.349285714285714 -1.2589653679653676 -1.14 -0.4425 -0.4128571428571428 -0.375 0.23391745443391482 0.16619047619047672 0.6907359307359315 0.202380952380955 0.3635452267031219 0.4755411255411235 0.0 0.08746867167919826 0.18549783549783622
41 41 -1.11 -1.0758744588744587 -1.0435714285714286 -0.23821428571428485 -0.2226190476190465 -0.20166666666666694 0.18451773572937943 0.16168831168831027 0.10978354978354954 -0.035714285714276706 0.03444976076555011 0.2119047619047676 -0.09999999999999995 0.04249259512417453 0.07380952380950961
41 42 -1.2518506493506483 -1.236361471861472 -1.2192857142857139 -0.27 -0.22227272727272698 -0.20750000000000002 0.17226044437828136 0.09000000000000002 0.07000000000000006 -0.08333333333333859 0.0032581453634088135 0.1272727272727303 -0.08831168831169064 0.021052631578947375 0.07272727272726986
41 43 -1.21 -1.1977034632034633 -1.16 -0.52 -0.4163636363636357 -0.2711363636363631 0.203441507492391 0.37 0.1861904761904769 -0.10476190476191083 -0.09799498746867205 0.0 0.09545454545454857 0.19473684210526318 0.29090909090908723
41 44 -1.17 -1.1700000000000004 -1.17 -0.18 -0.18 -0.17 0.15533972169256363 0.009999999999999981 0 0.0 0.0 0.0 -0.08095238095238363 -0.0052631578947368324 0.049999999999999906
41 45 2.2001623376623387 2.6392099567099554 3.0360714285714274 -0.11607142857142899 0.020714285714285713 0.0771428571428584 0.3056483090329082 0.17619047619047676 1.4190909090909098 -0.9978354978355131 -0.5777170198222802 -0.4818181818181744 -0.20476190476191042 -0.09273182957393514 0.1309523809523838
41 46 -1.0979545454545456 -1.068125541125541 -1.0578571428571428 -0.6825 -0.5213636363636357 -0.4111363636363631 0.20161184647244648 0.3561904761904767 0.11454545454545495 -0.08095238095238377 0.05702893597630432 0.1727272727272744 0.09545454545454718 0.18746867167919828 0.2742424242424263
41 47 -1.0832142857142866 -1.0216861471861474 -0.9477272727272725 -0.51 -0.4092207792207786 -0.3175 0.18703517115828436 0.21000000000000002 0.16000000000000014 -0.1452380952380894 -0.07368421052631585 0.0 0.0 0.1105263157894737 0.23333333333333928
