5 0 -2.5844199453551915 -2.490786244374113 -2.3994294559099445 -0.12030405890804591 -0.08121074781482734 -0.028105294307543605 0.2146749708671964 0.4048801457194897 0.22487656851607785 -0.01052026182272403 0.1140542224205349 0.22907325775940013 -0.4138733732973765 -0.18151586616815252 0.04262826560156117
5 1 1.8074999999999997 1.8205626417097958 1.8725 -0.16 -0.09172994376601241 -0.05251757847533592 0.19510201314516337 0.16 0.2635281909373921 -0.24115582427468696 -0.13869904786178533 0.017106625258803687 -0.015891888031995677 0.026315789473684206 0.10000000000000003
5 2 2.808976249150238 2.812579839231698 2.8200000000000007 -0.16 -0.1578308935984271 -0.15 0.15850653037720713 0.010000000000000009 0.0197867914320371 0.0 0.0021552649468671945 0.0 -0.028812669524887757 -0.005263157894736847 0.0
5 3 -2.6875551211485544 -2.4190372888842524 -2.14150434560373 0.05 0.06 0.07 0.2338790488895031 0.04740831070820586 0.8400165729505771 0.29801098129918824 0.4421139857634616 0.5498454395634322 -0.06294115093743849 0.0020318700620151563 0.01859414090872244
5 4 -0.2999999999999994 -0.11003149260881588 0.11134111465815433 -0.12 -0.1122825462209022 -0.10488767555351552 0.21129359353611768 0.03 0.6089963573619639 0.12229577936045594 0.31526124071682304 0.5513248277930409 0.0 0.015789473684210527 0.049628887058047674
5 5 -0.5399999999999996 -0.487732383553507 -0.46569695973705777 0.05 0.06 0.06 0.19222574885242938 0.025004880018846612 0.39500488001884615 0.0 0.20789730527307693 0.3010524990104624 -0.020322120681827913 -0.002629010516396523 0.0
5 6 0.485 1.0229770133147975 1.6168663509484964 -0.0625 -0.04 -0.019191354574249912 0.32946887390473273 0.08 1.8072644843668266 -1.7119533058165304 -0.9511918338772771 -0.42780477532639694 0.0 -0.0035778484595136474 0.10000000000000006
5 7 -0.5524999999999993 -0.46931045476551925 -0.3861531259752412 -0.02 -0.01 -0.01 0.18350307448792 0.01 0.3172059429041999 0.09999999999999787 0.16695049626536837 0.17600703309536003 0.0 -0.005263157894736842 0.0
5 8 -1.7358665149481003 -1.6117645968832122 -1.24870509919367 -0.21237343813662837 -0.1950932861228384 -0.1688860232677723 0.27383070372536367 0.12 1.1873460750853253 -0.814304440556477 -0.6249189868870132 -0.09999999999999787 -0.15 0.024382611819651106 0.26270009630489244
5 9 0.9688832617625094 1.1078874639558107 1.2079317025050034 -0.36 -0.35 -0.32431053835401646 0.1837949242504526 0.02999999999999997 0.29000000000000004 0.0 0.1368421052631578 0.29518038523942414 0.0 0.01578947368421051 0.04236904904443339
5 10 -1.5676095264882035 -0.772215115263929 0.02661233983486364 -0.1 -0.09 -0.057499999999999996 0.335189906613578 0.08687973484848438 1.8237689923750715 0.4247288705706471 0.9598784170395113 1.4817386231038676 -0.09999999999999998 -0.045726176236044414 0.0
5 11 -0.496109317432968 -0.059124574452184754 0.37624782201165285 -0.051862844561669466 -0.02423267161109858 0.06145951275597927 0.3161981606976921 0.2639841151031273 1.2345106123787661 0.39282192991978393 0.6497424275677717 1.0224433612046928 -0.249455372113856 -0.06315789473684212 0.14999999999999997
5 12 -0.20189537283908177 -0.12914965842844073 -0.04999999999999938 0.1 0.14 0.14420036147127818 0.19420509317863985 0.09571780936454893 0.35571780936454844 -0.35689713603713064 -0.18721989966555183 0.0 -0.09999999999999988 -0.050377794402394184 0.0
5 13 1.31 1.3207147399683639 1.3300000000000005 -0.1225 -0.11531498897699824 -0.1 0.16104227647847075 0.04000000000000001 0.03000000000000025 0.0 -0.005263157894737198 0.0 -0.04378449181919736 -0.015789473684210527 0.0
5 14 -1.9528486135443894 -1.718323793600801 -1.3785855908912445 -0.07574714428684817 -0.052953447085511196 0.0001801950305376607 0.22903860283227853 0.12000000000000001 0.643673466068643 -0.32666360022082563 -0.3260145609869563 -0.014842749887558071 -0.16619670490690047 -0.031578947368421054 0.09912724452737898
5 15 -0.9925000000000006 -0.7623440357788487 -0.615688912809468 -0.12 -0.1094728489483743 -0.1 0.24587449593445915 0.026163408294721385 0.8343756773494366 -0.1499999999999968 0.43914509334180873 0.9218783867471811 -0.04951050156270606 0.0004605976157301698 0.06242552986357633
5 16 -0.5452924697445072 -0.4167148609177218 -0.055000000000000604 0.08750000000000001 0.11407311769502587 0.1375 0.2902812302428806 0.1613214856230038 1.3513214856230034 -0.8241025176598332 -0.7112218345384229 -0.2782187199829386 -0.15 -0.08490604506473882 0.0
5 17 -2.030807214091439 -1.8799488958647081 -1.7180081502480533 -0.09 -0.04499262593243221 0.07500000000000001 0.2143924609169583 0.3229154254630289 0.3199999999999985 -0.31846075485224223 -0.1595941349293452 0.013493513545800306 0.01754881204422909 0.16995548708580466 0.2549988588284594
5 18 0.6831091824339096 0.8357711687679238 1.0296270102909086 -0.15078359465178942 -0.14366135817307635 -0.13926159816941822 0.21667190830511202 0.01999999999999999 0.6700000000000004 0.21503950840501662 0.35263157894736863 0.42970350928454193 0.0 0.001409096659919638 0.015574008618606111
5 19 -2.0072876153083605 -1.8146330474494459 -1.621836470547898 -0.06 -0.05 -0.0194889474048919 0.2328435275111317 0.11 0.771270200720535 -0.4653413339391055 -0.4059316845897552 -0.3527765154974205 0.0 0.057894736842105256 0.10000000000000002
5 20 1.5855456796181482 1.6835745963274356 1.7562091781391134 -0.13443963404672446 -0.12 -0.09555199615976587 0.19554612614135033 0.042586178728965945 0.214827642542069 -0.237167045391935 0.0974591355041744 0.4207847824518407 0.0 0.017150620383666285 0.08114788437368813
5 21 0.24805338259231105 0.2994454175624549 0.7187584165312276 -0.2 -0.185 -0.16822336002463836 0.34585356681952917 0.09258960949727191 1.9929480474863606 -1.4869404235237935 -1.0489200249928212 -0.16364804302360036 -0.11446720049276729 -0.048731373419616794 0.043175978488199374
5 22 0.12153740364260304 0.4494600134913459 0.7909565413804437 -0.016353211009173623 -0.01 -0.01 0.260217866607838 0.03 1.149837834973521 0.4880890166531443 0.6051778078808004 0.6717500909631952 -0.05549485305551146 -0.01578947368421053 0.0
5 23 0.35427968062948106 0.5359835670012145 0.7419277834923551 -0.14 -0.14 -0.14 0.22399128259138215 0.03484779457444716 0.7519672810105646 -0.6114813742171576 -0.3957722531634551 -0.08626079935789177 0.0 0.018340944512866924 0.0
5 24 -0.017500000000000182 0.22388659065719266 0.42856688906189644 -0.07 0.02351291817722896 0.03301563065748221 0.2489668409295183 0.1372153470646176 0.9299999999999997 0.40000000000000036 0.48947368421052617 0.5951072406870068 -0.1 -0.05789473684210527 0.015577394396662364
5 25 2.155758284648837 2.4651274708697537 2.7986074918566777 -0.1525 -0.14 -0.12265811311104889 0.26523045911455945 0.09340845446059538 1.143408454460595 0.4297859828412487 0.601793923400313 0.7690676093680837 0.0 0.049162344452944935 0.1145748098681719
5 26 -1.7228879694689159 -1.5152605205426348 -1.3165529901566213 -0.03416722847106396 -0.014571705737178631 0.1057687987398937 0.25106682470323755 0.24000000000000002 0.7299999999999986 -0.6540170878223628 0.005123802262366692 0.7923402346565656 -0.06808175747551964 0.0790867240534227 0.2897601374935688
5 27 -0.5700000000000007 -0.3973802192464735 -0.2512101963221588 -0.28 -0.28 -0.27 0.2312322105302638 0.15692652295439805 0.6734632614771998 0.09999999999999787 0.3544543481458946 0.6466516861691523 0.0 0.08259290681810423 0.11153073966163274
5 28 0.0375000000000002 0.21754665430351103 0.4049999999999999 -0.054549113131613494 -0.04 -0.03 0.20877311282328448 0.09000000000000001 0.5200000000000009 0.05203126740688235 0.27368421052631625 0.4452533261254657 -0.09999999999999996 -0.026315789473684216 0.0
5 29 0.9875628207396919 1.121210517136531 1.417571942665092 -0.06279359497149216 -0.04 0.0038466799226172894 0.2759672111175765 0.1 0.6727792482795132 -1.476001508103617 -0.3052631578947364 0.565229366743073 -0.09999999999999998 -0.047368421052631574 0.0
5 30 -1.048595170454547 -0.9763490562220418 -0.9300000000000002 0.06 0.08499999999999999 0.1149954247905968 0.18131266059556006 0.07 0.1453761610659925 -0.24673095971514902 -0.02631578947368365 0.12688080532996637 -0.06509185518926548 0.02105263157894736 0.09999999999999995
5 31 -0.6996576493791753 -0.6408917778818174 -0.5798321073748569 0.22 0.23 0.25 0.18592227947939108 0.05000000000000002 0.2928784306747918 -0.19999999999999574 -0.15414654246041673 -0.09999999999999787 -0.05107016564214473 0.0 0.01430860508423129
5 32 -0.8531411404917839 -0.5050243854535453 -0.15110948863097418 -0.06407057024589195 -0.01 0.02 0.24655555827213543 0.08 0.8399999999999999 -0.4999999999999982 -0.44210526315789467 -0.0678547797318467 -0.1 -0.04210526315789474 0.0
5 33 -2.189704443341895 -1.923158118334245 -1.7057026435605813 -0.08 -0.07446561239651814 -0.07 0.2625811886854379 0.039999999999999994 1.1699784817064414 0.3996282635533177 0.6157781482665481 0.8344298421464758 -0.09999999999999995 -0.0068809286168989145 0.09568277193894789
5 34 -0.9599999999999995 -0.7396185536891603 -0.47302914283447817 -0.19 -0.18 -0.11 0.22753895479138003 0.11000000000000001 0.7200000000000006 -0.571695339521858 -0.378947368421053 -0.12986368799698278 -0.09999999999999988 -0.05636143891409758 0.0
5 35 0.22929780569745126 0.4559099788010693 0.7461649956082375 -0.006428953115561643 0.01 0.04115527683723576 0.25451813674731866 0.15460400306454739 0.9800000000000004 0.3975331308908475 0.5157894736842107 0.6218701425103801 -0.12689446325528475 -0.08137052792870915 0.0
5 36 -0.5299999999999998 -0.5254999999999999 -0.52 0.02 0.03 0.04 0.1580049413769321 0.03 0.009999999999999787 0.0 0.0 0.0 0.0 -0.01578947368421053 0.0
5 37 -2.552876895864116 -2.3294582850296637 -2.0495647913304125 -0.05070587165143052 -0.05 -0.04 0.2535292618578946 0.017176513394277955 1.000898546610089 -1.0859808754445988 -0.5267887087421522 -0.035232038020684975 0.0 0.006749203476695816 0.01360361569785827
5 38 1.2353874445095885 1.3521404908127412 1.5071281094527365 -0.3255118362745864 -0.13663576509762423 -0.12588453559059543 0.24517990443991847 0.24137068353375657 0.7325007315268034 -0.43641690978308945 0.17060833595776137 0.6348352662337264 -0.26612163751778595 -0.12456452114084114 0.06603133112166974
5 39 0.29000000000000026 0.5792324770073746 0.8475000000000001 0.17 0.18269530053305497 0.2225 0.23597999876388245 0.06 0.8300000000000005 -0.7462885239874767 -0.4315789473684214 0.0 0.0 0.02105263157894737 0.08782652945832942
5 40 -0.5880153163468075 -0.38742420188441595 -0.22749999999999915 -0.1 -0.04 -0.029317308260895188 0.22723350917197366 0.07999999999999999 0.7185839866951799 0.11017547613952045 0.378202098260621 0.5349869994278544 -0.1 -0.03765889544003812 0.04999999999999999
5 41 -0.6580628613273963 -0.553153454021747 -0.40174350653583857 -0.13462306413032699 -0.015 0.01 0.25663335126750914 0.5810187210217858 0.32619662319099496 -0.4207288953788024 -0.11446120200856108 0.3169471730905715 -0.5358873990866999 -0.3057993268535715 -0.03038836738449917
5 42 1.7459729978335985 2.2859012051723413 2.9425000000000003 0.07692737956453569 0.1 0.10784678035123468 0.36355297790101426 0.04190160737104058 2.2695080368552025 0.723893717600641 -2.1107852437604193 1.5846886962874729 -0.033686228742914257 0.019927740283121876 0.09999999999999995
5 43 -0.5318648999615233 -0.16952098280979214 0.15445165342062822 0.048363582495720675 0.08 0.08527752070141359 0.2610362737742189 0.05 1.143454329982883 0.4192847462934618 0.6018180684120435 0.7633969150154302 -0.08315613133794197 -0.019234563166903862 0.0
5 44 -0.8049999999999997 -0.7267337678552965 -0.6393087779967022 -0.04 -0.03 -0.02 0.19233821367959364 0.03 0.3841768535155692 0.13290366440464774 0.20219834395556271 0.2508495474436062 0.0 0.015789473684210523 0.04979720516887481
5 45 -1.363260109196382 -0.623771012177506 0.10265703434324348 0.00996806076399915 0.031598490100917115 0.062497285620575216 0.3599634933426982 0.11881809926897319 2.192155619203491 0.5493612152799824 1.1537661153702583 1.633206138191428 -0.11642632874950272 -0.03474854279725492 0.06397933977094418
5 46 -1.5146151252163582 -1.0152424052143716 -0.45439839038477303 -0.09 -0.059971777811101676 0.013533869871742248 0.3335750530136095 0.21389954337899567 1.7757546913375455 -1.1728423915753665 -0.9346077322829186 -0.7327672956096029 -0.2497893311112256 -0.08626291756789246 0.03185214838537467
5 47 -1.3699999999999997 -1.3013530855268576 -1.2450000000000006 -0.15 -0.13428450479763548 -0.11332362589048516 0.1749534757840377 0.05631628691983159 0.16999999999999993 -0.028155795401233474 0.00245734198509747 0.18388385259281437 -0.009385265133744145 0.015867920777321153 0.07263961364360347
5 48 -3.032325318063519 -2.4750442271571664 -2.0632075553497895 0.12906717417511238 0.1638667646414963 0.19874190118095328 0.3325951465065386 0.16252605434670897 1.779236751911415 -1.117885699824367 -0.8420057571489437 -0.6188688015131216 -0.012126423110556811 0.04738437490060404 0.20220625076906645
5 49 0.3089669542205113 0.35983964041435207 0.41999999999999993 0.1 0.11 0.12 0.18013611813424524 0.04000000000000001 0.25 0.0 0.13157894736842105 0.20921777691045973 -0.0712960914657107 -0.015789473684210534 0.0
5 50 0.3227351080063572 0.5269878948475996 0.7122654418861158 -0.13 -0.12 -0.07455592994055814 0.2208195158405115 0.07623386989490544 0.6741797188755015 -0.4560545702630886 -0.35483143098710607 -0.2509706385967797 0.0 0.04012308941837129 0.10000000000000002
5 51 -0.8545569357396348 -0.6961937016200739 -0.47435534899690696 -0.11 -0.09875992248350939 -0.07931435475345519 0.2464377171457738 0.1279193143194922 0.9164437712427922 0.19999999999999574 0.48233882696989067 0.5935254862984252 -0.09999999999999995 -0.06732595490499588 0.0
5 52 2.624970215456356 2.933144697797961 -3.0399999999999996 -0.42 -0.3020620898244547 -0.23 0.23370482174211776 0.19999999999999998 0.7047657771551581 0.027514998839865967 -2.936842105263158 0.6953723034098847 -0.12268615170494199 -0.09999999999999998 0.0
5 53 -0.2599477376861401 -0.03229923645890983 0.1462467052881996 -0.28480994591346176 -0.28 -0.27 0.21257747411008637 0.043359390172848844 0.5866354395990442 -0.39715208310234656 0.12823588777972664 0.5172593649090913 -0.10000000000000009 -9.657029662584427e-05 0.09999999999999981
5 54 -0.2567743800809557 -0.10558024476311934 0.07286623539232011 -0.006102889850621615 0.06705125971355849 0.0857867736692399 0.21228897699435245 0.15 0.5054673002941847 -0.49545802479314877 -0.25550910541799216 0.0 -0.09399353316730641 0.05263157894736842 0.19999999999999998
5 55 0.15425902509404116 0.3307427629713369 0.4956248754401116 -0.0648131367924773 0.08622841876774062 0.10060778161806633 0.22729293869550876 0.17725068452479117 0.5527493154752086 -0.4713883997254166 -0.16722275185193985 0.03581282684718988 -0.20000000000000004 -0.08802667606567957 0.06249750880222803
5 56 1.1689325360218916 1.6757092756486724 2.337101644368968 0.01655342247558343 0.035067833545348676 0.090870376096788 0.3880147313533839 0.14601299367413262 2.440064968370663 0.14891469911280542 1.2434129386929131 1.979545754052069 -0.05015542762994436 0.06105947035480667 0.22189134193875465
5 57 0.05289194278616916 0.2830170440461631 0.5420699938575104 -1.43 -1.2680859816928938 -0.9669597139308452 0.3393630285326556 1.15 0.9096987205943055 0.10683799125549245 0.47878880031279236 0.7560211916083828 -0.9500000000000003 -0.6052631578947368 -0.20000000000000018
