66 0 -1.1698437499999996 -0.973965073529411 -0.7705882352941168 0.0075 0.035 0.04 0.23322821804993318 0.07 0.82 0.39724264705881085 0.431578947368421 0.49963235294116615 0.0 0.0368421052631579 0.1
66 1 2.659705882352942 2.8296617647058824 3.0052941176470584 -0.05 -0.05 -0.04 0.206061228113299 0.010000000000000002 0.5600000000000005 -0.495588235294111 -0.23157894736841875 0.08529411764705008 0.0 -0.003947368421052044 0.0
66 2 -0.3302941176470584 0.06060641339869386 0.39992647058823716 -0.095 0.1482352941176476 0.26437500000000086 0.3314638397191146 0.47 1.5466666666666686 0.6721200980392307 0.8140350877192993 0.994117647058832 0.09999999999999967 0.23684210526315788 0.3058823529411839
66 3 -0.6425 -0.6177509803921568 -0.5919999999999992 0.1076470588235296 0.11 0.11 0.1624300701854031 0.009999999999999995 0.06000000000000005 -0.10000000000000009 0.010526315789473694 0.050000000000000044 0.0 0.0 0.0
66 4 -2.22 -1.9919603758169941 -1.7935294117647067 -0.6825 -0.525 -0.4775 0.25601143777230945 0.3062500000000003 0.8525000000000005 -0.7341911764705922 -0.4486842105263161 -0.09374999999999023 0.09999999999999981 0.16118421052631596 0.2136029411764706
66 5 -1.320359477124183 -1.0671818992948046 -0.8514705882352929 0.08897058823529286 0.2 0.28250000000000003 0.26254226570369366 0.35526315789473717 0.870292397660821 0.4483660130718936 0.4580486303478005 0.552022058823532 -0.20000000000000018 -0.18698060941828273 -0.12631578947368577
66 6 -1.0520312499999993 -0.8793249591503269 -0.6974999999999999 0.7470833333333329 0.755 0.77 0.20361460656822966 0.09000000000000008 0.28764705882352914 -0.20000000000000018 0.09040247678018663 0.4031250000000042 -0.10000000000000009 -0.036842105263157926 0.0
66 7 1.07 1.079564338235294 1.1322058823529408 0.0 0.005 0.041617647058823995 0.1882431589155997 0.14 0.22999999999999987 -0.15588235294118347 -0.12105263157894731 0.0 -0.18529411764706127 -0.0736842105263158 0.0
66 8 1.5875000000000006 2.118293014705884 2.627352941176472 -0.20485294117647196 0.03999999999999889 0.18541666666666567 0.35421078112391075 0.4706250000000007 1.7293749999999992 0.7970588235294185 0.9101973684210523 1.0933333333333706 -0.44999999999999984 -0.23221749226006155 0.0
66 9 -0.23 -0.20250000000000012 -0.1875 -1.1 -1.0558823529411767 -0.9197549019607835 0.20357254285462012 0.4075000000000012 0.06 -0.10000000000000009 0.026315789473684206 0.15 0.09117647058823453 0.21447368421052693 0.4117647058823548
66 10 -0.6921875000000013 -0.5373342320261443 -0.3950367647058822 0.09 0.10694444444444477 0.11779411764705919 0.2183209671796282 0.06000000000000001 0.6619999999999999 -0.39779411764706396 -0.34842105263157896 -0.2823529411764697 -0.08132954936360709 -0.03157894736842106 0.0
66 11 -0.48461601307189495 -0.30347834967320203 -0.21441176470588014 -0.5232843137254892 -0.445 -0.009852941176469912 0.3027407118181462 0.5700000000000001 0.7347058823529429 -0.014705882352938626 0.38668730650154887 0.8533088235293956 -0.4617647058823573 0.23157894736842108 0.8738562091503401
66 12 -0.6517187499999997 -0.39926838235294115 -0.1254411764705893 0.04911764705882347 0.14 0.17 0.2578587496994791 0.4285661764705894 0.5499999999999999 -0.2147058823529388 0.24055727554179482 0.6470588235294217 -0.29999999999999305 -0.22556114551083653 0.07352941176470937
66 13 1.4313051470588223 2.048109068627453 2.7713051470588255 0.11 0.16999999999999998 0.24470588235294088 0.36018376914664474 0.2605882352941184 1.9311764705882348 0.2937499999999915 1.0065015479876156 1.7312499999999498 -0.2996323529411742 -0.13715170278637814 -0.1999999999999999
66 14 0.4 0.40750000000000003 0.4125 0.31 0.31 0.31 0.15887475353969735 0.010000000000000009 0.03999999999999998 0.0 0.021052631578947358 0.0 0.0 0.005263157894736847 0.0
66 15 -2.9325 -2.6508805147058823 -2.4920588235294145 0.03 0.04 0.04794117647058729 0.27373214859815226 0.04705882352941226 1.259411764705886 -0.5882352941176427 -0.17863777089783098 0.8943014705882302 -0.08235294117646019 -0.01733746130030934 0.044117647058817405
66 16 -1.4387316176470604 -1.3684027777777776 -1.29 -0.18 -0.165 -0.1376102941176483 0.19292475631845055 0.11588235294117634 0.3158823529411765 -0.12941176470588234 -0.0030959752321981313 0.0882352941176423 -0.15220588235294352 -0.039938080495355965 0.0
66 17 0.28 0.2820000000000001 0.28 -0.17 -0.17 -0.17 0.1553397216925636 0 0.009999999999999953 0.0 -0.005263157894736818 0.0 0.0 0.0 0.0
66 18 0.6075 0.7885168783422465 0.9286764705882358 -0.025 0.0009374999999990285 0.04 0.24812556217899123 0.12000000000000001 0.9281250000000021 0.19999999999999962 0.4884868421052643 0.7386363636363693 0.0 0.03782894736842004 0.10000000000000006
66 19 1.1796875 1.2772258986928102 1.4133823529411764 -0.20308823529411787 0.057058823529413306 0.2165808823529405 0.25725391512665885 0.33222222222222286 0.44555555555555415 -0.08749999999999591 0.030478156174747036 0.24411764705882577 -0.5970588235294081 -0.11726866185070485 0.4411764705882363
66 20 1.6664154411764707 1.7586604209666326 1.8964705882352941 -0.16 -0.11499999999999999 -0.1 0.20249183967821718 0.06 0.4725000000000006 0.0 0.24342105263157923 0.3996409528723699 -0.10000000000000002 -0.031578947368421054 0.0
66 21 -3.0925 -3.0129968487394954 -2.973482142857143 0.22856617647058786 0.3191544117647068 0.37249999999999994 0.2241268611827858 0.27785714285714264 0.3027678571428578 -0.239285714285713 -3.0617011278195485 0.5000000000000004 -0.3148897058823614 -0.0360432330827071 0.20882352941177573
66 22 -1.20036764705882 -0.9523290441176451 -0.6046874999999985 -0.1125 -0.08735294117647145 -0.05 0.3141591998475202 0.1 1.6772794117647072 0.2687500000000054 0.8827786377708986 1.3926470588235835 -0.15 -0.049226006191951305 0.049999999999999975
66 23 -0.33941176470588164 -0.13851650111799052 0.11676470588235359 -0.052500000000000005 -0.03 0.07055555555555573 0.23434012844123114 0.21187500000000029 0.6812500000000015 0.10000000000000009 0.3585526315789481 0.5100285947712442 -0.01819852941177716 0.06249999999999925 0.2294117647058774
66 24 -0.028235294117647056 0.23839460784313676 0.626599264705884 0.03281250000000042 0.06906249999999897 0.15323529411764744 0.2825686457915998 0.16 0.6958823529411763 -0.8117647058823676 -0.2922600619195055 0.7324754901960826 -0.2 -0.010526315789473686 0.13529411764705082
66 25 1.6907465277777787 1.7188815359477125 1.79 -0.98 -0.98 -0.98 0.18960674308612369 0.050000000000000044 0.3483333333333334 0.0 0.18333333333333335 0.34444444444443834 -0.050000000000000044 -0.02105263157894739 0.0
66 26 0.6216176470588239 0.9994027777777792 1.4517647058823537 -0.1613235294117648 -0.08 -0.06 0.38284023009933793 0.2488235294117653 2.334117647058827 0.7966911764706042 1.228482972136225 1.6558823529411804 -0.049999999999999975 0.1250773993808056 0.24411764705882677
66 27 -2.51 -2.468470588235294 -2.4298529411764704 0.08 0.10500000000000001 0.4779411764705888 0.21676295830308745 0.5399999999999999 0.16000000000000014 0.0 0.05263157894736847 0.10000000000000231 0.0 0.28421052631578947 0.3531250000000037
66 28 0.7023529411764708 0.7398063725490197 0.7825 -0.5286764705882352 -0.51 -0.311617647058824 0.2060207490022663 0.3070588235294122 0.25 -0.15000000000000013 0.022600619195046218 0.25588235294117356 -0.3352941176470614 -0.16160990712074325 0.0
66 29 3.03 -3.134343674136322 -3.0392647058823536 -0.23 -0.21000000000000002 -0.10882352941176532 0.20517299294513272 0.14 0.42350000000000065 -0.3808823529411809 -0.1829566563467525 0.0 -0.023529411764693572 0.06315789473684212 0.10000000000000009
