68 0 -0.37779411764705917 -0.32878676470588253 -0.27466911764705737 -0.08 0.010625000000000695 0.0675 0.20489221920750048 0.28 0.27352941176470746 -0.3588235294117742 -0.14396284829721448 0.13749999999999457 -0.24999999999999997 -0.06222910216718168 0.1937499999999931
68 1 -0.68 -0.6265847630718955 -0.58 0.06 0.08 0.09 0.17550481144815694 0.04000000000000001 0.19823529411764684 -0.15000000000000013 -0.10433436532507728 -0.003125000000003264 0.0 -0.02105263157894737 0.0
68 2 -0.7527884615384619 -0.7119254807692309 -0.68 0.09 0.09 0.10044117647058828 0.1739724509465842 0.02176470588235306 0.19000000000000006 -0.10000000000000009 -0.10000000000000003 -0.009374999999990363 0.0 0.0043343653250773355 0.0
68 3 -0.46 -0.45864705882352963 -0.46 -0.24 -0.23 -0.2175 0.15976485050103453 0.04999999999999999 0.010000000000000009 0.0 -0.005263157894736847 0.0 0.0 0.026315789473684206 0.049999999999999906
68 4 -0.23 -0.2309473684210527 -0.23 -0.11 -0.11 -0.11 0.1562247474542578 0.009999999999999995 0.009999999999999981 0.0 -0.0052631578947368324 0.0 0.0 -0.005263157894736839 0.0
68 5 -0.12380514705882364 0.019887867647059198 0.14000000000000157 -0.04 -0.025 -0.009843749999998779 0.19706129361940172 0.060000000000000005 0.42000000000000004 0.10000000000000009 0.20559210526315713 0.30294117647058083 0.0 0.021381578947367696 0.05882352941176531
68 6 -0.14500000000000002 -0.10488419117647041 -0.04279411764705848 -0.2425 -0.215 -0.18250000000000052 0.20492434727519002 0.2847058823529408 0.2847058823529408 -0.15000000000000002 0.07089783281733728 0.20000000000000004 -0.12647058823529053 -0.1393188854489162 -0.01875000000000973
68 7 -0.8789705882352938 -0.8250392156862747 -0.7749999999999999 0.06 0.07 0.08 0.17668063703282988 0.05 0.20000000000000007 -0.18529411764705073 -0.046198830409356406 -0.006535947712422718 0.0 0.02631578947368421 0.09999999999999995
68 8 -0.5129411764705882 -0.4134744689542481 -0.3275 -0.15044117647058824 -0.13 -0.13 0.18823316324080444 0.04000000000000001 0.228235294117649 -0.050000000000000044 0.12012383900928895 0.314052287581697 -0.011111111111104521 -2.921639538487254e-18 0.050000000000000044
68 9 -0.49 -0.4120594362745102 -0.38369485294117645 -0.25 -0.25 -0.2375 0.18998634707767648 0.01999999999999999 0.38 -0.39724264705883056 -0.1894736842105263 0.0 0.0 0.0 0.0
68 10 -0.7629411764705888 -0.698854779411765 -0.6167647058823535 0.16 0.17 0.1733823529411776 0.17902080619510377 0.01999999999999999 0.257647058823529 -0.20000000000000018 -0.13560371517027842 -0.050000000000000044 0.0 -0.010526315789473679 0.0
68 11 -0.4225 -0.42621875000000015 -0.40828124999999993 0.057499999999999996 0.06 0.06 0.1694833355308532 0.020000000000000004 0.1368750000000003 -0.10000000000000009 -0.07203947368421068 0.0 0.0 0.005263157894736847 0.0
68 12 -1.1849999999999998 -0.9456433823529409 -0.828888888888889 0.17416666666666716 0.19 0.2 0.23568821823594002 0.19 0.5966666666666666 -0.10000000000000009 0.30350877192982445 0.7317810457516216 -0.12222222222221898 -0.09999999999999999 0.023529411764693642
68 13 -0.58 -0.2827847910216729 -0.008882352941178763 -0.05 -0.03852941176470613 0.0056666666666662716 0.27657193964362387 0.21 1.1652941176470593 -0.6867647058823476 -0.6077399380804946 -0.25882352941176523 -0.11470588235293872 -0.07894736842105261 0.07187499999999097
68 14 -1.1183235294117662 -0.8467574417116441 -0.5549999999999997 0.09328125000000032 0.1 0.11140624999999965 0.21773936018729767 0.04000000000000001 0.569333333333335 0.0 0.2943859649122816 0.5806501547987691 -0.04375000000000906 -0.015789473684210527 0.0
68 15 -0.3642187499999995 -0.3031231617647061 -0.2275 -0.09 -0.07 -0.056875000000000835 0.18024751390315874 0.06999999999999999 0.20764705882352855 -0.1558823529411732 -0.08486842105263233 0.0 -0.08749999999999446 -2.921639538487254e-18 0.07941176470587738
68 16 -0.39499999999999996 -0.1481364670868341 0.10094669117647365 0.03 0.03 0.0625 0.2563075045630268 0.1 1.0470588235294123 0.10000000000000009 0.5510835913312696 1.0086834733893761 0.0 0.03684210526315789 0.1
68 17 -1.5936372549019606 -1.2181077614379083 -0.8467647058823551 -0.07823529411764749 -0.033750000000000835 0.0225 0.2654714618970365 0.2 1.0594117647058816 -1.0999999999999792 -0.07708978328173141 0.723529411764704 -0.09117647058823469 0.03808049535603652 0.1529411764705815
68 18 -0.21 -0.1588566176470592 -0.19 0.03970588235294133 0.1991176470588245 0.24 0.22045573787229913 0.3311111111111107 0.42000000000000004 -0.15000000000000013 -0.20526315789473684 0.0 0.0 0.17426900584795296 0.2558823529411629
68 19 -0.7 -0.6423088235294119 -0.5931249999999996 0.09 0.1 0.1 0.17309959979285647 0.020000000000000004 0.17999999999999994 -0.12720588235294095 -0.0736842105263158 -0.050000000000000044 0.0 -0.010526315789473686 0.0
68 20 -0.305 -0.2752500000000002 -0.23838235294117652 -0.25826286764705864 -0.17647058823529388 -0.1175 0.20084254363969092 0.32999999999999996 0.17750000000000113 -0.25588235294118383 -0.09342105263157956 0.10000000000000009 -0.09999999999999995 0.13552631578947424 0.2558823529411721
68 21 -3.1 -2.7952038398692802 -2.5761764705882335 -0.0701470588235296 -0.05529411764705919 -0.02805555555555572 0.2693499162212865 0.06764705882352855 1.130000000000004 0.20000000000000018 0.5947368421052652 1.052941176470592 -0.10294117647059203 0.005263157894736837 0.10882352941177578
68 22 -0.5 -0.45645874183006496 -0.4428125000000015 0.061354166666667646 0.08 0.09867647058823364 0.2024863372780748 0.12562499999999957 0.30705882352941916 -0.06875000000000991 0.1616099071207469 0.011111111111114513 0.0 -0.022426470588234538 0.10069444444443809
68 23 -0.6525000000000001 -0.5926819852941179 -0.5657352941176474 -0.4398897058823521 -0.325 -0.27 0.20806451643531934 0.27 0.32999999999999996 -0.34466911764705177 -0.11052631578947367 0.10000000000000009 0.06250000000000283 0.1368421052631579 0.21470588235294935
68 24 -0.6982628676470586 -0.6609724264705877 -0.5379411764705884 0.00808823529411774 0.03 0.05 0.22520111565244813 0.12 0.6799999999999999 -0.09999999999999953 0.3157894736842105 0.5999999999999894 -0.15 -0.04736842105263159 0.04999999999999999
68 25 -0.23187499999999972 -0.19101470588235298 -0.14397058823529596 0.04 0.06 0.20035947712418295 0.1811625566482831 0.2 0.09999999999999998 -0.07647058823530631 -0.046052631578946776 0.0 -0.12222222222222895 -0.09078947368421111 0.0
68 26 -0.55 -0.5322352941176471 -0.52 -0.1 -0.09 -0.09 0.1624455820901934 0.020000000000000004 0.07000000000000006 -0.07941176470588174 -0.005263157894736847 0.10000000000000009 0.0 -0.005263157894736839 0.0
68 27 -0.71625 -0.6322357026143789 -0.5619117647058816 0.12250000000000118 0.13 0.13 0.17675880974105196 0.03 0.17388888888888954 -0.050000000000000044 0.02426900584795286 0.2218750000000025 -0.049999999999999906 -0.010526315789473679 0.0
68 28 -0.32765625000000026 -0.27457904411764716 -0.2275 0.0 0.02 0.042499999999999996 0.16948223552798947 0.060000000000000005 0.11000000000000001 -0.11470588235293872 -0.05263157894736842 0.0 0.0 0.03157894736842106 0.09999999999999999
68 29 -0.6669209558823532 -0.5994808823529413 -0.5137500000000017 0.018666666666666863 0.024834558823529182 0.04 0.18831571679617118 0.0858823529411755 0.2941176470588237 -0.2935049019607827 -0.028482972136223007 0.22058823529412241 -0.14479166666666005 -0.026315789473684216 0.10313725490195869
