69 0 1.1068749999999992 1.139162581699346 1.205 0.10750000000000001 0.12 0.13 0.1877812776082077 0.04000000000000001 0.2002941176470614 -0.26764705882353135 -0.10541795665634811 0.1401960784313716 -0.06764705882353068 -0.021052631578947368 0.0
69 1 -0.678051470588235 -0.16352640374331373 0.2742279411764729 -0.2209374999999996 -0.14382352941176532 -0.05413602941176407 0.3480440916530607 0.36 1.6987500000000049 0.6007352941176558 0.8940789473684237 1.2808823529411502 -0.3 -0.0861842105263149 0.1970588235294081
69 2 2.549117647058822 2.919143403852768 -2.9430882352941192 -0.05 -0.04 -0.03808823529411774 0.2872455797461374 0.030000000000000002 1.4668750000000008 -0.9904411764705889 -0.6771478328173379 -0.6960332817337345 0.0 0.010526315789473687 0.0117647058823548
69 3 0.09 0.10194117647058829 0.11 -0.1125 -0.04874509803921639 -0.01 0.17037112733364684 0.11 0.05882352941176533 0.0 0.015789473684210527 0.09411764705882668 -0.10000000000000009 -0.05789473684210527 0.0
69 4 0.5136305147058776 1.153112009803921 1.782470588235294 -0.0475 -0.015 0.11640624999999966 0.35623930535423814 0.4123529411764715 0.9041176470588224 -1.1088848039215913 -0.4557275541795672 1.0024632352941454 -0.3 -0.21702786377709024 -0.06764705882353739
69 5 0.1475 0.4231760620915036 0.6598958333333345 -0.03 -0.02 0.017031250000000032 0.27679927706486 0.41705882352941226 0.9676470588235306 0.4 0.5092879256965951 0.6522875816993406 0.0 0.21950464396284855 0.23180147058823536
69 6 0.1175 0.33769301470588325 0.41609375000000265 0.0775 0.09 0.1 0.2546786652876283 0.07250000000000112 1.0450000000000021 0.10000000000000002 0.5500000000000012 1.195955882352936 -0.09999999999999995 -0.03815789473684269 0.0
69 7 -0.0625 -0.011800326797385779 0.03294117647058879 -0.09 -0.07 -0.0675 0.18874507640209714 0.07 0.31749019607843043 -0.18529411764706127 -0.1671001031991739 0.0 0.0 0.021052631578947368 0.050000000000000044
69 8 -2.85 -2.7450220588235292 -2.6317187499999988 0.019218749999999687 0.02 0.03 0.1956646334536899 0.03 0.43312500000000087 0.08235294117646674 0.22796052631578992 0.30000000000000027 -0.06562500000000623 0.003618421052630922 0.07812500000000899
69 9 2.8375 2.8777426470588234 2.915 -0.18073529411764694 -0.15 -0.13 0.17752420656607 0.09000000000000001 0.10000000000000009 -0.09999999999999787 0.05263157894736847 0.15000000000000124 -0.10000000000000002 -0.04736842105263159 0.0
69 10 0.12426470588235307 0.8339056372549015 1.4170343137254922 -0.06 -0.045 -0.021562500000000623 0.30400315417606777 0.09 0.98 -1.1559436274509967 -0.47894736842105273 0.464705882352939 -0.1058823529411734 0.005263157894736833 0.2
69 11 -0.5125 -0.3815776143790844 -0.2713235294117632 -0.20897058823529438 -0.19 -0.17750000000000002 0.21990126410984345 0.14411764705882452 0.5229411764705878 0.0 0.2752321981424147 0.5485294117647042 -0.0764705882352959 0.075851393188855 0.09999999999999995
69 12 0.17 0.18082352941176483 0.187352941176472 -0.09 -0.09 -0.09 0.1606498762627287 0 0.07 0.0 0.0368421052631579 0.09999999999999981 0.0 0.0 0.0
69 13 2.919264705882353 2.9069393382352944 2.9360294117647068 0.11 0.18 0.18779411764705917 0.18755252988872662 0.13 0.2425000000000006 -0.0823529411764734 0.11958204334365434 0.20000000000000018 -0.09999999999999995 -0.04736842105263158 0.0
69 14 -0.15 -0.024522058823529667 0.1223529411764704 0.007647058823529595 0.10138888888888956 0.12 0.20512667073002122 0.2 0.36 -0.29999999999999727 -0.17894736842105266 0.0 0.0 0.09473684210526316 0.19999999999999996
69 15 0.05 0.05400000000000001 0.06 -0.08 -0.08 -0.08 0.1562247474542578 0.009999999999999995 0.009999999999999995 0.0 0.005263157894736839 0.0 0.0 -0.005263157894736839 0.0
69 16 -0.9760294117647059 -0.6634789624183013 -0.4502941176470594 0.04279411764705944 0.19 0.3 0.28722694909763485 0.48 1.0387500000000007 -0.859803921568614 -0.5467105263157899 -0.2705882352941186 0.12941176470588794 0.25263157894736843 0.37777777777777655
69 17 0.2860937500000001 0.7766467320261444 1.2564215686274516 0.07 0.07906250000000098 0.11696078431372586 0.28333318088129594 0.18625000000000164 1.25 0.3205882352941225 0.6578947368421053 0.9882352941176533 0.0 0.09802631578947456 0.20000000000000012
69 18 0.28 0.46470649509803935 0.5491176470588277 -0.21823529411764797 -0.08312500000000103 0.05294117647058818 0.24627676203832607 0.29 0.5499999999999999 -0.4847426470588284 0.1105263157894737 0.34999999999999865 -0.3088235294117635 -0.13684210526315788 0.06568627450980649
69 19 1.6367647058823536 1.679196594427245 1.71 -0.12 -0.095 -0.09 0.17308413114241603 0.048749999999998614 0.16000000000000192 0.0 0.08421052631579048 0.1999999999999913 0.0 -0.005263157894736839 0.0
69 20 0.09 0.18611736111111088 0.2675 -0.3516176470588239 -0.20496323529411759 -0.05 0.2189603829726054 0.3131249999999997 0.28 -0.2506944444444431 -0.13157894736842107 0.0 -0.14117647058822436 0.0036184210526317238 0.22500000000000003
69 21 -2.518676470588237 -2.464772957516341 -2.24484375 0.10750000000000001 0.11027777777777811 0.12 0.25880484779838353 0.06 0.8276470588235307 -1.0941176470588188 -0.31044891640867145 0.30016339869281206 0.0 0.03157894736842106 0.09999999999999995
69 22 2.915 2.9734485294117645 3.0276562499999997 0.0775 0.09 0.1076562500000002 0.17884645483641362 0.06 0.21562499999999973 -0.18529411764706127 -0.11348684210526301 -0.015624999999999112 -0.09999999999999995 -0.031578947368421054 0.0
69 23 1.5795588235294118 1.748868218954249 1.9049999999999998 -0.1129411764705888 -0.005 0.022031250000000033 0.22626602237660118 0.2 0.6163235294117642 0.20000000000000018 0.32438080495356003 0.39999999999999813 0.04999999999999999 0.10526315789473686 0.10000000000000009
69 24 -2.0237009803921566 -1.126023080065358 -0.16749999999999374 -0.00874999999999852 0.03529411764705814 0.08 0.3753106820540212 0.14812500000000015 2.23 0.20882352941176574 1.1736842105263159 2.1330269607843233 -0.049999999999999975 -0.0006578947368427662 0.14650735294118455
69 25 0.15 0.15499999999999997 0.16 -0.04 -0.03 -0.03 0.15710977321595196 0.02 0.010000000000000009 0.0 -0.005263157894736847 0.0 0.0 0.010526315789473684 0.0
69 26 -1.0616176470588248 -0.8090470588235302 -0.46749999999999997 0.6894117647058823 0.8175000000000006 0.9945588235294118 0.3244409870909538 0.653529411764706 1.2935294117647063 -0.9492156862745132 -0.6808049535603717 -0.4145833333333343 0.2354166666666646 0.3439628482972137 0.5523897058823396
69 27 -0.7243750000000004 -0.38688051470588286 -0.06661764705882388 0.01 0.03 0.04 0.23843262099882342 0.05 0.89 -0.8470588235294119 -0.4306501547987606 0.0 -0.09999999999999999 -0.01578947368421053 0.0
69 28 2.6475 2.7114527369281047 2.734468750000002 0.01 0.02 0.03 0.19445571729482744 0.13166666666666865 0.20999999999999996 -0.10000000000000231 0.11052631578947367 0.3093464052287742 0.0 0.06929824561403612 0.1
69 29 -0.02 -0.013823529411764693 -0.01 -0.2 -0.185 -0.18 0.16065315762720359 0.05000000000000002 0.02 0.0 -0.010526315789473684 0.0 0.0 0.026315789473684223 0.049999999999999906
