7 0 -0.004760046165260979 0.058988104763892414 0.0742422824264492 0.13888210267806816 0.14800144801976817 0.15299745300361817 0.19590452556466703 0.0556410965532364 0.4109377723827019 -0.036739180754600004 0.2162830380961589 0.4124213022479491 -0.03708824660500015 -0.02019070366233495 0.023561944902000115
7 1 -0.17908367729931146 -0.1536516121037062 -0.11534861633922695 0.16630219485442793 0.21603535189034248 0.7180487679662325 0.22998589664692293 0.7644367590836545 0.08286823288496001 -0.015882496194072615 0.04233801327614736 0.06885323899139997 0.010559241974599926 0.40233513635981816 0.5743878568331999
7 2 -0.034284472124475794 -0.02898216185688583 -0.02163519837060579 0.12856245562471205 0.15713785880308206 0.20400867586536753 0.17085712457177418 0.16357225749726545 0.017732545200389818 0.0007853981634000327 0.00885524946807885 0.013788101090799997 0.053319808648599754 0.08609066184066604 0.11711159280920022
7 3 0.018000113871002796 0.021912269389346827 0.028057573685652794 0.2762228857020399 0.28949611466349995 0.29970192746456986 0.16007793234225864 0.04169591583028004 0.020350539078389813 -0.0234746784394 -0.010710810041257795 -0.003752457891800006 -0.008028514559199895 0.015533430342799992 0.03874630939439988
7 4 -0.008577275164855484 -0.002683298280850961 0.004277074776124515 0.01739690868882666 0.022366733733879207 0.029230241017369207 0.15789836336177185 0.01685988057425019 0.015393804002645235 -0.0202458193232 0.0016167260439551394 0.018151424220799996 -0.018325957145999983 -0.007018060781726315 0.006370451769799994
7 5 0.0252375094653269 0.05114954020514141 0.09060008995272689 0.7546431348746725 0.9672678709995723 0.9791841064676023 0.2607178459009651 1.0240719386115236 0.0947713783836 -0.041887902048 -0.01506494722780785 0.09119345341700003 -0.929824159003 -0.5389852308481704 -0.0596902604184002
7 6 -0.08644446100371492 -0.08225130747578491 -0.0768189701789349 0.40131247548389853 0.42551146556287855 0.43285057506753855 0.16139159082930923 0.03625048856403995 0.028536133270199993 0.0033161255788000804 0.013484964957557898 0.02731440279380007 -0.036215581979000266 -0.01907920450738945 0.009948376736399756
7 7 -0.04973858694894905 -0.04312291641924305 -0.03465894221166905 0.5766287626292561 0.6293202527471361 0.6417688136370261 0.17523533653226678 0.20547761283796 0.029426251188720002 0.001745329252000015 0.015487500625642107 0.024085543677600015 0.03368485456359982 0.10814611201997897 0.17514379043820028
7 8 -0.08759031813905979 -0.0695872469046798 -0.05494393448039979 0.4813742674133985 0.4921429488982385 0.5152554715178486 0.17675991321590806 0.13795082407808001 0.08588765249092 -0.06405358354840002 -0.024351936037115787 -0.012653637076999943 -0.019634954084999656 0.07260569688320001 0.14337879805180004
7 9 -0.0740797243993278 -0.0709983456049218 -0.0679143488166378 0.07699772098304422 0.0833289028446742 0.10014951351082421 0.16010468931530933 0.04865977954576001 0.010803588069879994 -0.0042760566674000106 0.0053462190771789405 0.01335176877779995 -0.001134464013799949 0.02561041028724211 0.03289945640020005
7 10 0.634701151312808 1.214454150265609 1.7734630383923673 0.024345985587054107 0.0374141383614041 0.09315559134715411 0.284550438707828 0.09018116245084 1.3710084873200694 0.14128440294939898 0.7215834143789838 1.0041751851381995 -0.014748032179399979 0.047463769710968426 0.08953539062759995
7 11 -0.13485926419642885 -0.13274217981375286 -0.13070974389979884 0.15656839665321015 0.15724907506149016 0.15817409956505013 0.15560128452265204 0.004241150082360007 0.00869173967495998 -0.008464846872200116 -0.004574599828926306 -0.0008726646260000248 0.00043633231299980424 0.0022321842538736876 0.005235987756000149
7 12 -0.07971204733957796 -0.07880971211629395 -0.07597704274029796 0.07740957020528384 0.08679507825791384 0.09411673447005385 0.15939818313112056 0.027593655474120016 0.01417207352623999 -0.02094395102399997 -0.0074589860664421 0.0075049157835999775 -0.02635447170520007 -0.005346219077178944 0.025481807079200045
7 13 -0.3026267599203755 -0.2949700004918515 -0.2937866672589955 0.1119829912836049 0.1193046474957449 0.1258278155750949 0.16141455913710517 0.025377087324080005 0.04778711491976001 0.006719517620200066 0.025151113115663162 0.02207841503780006 -0.022252947963000078 -0.012998109955684215 0.0029670597284000427
7 14 0.4485981476142549 0.555404443855021 0.6727726000642649 0.5770432298465954 0.6957081656900754 0.7736589334075255 0.21426829677141207 0.29344220713876 0.3689102439952401 -0.1296779634235995 0.0969851907506105 0.1137082007678003 0.06710790973940006 0.1345373274989053 0.21223203704320015
7 15 0.10918067124406584 0.11249679682286584 0.11629725126909583 -0.03209107806825716 -0.008886925662969516 0.008173667775330483 0.1608672291226406 0.04918337832136 0.017697638615279995 -0.013788101090800031 0.0029854316152631553 0.02426007660280005 -0.018325957145999994 0.020852091589656653 0.038571776468938196
7 16 0.03716979852190774 0.07375539030233175 0.10599685757452774 0.6053377128623141 0.637621940701184 0.698839364215084 0.1840871722565315 0.22738149495056015 0.10318386537823998 -0.054716072050199904 0.007881539464294743 0.08429940287159994 0.032637657012399846 0.11967447102661061 0.129590696961
7 17 0.02123900921613429 0.02190747031965378 0.023158871393334286 0.26490893460632103 0.26732621562034103 0.2724007604205311 0.1568056019865786 0.019739673840119987 0.00596902604177019 -0.010297442586800019 0.0004133674544210516 0.009861110273799989 -0.020943951023999763 -0.009948376736400004 0.006108652382000035
7 18 -0.032075176179536105 -0.030040122271704106 -0.027768576250226103 0.212817982857803 0.22225148746486303 0.24472696490749302 0.16276447238161096 0.08365363104835999 0.0057072266540399985 -0.01282817000219998 0.002847642463789474 0.018325957145999983 0.0027052603405999798 0.04402822686755789 0.06841690667840017
7 19 0.28693498942971246 0.8404295097872204 1.3284209506525424 0.09078868247458216 0.11085996887258215 0.25826611417284856 0.2941409364963708 0.2740690524410364 1.09259356504452 -1.1367329418275993 -0.5750492447602736 0.008464846872201365 -0.053756140961599974 0.14105016139161916 0.16528268016439995
7 20 -0.10830427355270189 -0.1041512625975679 -0.10112660700385191 0.00926585603612402 0.037514009979674204 0.04224821557572421 0.16143225076402137 0.0605629250443232 0.009756390518680005 -0.009773843811199945 0.0008910365128631555 0.009773843811200153 -0.02617993878000005 0.02033767875747537 0.0739146938222
7 21 -0.008647185297662011 0.016903562287005867 0.0543592006995729 -0.06649205092030394 0.008753456456563505 0.01888509276440605 0.1761744855412193 0.17189747802948002 0.06541494036499491 -0.007592182246200004 0.03202219880250259 0.06361725123540003 0.017976891295512724 0.08925981232465265 0.16545721308951272
7 22 -0.8258318183305269 0.2170643689279539 1.196153936727123 -0.31202152791509047 -0.18962158747233043 -0.12119595414714684 0.225497737264414 0.22251202633800363 2.40352781951424 -1.9947368021107996 -1.2650146418496002 -0.3617194874770002 -0.05384340742420002 -0.017223643934210525 0.15385077356380006
7 23 -0.009236476327054504 -0.0015709902522705915 0.005297753018975495 0.2505979616241759 0.26166334908185596 0.27006710943023593 0.171698969044464 0.16228071385165813 0.032166418114359996 -0.03682644721719999 -0.0011114991552210534 0.029321531433599994 -0.03333578871319992 0.07130129291628323 0.08229227423179997
7 24 0.024401690679071945 0.037460244142532455 0.049495161999701956 0.946152683783598 1.001619247412158 1.159493004901818 0.20702114120999138 0.5407379088546401 0.05047492196785745 -0.04991641660720001 0.0022597420841684165 0.04249876728619999 -0.1622283539734004 0.15694184352852625 0.4805764095381998
7 25 -0.23359942433608852 -0.21621594498618596 -0.20338777498396848 0.26763712629738295 0.282991660391853 0.34223249852786297 0.19043780143531477 0.28157396822516 0.08628907821870546 0.02234021442560019 0.045415304325634454 0.12374384396679997 0.006719517620200066 0.14819682538166318 0.23884830813620028
7 26 0.034929177357462204 0.03701397314897621 0.038131856534882214 0.688650732934335 0.715960772405005 0.7301939324550649 0.16847600576655408 0.10756464180075997 0.012810716709680002 -0.012130038301399991 -0.005474822285221052 0.002967059728400008 -0.11030480872640025 0.011124177495642118 0.029845130209200654
7 27 -0.10642639624018915 -0.10515230588622917 -0.10399166193364916 0.07813809972377316 0.10834538575276316 0.11308831799507316 0.15901458778426328 0.04543092042956001 0.005218534463480001 -0.005323254218599985 0.000973710003747364 0.0068067840827999715 0.0025307274154000303 0.02328636659905263 0.049916416607200045
7 28 0.006116748770476495 0.01008737281877824 0.013412225043836495 0.3170339680815666 0.3219339799565566 0.32677290530772657 0.15916049311532096 0.03570943649592001 0.017470745812537453 -0.017016960207 -0.008267349088430237 0.0033161255788000023 -0.040840704496800107 -0.018702580826694754 0.003141592653599923
7 29 0.1361508563241412 0.15583729762179596 0.18388561136564308 0.524268545700455 0.620959786261255 0.695821321202665 0.1980633503256877 0.41407936503700005 0.07977900010822188 0.011344640137999976 0.04191545987792729 0.05777039824119992 0.14084807063640015 0.21793650791421051 0.25193827752619996
7 30 0.08041628769275994 0.08073306495199795 0.08112750936294993 -0.12128661430543705 -0.12078483214548705 -0.12018705687667706 0.154907363780548 0.0017976891295599928 0.0014486232791600107 -0.002530727415399961 0.0002480204726526328 0.0036651914291999793 -0.0027925268031999545 -0.0009461521734526278 0.0013089969389999678
7 31 -0.07968627598499384 -0.06988101624725784 -0.05409102250441383 0.5278042206999443 0.5357803753815844 0.5621566637024344 0.16547584874765325 0.026947883650879967 0.06876597252880001 -0.015707963268000065 0.034695308341073684 0.067195176202 -0.012391837689200158 0.013034853729410512 0.034993851502599926
7 32 0.0221620433493569 0.0234125717584149 0.0245793243633769 0.15811016995415839 0.16906211101045837 0.19124524580268026 0.1614193636246924 0.06517059426898189 0.01076868148484 -0.013613568165599995 0.0008359208522736847 0.011257373675400001 -0.06859143960359998 -0.0014054493450315706 0.037699111843199906
7 33 -0.2822170250910101 -0.07060632526201079 0.0651209493488118 0.07613489807479015 0.2921368463017866 0.3121121395909266 0.22146195714776618 0.32719687487191634 0.4351280358154219 -0.2932153143360002 -0.20103437199973775 0.03132866007339995 -0.22933626371280005 -0.149583902839556 0.014660765716799917
7 34 -0.024782366381461 -0.028858582849506997 -0.015065245770951 0.14737322645186196 0.17052065565651195 0.17578718667459647 0.18071060458069071 0.17821556992189455 0.11962486693208 -0.028623399732800002 0.04507542441875789 0.1254891732188 0.003228859116199828 0.09379766837994451 0.14590952546719993
7 35 -0.20757239579091702 -0.20448141768562503 -0.19559071047593704 0.863005537587119 0.9692568191257491 1.0587442131989189 0.19393656423364064 0.3955963282583198 0.050614548307999996 -0.044418629463399834 -0.026639235951578945 0.0012217304763999237 0.11492993124420037 0.20820859382016832 0.28763026072959996
7 36 -0.1205678295418799 -0.11764963903253589 -0.11644885250715989 0.15256451438648289 0.20146864002787196 0.23278857345501197 0.17324807449606452 0.19154988540734907 0.02087413785392002 -0.02033308578580001 -0.008708274373136848 0.0015707963268000308 0.030368728984799948 0.10081572916176267 0.11981685314980006
7 37 -0.05182983076251879 -0.04977819622679279 -0.047990106408118786 -0.04070272652307821 -0.004120625401228021 0.018686464599351794 0.16243465610694843 0.06822492046068 0.011013027580120002 -0.007243116395800019 0.005438078511494736 0.015707963267999996 -0.05148721293396508 -0.035292394664126314 -0.005497787143800004
7 38 0.026752843106969 0.028774807045411 0.028066203369099 0.31156410620579855 0.3138548508490485 0.3211634170917985 0.15966441406622872 0.03443534614196003 0.014468779499080004 -0.0040142572796 0.0076151471047789495 0.009162978573 0.002356194490200081 0.01812386639050528 0.022951079663800222
7 39 -0.10569132173700485 -0.10234901621942485 -0.10054696376673483 0.3531286375298549 0.42963078196814497 0.47599981687065496 0.1788127567071701 0.25846580892868 0.012828170002200018 -0.004276056667399941 0.006751668422210535 0.02522000769140012 0.08866272600160013 0.13603463627825266 0.1808161105071998
7 40 -0.10258192071175304 -0.08826236686371905 -0.07097837128116305 0.2962027362395885 0.3066703484284585 0.3581750146549785 0.16855071338035288 0.11145672603272 0.04270820679644001 -0.037088246604999944 -0.019272109319452627 -0.008552113334799952 -0.08045967851719987 -0.05866143475406315 -0.02251474735080028
7 41 -0.08588207713366479 -0.0769739166314568 -0.05939234241143479 0.1393541172780949 0.21681619280533398 0.23717109520678398 0.18148766732708163 0.2216917215893891 0.06787585461028 -0.040666171571599984 0.033014280693094734 0.05305800926079993 0.04590215932760017 0.11667985346809952 0.1984439359541454
7 42 0.08674393041447906 0.09327582514008906 0.09991680294394906 0.30474282619490295 0.37789830179248296 0.42503091824274297 0.17663320115014833 0.17961183332332 0.03735004599279999 -0.028972465583200074 0.010517905229157888 0.05401794034939997 -0.18299777207220008 -0.09453254385437894 -0.036041049053800456
7 43 -0.058835194528966156 -0.03243098094010021 0.010463103421641484 0.14767041723842184 0.29992421453716545 0.3441203145209355 0.1967718256589964 0.3118728840404036 0.15821409669380002 -0.06466444878656508 0.042383942993305265 0.17043140145753818 0.07443829259779988 0.1641436231791598 0.3081378794405995
7 44 0.0019756157505200207 0.008745747919011875 0.014620526181242568 0.10724481021533099 0.109003229436721 0.124584656333951 0.15986362929353065 0.03415609346164 0.023195425759010183 -0.0034906585039999995 0.011509987119731677 0.012566370614356368 0.00017453292519994945 0.0179768912956 0.025743606467000038
7 45 -0.2194172182048829 -0.21700342784936696 -0.2137056282277129 0.22082700790818593 0.2251641510994059 0.26086922427219594 0.16395133965453995 0.09642944117299995 0.010803588069879994 0.0009599310886002077 0.004253091808821055 0.008115781021800078 0.0019198621771997215 0.05075233745947366 0.09075712110399994
7 46 -3.028013655682095 -2.3262577624260743 -1.694948626293524 -0.385340822055324 -0.328600168072804 -0.1403271383360849 0.21372905388905641 0.48644071582526904 1.703415088701611 -1.0817550703896006 -0.791474707779248 -0.11213740444099951 -0.29146998508399996 0.08082711625446312 0.05070181477059982
7 47 -0.2649760809639185 -0.2508074980961825 -0.24560292626671854 0.011786014513285495 0.019596362916002946 0.02849754210120295 0.16579587273604268 0.0239459173374592 0.06051056516684003 -0.01544616388019976 0.03184766587728422 0.06963863715479995 -0.014835298642000014 -0.0030589191627157894 0.034906585040008715
7 48 -0.15091527520598214 -0.13307539225666415 -0.11271874452596216 0.6264188367927099 0.8020556827445999 0.8314295740557599 0.21314415820987162 0.6054721708113201 0.05850343652703999 -0.04258603374880009 -0.01948338601837894 0.01160643952579997 -0.054105206811999595 0.2929489219764842 0.5259549700902002
7 49 -0.07839611756497686 -0.07092698103104285 -0.06427640391629685 0.3753017851595865 0.38826521817881654 0.39586176374814663 0.16339977828010974 0.030264009229680033 0.03429571980179999 -0.017104226669600008 0.005860631909347368 0.0494800842942 -0.02687807048079971 0.0036100757686105107 0.06414085001099995
