75 0 -1.9302499999999998 -1.6584923508861085 -1.413301282051282 0.26 0.27 0.28 0.27644013395257944 0.030000000000000027 1.3300000000000045 0.4945245726495695 0.7000000000000024 0.8158974358974191 -0.04999999999999977 0.0 0.04999999999999977
75 1 0.16720588235294132 0.5508039645682841 0.9176470588235306 0.08907169117646946 0.175 0.26117647058823523 0.28454009733045343 0.3047058823529408 1.1547058823529408 0.4360294117647199 0.6077399380804952 0.6999999999999965 -0.26397058823527986 -0.1603715170278636 -0.11764705882353066
75 2 2.060882352941176 2.102891748366013 2.3089215686274516 -0.5628124999999989 -0.2576286764705896 0.3815625000000007 0.38641537896138106 1.27 0.7919117647058846 -0.6490808823529415 -0.4167956656346761 0.2166666666666628 -1.224836601307174 -0.5467105263157889 -0.08823529411764508
75 3 1.7750000000000004 1.997025490196079 2.256875000000001 0.642499999999999 0.9299019607843129 1.0194117647058825 0.2980618027049799 0.7918750000000021 0.5194117647058814 -0.2499999999999991 0.2417956656346744 0.6425000000000014 -0.7015318627450919 -0.4167763157894748 -0.14705882352940347
75 4 2.56671875 2.7580433415032686 3.123125000000001 -0.8387500000000003 -0.3862916666666658 -0.18874999999999834 0.22176871626424002 1.21 1.8070588235294123 0.24416666666666975 -2.354179566563467 1.039215686274526 0.2870833333333416 0.6368421052631578 0.9553921568627308
75 5 -1.0677941176470576 -0.7283574346405219 -0.4269209558823521 -0.16823529411764693 -0.011764705882353064 0.06 0.3000958154730012 0.32235294117647145 1.2970588235294123 0.3117647058823574 0.6826625386996907 0.7482638888888893 -0.3 -0.16965944272445863 -0.049999999999999975
75 6 -1.8824999999999998 -1.8093474264705882 -1.7376562500000001 0.09953125000000049 0.2123529411764699 0.23 0.20043605041415466 0.18 0.34176470588235297 -0.3249999999999864 -0.15356037151702798 0.017647058823531125 0.0 0.08142414860681044 0.18750000000000566
75 7 -0.6097058823529423 -0.4565642156862756 -0.22029411764705945 -0.26 -0.22264705882352856 -0.17171874999999898 0.27035856964026983 0.23000000000000004 1.0531250000000032 -0.6001960784313665 -0.5542763157894753 -0.3235294117647154 -0.20000000000000004 -0.05263157894736842 0.14686274509803657
75 8 2.3129044117647064 2.945939338235295 -2.787610294117646 0.35 0.3687500000000006 0.38 0.3098915300990264 0.14937499999999931 1.5600000000000005 0.3205882352941125 -2.4842105263157896 1.1452205882352895 -0.050000000000000044 -0.04177631578947332 0.06691176470589338
75 9 -0.5239613970588237 -0.39159908840729263 -0.23983333333333368 0.4 0.410357142857142 0.42 0.2115919322668417 0.019999999999999962 0.6135000000000008 0.15000000000000013 0.2504489164086684 0.49652777777776325 0.0 0.010526315789473665 0.04642857142857976
75 10 -2.33 -2.299473243464052 -2.2884374999999992 -0.17 -0.16437500000000044 -0.13 0.183657260456806 0.15000000000000002 0.15764705882353036 -0.049999999999998934 0.08297213622291072 0.10761846405228592 -0.10294117647058162 -0.03281733746129967 0.05624999999999589
75 11 -1.1895588235294112 -0.9825935457516334 -0.7424999999999984 -0.13 -0.11 -0.03 0.23391826816145744 0.1 0.6588235294117655 0.0 0.34674922600619235 0.6468749999999962 -0.04374999999999296 0.0368421052631579 0.09999999999999991
75 12 -0.05338235294117601 0.6200232114197537 1.2342647058823535 0.644117647058823 0.71 0.72 0.40307133710269233 0.81 2.05 -1.9986068111455735 -1.0631578947368423 -0.10000000000000002 0.0 0.3947368421052631 0.7996323529411976
75 13 0.8055882352941167 0.9651721813725483 1.0550000000000002 -0.07602941176470612 -0.054705882352940806 -0.04 0.2832199001784948 0.11625000000000028 1.3189705882352967 -0.7741830065359462 -0.6941950464396298 -0.20000000000000018 -0.10000000000000006 -0.050038699690402956 0.055882352941173385
75 14 -2.625 -2.568579044117647 -2.5017647058823522 -0.10823529411764678 -0.08382352941176532 -0.07 0.20027418986094184 0.15588235294117758 0.3599999999999999 -0.29797794117645493 -0.18947368421052624 -0.08529411764705896 -0.20000000000000862 -0.08204334365325136 0.0
75 15 -1.01 -0.9247124183006534 -0.835 0.57 0.58 0.5892647058823525 0.1835240601778303 0.08999999999999997 0.20555555555555616 0.0 0.10818713450292429 0.19999999999999962 -0.07647058823530672 0.026315789473684174 0.10000000000000009
75 16 -0.10929227941176532 0.4237811274509823 1.0119117647058822 -0.1225 -0.11 0.020147058823530243 0.3829499321529643 0.35 2.2329411764705918 0.8350980392156893 1.1752321981424168 1.5441176470588516 0.0029411764705814664 0.18421052631578946 0.3000000000000018
75 17 -1.3096139705882368 -1.074444240196079 -0.8450735294117651 0.09823529411764666 0.13 0.14411764705882346 0.24610528531052728 0.16312500000000127 0.8643750000000004 -0.5996527777777888 -0.454934210526316 -0.22647058823529576 0.0 0.08585526315789539 0.14264705882353068
75 18 -0.1725 0.029474877450979892 0.05058823529411682 -0.25 -0.22687499999999988 -0.0075 0.27511121222021323 0.3031249999999997 1.0431249999999996 -0.9979779411764825 -0.5332236842105262 0.020588235294112106 -0.020588235294112245 0.1542763157894735 0.21562499999999846
75 19 0.017058823529411734 0.34022058823529466 0.6416176470588242 -0.4663235294117648 -0.020312499999999307 0.029117647058824175 0.31458220390888436 1.08 0.76 0.0 0.3591331269349838 0.6966911764706059 0.0 0.5578947368421052 1.0529411764706027
75 20 0.049999999999999996 0.38259809757236307 0.7444117647058837 -0.015 0.06 0.06 0.27714396404428915 0.2 1.1843750000000004 0.40000000000000513 0.6233552631578949 0.7918767507002755 -0.20610119047619743 -0.10526315789473684 0.0
75 21 0.10053571428571434 0.31845294835883 0.5616666666666663 -0.41 -0.31108597285067807 0.23500000000000298 0.30780055602127626 0.9980000000000047 0.7640000000000023 -0.6734593837535136 -0.4021052631578959 -0.08333333333332527 0.0 0.5252631578947393 1.0111111111111044
75 22 2.218125000000001 2.5244782679738575 2.788750000000003 -0.07625000000000416 0.3814705882352949 0.5558639705882354 0.37345032450608495 0.7052941176470613 1.055294117647061 -0.10000000000000009 -2.7498452012383887 0.9970588235294153 -0.9794117647059186 -0.37120743034055864 0.4812500000000122
75 23 0.7018300653594747 0.8731913807189541 1.0671875000000013 0.21571895424836376 0.5995404411764695 0.71 0.2831493664286711 0.8141176470588245 0.37624999999999953 -0.59705882352943 -0.10197368421052659 0.15000000000000013 -0.7683035714285564 -0.42848297213622344 -0.11874999999999192
75 24 1.29 1.3338585784313728 1.3604411764705884 -0.45588235294117757 -0.20721568627451142 0.16484374999999982 0.2313778808571611 0.6631249999999997 0.12687500000000007 -0.10000000000000009 -0.024671052631578948 0.15000000000000013 -0.4995098039215697 -0.34901315789473675 -0.050000000000000044
75 25 -2.2076470588235297 -1.5967568378800812 -1.1446875000000019 -0.09234374999999984 -0.07527777777777712 -0.04 0.38240230405076064 0.10812500000000028 2.3999999999999977 -1.9812499999999889 -1.2631578947368407 -0.6111413043478187 -0.20000000000000004 -0.01973684210526287 0.10000000000000006
75 26 -0.72 -0.5253731617647054 -0.3647058823529401 0.4927941176470576 0.6055882352941173 0.6873529411764719 0.2665637376978415 0.5037499999999984 0.6912500000000035 0.18529411764707182 0.36381578947368604 0.49577205882352815 -0.3750000000000103 0.09769736842105192 0.4156249999999956
75 27 -1.9567187499999996 -1.7379578173374608 -1.5913051470588204 -0.2625 -0.09125000000000028 -0.04 0.25113445182764726 0.27 0.39529411764706013 -0.4481617647058922 0.20804953560371586 0.7066176470588392 -0.21250000000000283 -0.11052631578947367 0.05000000000000001
75 28 -0.3264705882352944 0.07095535130718914 0.6330147058823522 -0.5317500000000017 -0.1126470588235296 0.3153124999999987 0.4015491058105006 1.2984926470588258 1.2623921568627448 -1.1676470588235202 -0.44943885448916204 0.541372549019602 -1.0312499999999845 -0.68341718266254 -0.29705882352940804
75 29 -1.4594607843137242 -1.093748978758169 -0.817031249999994 -1.06 -1.0061764705882346 -0.95 0.30975077000985224 0.2600000000000001 1.4475000000000011 0.29705882352941915 0.7618421052631585 1.088888888888886 -0.29117647058824525 -0.0631578947368421 0.09062500000000973
