0 0 0.11750000000000016 0.13012605108055014 0.1499999999999999 0.1865720142668038 0.2 0.20057855916328438 0.16506041893905982 0.06 0.05999999999999961 -0.0873948919449885 -0.031578947368420845 0.0 -0.08224224517967171 -0.031578947368421054 0.0
0 1 0.8975 0.9409669794434066 0.9424426628780189 -0.12 -0.1 -0.07 0.1886279057637451 0.11991477179242498 0.2599147717924257 -0.09885325756037844 -0.09995514304864497 0.003230583946358112 -0.09999999999999995 0.005218300943381566 0.0
0 2 2.6300000000000003 2.9306161593554156 -3.0700000000000007 -0.8625 -0.83 -0.7775 0.25457181630086406 0.07086195722618238 0.7599999999999998 -0.4499999999999993 -0.28421052631579036 0.0 -0.10000000000000009 0.03729576696114862 0.10000000000000009
0 3 -0.140439224227338 0.09110315159141276 0.28376936300770034 -0.2571934234119364 -0.23853937930024915 -0.2177407719405728 0.2197247056294343 0.0578708703939009 0.6357417407878019 -0.5336724068051638 -0.3082851267304217 -0.13040225000017142 -0.10000000000000009 -0.01691006821373638 0.09999999999999995
0 4 -0.6689905044848123 -0.5994856889557363 -0.5775000000000001 -0.93 -0.92 -0.9075 0.18126742565034965 0.08000000000000007 0.2219256865912791 -0.20000000000000462 -0.06842105263157935 0.0596284329563912 -0.10000000000000009 -0.04210526315789478 0.0
0 5 0.19517258120086464 0.24352765906752305 0.30164901161035546 0.2348373858848314 0.26 0.28 0.1771533796909948 0.060000000000000026 0.1000784649874722 -0.09999999999999787 0.04933009319553322 0.19504579836223515 -0.049999999999999906 0.005263157894736847 0.049999999999999906
0 6 -1.424867400989231 -0.9846815860809862 -0.5949999999999998 0.7680811575967283 0.815 0.83 0.3245230032740484 0.12 1.63 -1.2499999999999956 -0.8578947368421052 -0.5973480197846093 -0.10000000000000009 -0.06315789473684211 0.050000000000000044
0 7 -2.5475 -2.369737176219933 -2.1700000000000004 -0.17 -0.0539352986904264 -0.01 0.23929883490663142 0.30015635179153355 0.660000000000001 0.15000000000000568 0.30513972226984243 0.4999999999999938 -0.25 -0.15797702725870186 -0.049999999999999906
0 8 -1.4300000000000006 -1.0070113180397737 -0.6281710681076058 0.07 0.08529753551725056 0.1 0.2685737662726921 0.046390939807283364 1.193609060192716 -0.8971088539284083 -0.6176889790487982 -0.40000000000000036 -0.10000000000000002 0.004981709442116651 0.11804530096358318
0 9 0.1100000000000001 0.3558102833616574 0.6268787040695378 -0.27980915399868 -0.15000000000000002 -0.055 0.2437964978354503 0.32 0.69 -0.6255627009646308 -0.2473684210526315 0.05588942307692857 -0.25 -0.07368421052631577 0.04999999999999977
0 10 0.9476374231515269 0.9545680708422533 0.98 -1.15 -1.1485651300364328 -1.14 0.19137485002386934 0.16997887391568767 0.24996478985947912 -0.09999999999999787 0.07476793974824719 0.0 -0.10000000000000009 -0.08836030434394608 0.0
0 11 2.97 3.072919532369415 -3.11 -0.40750000000000003 -0.15024912075029406 0.33499999999999996 0.2747743348582428 1.03 0.33999999999999986 -0.29999999999999805 -0.1573702721046446 -0.09999999999999787 -0.7500000000000001 -0.5421052631578948 -0.2796370967742015
0 12 0.12750000000000028 0.3330000000000002 0.495 0.2 0.21 0.2316771658896669 0.21840087137940256 0.07 0.6499999999999999 0.050000000000001155 0.3421052631578947 0.5500000000000016 -0.09890695415694595 -0.031578947368421054 0.0
0 13 0.04993225873688605 0.07089171696304923 0.13250000000000028 -0.74 -0.725 -0.622477419578962 0.20023014701382494 0.17007516713429627 0.3303758356714819 -0.2979190136976404 -0.17388201877446416 0.0 0.0 0.08951324586015592 0.15341307344703237
0 14 -0.8528063888361498 -0.7579190661608661 -0.6453749739962543 -0.11926879627871657 -0.055 -0.04 0.20650363042731618 0.13713153513153525 0.39406380080902315 -0.3830018653754741 -0.20740200042580165 0.017938969652306902 -0.15 -0.07217449217449223 0.0
0 15 0.9038169702652027 0.9174894926471238 0.9424999999999999 -0.27 -0.26 -0.17513394053040443 0.18544631363485287 0.19 0.13999999999999924 -0.10000000000000231 -0.06315789473684169 0.0012845747436046606 0.0 0.09999999999999999 0.19664697831880718
0 16 2.53824452258588 2.464454893011648 2.64 -0.0648638242600171 -0.023926517144513257 0.0629388693535299 0.30103201770442833 0.32999999999999996 1.17 -0.3936072569893079 -0.6157894736842104 0.049999999999998934 -0.46900694790987174 -0.13684210526315788 0.18175793276381103
0 17 -0.07025645951397627 0.0009487080972049144 0.07000000000000006 0.05 0.055 0.26 0.2255484522698688 0.5 0.23999999999999977 0.09999999999999787 0.12631578947368408 0.20000000000000018 0.0 0.26315789473684204 0.4000000000000001
0 18 -0.9200000000000004 -0.6464885563709004 -0.3875000000000006 -0.4710583859332739 -0.405 -0.38 0.24021414888118683 0.10999999999999999 0.8200000000000003 -0.7100699551688849 -0.4105263157894743 -0.1499999999999968 -0.10000000000000009 0.0 0.10000000000000009
0 19 0.22999999999999998 0.24022010354216494 0.2501082207372596 -0.05 -0.047089434111595094 -0.03 0.16598325929993996 0.06 0.06999999999999984 -0.04186693390073354 -0.010526315789473694 0.03308617251582102 -0.02910565888404909 0.015789473684210523 0.08168253151530713
0 20 2.3950000000000005 2.690354237509356 2.9739605352253653 -0.3589045985809757 -0.35 -0.3175 0.23921558186920197 0.14999999999999997 0.7699999999999996 -0.6292107045073192 -0.34736842105263166 -0.09999999999999787 0.0 0.07894736842105261 0.10000000000000009
0 21 0.007500000000000173 0.024820633274938813 0.06000000000000005 -0.14 -0.11342502380777955 -0.08 0.1774132845844673 0.13 0.12999999999999945 -0.10000000000000009 -0.06842105263157866 0.0 0.005545663624898986 0.06842105263157895 0.10480909192699686
0 22 -2.93 -2.7471062297581965 -2.5967203930356835 -0.07 -0.032767998941238885 -0.02 0.2147442593676449 0.06 0.6199999999999992 0.09999999999999787 0.3263157894736838 0.516654565605128 -0.07767998941238884 -0.031578947368421054 0.0
0 23 -0.8375000000000004 -0.6440341526699306 -0.48999999999999977 -0.21261508363634066 -0.18019224865025885 -0.145 0.22759690541854954 0.13 0.6699999999999999 -0.6731135882174916 -0.3526315789473684 -0.04762405459008745 -0.06680964026566483 -0.005263157894736839 0.14511685398985535
0 24 -2.9200000000000004 -2.8870483362165467 -2.8502416810827316 -0.1725 -0.15 -0.12 0.17682375755608745 0.09000000000000001 0.13000000000000078 -0.049999999999998934 0.06842105263157935 0.19999999999999574 -0.09999999999999995 -0.042105263157894736 0.049999999999999975
0 25 0.030633075277472117 0.04337897200840819 0.08989660801741373 0.04010339198258656 0.05 0.05 0.17748293122202585 0.019999999999999997 0.23999999999999977 0.003923520527254823 0.12631578947368408 0.174066114255286 -0.004922359718616473 -0.010526315789473682 0.0
0 26 0.1280051054358871 0.1497557976379589 0.1625000000000001 0.38749999999999996 0.405 0.42 0.17907759219950956 0.09999999999999998 0.1775349421271019 -0.039164380671028315 0.09343944322479049 0.22138961335605548 -0.012862186510834983 0.031578947368421054 0.10000000000000009
0 27 0.05500000000000005 0.1205846431181072 0.17519847717833137 -0.16705909156870286 -0.09 -0.0775 0.19469776064686373 0.15 0.26862026458208055 -0.23930824519119917 -0.09999999999999998 0.0010110341111130988 -0.1029726240524341 -0.07894736842105263 0.0
0 28 1.2075000000000002 1.2815000000000005 1.3675000000000002 -0.755 -0.705 -0.64 0.2048198223051645 0.21000000000000008 0.28000000000000025 -0.3999999999999959 -0.02105263157894739 0.0 0.0 0.04210526315789478 0.20000000000000018
0 29 0.3900000000000001 0.4055000000000001 0.41999999999999993 -0.5 -0.48 -0.2175 0.2167078560972909 0.5993940613990943 0.08000000000000007 0.0 0.04210526315789478 0.10000000000000009 -0.39999999999999997 -0.30000000000000004 0.0
0 30 0.16000000000000014 0.2304814775198774 0.29500000000000004 -0.08 0.015 0.0325 0.19234854728306888 0.19 0.2400000000000002 -0.20000000000000018 -0.11578947368421062 0.0 0.0 0.09473684210526316 0.2
0 31 0.2400000000000002 0.2452016260162603 0.25 -0.5625 -0.552226159793815 -0.55 0.16067297440079337 0.039999999999999925 0.03000000000000025 0.0 0.010526315789473694 0.09999999999999787 -0.05943060943061795 0.010526315789473635 0.09999999999999953
0 32 2.0801999662504222 3.0755132982956552 -2.4696713144725404 -0.05745970179327017 0.075634328358209 0.3451705600112073 0.43505949661005183 0.47000000000000003 2.6125373134328354 0.4123181198354342 -1.9302435192458767 1.598614727284866 -0.46216672291596267 -0.14670070699135898 0.2534112002241452
0 33 -2.7099999999999995 -2.706802531657547 -2.69 -0.1 -0.08499999999999999 -0.057499999999999996 0.1792073335291454 0.12 0.13999999999999968 0.0 0.03684210526315758 0.09999999999999787 -0.10000000000000009 -0.05263157894736842 0.0
0 34 1.496705860038653 1.930676418982269 2.39922191233116 0.145 0.4307933394236033 0.6350928139735672 0.3735051724220189 0.8 1.7169113265875915 0.7920257415240439 0.9036375403092587 0.9963074000244654 -0.5505298722052726 -0.42105263157894735 -0.2506911729130168
0 35 2.9275 2.9841067451478924 3.0100000000000002 -0.11295100222716807 -0.07500000000000001 -0.028274616079494955 0.21348057629118514 0.2 0.39000000000000057 -0.29999999999999805 -0.13094596178643134 0.0 -0.3 -0.10526315789473684 0.09699331848554614
0 36 0.01750000000000007 0.03363720061802212 0.05250000000000021 0.245 0.31940860856086806 0.36250000000000004 0.1837295598167419 0.22 0.07999999999999963 -0.09999999999999787 -0.04210526315789454 0.0 0.012108443708938876 0.11578947368421054 0.1999999999999999
0 37 2.515 2.5735 2.6725000000000003 -0.052700135685211175 -0.05 -0.024999999999999998 0.19694100369183332 0.13 0.34999999999999964 0.049999999999998934 0.17894736842105255 0.3000000000000025 -0.10137209302326156 -0.06842105263157895 0.0
0 38 1.4656135225375633 2.0046297474671038 2.6225 -0.14 -0.1 -0.08750000000000001 0.3492281310117987 0.05 2.09 0.6915503875968909 1.0999999999999999 1.4999999999999991 -0.10561520516808087 -0.02105263157894737 0.054716193656093315
0 39 0.3999999999999999 0.44700000000000006 0.48750000000000016 -0.4 -0.245 -0.11 0.21946483833015543 0.54 0.1900000000000004 0.0 0.1000000000000002 0.15000000000000124 -0.39999999999999986 -0.28421052631578947 0.0
0 40 -3.0125 -2.920663981501073 -2.8150000000000004 0.017499999999999998 0.03 0.04877013874195209 0.2104395229015376 0.060000000000000005 0.5300000000000002 0.09999999999999787 -3.0263157894736836 0.43360184989268635 -0.15 -0.031578947368421054 0.058199075053652696
0 41 0.2600000000000001 0.4551011984021308 0.6625000000000001 -0.7875 -0.335 0.020505992010652264 0.2939616867764058 0.85 0.7199999999999993 -0.4500000000000015 -0.37368421052631556 0.0 -0.7071201814059044 -0.4473684210526316 0.0
0 42 -3.0500000000000003 -3.0426265912305515 -3.0374999999999996 -0.12 -0.11 -0.10750000000000001 0.16333249626539673 0.06999999999999999 0.020000000000000462 -0.049999999999998934 -0.0013325392689647754 0.03734087694483801 0.0 0.021052631578947364 0.09999999999999995
0 43 0.04750000000000021 0.058560946445795445 0.0900000000000003 0.01 0.065 0.08249999999999999 0.18119072662843153 0.09 0.18000000000000105 -0.15000000000000124 -0.09473684210526372 0.0 -0.10000000000000002 -0.042105263157894736 0.0
0 44 -0.6700000000000004 -0.6658767064980927 -0.6600000000000006 -0.5822945108301542 -0.58 -0.57 0.16332089802300498 0.010000000000000009 0.08000000000000007 -0.049999999999998934 -0.02105263157894692 0.0 0.0 0.0 0.0
0 45 0.4619930512156655 0.707852157842323 0.9375000000000004 0.17 0.195 0.2475 0.2469363788587435 0.18907095198379603 0.8609290480162042 0.3000000000000025 0.45312055158747594 0.6999999999999962 0.0 0.09951102735989266 0.1999999999999999
0 46 -0.07000000000000073 -0.0661521498117537 -0.059999999999999165 -0.16 -0.16 -0.15 0.15872302339448244 0.010000000000000009 0.018132956152758797 0.0 -0.005263157894737665 0.0 0.0 -0.005263157894736847 0.0
0 47 -1.8899999999999992 -1.8302399108502665 -1.7899999999999996 -0.03 -0.03 -0.02 0.1821571139704523 0.03 0.282738137837258 -0.3126420031648125 -0.12775691465118794 0.02795008485857453 -0.016950818500251295 -0.010526315789473682 0.0
0 48 2.6793528183716084 -3.0979076854697922 -2.4942723765432095 0.5075000000000001 0.5257633279483045 0.55 0.30845220633520115 0.19238763429072647 1.2800000000000002 -0.2999999999999936 -2.6315789473684212 0.8999999999999986 -0.04849368318758762 0.10125664962669814 0.10000000000000009
0 49 0.4077317211663716 0.4264132638150054 0.4500000000000002 -0.02 -0.01 0.005 0.16951960508181504 0.05 0.08999999999999986 -0.09773070028539499 -0.047368421052631504 0.0 0.0 0.02631578947368421 0.09659453933115279
0 50 0.040000000000000036 0.043500000000000115 0.050000000000000266 0.02 0.03 0.03 0.15799987017728914 0.009999999999999998 0.029999999999999805 0.0 0.010526315789473694 0.0 0.0 0.0 0.0
0 51 -2.97023220090737 -2.959016267455823 -2.9499999999999997 -0.07 -0.06483310439560425 -0.04 0.17120047256548143 0.11 0.07914480699509463 -0.09108001682808009 -0.02105263157894692 0.003979368888569201 -0.1 -0.0471927414690571 0.0
0 52 0.044707460100622945 0.10055429986723044 0.25965646167259093 -0.17833163934291865 -0.14 -0.13 0.22887242192372098 0.07805028408856755 0.701947747220935 -0.6162791129564062 -0.36944618274786056 -0.09195450131779387 -0.10881383855024782 0.024766663004923695 0.10000000000000009
0 53 0.2775000000000002 0.32514568396902793 0.3200000000000003 0.27 0.28 0.3225 0.2140288603597608 0.16999999999999998 0.5 -0.15000000000000124 -0.2578947368421054 0.0 -0.10000000000000009 -0.0894736842105263 0.0
0 54 1.7175000000000002 1.749378315316212 1.8000000000000003 -1.16 -1.15 -1.1150000000000002 0.19753264638626775 0.06999999999999984 0.39000000000000057 -0.20000000000000462 0.1000000000000002 0.39959354988553186 -0.10000000000000009 -0.010526315789473694 0.10000000000000009
0 55 0.0710824836867883 0.10569358707332724 0.13945467801951017 -0.12196385547405575 0.02083772234920004 0.07561099531005479 0.19964852858968002 0.31785473655841534 0.10892736827920795 -0.20000000000000018 -0.05733019383116208 0.058887300346766036 -0.3055332289111585 -0.16729196660969228 -0.029260031266301403
0 56 -0.1264122526193226 0.11063006491106855 0.32265445719329244 0.01 0.056169702780440464 0.12 0.21177919745904084 0.11 0.5399999999999996 -0.48902917216897906 -0.1473684210526315 0.09897028537804997 0.0 0.05789473684210527 0.09999999999999998
0 57 2.82962152477884 2.928126291873381 3.085554565718749 -0.12 -0.09641995045586216 -0.04 0.2536105947489316 0.12 0.9055913375224423 -0.9708806648754975 -0.4425741954328243 -0.057614076625056576 -0.09608302816660343 0.06315789473684212 0.2372349023730318
