16 0 -1.344358182310146 -1.134679561962622 -0.980356676836156 -0.39524997736531 -0.21603520644681995 -0.042994537756564345 0.29873639217277265 0.6187192198346981 1.02831308869336 -0.9087929415163998 -0.5412174151017684 -0.06091199089479832 -0.4907865856655417 -0.32564169464984116 -0.1782853830918002
16 1 -0.602653803438141 -0.580262101799607 -0.5585711498557511 0.3758308138482211 0.41201148924218106 0.42048506276064107 0.17033823537904624 0.08656833089920002 0.05808455750655994 -0.11222467090359955 0.00046848311501058787 0.0846484687220006 -0.0162315620435996 0.03557715891050528 0.08901179185200031
16 2 -0.876929386509018 -0.747144958001046 -0.604034067989428 -0.24053642937344105 0.1360445366839899 0.19623657926268895 0.25864653411594657 0.76195839154564 0.43130576475424 -0.3641629484297995 -0.2053333935260842 -0.06544984694999978 -0.01082104136239978 0.3734177864369321 0.44357542939579997
16 3 -1.4446414559150846 -1.081552757639367 -0.7668210242852345 -0.035341317467794155 0.16294553885218765 0.19546538614033945 0.29398636213132895 0.47336819972744 1.0231469141022038 -1.0745992204302202 -0.5384983758432652 0.06693337681419997 -0.3784746482935821 -0.2491411577512842 -0.031503192998600105
16 4 -1.901569720671608 -1.3889761186739336 -0.882109814615999 -0.058993340751725215 0.04053405984357479 0.10211363917726479 0.3101827259061023 0.16783086087232 1.2877737352886989 -0.009599310885999301 0.6777756501519466 1.3062916786594003 -0.154025306489 0.041107096856315785 0.2131919681318
16 5 -1.046035210399924 -0.862515584881376 -0.49675391485674397 0.13688166446718383 0.21627669214118744 0.31541139365478743 0.2871581443960401 0.19771089766708358 1.2267744779382799 -1.0819296033148005 -0.6456707778622526 -0.1357866158055998 -0.08578293273580007 -0.019685476773873677 0.18360863731040025
16 6 -0.19258951986535644 0.011332131944576464 0.13596434850090625 -1.4381164940264721 -1.307832028687802 -1.044496751146042 0.29118348526506516 0.65385269767676 0.9175195877764 -0.7374016089673819 -0.4829050461981053 -0.019809487010199744 -0.44418629463399917 -0.34413299877724207 -0.1733984611861994
16 7 -0.7608237820883175 -0.6731846916930155 -0.5985212516217074 0.16619088163320606 0.22811080017086152 0.2909121099809515 0.20047865395263928 0.19477874452302546 0.31983158542900003 -0.22174408146660052 -0.046563547254673675 0.16275195274900012 -0.167987940505 0.009663612490021041 0.16353735091239996
16 8 -0.736475663320058 -0.6733811381956322 -0.6043978721749581 0.1820476827015205 0.2034585093004305 0.2111903178867905 0.18079832086644 0.04675737066107996 0.19753636474136005 -0.17654005383979932 0.027080161236294694 0.08901179185200003 -0.0017453292520000496 0.019189435828568406 0.03813544415619985
16 9 -0.5351051980626111 -0.4466379489372351 -0.34290081418611107 0.18506409646304545 0.24508160611619545 0.2693984059196855 0.18911551977669774 0.11831586999307994 0.232128790516 -0.1692969374440001 -0.06434753373821049 0.13055062804959994 -0.08028514559200034 0.03922397845284211 0.07949974742859967
16 10 -0.55853672808478 -0.49575548956108795 -0.42066444382304 0.03710288797818895 0.10826432490535895 0.13385957838593895 0.18622806093306032 0.14636331107272 0.21057397425379998 -0.15769049791819978 -0.09457847357153684 -0.03735004599280001 -0.07749261878879997 0.030837212099810538 0.08735372906260001
16 11 -2.2990033473469307 -1.7377176772077967 -1.1728121941996654 -0.48322538301042295 -0.42781554258255305 -0.405772034129793 0.3519533222350241 0.5172981370002799 1.6708560528189056 0.10873401239959835 0.879397922536266 1.4005394582673991 0.04406956361300007 0.27226217736856845 0.2633701841267999
16 12 -1.5219076667151936 -1.2442528353253997 -1.0834373253814935 -0.7869377862072985 -0.7632362149651385 -0.7342244794737685 0.26886875593744747 0.08625417163383997 1.1472921838021999 -1.0134254301738 -0.3867374044129052 0.07260569688319896 -0.1829105056095992 -0.04539693243886314 0.10629055144679878
16 13 -0.5546889073417116 -0.5523737280889336 -0.5256597185578216 0.1310354902121568 0.14039045500287678 0.1792371208299649 0.17620570654302484 0.08018042583757815 0.12852604611728002 -0.10480702158259969 0.002985431615263148 0.0804596785171996 -0.09965830028920028 -0.0010012678340421 0.07112216701900015
16 14 -0.83683384063931 -0.705294483568452 -0.55739790074785 0.13276569327724796 0.14668033073881792 0.15751446207060793 0.20264751772305964 0.040805797911760006 0.48994882762144 -0.33562681515960036 -0.19834289057465268 -0.03071779483519943 -0.05157447939660012 -0.0008359208522736978 0.06649704450120003
16 15 -0.8171319822668985 -0.7663010131316503 -0.7323351605584785 0.0774677963283659 0.10612173932307589 0.1449858584419859 0.18529379764417128 0.1322959573016 0.21617648115272003 -0.17619098798939914 -0.08740425175147364 0.0007853981634009521 -0.03412118687660004 0.035705762118547375 0.1043706892696
16 16 0.011564066810032105 0.14531039271983467 0.23953897370592303 0.18256463952891358 0.21637166714015355 0.5718036059868237 0.2527508559692849 0.6799104634085964 0.28462829441581095 -0.2244493418072 0.07628007425564787 0.199403867041 0.028972465583200213 0.35423753655170337 0.6252642045289998
16 17 -1.2512464181199197 -1.1148777350087773 -0.9166406205727393 0.1788449550423445 0.1865113137817545 0.20934458372104453 0.231773088223435 0.10323622525562548 0.7642273195732401 -0.7109598708021997 -0.058496087772294765 0.4969825045070009 -0.0463384916397272 0.022505561407368434 0.05864306286719995
16 18 -0.9685135512714315 -0.7990953134444175 -0.6660916251311315 0.08470053771129316 0.11392171271290316 0.12914534711347314 0.23141839707093728 0.1431344519559964 0.63554419382328 0.16947147036920018 0.3344969441175158 0.4811872747764001 -0.10690141668499999 -0.07520531887406127 -0.030106929596999954
16 19 -2.536331667628172 -1.76875157056184 -0.810205400723302 -0.0419761381380398 0.0570145737122702 0.1204136587911702 0.39405679161255863 0.21879447503072 2.4264963524705596 -2.0253673304834 -1.2771033434055579 -0.535816080364 -0.24085543677600008 -0.062161279201458 0.07042403531820007
16 20 -0.8542098053781425 -0.8355051117844585 -0.8236316368831025 0.234648609623575 0.24612851277860498 0.256417228719145 0.16874930573290575 0.0282743338824 0.10794861423620006 0.007417649320999864 -0.0059341194568000195 0.08290313946999972 -0.03979350694559999 -0.01304403967284211 -0.002879793265800068
16 21 -0.3969211301240999 -0.3716670885122859 -0.35369368787518995 -0.0053048312987100206 0.0010438038554364886 0.005524936709949979 0.1661920810368992 0.02436479635792 0.10836749325667999 -0.07522369076119972 -0.055308565401536856 -0.008639379797399926 -0.022776546738600002 -0.01282357703048421 -0.0037524578917999996
16 22 -1.9157467877942773 -1.4369575954059362 -0.9649481344983859 -0.40086213205512655 -0.16810502300866836 0.029387708501129844 0.34622459411431755 0.4784122012651964 1.1966500950557415 -0.9023352232839998 0.17437676416166314 1.3086478731496005 -0.36521014598126167 0.09412836234366509 0.40927970959661786
16 23 -0.5717312233046216 -0.5111813882296116 -0.4549730596689515 0.03890188610468795 0.044604749435597946 0.04547741406159795 0.17828829074272184 0.02597049926976 0.24122195591891998 -0.22540927289580043 -0.10460033785538948 0.031154127148200206 -0.014224433403800009 -0.013668683826189477 0.004712388980399988
16 24 0.6233728493956675 0.9722746388460843 1.3922994679799174 -0.6810143356792541 -0.661039042390114 -0.43163732883036404 0.378383781004849 0.7613475263070909 1.2708789481357965 -1.4177309513996004 -0.6688836569135771 0.41111230530860077 -0.10288715940539983 0.4007092243721531 0.8222246106172004
16 25 -1.1139282758956897 -1.0448717060464314 -1.0050677271253194 0.056183893951132 0.139728441921242 0.221990172891132 0.20788710444302422 0.2090904443896 0.18394024986827995 -0.07033676885559892 0.0968106578254105 0.28632126379059986 -0.26590091154219986 -0.04926421462355789 0.19905480119060004
16 26 -2.2990033473469307 -1.7377176772077967 -1.1728121941996654 -0.48322538301042295 -0.42781554258255305 -0.405772034129793 0.3519533222350241 0.5172981370002799 1.6708560528189056 0.10873401239959835 0.879397922536266 1.4005394582673991 0.04406956361300007 0.27226217736856845 0.2633701841267999
16 27 -2.1558757312691323 -1.8643970195367778 -1.667070094300771 -0.14697262490712104 -0.07637841998685105 -0.014266515231301053 0.28897487437167907 0.45181338346523997 1.0848443031726214 -0.8920377806972024 -0.537046996787506 -0.16842427281800076 -0.3988077340828725 -0.2150980513939445 -0.006894050545399981
16 28 -0.7467534709527729 -0.6978563266287412 -0.698028241560063 0.07133698796104215 0.08199222304450215 0.08788707259313217 0.1904856270656892 0.06438519610628 0.34437091471212006 -0.06387905062320065 -0.13937831968734735 0.06702064327679946 -0.026441738167800044 0.01821572582482105 0.005846852994199972
16 29 -2.4364536012915066 -2.2945173178664846 -2.2005592629143167 -0.09162261048753895 -0.07641206605635895 0.023368407280481056 0.23998459140530834 0.26677357616819997 0.39310050742796054 -0.3184353220273972 0.1460289427318103 0.36835173863460025 0.0157079632680001 0.14040714535168422 0.2132792345944
16 30 -0.23751841572793195 -0.21952494380440307 -0.20787836170584195 -0.17269039080518933 -0.0953679416182848 -0.0903762999575648 0.18910213925180577 0.27885125459273813 0.10351547793646909 0.012304571226599698 0.05448183049287847 0.0904080552535999 -0.2436479635792002 -0.14676381820670426 0.000436332312999943
16 31 -0.637182621658595 -0.605206444432703 -0.599160623903775 0.23290924358043447 0.24794525508641446 0.26205187876570446 0.17402449578140805 0.05867796945224002 0.14479251474591992 -0.06344271831019987 -0.009351290413347304 0.06073745796959962 -0.08176867545620026 -0.03088314181696843 -0.0263544717052
16 32 -1.905602465264043 -1.786519523062091 -1.7387708053797666 -0.08984500463793049 0.0870702949910495 0.18702530125256592 0.2449976752204575 0.5326395811253599 0.4750611691106066 -0.2965314399584329 -0.15886170571031927 0.18901915799159896 -0.45361107259479994 -0.2759273687977684 -0.08045967851458197
16 33 -1.046035210399924 -0.862515584881376 -0.49675391485674397 0.13688166446718383 0.21627669214118744 0.31541139365478743 0.2871581443960401 0.19771089766708358 1.2267744779382799 -1.0819296033148005 -0.6456707778622526 -0.1357866158055998 -0.08578293273580007 -0.019685476773873677 0.18360863731040025
16 34 -2.1117686915450076 -1.335748182219145 -0.49763583942308354 -0.3162413461941241 -0.11131351207124221 -0.02291258545744221 0.37454022797164704 0.5759237465741921 1.9531630593229237 -1.4788174752196004 -1.0188221719370971 -0.3593632929868004 -0.007417649320999916 0.28418553194239043 0.4771730174933093
16 35 -1.5228336123651354 -1.4191793807534814 -1.3078395917806456 0.16927691463900887 0.19823192693003794 0.241777891767438 0.21879013480794465 0.19603538158498907 0.5214520206200401 -0.48249627171540244 -0.07767633765743169 0.3269874353621993 -0.07024950239299999 0.07949515445706791 0.17854718247960005
16 36 -1.0872294796003064 -1.0400052333643162 -0.9823177382625864 0.4419909560109922 0.4988974162724522 0.5142257704281422 0.221809765095134 0.18437658218128 0.50115384141928 -0.31991885189159963 -0.26376517969435787 -0.10384709049400032 -0.2234894107186 -0.0970403064112 0.0671951762020001
16 37 0.44494992466350597 0.4171319943804865 0.466386931201196 0.250757562287222 0.255330324927462 0.268996252970622 0.1910068306960396 0.04998622977728001 0.36233035271554903 -0.015009831567199539 0.18163365947279425 0.19984019935400027 -0.024172810140200007 -0.02630854198804211 -0.00855211333480016
16 38 -0.6843249343832529 -0.45369799968852914 -0.4127037062176229 0.23194756716258244 0.23765915713975244 0.23968373907207244 0.25017093486220143 0.03389429407383998 0.88921034730896 -0.09337511498200002 0.4680054459520843 0.8132361649694 -0.0006108652381998925 0.017839102144126307 0.03892084231960011
16 39 -0.908963450487271 -0.8594536955957869 -0.849303733330781 0.23367132220596692 0.26376952515670693 0.29311723652908694 0.1932242231009435 0.12493066785885816 0.22856831884191997 -0.23640484718339905 -0.08628356665282097 0.039618974020400044 -0.12051498485059993 -0.06575298308360956 0.043458698374799765
16 40 -0.49963710181753607 -0.4193318849391729 -0.419216693208506 0.21450028633145254 0.30730380598342255 0.32494035807488253 0.20789795546151618 0.19226547040014547 0.41224676932205095 -0.3858922976172 -0.17234667066310053 0.05724679946560007 -0.05715953300299975 0.03376752805439235 0.15742869853039992
16 41 -2.3806025804274005 -2.0752537371301 -1.8683309916728803 -0.3174699610257655 -0.2788632779715255 -0.22846253249689547 0.28123642907993396 0.25296802178505456 1.1468034916186212 -0.9927432785376 -0.5647701740640114 0.055152404363201235 -0.24844761902219986 -0.13314106409739712 0.04197516851059985
16 42 0.37052224948474055 0.9167038402761067 1.2663168513968706 -0.08888064975124005 0.12449894127514996 0.26625458312276445 0.35140640887761015 0.38302995764409453 1.8638022016240148 -1.3767157139688728 -0.9809485271705342 -0.3857177646919993 0.003141592653599992 0.20036379812969188 0.35342917353000003
16 43 -1.881791746558437 -1.616658779887117 -1.4636937609187068 -0.33350594922962956 -0.24305426074472958 0.10518255826004685 0.2930137840189074 0.5477715857401999 0.48942522884584005 -0.4102396406826003 0.2575922257083369 0.8773770149803994 0.031677725923799915 0.2854899359100421 0.3911282853729379
16 44 -0.6806266301782755 -0.6433638506480756 -0.6089983176761956 0.24909557250700498 0.261544133396895 0.285572953873805 0.17664671619204425 0.06637487145356 0.1196597735171201 -0.09477137838360017 0.00914919965785264 0.09320058205679993 -0.10131636307859987 -0.034934142870294733 0.03429571980180013
16 45 -0.7467534709527729 -0.6978563266287412 -0.698028241560063 0.07133698796104215 0.08199222304450215 0.08788707259313217 0.1904856270656892 0.06438519610628 0.34437091471212006 -0.06387905062320065 -0.13937831968734735 0.06702064327679946 -0.026441738167800044 0.01821572582482105 0.005846852994199972
16 46 -0.537078050376708 -0.5348178489953679 -0.532596917522198 0.23441997149156302 0.235672245229873 0.23991339531223302 0.15667136630150766 0.015987215948320005 0.007644542123759979 -0.0020071286398004595 0.004023443223031568 0.011955505376199937 -0.01143190660059995 -0.008414324183326318 -0.0021816615649999926
16 47 -0.6163789272323466 -0.5529492988915365 -0.5124402069526166 -0.20192853428577395 0.0700286697612151 0.21452884185707605 0.2601242775623346 0.521137861355029 0.42851323795103996 -0.4347615166731994 -0.22308063623589477 -0.01815142422079974 -0.6314601233736001 -0.2742830849236995 0.1857902988754
16 48 -1.2183323688281118 -1.02439400033975 -0.895494453762542 0.2043040728412685 0.29449832526149855 0.3477090508318485 0.24771774198224777 0.26956610297122546 0.40292671111672007 -0.3119776037950017 0.18304829476107365 0.7099999397136009 -0.2713986986860001 0.00225974208416844 0.283179671137
16 49 -0.5479899458219785 -0.5004428136743685 -0.4596413790857385 0.27998678519574455 0.2943246650009246 0.3257624081525745 0.1810757393736801 0.07956956059868003 0.20921261743724007 -0.15446163880200037 -0.11011190391433687 -0.07470009198559974 -0.00907571211039987 0.03404310635743161 0.09398598022020005
