23 0 3.05 3.086 3.13 0.0375 0.07 0.10250000000000001 0.18552187918373966 0.12000000000000001 0.1299999999999999 0.0 -3.2736842105263158 0.10000000000000231 -0.10000000000000009 -0.015789473684210523 0.0
23 1 0.2025 0.812 1.4274999999999998 -0.0925 -0.07 -0.04 0.33216170230029624 0.09 1.8499999999999999 0.20000000000000004 0.5315789473684209 1.4500000000000002 -0.09999999999999998 0.021052631578947368 0.15
23 2 0.03 0.07150000000000001 0.0875 -0.07 -0.07 -0.07 0.1803283622053633 0.039999999999999994 0.24 0.049999999999999975 0.12631578947368421 0.24999999999999997 0.0 0.005263157894736843 0.0
23 3 0.09 0.09500000000000001 0.1 0.26 0.26 0.26 0.15533972169256358 0 0.010000000000000009 0.0 0.005263157894736847 0.0 0.0 0.0 0.0
23 4 -0.215 -0.07949999999999999 0.09 -0.0125 0.02 0.03 0.207393963243945 0.07 0.53 0.10000000000000009 0.2789473684210527 0.3999999999999999 -0.04999999999999999 -0.03684210526315789 0.0
23 5 -0.26 -0.14900000000000002 -0.0525 -0.02 0.05500000000000001 0.12 0.20744467524037488 0.19 0.34 0.0 0.17894736842105263 0.35 -0.15000000000000005 -0.10000000000000002 0.0
23 6 -0.05 -0.05000000000000001 -0.05 -0.26 -0.26 -0.26 0.1544546959308694 0 0 0.0 0.0 0.0 0.0 0.0 0.0
23 7 0.18250000000000002 0.5530000000000002 1.0125000000000002 -0.08 -0.055 0.0925 0.2608101261714471 0.19 0.92 -0.6499999999999999 -0.41052631578947363 0.19999999999999996 -0.10000000000000002 -0.08947368421052632 0.049999999999999975
23 8 1.6125 2.0695000000000006 2.7325 -0.1725 -0.155 -0.14 0.41257510649519263 0.2 2.48 -2.8000000000000003 -1.3052631578947367 0.0 0.0 0.09999999999999999 0.15
23 9 0.2575 0.2965 0.3425 -0.09 -0.055 -0.0275 0.1813249543592032 0.06999999999999999 0.11999999999999997 -0.049999999999999906 0.052631578947368446 0.1999999999999999 0.0 0.03684210526315789 0.09999999999999996
23 10 -0.1375 0.168 0.1125 -0.015 0.005 0.03 0.35054054119842576 0.39 1.89 -1.15 -0.7947368421052632 0.30000000000000004 -0.04999999999999999 0.17894736842105263 0.3
23 11 -0.07 -0.0040000000000000036 0.0325 0.0375 0.05 0.05 0.1880146780802466 0.030000000000000002 0.31 0.0 0.1631578947368421 0.39999999999999986 0.0 -0.01578947368421053 0.0
23 12 2.0625 2.1715000000000004 2.2750000000000004 -0.7925 -0.72 -0.72 0.1982580713213518 0.08000000000000007 0.33999999999999986 0.09999999999999787 0.11578947368421062 0.29999999999999805 0.0 0.04210526315789478 0.14999999999999958
23 13 0.03 0.08549999999999999 0.1275 -0.21 -0.21 -0.21 0.17393540508742747 0.020000000000000018 0.2 0.0 0.10526315789473684 0.20000000000000004 0.0 0.0 0.0
23 14 -0.042499999999999996 0.0495 0.16999999999999998 0.14 0.17 0.23750000000000002 0.20359766319120448 0.16999999999999998 0.38 0.09999999999999995 0.19999999999999996 0.2500000000000001 -0.15000000000000013 -0.0631578947368421 0.0
23 15 -0.16 -0.04550000000000002 0.057499999999999996 -0.02 -0.02 -0.017499999999999998 0.1968040813014727 0.05 0.43000000000000005 0.0 0.22631578947368425 0.35000000000000003 0.0 0.02631578947368421 0.0
23 16 -1.13 -0.9315000000000001 -0.985 -0.0225 0.025 0.07 0.26634321067791805 0.12000000000000001 1.1300000000000001 0.0 0.5947368421052632 1.0500000000000003 -0.1 -0.05263157894736842 0.0
23 17 0.31 0.32399999999999995 0.3325 0.04 0.1 0.14250000000000002 0.17140203659377662 0.12 0.06 0.0 0.0 0.04999999999999977 -0.10000000000000009 -0.005263157894736841 0.0
23 18 0.0675 0.32250000000000006 0.475 0.07 0.095 0.20500000000000002 0.2223430483995294 0.21000000000000002 0.5599999999999999 0.0 0.23684210526315788 0.5500000000000003 -0.1999999999999999 -0.09999999999999999 0.0
23 19 -2.84 -2.7800000000000002 -2.7475 -0.14500000000000002 -0.02 0.0 0.21142090145644846 0.15 0.3999999999999999 -0.2499999999999991 -0.19999999999999996 0.0 -0.14999999999999997 0.05789473684210524 0.24999999999999997
23 20 0.3825000000000003 1.688250000000001 -3.12375 -0.21 -0.19 -0.1875 0.45292643920645875 0.06999999999999998 3.08 -3.175000000000001 -1.2684210526315791 0.0 -0.09999999999999981 0.010526315789473675 0.0
23 21 -1.4725 -0.9845 -0.47 -0.08249999999999999 -0.07 -0.04750000000000001 0.3303871881212221 0.11 1.88 -1.2000000000000006 -0.9894736842105262 -0.8999999999999991 -0.1 -0.057894736842105256 0.0
23 22 -0.8925000000000001 -0.44749999999999995 -0.05 0.0275 0.045 0.0925 0.2609797070875086 0.12 1.07 -0.30000000000000016 -0.010526315789473623 0.40000000000000036 -0.050000000000000044 0.02631578947368421 0.10000000000000002
23 23 -0.14750000000000002 -0.09850000000000002 0.0075 -0.2225 -0.21 -0.2 0.19078639295711797 0.04000000000000001 0.37 0.0 0.19473684210526315 0.3000000000000001 -0.09999999999999981 -0.02105263157894737 0.0
23 24 0.0275 0.1335 0.2375 -0.05 -0.05 -0.04750000000000001 0.1959596251369224 0.05 0.42 0.049999999999999975 0.22105263157894733 0.34999999999999976 0.0 0.026315789473684216 0.0
23 25 -0.74 -0.37 -0.0075 -0.07500000000000001 -0.055 -0.04750000000000001 0.2540644164063451 0.06999999999999999 0.92 -0.8500000000000003 0.05789473684210527 0.7000000000000002 -0.10000000000000002 -0.0368421052631579 0.0
23 26 -0.66 -0.47850000000000004 -0.34750000000000003 -0.115 -0.07500000000000001 -0.0375 0.2332625583187959 0.08 0.39999999999999997 -0.30000000000000027 0.21052631578947367 0.8499999999999999 -0.09999999999999995 -0.021052631578947364 0.09999999999999995
23 27 -2.0999999999999996 -1.6960000000000002 -1.2375 0.08750000000000001 0.09 0.1 0.3322686031887703 0.039999999999999994 1.9400000000000002 -1.25 -1.0210526315789472 -0.7499999999999996 -0.049999999999999975 0.010526315789473684 0.0
23 28 1.5675000000000001 1.751 2.045 -0.52 -0.28500000000000003 -0.2275 0.34389767536208377 0.54 1.5300000000000002 0.40000000000000036 0.805263157894737 0.9999999999999998 -0.30000000000000027 -0.07894736842105263 0.0
23 29 0.0675 0.10600000000000001 0.1225 -0.4225 -0.38 -0.35250000000000004 0.1884203740516857 0.15999999999999998 0.22 -0.09999999999999995 0.11578947368421051 0.3 -0.14999999999999986 -0.08421052631578946 0.0
23 30 -0.052500000000000005 0.008499999999999997 0.0625 0.02 0.03 0.0625 0.1875759178871354 0.06 0.26 0.049999999999999975 0.1368421052631579 0.19999999999999996 0.0 0.031578947368421054 0.04999999999999999
23 31 0.08750000000000001 0.16999999999999998 0.24250000000000002 -0.0075 0.045 0.08249999999999999 0.20411999675443218 0.22 0.30000000000000004 0.0 0.15789473684210528 0.30000000000000016 0.0 0.11052631578947367 0.24999999999999997
23 32 -0.07 -0.0495 -0.03 -0.1 -0.1 -0.1 0.16064987626272872 0 0.06999999999999999 -0.09999999999999995 0.0 0.049999999999999975 0.0 0.0 0.0
23 33 0.02 0.022500000000000003 0.0225 -0.07 -0.07 -0.07 0.157109773215952 0.020000000000000004 0.009999999999999998 0.0 0.005263157894736841 0.0 0.0 0.0 0.0
23 34 0.2475 0.922 1.71 -0.84 -0.52 -0.22250000000000003 0.39991069820276687 0.43000000000000005 1.91 -1.5999999999999992 -0.8421052631578947 0.20000000000000018 -0.24999999999999967 0.2263157894736842 0.55
23 35 2.78 2.9524999999999997 -3.0375 -1.035 -0.43 -0.23 0.3807472189541159 0.85 0.5900000000000007 -0.7000000000000028 -3.410526315789474 0.15000000000000124 -0.050000000000000044 0.4473684210526316 0.5499999999999999
23 36 0.235 1.2825 2.0225 -0.05 -0.04 0.0 0.35587037202320576 0.06 1.79 -1.6500000000000004 -0.9052631578947368 0.4000000000000002 0.0 0.031578947368421054 0.09999999999999999
23 37 -2.8125 -2.7009999999999996 -2.6325 -0.07 -0.045 -0.03 0.2039678607651426 0.06999999999999999 0.48 -0.5000000000000004 -0.03684210526315781 0.20000000000000018 0.0 0.031578947368421054 0.1
23 38 0.1 0.13500000000000004 0.16 -0.1225 -0.12 -0.09 0.1784264594912573 0.08000000000000002 0.19 0.0 0.1 0.20000000000000004 -0.09999999999999995 -0.026315789473684223 0.0
23 39 -0.1625 -0.25199999999999995 -0.11249999999999999 -0.51 -0.49 -0.425 0.2837065925595358 0.25000000000000006 1.02 -0.9500000000000001 -0.5368421052631579 0.19999999999999993 0.0 0.1315789473684211 0.20000000000000018
23 40 -0.0175 0.081 0.1825 -0.05 -0.05 -0.05 0.204906235547081 0.04000000000000001 0.53 0.19999999999999998 0.27894736842105267 0.3500000000000002 0.0 0.010526315789473684 0.0
23 41 0.14 0.14000000000000004 0.14 0.07 0.09 0.09 0.1562247474542578 0.01999999999999999 0 0.0 0.0 0.0 0.0 0.010526315789473679 0.0
23 42 1.0150000000000001 1.252 1.6475 -0.77 -0.49 -0.17750000000000002 0.37201889731834964 0.77 0.78 -1.05 -0.3368421052631579 0.9000000000000008 0.19999999999999962 0.4052631578947368 0.5500000000000003
23 43 -0.39249999999999996 -0.03749999999999999 0.56 0.0825 0.135 0.1625 0.4399293602174533 0.25 2.79 0.3500000000000003 1.468421052631579 3.0 -0.34999999999999987 -0.01578947368421052 0.10000000000000006
23 44 0.0 0.042499999999999996 0.05750000000000001 -0.03 -0.02 -0.017499999999999998 0.19338568704612763 0.05 0.38 0.0 0.19999999999999998 0.30000000000000004 -0.09999999999999999 -0.02631578947368421 0.0
23 45 -1.345 -0.5215 0.07 -0.035 0.065 0.13 0.4221316807984097 0.97 1.9100000000000001 -1.9000000000000001 -1.0052631578947369 -0.050000000000000044 -0.10000000000000009 0.5105263157894736 0.8500000000000001
23 46 0.44 0.841 1.255 -0.02 -0.01 0.005 0.2949248975617674 0.16999999999999998 1.38 -1.5 0.026315789473684233 1.3500000000000005 0.0 0.08947368421052632 0.2
