26 0 2.5975 2.8457500000000002 2.9975 -0.1325 -0.04 0.05 0.30222204957604765 0.53 0.7250000000000005 -0.39999999999999813 -2.9842105263157896 0.5499999999999994 -0.20000000000000004 -0.2789473684210526 0.10000000000000009
26 1 0.245 0.3635 0.495 0.0 0.015 0.02 0.20435590896182396 0.03 0.53 0.0 0.2526315789473685 0.6 -0.04999999999999999 -0.015789473684210527 0.0
26 2 0.009999999999999998 0.1645 0.3125 0.0 0.005 0.02 0.19463583918211694 0.02 0.43000000000000005 0.09999999999999981 0.22631578947368425 0.39999999999999997 0.0 0.0 0.0
26 3 0.08750000000000001 0.21800000000000003 0.33 0.33 0.335 0.37 0.1942808552071079 0.07 0.36 0.0 0.15789473684210525 0.2999999999999998 0.0 0.021052631578947358 0.04999999999999977
26 4 0.2225 0.25049999999999994 0.33 0.0275 0.03 0.03 0.1984879224309303 0.07 0.43 0.0 0.19999999999999998 0.6 0.0 0.03684210526315789 0.0
26 5 0.42000000000000004 0.48450000000000004 0.6425 -0.0075 0.1 0.23500000000000001 0.24546995009939535 0.29000000000000004 0.6 -0.24999999999999967 0.21052631578947367 0.4999999999999999 -0.3 -0.15263157894736842 -0.10000000000000006
26 6 0.02 0.41500000000000004 0.72 -0.19 -0.16 -0.12 0.2772576493975416 0.07 1.31 0.15000000000000002 0.6894736842105262 1.15 0.0 0.021052631578947368 0.049999999999999906
26 7 -0.08249999999999999 -0.005500000000000003 0.08249999999999999 0.3475 0.35 0.36 0.18733250030427204 0.14999999999999997 0.19 -0.09999999999999995 0.026315789473684223 0.10000000000000009 -0.09999999999999981 -0.06315789473684211 0.0
26 8 0.3225 1.1235 1.8849999999999998 -0.13 -0.12 -0.1 0.3858216885066333 0.06000000000000001 1.98 -2.6 -1.0421052631578949 0.5999999999999994 -0.10000000000000009 -0.02631578947368421 0.0
26 9 0.255 0.5925 0.8574999999999999 0.0 0.02 0.0325 0.2707987666842469 0.14 1.08 -0.5500000000000003 -0.3736842105263158 0.35000000000000003 -0.10000000000000005 -0.05263157894736842 0.04999999999999999
26 10 0.034999999999999996 0.24050000000000002 0.38499999999999995 -0.0125 0.01 0.065 0.24587848594263456 0.19 0.83 0.049999999999999975 0.43684210526315786 0.8500000000000003 -0.20000000000000004 -0.10000000000000002 0.0
26 11 0.3775 0.4630000000000001 0.575 0.08750000000000001 0.09 0.1 0.18468756541847542 0.03 0.29 -0.1999999999999999 0.052631578947368446 0.20000000000000018 -0.09999999999999995 -0.010526315789473679 0.0
26 12 0.21500000000000002 0.37450000000000006 0.505 -0.045 -0.02 -0.02 0.21628986165767378 0.08 0.62 0.20000000000000012 0.3263157894736842 0.44999999999999984 -0.1 -0.042105263157894736 0.0
26 13 0.13 0.16299999999999998 0.1875 -0.21 -0.19 -0.1475 0.1740926122763601 0.09 0.13 -0.10000000000000009 0.02631578947368421 0.10000000000000009 -0.10000000000000009 -0.047368421052631574 0.0
26 14 0.17750000000000002 0.24749999999999997 0.3425 0.21500000000000002 0.35 0.37249999999999994 0.2108932938455921 0.35 0.22 -0.20000000000000018 -0.026315789473684206 0.20000000000000018 -0.30000000000000004 -0.1842105263157895 0.0
26 15 -0.07250000000000001 0.08049999999999999 0.135 -0.26 -0.24 -0.2275 0.2265957564201386 0.11000000000000001 0.71 0.09999999999999995 0.3736842105263158 0.49999999999999994 0.0 0.05789473684210528 0.10000000000000009
26 16 0.19 0.189 0.19 0.17 0.17 0.17 0.1553397216925636 0 0.010000000000000009 0.0 0.0 0.0 0.0 0.0 0.0
26 17 0.24 0.35950000000000004 0.465 0.03 0.045 0.08249999999999999 0.19342361961945714 0.08 0.33000000000000007 -0.2499999999999998 0.08947368421052633 0.35000000000000003 -0.09999999999999996 7.304098846218135e-19 0.04999999999999999
26 18 0.53 0.754 0.9524999999999999 0.1475 0.165 0.3025 0.232316678161386 0.30999999999999994 0.51 0.0 0.2578947368421053 0.5499999999999999 0.0 0.1631578947368421 0.35000000000000003
26 19 -1.2 -0.8515 -0.525 -0.05750000000000001 0.05 0.1125 0.33592027262769286 0.28 1.6500000000000001 -0.8500000000000003 -0.8684210526315791 -0.40000000000000024 -0.3 -0.14736842105263157 -0.05
26 20 0.0275 0.1395 0.20500000000000002 -0.12 -0.10500000000000001 -0.1 0.20421898657146337 0.04000000000000001 0.49000000000000005 0.0 0.2578947368421053 0.55 0.0 0.010526315789473694 0.0
26 21 -0.31999999999999995 -0.17099999999999999 0.08249999999999999 0.09250000000000001 0.165 0.2025 0.25516243255304477 0.26 0.87 -0.7499999999999999 -0.45789473684210524 -0.09999999999999995 -0.050000000000000044 0.08947368421052633 0.25
26 22 0.3125 0.47750000000000004 0.6475 0.0675 0.09 0.09 0.20664078867296848 0.06 0.31 -0.24999999999999967 0.05789473684210528 0.4999999999999999 0.0 -0.005263157894736837 0.049999999999999975
26 23 0.615 0.6380000000000001 0.68 -0.14 -0.14 -0.14 0.16774022475556816 0.010000000000000009 0.14 -0.10000000000000009 -0.0736842105263158 0.0 0.0 0.0 0.0
26 24 0.36749999999999994 0.5154999999999998 0.6625000000000001 -0.052500000000000005 -0.05 -0.0375 0.20952406994198547 0.05 0.34 -0.4500000000000001 -0.10526315789473682 0.30000000000000027 -0.049999999999999975 -0.02631578947368421 0.0
26 25 0.21 0.2645 0.275 0.02 0.03 0.03 0.17840617469268533 0.02 0.24000000000000002 0.0 0.12105263157894738 0.15 0.0 -0.010526315789473684 0.0
26 26 -0.12 -0.11650000000000002 -0.1 -0.14 -0.12 -0.1 0.1624249989857601 0.05000000000000002 0.04000000000000001 0.0 -0.010526315789473679 0.0 0.0 -0.005263157894736847 0.0
26 27 0.10750000000000001 0.12150000000000001 0.14 -0.09 -0.04 0.0 0.18461656862347356 0.14 0.2 -0.15000000000000008 -0.10526315789473684 0.0 -0.10000000000000005 -0.07368421052631578 0.0
26 28 -0.025 0.23349999999999999 0.5175 -0.1125 0.0 0.1125 0.33622738447807216 0.27 1.7799999999999998 0.3999999999999998 0.9315789473684212 1.4000000000000001 -0.20000000000000012 -0.14210526315789473 0.0
26 29 -0.0925 0.08249999999999999 0.2975 -0.17 -0.155 -0.05 0.23110202442289743 0.17 0.7 0.10000000000000009 0.3684210526315789 0.5500000000000002 0.0 0.08947368421052632 0.15
26 30 0.2825 0.40149999999999997 0.49 -0.4 -0.38 -0.38 0.18294794109294496 0.020000000000000018 0.30000000000000004 0.0 0.15789473684210525 0.20000000000000018 0.0 0.0 0.0
26 31 0.29 0.3145 0.33 -0.1925 -0.19 -0.17 0.1748255020487647 0.09 0.14 0.0 0.0736842105263158 0.19999999999999962 -0.049999999999999906 -0.026315789473684223 0.0
26 32 0.17500000000000002 0.227 0.3425 -0.0225 0.060000000000000005 0.1125 0.21532105967787735 0.21 0.47 -0.14999999999999986 0.15789473684210525 0.4500000000000001 -0.15000000000000002 -0.11052631578947367 -0.09999999999999988
26 33 0.5525 0.868 1.2075 -0.09 -0.08 -0.0675 0.24589369954156354 0.06999999999999999 0.95 -0.7500000000000001 0.08421052631578944 0.9999999999999992 0.0 0.031578947368421054 0.09999999999999995
26 34 0.17 0.346 0.495 -0.1925 -0.165 -0.16 0.24006384843198506 0.11000000000000001 0.83 0.10000000000000009 0.4368421052631579 0.6499999999999997 -0.10000000000000009 -0.05789473684210527 0.0
26 35 3.05 3.1240000000000006 -3.0475 0.0075 0.05 0.06 0.20984355551949369 0.08 0.27 -0.7000000000000006 -3.3631578947368417 0.2499999999999991 -0.1 -0.042105263157894736 0.0
26 36 0.195 0.22550000000000003 0.28 -0.21 -0.21 -0.17250000000000001 0.18262845551543677 0.06999999999999998 0.25 -0.20000000000000004 -0.13157894736842107 0.0 0.0 0.03684210526315788 0.049999999999999906
26 37 -2.1725000000000003 -0.9205 0.1325 -0.1625 -0.105 -0.04750000000000001 0.3969797476571056 0.17 2.58 0.0 1.3263157894736841 2.3 -0.15000000000000002 -0.08947368421052632 0.0
26 38 0.0975 0.167 0.25 -0.175 -0.125 -0.075 0.20157648586149543 0.1 0.35 -0.4000000000000001 -0.14736842105263157 0.049999999999999975 -0.1999999999999999 -0.0263157894736842 0.10000000000000009
26 39 -0.1825 0.003000000000000019 0.3425 0.01 0.02 0.02 0.3461070956225406 0.03 2.1100000000000003 0.0 1.1105263157894738 1.7 0.0 0.005263157894736841 0.0
26 40 0.07 0.1105 0.14 -0.1 -0.08 -0.057499999999999996 0.18042471499858004 0.08 0.10999999999999999 -0.09999999999999988 0.057894736842105256 0.1999999999999999 -0.10000000000000005 0.010526315789473687 0.15
26 41 0.2025 0.3345 0.4925 -0.24 -0.24 -0.23 0.19529773215951968 0.009999999999999981 0.45 0.10000000000000002 0.22631578947368416 0.30000000000000027 0.0 0.0 0.0
26 42 -2.8475 -2.1395 -1.4925000000000002 -0.505 -0.2 -0.12 0.4478624163252058 0.77 2.29 -1.5500000000000025 -1.0842105263157897 -0.9999999999999976 -0.65 -0.4052631578947368 -0.15000000000000008
26 43 0.16 0.20299999999999999 0.19 0.03 0.03 0.035 0.18264366911436575 0.08 0.24000000000000002 0.0 0.12631578947368424 0.20000000000000004 0.0 0.031578947368421054 0.0
26 44 -0.6950000000000001 -0.4405 -0.17250000000000001 0.03 0.03 0.03 0.2226016795813218 0.009999999999999998 0.76 0.10000000000000009 0.3999999999999999 0.5999999999999996 0.0 0.0 0.0
26 45 -0.08249999999999999 0.17849999999999996 0.4125 -0.02 -0.005 0.02 0.2104648788997525 0.07 0.56 0.0 0.21052631578947367 0.3000000000000001 0.0 0.03684210526315789 0.1
26 46 0.17500000000000002 0.3035 0.41500000000000004 0.03 0.05 0.06 0.20466018094040322 0.030000000000000002 0.51 -0.3 0.03157894736842103 0.4499999999999996 -0.049999999999999975 -0.010526315789473687 0.049999999999999975
26 47 -0.9524999999999999 -0.49800000000000005 -0.012499999999999999 -0.042499999999999996 -0.02 0.01 0.2817026573086129 0.1 0.8099999999999999 -0.0500000000000001 0.4263157894736842 0.7499999999999992 -0.09999999999999999 0.005263157894736839 0.1
26 48 -1.5699999999999998 -0.9135000000000002 -0.2475 -0.05 -0.035 0.0 0.30408733822873135 0.07 1.3499999999999999 -0.10000000000000009 0.7105263157894737 1.2999999999999998 -0.1 -0.015789473684210523 0.049999999999999975
