35 0 2.005 2.251183982683983 2.6210714285714287 -0.2639285714285713 -0.21404761904761893 -0.16714285714285704 0.2386122534358139 0.11047619047619064 0.6804761904761909 -0.02619047619047299 0.35814536340852154 0.5250000000000044 -0.08095238095238502 0.005012531328320725 0.09047619047619165
35 1 -0.37352272727272695 -0.34165909090909086 -0.31 -0.5928571428571432 -0.295 -0.2828571428571429 0.24117686301870428 0.81 0.14547619047619081 -0.10000000000000009 -0.005513784461152973 0.09090909090909288 -0.8984848484848473 -0.4263157894736842 -0.01904761904761909
35 2 -0.13 -0.09911796536796544 -0.031590909090909114 -0.03 0.035 0.19054653679653694 0.2140355563100096 0.36 0.255 -0.34047619047618927 -0.13421052631578947 0.115909090909092 0.1 0.18947368421052632 0.3023809523809533
35 3 2.88 2.9244199134199134 2.97 -0.4839285714285716 -0.37972943722943736 -0.255 0.19340844498231152 0.32 0.10000000000000009 0.0 0.05263157894736847 0.14642857142857402 -0.233333333333334 -0.1368421052631579 -0.049999999999999906
35 4 1.2551190476190475 1.3248528138528137 1.4057954545454543 -0.0225 -0.01 0.000340909090908999 0.19975610685324216 0.10952380952380937 0.3599999999999999 -0.23495670995670848 -0.18421052631578952 -0.1023809523809538 0.0 0.05764411027568914 0.1
35 5 -1.385595238095238 -1.2839642857142857 -1.1678571428571427 -0.5492857142857146 -0.42972943722943735 -0.265 0.23214697512255747 0.5609523809523812 0.30000000000000004 -0.2369047619047615 -0.15789473684210528 -0.10000000000000009 -0.3690476190476194 -0.2899749373433586 -0.1568181818181802
35 6 1.6603571428571429 1.6934285714285715 1.72 -0.22 -0.18404761904761913 -0.08956168831168837 0.18197100924102833 0.20047619047619064 0.1100000000000001 0.0 0.05789473684210531 0.1309523809523816 -0.16904761904761917 -0.08972431077694244 0.0
35 7 -1.4010714285714285 -0.8647792207792209 -0.3020616883116884 -0.03625000000000016 -0.03 0.0 0.31308775032649727 0.09 1.6804761904761907 -1.18214285714286 -0.8844611528822055 -0.6190476190476191 -0.1 -0.02631578947368421 0.037337662337662246
35 8 1.9175 2.0066190476190475 2.07 -0.5819047619047618 -0.5456818181818183 -0.08750000000000001 0.21636305275271164 0.53 0.18000000000000016 0.0 0.09473684210526324 0.1023809523809549 -0.20476190476190648 -0.25789473684210534 0.050000000000000044
35 9 -1.0951190476190482 -0.8839036796536799 -0.5717045454545455 -0.4170238095238096 -0.34952380952380957 -0.2467045454545454 0.3119263107953699 0.38 1.29 -0.9403679653679681 -0.6789473684210525 -0.30238095238095564 -0.3250000000000011 -0.04210526315789474 0.2182900432900431
35 10 -3.12 -3.1191904761904765 -3.1184523809523808 -0.2225 -0.22 -0.22 0.17477841233779406 0.21 0.020000000000000018 0.0 -0.010526315789473694 0.0 -0.050000000000000044 -0.1105263157894737 0.0
35 11 -2.2755952380952382 -2.045712121212121 -1.7728571428571431 -0.2279761904761906 -0.135 -0.09 0.2537537462295283 0.18047619047619065 0.73 -0.5702380952380959 -0.37894736842105275 -0.18495670995670732 -0.24047619047618943 0.09448621553884703 0.21904761904761913
35 12 -3.1216720779220775 -2.720249999999999 -2.310119047619047 -0.2 -0.18 -0.17511363636363653 0.2943358440140738 0.13047619047619063 1.440952380952381 0.5687229437229435 -2.546867167919799 0.8654761904761843 -0.13409090909090995 -0.04761904761904769 0.0
35 13 -1.59857683982684 -1.462853896103896 -1.3321428571428573 -0.1805952380952381 -0.13159090909090898 -0.061428571428571596 0.21536380039490136 0.17999999999999997 0.25 -0.19999999999999907 0.07368421052631585 0.2749999999999997 -0.3682900432900431 -0.09473684210526312 0.10000000000000009
35 14 3.02 3.0190000000000006 3.02 -0.21 -0.198409090909091 -0.17750000000000002 0.1633252383463832 0.06999999999999998 0.029999999999999805 0.0 0.010526315789473694 0.0 -0.06504329004329082 -0.0052631578947368324 0.0
35 15 -1.0003571428571432 -0.9822142857142857 -0.9 -0.03 0.05 0.07250000000000001 0.20203222688977485 0.16 0.30000000000000004 -0.4182900432900427 -0.15789473684210528 0.09999999999999953 -0.13409090909090798 -0.0842105263157895 0.09999999999999995
35 16 -1.1046428571428577 -0.7114166666666669 -0.2727759740259741 -0.1825 -0.17 -0.15 0.2828273075505557 0.05000000000000002 1.38 -1.0071428571428618 -0.7263157894736841 -0.4281385281385264 -0.09999999999999981 -0.021052631578947375 0.0
35 17 -2.5517045454545455 -2.5379231601731598 -2.531785714285714 -0.17897727272727298 -0.16 -0.15 0.17668974995796546 0.15 0.08999999999999986 -0.09999999999999787 -0.03684210526315781 0.07727272727272805 -0.12857142857142775 -0.07894736842105263 0.021753246753249827
35 18 0.5974999999999999 0.6559848484848485 0.6661904761904762 -0.14250000000000002 -0.13 -0.08750000000000001 0.19768040207874568 0.11952380952380937 0.35952380952380947 0.0023809523809531496 0.18922305764411024 0.22380952380952335 -0.10000000000000009 -0.062907268170426 0.0
35 19 -2.7829383116883117 -2.4691634199134196 -2.1701190476190475 -0.3017045454545455 -0.24563852813852813 -0.2 0.26113093668622583 0.18047619047619065 0.99 0.3349567099567108 0.5210526315789473 0.6595238095238121 -0.11590909090909013 -0.02130325814536349 0.10000000000000009
35 20 -1.3797619047619052 -1.0168290043290047 -0.7424999999999999 -0.31464285714285695 -0.295 -0.2092045454545454 0.2553456002555864 0.22000000000000003 0.85 -0.8271645021645024 -0.4473684210526316 -0.1809523809523833 -0.26504329004328875 -0.021052631578947368 0.12142857142857039
35 21 -0.24738095238095253 -0.23661147186147194 -0.19 -0.8123214285714284 -0.752142857142857 -0.6851190476190475 0.2184758617285674 0.18047619047619057 0.4204761904761906 -0.3833333333333319 -0.22130325814536347 -0.049999999999999906 -0.20000000000000018 0.06290726817042598 0.27456709956709735
35 22 0.4725 0.949222943722944 1.4276190476190485 -0.24226190476190512 -0.135 -0.0989285714285714 0.3116151113809321 0.39 1.2 0.18409090909090708 0.6315789473684209 1.0119047619047623 -0.5616883116883076 -0.20526315789473684 0.10000000000000002
35 23 -2.730438311688312 -2.4315032467532465 -2.162619047619047 -0.64 -0.585 -0.445 0.259273885455656 0.33 0.8600000000000001 0.16904761904761756 0.4526315789473685 0.7014069264069256 -0.28095238095238284 -0.16842105263157894 -0.09761904761904916
35 24 -3.0717857142857143 -2.9766028138528142 -2.89 -0.4925 -0.430681818181818 -0.39 0.2137771281852817 0.2704761904761907 0.39047619047619087 -0.2833333333333332 -0.17710184552289893 -0.1333333333333342 -0.2500000000000002 -0.05288220551378455 0.14318181818182008
35 25 0.5125 0.5514318181818183 0.6321590909090911 -0.31 -0.255 -0.1167045454545455 0.21066231024628873 0.31 0.32619047619047664 -0.06266233766233809 0.12130325814536351 0.3 -0.2694805194805201 -0.12105263157894738 0.0
35 26 -2.170909090909091 -2.044896103896104 -1.9476190476190474 -0.20321428571428574 -0.0884090909090908 0.24334415584415553 0.3179827720167559 1.1600000000000001 0.6104761904761908 0.003138528138526553 0.3213032581453636 0.6687229437229414 -0.7901515151515142 -0.5157894736842106 0.19599567099566964
35 27 1.7876190476190477 1.9094642857142858 2.007938311688312 -0.10500000000000001 -0.07 -0.06571428571428575 0.21606283462903061 0.08047619047619062 0.6004761904761906 -0.4198051948051962 -0.31604010025062657 -0.21190476190476204 -0.052380952380953055 0.0050125313283207245 0.0880952380952383
35 28 0.9945616883116883 1.0790606060606063 1.22 0.6126136363636362 0.6359523809523808 0.6725000000000001 0.2321781077988792 0.12 0.6504761904761907 -0.07857142857143007 0.2791979949874687 0.5384199134199164 -0.07543290043290019 0.06315789473684211 0.1904761904761898
35 29 -1.5371428571428571 -1.4848690476190476 -1.4375 -0.2904761904761904 -0.2806385281385282 -0.26 0.1723069900336654 0.04999999999999999 0.0904761904761906 -0.1349567099567095 -0.03132832080200502 0.0 -0.034090909090907784 -0.005263157894736847 0.049999999999997824
35 30 -1.7225000000000001 -1.6921266233766232 -1.66 -0.3523809523809525 -0.23472943722943737 -0.17750000000000002 0.1933809170450089 0.33047619047619065 0.1100000000000001 0.015909090909091983 0.05789473684210531 0.10000000000000009 -0.26666666666666367 -0.17393483709273194 -0.10000000000000009
35 31 -1.4023809523809525 -1.1883798701298702 -0.8799188311688313 -0.1280952380952381 -0.049047619047619145 0.0632954545454545 0.2597867911426085 0.44999999999999996 0.73 -0.507142857142856 -0.38421052631578945 -0.18452380952380998 -0.29761904761904684 -0.23684210526315788 -0.13181818181818206
35 32 1.070357142857143 1.3056991341991342 1.5598863636363638 -0.2285714285714284 -0.22 -0.14535714285714288 0.24195691181826334 0.15999999999999998 0.8309523809523811 0.21461038961039014 0.3794486215538848 0.5797619047619029 -0.10000000000000009 -0.07368421052631578 0.0
35 33 1.6474999999999997 1.7708376623376618 1.8732954545454545 -0.6139285714285713 -0.5724999999999998 -0.48011904761904745 0.19685707932163818 0.0995238095238094 0.2899999999999998 -0.20681818181817913 -0.1368421052631579 -0.045995670995672144 -0.10000000000000009 0.04711779448621547 0.1785714285714296
35 34 1.000357142857143 1.4101937229437231 1.864166666666667 0.0023809523809525525 0.100681818181818 0.14124999999999996 0.30468841952231 0.21000000000000002 1.2300000000000002 0.15238095238095384 0.6473684210526316 0.9220779220779185 -0.2869047619047628 -0.1105263157894737 0.16590909090909012
35 35 1.3917045454545454 1.486107142857143 1.5721428571428573 -0.21059523809523809 -0.21 -0.186477272727273 0.20862625567843113 0.07999999999999999 0.45999999999999996 0.050000000000000044 0.2421052631578947 0.322727272727269 -0.17142857142857224 -0.042105263157894736 0.08095238095238086
35 36 -1.8003409090909093 -1.7832229437229437 -1.76 -0.17 -0.16 -0.14920454545454548 0.17851451395778545 0.21000000000000002 0.06000000000000005 0.0 0.03157894736842108 0.10000000000000009 -0.11590909090908999 -0.11052631578947371 0.0
35 37 -2.67 -2.6264372294372293 -2.6151136363636365 -0.44 -0.43 -0.42 0.19935558238401785 0.26095238095238127 0.25136363636363646 -0.2154761904761915 -0.08947368421052627 0.09999999999999787 -0.10000000000000009 -0.1320802005012533 0.0
35 38 -1.9525 -1.886090909090909 -1.8275000000000001 -0.593095238095238 -0.3547294372294374 -0.20035714285714284 0.24077246836911634 0.77 0.20999999999999996 0.08409090909091033 0.11052631578947367 0.1749999999999985 -0.5452380952380942 -0.4052631578947368 -0.2690476190476193
35 39 -2.338376623376623 -1.7165194805194801 -1.0904761904761897 -0.38 -0.362142857142857 -0.31785714285714267 0.40230266328567393 0.12 2.620952380952381 1.0461038961039004 1.3794486215538846 1.7123376623376652 -0.10000000000000009 -0.01578947368421051 0.10000000000000009
35 40 -2.170438311688312 -2.048373376623376 -1.9175 -0.4809523809523809 -0.34563852813852813 -0.2430952380952381 0.23096502443589295 0.3104761904761907 0.4504761904761907 -0.050000000000000044 0.18972431077694243 0.46980519480519956 -0.264285714285717 0.026065162907268097 0.3687229437229418
35 41 -0.6697619047619051 -0.4563409090909093 -0.225 -0.32 -0.295 -0.27988095238095234 0.2404468421819156 0.07952380952380939 0.8300000000000001 -0.6833333333333275 -0.43684210526315786 -0.15 0.0 0.04185463659147863 0.1333333333333321
35 42 -0.6 -0.5928809523809524 -0.59 -0.07 -0.07 -0.06 0.15804201426117934 0.020476190476190634 0.010000000000000009 0.0 0.005263157894736847 0.0 -0.0023809523809531496 -0.010776942355889807 0.0
35 43 -1.489642857142857 -1.228622294372294 -0.996904761904762 -0.3148863636363638 -0.295 -0.25 0.22332474527649598 0.06 0.6799999999999999 0.05238095238095375 0.35789473684210527 0.5931818181818171 0.0 0.031578947368421054 0.10000000000000009
35 44 3.045 3.122991341991342 -3.0775 -0.5717857142857145 -0.3487770562770565 -0.2175 0.21604828030696313 0.41 0.29000000000000004 -0.20000000000000018 -0.1230576441102752 -0.088095238095236 -0.3619047619047637 -0.21052631578947367 -0.050000000000000044
35 45 -0.15726190476190513 0.08084632034632011 0.31 -0.09988095238095256 -0.02 -0.02 0.2536251662510135 0.22999999999999998 0.9000000000000001 -0.8880952380952383 -0.47368421052631576 0.0 -0.19318181818182 -0.12105263157894736 0.0
35 46 2.3819534632034634 2.6007608225108223 2.78 -0.42727272727272736 -0.4059523809523813 -0.38625 0.2302679222926192 0.165 0.5557142857142856 -0.4186147186147182 -0.29248120300751873 -0.050000000000001155 -0.10000000000000203 0.0868421052631579 0.15508658008658166
35 47 -1.579166666666667 -1.2073755411255411 -0.7895616883116885 -0.07250000000000001 -0.055 0.0009523809523810549 0.26604213901111295 0.08047619047619063 1.11 -0.815476190476192 -0.5842105263157894 -0.2674242424242418 -0.08409090909090998 0.020802005012531252 0.1
