38 0 -2.7725 -2.3784805194805188 -2.05 -0.2325 -0.21 -0.20750000000000002 0.22849407433656527 0.03999999999999998 0.7954761904761911 -0.0023809523809537048 0.4078947368421055 0.4318181818181843 -0.09999999999999981 -0.021052631578947358 0.0
38 1 -1.62 -1.0581764069264068 -0.6597619047619034 -0.15142857142857147 -0.13 -0.11784090909090911 0.34196011740641913 0.11952380952380938 1.717619047619047 -0.049999999999998934 0.9040100250626564 1.2380952380952384 -0.10000000000000002 0.031328320802004934 0.10000000000000009
38 2 -2.3195238095238104 -2.196284632034632 -2.04 -0.385 -0.27840909090909083 -0.2022619047619047 0.25347179338167614 0.19428571428571403 0.8204761904761906 -0.5213203463203497 -0.4318295739348372 -0.06904761904761969 -0.1999999999999999 0.04736842105263156 0.16190476190476172
38 3 1.1566666666666665 1.2333896103896105 1.3903733766233768 0.0275 0.07 0.1544318181818182 0.30036233181213057 0.21238095238095236 1.3719047619047624 -1.1882034632034633 -0.7220551378446118 0.21818181818181848 -0.08409090909090798 0.05263157894736842 0.22857142857142765
38 4 1.0805032467532474 1.5050725108225111 2.1323809523809527 -0.045595238095238085 0.015 0.12 0.4492849690314298 0.16952380952380935 3.064285714285716 0.5380952380952397 1.6127819548872189 2.8941558441558386 -0.2428571428571426 -0.08922305764411018 0.006818181818182278
38 5 -1.5529761904761905 -1.3189913419913422 -1.154042207792208 -0.29 -0.269318181818182 -0.225 0.2647560212298837 0.12000000000000002 0.9909523809523811 -0.9189393939394019 -0.379448621553885 -0.10952380952380825 -0.043181818181819986 0.04210526315789473 0.10000000000000009
38 6 -1.9655952380952382 -1.761555194805195 -1.5570616883116886 -0.14 -0.14 -0.13 0.20889022838889681 0.030000000000000013 0.56 -0.42857142857142816 -0.2894736842105262 -0.13333333333333308 -0.08409090909090991 0.015789473684210534 0.10000000000000002
38 7 -0.31008116883116876 0.04470670995671035 0.5389285714285721 -0.115 -0.07571428571428573 0.0 0.347459291047685 0.16999999999999998 1.91 0.5982683982684018 1.0052631578947369 1.4345238095238058 -0.19686147186147285 -0.005263157894736842 0.19999999999999996
38 8 -1.78 -1.7222305194805194 -1.6578571428571427 0.03559523809523808 0.04 0.05625000000000015 0.17943132553050603 0.049999999999999996 0.20047619047619047 -0.21190476190476204 -0.10551378446115288 -0.0023809523809525945 -0.084090909090908 -0.015789473684210527 0.08409090909090797
38 9 -2.7705952380952383 -2.4667824675324677 -1.9332142857142856 -0.2425 -0.13428571428571445 -0.01713203463203431 0.31936784405836194 0.22729437229437263 1.4509523809523817 -1.078571428571431 -0.6313283208020055 -0.14047619047618976 -0.36818181818181867 -0.06817042606516284 0.10000000000000009
38 10 0.10023809523809489 0.49141666666666656 0.8754383116883117 -0.16 -0.151590909090909 -0.14 0.2667070423400946 0.01999999999999999 1.2204761904761905 -0.8230519480519494 -0.6370927318295739 -0.5579004329004356 0.0 -0.010526315789473679 0.0
38 11 -0.46178571428571447 -0.05176839826839845 0.33969155844155813 -0.007023809523809472 0.14952380952380956 0.2 0.298399912322312 0.2395238095238094 1.31 -1.0031385281385248 -0.6894736842105263 -0.3023809523809512 -0.1999999999999999 0.057644110275689144 0.12857142857142762
38 12 -1.6724999999999999 -1.4294448051948052 -1.2349188311688313 -0.22178571428571445 0.02976190476190468 0.04 0.25604193943615666 0.33 0.8209523809523812 -0.6333333333333313 -0.4162907268170428 -0.15000000000000013 -0.27142857142857035 -0.15789473684210525 0.0
38 13 -1.8685551948051948 -1.760202380952381 -1.6659090909090908 -0.2325 -0.20349567099567112 -0.11821428571428585 0.21484793296807742 0.15999999999999998 0.5019047619047625 -0.46590909090909016 -0.11152882205513827 0.218722943722941 -0.10952380952380852 0.015789473684210523 0.05313852813852715
38 14 -2.9023214285714287 -2.1775357142857144 -1.6250000000000009 -0.14 -0.10380952380952382 -0.013652597402597373 0.3600087828561362 0.18 2.0757142857142856 -0.9483766233766211 -0.3736842105263158 0.5279220779220783 -0.13409090909090798 -0.07368421052631578 0.0
38 15 3.0979761904761904 -2.809538961038956 -2.4454761904761906 -0.3201623376623381 -0.005 0.03 0.3046977641549206 0.51 1.1169047619047623 -1.0373376623376562 -0.1878446115287156 0.012229437229436257 -0.2000000000000001 -0.25488721804511266 0.06666666666666388
38 16 0.6220616883116884 0.8764025974025975 1.0825 -0.17 -0.16 -0.15 0.21447745821683709 0.05000000000000002 0.6100000000000001 -0.15000000000000013 0.25789473684210523 0.4713203463203447 0.0 0.010526315789473694 0.09999999999999995
38 17 2.2549188311688315 2.8685584415584415 -2.8184523809523805 -0.25 -0.20500000000000002 -0.15 0.3558303299520904 0.12 2.1604761904761913 0.9555194805194822 -2.168170426065163 1.2809523809523826 -0.12500000000000094 -0.06315789473684211 0.0
38 18 0.62 0.640431818181818 0.6772727272727275 -0.006785714285714466 0.04 0.05 0.17580565671025536 0.06999999999999999 0.08999999999999997 -0.10000000000000009 -0.04736842105263156 0.0 -0.09999999999999998 -0.03684210526315789 0.0
38 19 -1.28 -1.190774891774892 -1.0788095238095239 0.01 0.02 0.10079545454545451 0.19410902412522824 0.14047619047619062 0.19190476190476247 -0.24318181818181794 -0.05689223057644083 0.05238095238095153 -0.15238095238095312 -0.06340852130325823 0.0
38 20 -1.7548809523809528 -1.3769448051948054 -0.9786850649350651 0.02 0.039318181818182 0.05 0.2750919216565369 0.06238095238095235 1.2804761904761905 -0.9230519480519506 -0.6739348370927318 -0.3678571428571453 -0.14080086580086681 -0.010526315789473686 0.1
38 21 -0.9897619047619051 -0.3412792207792211 0.459642857142857 -0.11 -0.09309523809523809 -0.056477272727272654 0.33569186610178753 0.07 1.9195238095238094 -1.5471861471861454 -1.0102756892230575 -0.3531385281385274 -0.049999999999999975 0.005263157894736838 0.05000000000000001
38 22 0.657727272727273 0.7028030303030305 0.7650000000000001 -0.12309523809523809 -0.083409090909091 -0.0675 0.26582641774314164 0.2077489177489177 1.0533333333333343 -0.19318181818182012 0.5543859649122812 1.1839826839826773 -0.168181818181818 -0.04235588972431087 0.11872294372294173
38 23 -0.5371428571428571 -0.21303138528138515 0.03976190476190511 -0.19 -0.13 -0.12 0.2499222806303992 0.09999999999999999 0.98 0.42857142857142716 0.5157894736842105 0.7179653679653679 -0.10000000000000009 -0.05263157894736842 0.0
38 24 -1.85 -1.7593138528138532 -1.6876190476190474 -0.1525 -0.135 -0.09500000000000001 0.20638115767766577 0.14047619047619062 0.3800000000000001 -0.0309523809523804 0.20000000000000007 0.33571428571428696 -0.10000000000000009 -0.052882205513784544 0.0
38 25 -0.54 -0.5359047619047618 -0.53 0.16 0.16 0.17 0.15799987017728914 0.010000000000000009 0.030000000000000027 0.0 -0.01578947368421054 0.0 0.0 0.0 0.0
38 26 0.3711038961038964 1.032613636363637 1.7115476190476193 -0.1 -0.09 -0.08809523809523799 0.39619765466638884 0.020476190476190634 2.680476190476191 1.264393939393944 1.4107769423558896 1.5458874458874465 -0.04686147186147287 -0.005513784461152968 0.009523809523808505
38 27 -1.5171428571428571 -1.415686147186147 -1.2582142857142855 -0.20857142857142838 -0.2 -0.19 0.21131279817828044 0.05952380952380937 0.5814285714285718 0.07857142857143007 0.2902255639097746 0.4650432900432877 -0.09999999999999981 -0.015538847117794404 0.02543290043290264
38 28 -1.6475 -1.317452380952381 -1.0294805194805197 -0.18 -0.155 -0.1485714285714285 0.26764846295043637 0.06999999999999998 1.1604761904761907 -0.8412337662337627 -0.6107769423558898 -0.4694805194805185 -0.15238095238095092 -0.015789473684210527 0.07857142857142979
38 29 -1.6657142857142857 -1.5653019480519477 -1.443333333333333 0.198409090909091 0.3054761904761906 0.3707142857142859 0.25855177471144275 0.5800000000000001 0.5700000000000001 0.19047619047619202 0.3 0.5193722943722956 -0.26504329004328875 0.1789473684210526 0.3806277056277041
38 30 -2.9425 -2.6838809523809526 -2.5286038961038964 -0.16809523809523808 -0.08499999999999999 -0.04928571428571426 0.28239693098817154 0.16 1.2004761904761903 -1.270779220779218 -0.6265664160401002 -0.10952380952381047 -0.17889610389610489 -0.07894736842105263 0.0
38 31 -2.6742857142857144 -2.17462012987013 -1.8325324675324677 0.057499999999999996 0.07431818181818178 0.23043831168831164 0.34720281604901276 0.36000000000000004 1.8599999999999999 -1.4151515151515133 -0.9421052631578947 -0.09047619047618971 -0.3309523809523808 -0.17368421052631577 0.0
38 32 -2.8829761904761906 -2.00711038961039 -1.2607467532467536 -0.16488636363636353 -0.14214285714285724 -0.08553571428571462 0.4568913114873175 0.1595238095238094 3.041904761904763 -1.9636363636363738 -1.4746867167919817 -1.2510822510822428 -0.12142857142857226 -0.08395989974937337 0.1023809523809531
38 33 1.435 1.5949664502164502 1.7669318181818183 0.03 0.10472943722943737 0.14 0.20720000702389804 0.12047619047619064 0.36095238095238136 -0.39047619047619 -0.05213032581453623 0.3666666666666729 0.0 0.06340852130325823 0.10000000000000006
38 34 -2.8321428571428564 -2.43454329004329 -2.044918831168831 -0.11 -0.09404761904761914 -0.0551136363636362 0.2497872681723716 0.06047619047619063 0.9591125541125542 -0.6253246753246722 0.01027568922305763 0.8363636363636395 -0.09999999999999995 0.02656641604010033 0.11590909090909207
38 35 -1.96 -1.9543365800865804 -1.95 -0.13 -0.13 -0.12 0.15622474745425785 0.010000000000000009 0.010000000000000009 0.0 -0.005263157894736847 0.0 0.0 -0.005263157894736847 0.0
38 36 -1.857386363636364 -1.7263214285714288 -1.6101190476190477 -0.17059523809523808 -0.14 -0.11 0.20321152181158605 0.06999999999999999 0.31952380952380954 0.09999999999999898 0.16817042606516291 0.36904761904761885 -0.09999999999999988 -0.03684210526315789 0.0
38 37 -1.000238095238096 -0.32187012987013025 0.3 -0.052500000000000005 -0.0315909090909092 -0.03 0.30160561261848334 0.04000000000000001 1.59 -1.661363636363633 -0.836842105263158 0.0 -0.07218614718614631 -0.005263157894736841 0.0
38 38 -2.7276190476190485 -2.197003246753247 -1.765357142857143 -0.15 -0.135 -0.13 0.3157634789124528 0.03 1.7504761904761903 -1.0991341991341907 -0.9213032581453633 -0.6857142857142873 -0.09999999999999995 -0.005263157894736847 0.0
38 39 -1.664047619047619 -1.5911753246753249 -1.5545616883116886 -0.004285714285714256 0.055238095238095315 0.27109307359307383 0.2674236782424148 0.35816017316017335 0.6614285714285719 -0.6181818181818188 -0.34812030075187994 -0.0619047619047608 -0.5129870129870173 -0.12656641604010033 0.5202380952380948
38 40 -1.5925000000000002 -1.5362490939293267 -1.4747619047619047 -0.15 -0.14 -0.13 0.183066250418776 0.09047619047619064 0.13095238095238138 -0.20000000000000018 -0.03634085213032569 0.1357142857142868 -0.08017718715393099 -0.02656641604010033 0.028571428571429747
38 41 -1.6446428571428569 -1.6120205627705626 -1.558095238095238 0.06 0.06880952380952383 0.07678571428571447 0.1795387311345414 0.07 0.14142857142857168 -0.01666666666666483 0.015037593984962235 0.14523809523809383 0.0 0.0368421052631579 0.049999999999999975
38 42 -0.8942857142857148 -0.5023311688311687 -0.12115259740259747 -0.17916666666666703 -0.039318181818182 0.04678571428571415 0.284237928668693 0.21000000000000002 0.9857142857142857 -0.55 0.005263157894736838 0.8809523809523828 -0.2909090909090931 -0.1105263157894737 0.0714285714285724
38 43 -1.9325 -1.8982759740259738 -1.8626136363636365 -0.12 -0.11023809523809532 -0.11 0.1760639558021712 0.029523809523809383 0.2142857142857142 -0.16742424242424558 -0.0002506265664160626 -0.050000000000000044 -0.049999999999999975 0.0002506265664161225 0.0023809523809531496
38 44 -1.786233766233766 -1.6944686147186148 -1.4876190476190474 0.04750000000000001 0.07 0.0925 0.22844106912504888 0.060000000000000005 0.7709523809523813 0.15595238095238106 0.40050125313283225 0.503571428571431 0.0 0.031578947368421054 0.09999999999999998
38 45 -0.17873376623376613 0.2885411255411259 0.754166666666667 -0.005 0.035 0.07 0.3075343612901437 0.13047619047619063 1.5709523809523813 0.6706709956709983 0.8268170426065165 1.0153679653679615 -0.2023809523809531 -0.0634085213032582 0.09047619047619149
38 46 0.27821428571428575 0.8015248917748921 1.2854761904761907 -0.03 -0.01976190476190489 0.0025 0.3075350293264451 0.1 1.6114285714285719 0.65 0.8481203007518798 1.166666666666668 -0.09999999999999999 -0.031578947368421054 0.009523809523810621
38 47 -2.1062499999999997 -1.8384556277056276 -1.7227380952380948 -0.04 -0.026190476190476333 -0.01875000000000005 0.26632157522161537 0.06 1.1949999999999998 -0.8205627705627694 -0.6289473684210526 -0.20000000000000018 -0.09999999999999996 -0.021052631578947368 0.0
