4 0 2.93 3.028381226362286 3.0869599657909528 -0.34 -0.33 -0.32 0.17657718732618236 0.040000000000000036 0.20999999999999908 -0.1303546527182542 -0.09473684210526301 0.0 0.0 0.02105263157894739 0.06926183873803615
4 1 0.4275 0.6280047095008232 0.5725000000000002 -0.59 -0.5 -0.49 0.3168222216096348 0.41 1.3000000000000003 -0.049999999999998934 0.6842105263157897 0.7499999999999996 0.0 0.2157894736842105 0.40000000000000036
4 2 1.8959009009009016 2.3679371192851444 2.8049999999999997 -0.39499999999999996 -0.36 -0.3549211749087289 0.31024096784816607 0.12 1.6399999999999997 0.5980362152512209 0.863157894736842 1.1142951150962321 -0.017192167275140724 0.04210526315789474 0.14999999999999986
4 3 0.28139852734521703 0.5214949078511838 0.7511662010541503 -0.42184760065067095 -0.3297230661962358 -0.2797124656519035 0.238741323415366 0.21000000000000002 0.6299999999999999 -0.6452507883911773 -0.046567505720823035 0.13856386254464836 -0.10000000000000009 0.09473684210526316 0.2644287958683736
4 4 -0.4029901036757743 -0.23230739085847815 -0.022499999999999964 -0.5009967012252583 -0.49 -0.445 0.2183160828198987 0.10344867807153857 0.5 -0.34999999999999254 -0.10000000000000067 0.3800659754948346 -0.20000000000000018 -0.04918351477449398 0.08006597549483407
4 5 0.050000000000000266 0.3093312225574242 0.5750000000000003 -0.29 -0.235 -0.10250000000000001 0.2380370629182719 0.29 0.6499999999999999 0.10000000000000231 0.3421052631578947 0.48312225574240697 -0.2943740852474689 -0.15263157894736842 -0.04999999999999977
4 6 0.37750000000000017 0.7051255377579767 1.415 -0.5225 -0.38 -0.32999999999999996 0.49124210431589144 0.47000000000000003 1.910000000000001 -3.700000000000001 -1.0052631578947375 0.8499999999999996 -0.050000000000000044 0.23684210526315788 0.4500000000000004
4 7 -0.05749999999999966 -0.029500968657026234 -0.010000000000000231 -0.1125 -0.07 -0.04750000000000001 0.1847736971973224 0.17 0.17000000000000037 -0.19999999999999574 -0.042105263157895007 0.09990313429737586 -0.10034721154616241 0.04736842105263159 0.15
4 8 -0.13999999999999924 -0.13112069550951322 -0.11999999999999966 -0.2725 -0.26 -0.21 0.18677409652947097 0.17 0.13216112956810624 0.0 0.06955848924637172 0.09999999999999787 0.0 0.06315789473684212 0.1999999999999999
4 9 2.98 3.0864655021641396 -3.0975 -0.22 -0.17 -0.13 0.19086036717883675 0.13 0.27999999999999936 -0.07140942167752184 -3.189473684210527 0.20000000000000018 -0.10000000000000009 -0.06315789473684212 0.0
4 10 2.1218565418247817 2.3869327081022202 2.7073080315025226 -1.37 -1.3302075549168548 -1.0959598424873866 0.35650626782234585 0.4999999999999999 1.0 0.3000000000000025 0.5263157894736842 0.702075549168546 0.09792445083145251 0.26315789473684204 0.2739825901945592
4 11 0.33000000000000007 1.0064068768512173 1.5400862342178736 -0.38250000000000006 -0.35 -0.2967822718495944 0.40583823937478425 0.09999999999999998 2.6012489343563514 -2.181640265385826 -1.3690783865033427 -0.5111836115326353 -0.050000000000000044 0.04736842105263156 0.28881638846736307
4 12 2.6516259021651973 2.8849417268110136 3.0475 -0.14250000000000002 -0.075 0.0625 0.2360113513732809 0.24000000000000002 0.4900000000000002 -0.6058273188986862 -6.647368421052633 0.0 -0.09999999999999988 0.05789473684210529 0.3
4 13 2.8573036566551973 2.918815613145244 3.09003063453596 -0.5948057028450722 -0.47 -0.46 0.260882234745852 0.21000000000000002 0.9887105239614713 -0.043552619807354365 0.4894736842105266 0.7422144725370594 0.0 0.10526315789473686 0.1945433101430244
4 14 -0.8885983614290549 -0.5529978367970617 -0.04641584143868764 -0.2926440247336842 -0.255 -0.21641584143868825 0.33391667510986417 0.15319267188143254 1.8836146562371356 0.5257074342056125 0.9913761348616502 1.1832551852102031 0.0 0.08062772204285923 0.11884385408084841
4 15 1.2775000000000003 1.3581043248235634 1.6395511200017587 -0.915 -0.8031978550247354 -0.475 0.35871626398289735 0.75 1.1699999999999995 -1.15 -0.6157894736842102 0.23120871819274025 -0.4459516365301805 -0.08421052631578947 0.4994827233835497
4 16 -0.08250000000000046 -0.04244166975828665 -0.019937654596325956 -0.16940135621953814 -0.141281172701837 -0.1341841975511548 0.1866814448856076 0.1020076510668451 0.2600000000000007 0.0 0.13684210526315824 0.2806151954926753 -0.065756120454116 0.028135213679435424 0.10631468426578569
4 17 2.9675 3.0300000000000002 3.1199999999999997 -0.17 -0.15 -0.13 0.1979248164225729 0.09000000000000001 0.25 -0.15000000000000124 -3.242105263157894 0.349999999999997 -0.15000000000000008 0.04210526315789474 0.15
4 18 -0.36499999999999977 -0.22255227849487805 -0.10499999999999998 -0.7720962688692685 -0.695 -0.64 0.21339770982 0.25 0.41627643665883407 -0.3000000000000025 -0.0769875982414909 0.24999999999999467 -0.10807462261463119 -0.057894736842105256 0.14262847381718236
4 19 -3.042745524154768 -2.9714875119935242 -2.885435337566566 -0.15066650586911104 -0.15 -0.1361825095039054 0.1843618566223336 0.056604251012146015 0.28000000000000025 -0.31901887505279447 -0.01296427058325088 0.10979691613388631 -0.06806218127981829 -0.013864195512082038 0.014966945080675254
4 20 0.08750000000000024 0.11204229485912029 0.1200000000000001 -0.7424999999999999 -0.73 -0.695 0.17400903033352066 0.10007409137936785 0.11999999999999966 -0.14577051408798725 -0.04210526315789454 0.0 -0.10000000000000009 -0.04214425862071991 0.0
4 21 -0.24803782766018895 0.4764123071758658 1.075069543348186 -0.59 -0.56 -0.43449157086954354 0.3969724396935071 0.23371437043626525 2.523358391720085 0.5226797965662011 1.3280833640632024 1.7070853425087846 -0.16887523468830323 -0.10195493180856069 0.0314281478186737
4 22 -0.9599999999999995 -0.7170345597379684 -0.4950000000000001 -0.23077933843228077 -0.23 -0.23 0.2380192433542526 0.010000000000000009 0.7999999999999989 -0.049999999999998934 0.42105263157894685 0.8121619506988031 -0.0013080958267903953 0.0 0.0
4 23 2.147500000000001 2.124440346864117 2.261236214132345 -1.131596049677924 -1.0722587922258215 -0.76 0.3435192810630833 0.6466523787093736 0.9616125765426291 -0.07301456670232964 0.421901356075068 0.4842918567084742 0.0 0.2982380940575651 0.4149154169346747
4 24 -0.4225000000000003 -0.3188468935847145 -0.16000000000000014 -0.32 -0.315 -0.2875 0.1987466796916618 0.06999999999999995 0.40999999999999837 -0.2999999999999936 -0.17894736842105255 0.049999999999998934 -0.15000000000000013 -0.03684210526315787 0.050000000000000044
4 25 0.0900000000000003 0.15429012666348746 0.22957375238477729 -0.6 -0.595 -0.57 0.1750815561919614 0.06000000000000005 0.16999999999999993 -0.15133338895183063 -0.07894736842105259 0.03522620810580565 -0.09926515224128518 -0.01578947368421054 0.0
4 26 0.032500000000000084 0.41336499329623005 0.735 -0.515 -0.44 -0.25242789288910306 0.28424037005768077 0.3261746714997731 0.6225274005040828 -0.524821748607682 -0.32764600026530677 0.20000000000000018 0.0 0.13498057891755835 0.3
4 27 -0.08896880449525305 -0.07156978161534851 -0.046378251276025996 -0.5025 -0.48 -0.47 0.1719527168879066 0.04999999999999999 0.13688681294807822 -0.021101257567091268 0.07204569102530434 0.11030150753768606 -0.010155539745373698 0.02159880474595132 0.058469548133595894
4 28 -0.09700840530536717 -0.007109002330004317 0.08000000000000007 -0.27270589142504603 -0.16940961797287504 -0.135 0.211653133397471 0.36 0.24999999999999956 -0.24016810610733727 -0.13157894736842082 -0.005903820271249503 -0.2500000000000001 -0.1894736842105263 0.0
4 29 -0.08250000000000046 0.03211603157350754 0.1625000000000001 -0.905 -0.855 -0.4775 0.2297501655329303 0.47 0.3500000000000001 -0.29999999999999805 -0.16842105263157933 -0.005696224637945658 -0.3 -0.20526315789473687 0.14999999999999986
4 30 -0.010000000000000231 -0.0030000000000001115 0.0 -0.1775 -0.16 -0.1375 0.17673754716215667 0.19000000000000003 0.06000000000000005 -0.09999999999999787 0.01052631578947346 0.09999999999999787 -0.09999999999999995 0.06315789473684212 0.20000000000000004
4 31 -0.10000000000000009 -0.08550000000000005 -0.08500000000000041 -0.1525 -0.13419555961070537 -0.13 0.16422040650736344 0.05000000000000002 0.05000000000000071 -0.09999999999999787 -0.026315789473684584 0.0 -0.050000000000000044 0.015789473684210527 0.07556634304207874
4 32 -3.1300000000000003 -3.1138696259357497 -3.1075 -0.2025 -0.14 -0.10137668017921836 0.17857187229554353 0.12471249999999971 0.08000000000000007 -0.09999999999999787 0.01578947368421066 0.10000000000000231 0.01356655290103273 0.06563815789473668 0.22567921494645127
4 33 -2.883997425050579 -2.5527234090571738 -2.2442300220518754 -0.9325 -0.8861279245722268 -0.7348974937962751 0.29423613866948883 0.4915395039978314 0.8100000000000005 -0.049999999999998934 0.24447984120468838 0.740758866372695 -0.3159021580098559 -0.2283133437590974 0.0
4 34 2.5710281927982077 2.850029819701155 -3.0374999999999996 -0.48 -0.28500000000000003 -0.13750519769150796 0.3632139090405828 0.5996329070169377 1.7199999999999998 0.03832283915282675 -2.4000000000000004 1.502926991112321 0.050000000000000044 0.3155962668510199 0.5021223185760059
4 35 0.03750000000000009 0.10550000000000018 0.15000000000000013 -0.3225 -0.265 -0.225 0.2051235142376276 0.22999999999999998 0.33000000000000007 -0.10000000000000231 0.010526315789473694 0.049999999999998934 -0.20000000000000004 -0.05263157894736842 0.23394202898550223
4 36 -2.714415581679028 -1.4862669785337816 -0.5974999999999997 -0.14250000000000002 -0.12 -0.012499999999999999 0.4086106349782126 0.25 2.59 0.25139211136891326 1.3526240125904174 1.1013706793802154 -0.24999999999999997 -0.13157894736842105 0.049999999999999906
4 37 -0.14999999999999902 -0.10663234486330812 -0.08250000000000002 -0.5038093914522083 -0.4584478466517302 -0.44 0.18449436577431486 0.11000000000000004 0.21706353618259647 0.0 0.11424396641189287 0.17040476579077096 -0.08715174812374188 -0.037760976457690006 0.0
4 38 0.4674106331414739 1.0528223069813003 1.5721073452514118 -0.1925 -0.14329152863227546 -0.0975 0.3111212477288268 0.16 1.3200000000000003 -0.5500000000000016 0.41298040722243484 1.4471342498049085 -0.1499999999999999 0.021052631578947375 0.25
4 39 0.05750000000000011 0.22600091067647882 0.37250000000000005 -0.2425 -0.23 -0.21 0.22914859646246655 0.06 0.75 -0.8283888077713897 -0.39473684210526316 -0.09999999999999787 -0.09999999999999995 0.021052631578947375 0.14567776155427814
4 40 3.0275 -3.1165 -3.0050000000000003 -0.23 -0.225 -0.165 0.19425042800924985 0.13 0.3200000000000003 -0.19999999999999574 -3.236842105263158 0.0 -0.09999999999999995 -0.06842105263157895 0.0
4 41 3.0825 -3.029289309725172 -2.8525 -0.4425 -0.30000000000000004 -0.06714012903618496 0.25762137732574397 0.46 0.4685605161447395 -0.686128391793519 -0.13082132428670595 0.25000000000000355 0.050000000000000044 0.23233657045013695 0.35000000000000003
4 42 0.03750000000000009 0.05299878692961977 0.07435083532219411 0.16 0.19208065810593744 0.23 0.17489524738304316 0.1 0.11000000000000032 0.0 0.05789473684210543 0.10000000000000009 -0.10000000000000009 -0.010526315789473691 0.04863842662630152
4 43 0.8728239282149959 1.8396086296580396 2.897511918128873 -0.3425 -0.28825798452187246 -0.20050585816526745 0.45027260333703883 0.19 3.0700000000000003 -2.076041500042678 -1.5333826592470536 -0.9087282069632717 0.0 0.04526393733315157 0.16240139901770964
4 44 -0.062499999999999556 -0.05595000754865952 -0.03999999999999959 -0.225 -0.1787602040828869 -0.16 0.1891231059536077 0.31 0.0824271844660184 0.0 0.027593254982115283 0.09999999999999787 -0.049999999999999906 0.10526315789473684 0.23976167315174796
4 45 -0.022499999999999964 -0.005063205243144624 0.010000000000000231 -0.5824999999999999 -0.49 -0.455 0.1882235692264665 0.26 0.11873589513710772 -0.14999999999999902 0.036842105263158044 0.19367947568553606 -0.2126410486289282 -0.11052631578947367 0.04999999999999977
4 46 -0.14749999999999952 0.3288552611483156 0.7054471659858675 -0.3822719073317631 -0.325 -0.2204612797129615 0.2900744030885694 0.18000000000000002 1.33 0.40209210046747157 0.7000000000000001 0.936395432261141 -0.19543814663526116 -0.08421052631578947 0.09999999999999995
4 47 -0.022499999999999964 -0.01699999999999995 -0.01750000000000007 -0.5825 -0.495 -0.475 0.209400894099753 0.5599999999999999 0.04999999999999982 -0.09999999999999787 -0.026315789473684115 0.0 0.09544364508395464 0.29473684210526313 0.3500000000000003
4 48 0.1456475341898057 0.41145444936311665 0.6552258712672349 -0.3524435321831913 -0.33 -0.2176079223649676 0.2566712025689543 0.21 0.9500000000000002 0.3264830202117325 0.5000000000000002 0.6045174253446944 -0.1985037878787864 -0.09999999999999999 0.0
4 49 0.8574999999999998 0.8366599259470237 0.94 -0.4 -0.3849259005927961 -0.38 0.23272893524224386 0.06999999999999995 0.75 0.0 0.39473684210526316 0.3499999999999992 0.0 0.03684210526315787 0.10000000000000009
4 50 0.23373637932894564 0.2470559966947287 0.2677554303212813 -0.3491765825357527 -0.3187636206710545 -0.28731441605434327 0.17601159072947425 0.1417038078717926 0.05845819250866971 -0.20000000000000018 -0.026648935135563656 0.10360340052811487 -0.19628832108686545 -0.06951280893095584 0.0049156388308504995
4 51 0.03000000000000025 0.05300000000000014 0.06250000000000011 -0.25 -0.24 -0.23 0.16959648667288738 0.06999999999999998 0.10000000000000009 -0.050000000000001155 -0.026315789473684115 0.09999999999999787 0.0 0.026315789473684202 0.09999999999999967
4 52 -2.0875 -1.8306663855709293 -1.6075 -0.17 -0.12 -0.08187605985779298 0.34361982998864105 0.13 1.8685876246414452 0.1499999999999968 0.9834671708639187 1.4000000000000057 -0.2 -0.0049928468213292195 0.1999999999999999
4 53 1.1598565516761725 1.1621260654469638 1.1700000000000004 -0.16 -0.16 -0.15 0.15888996713862633 0.020000000000000018 0.03000000000000025 -0.07840279784923854 -0.01578947368421066 0.0 0.0 0.005263157894736847 0.0010443948653289514
4 54 3.0900000000000003 3.1052589628681178 -3.0911155569782314 -0.1625 -0.14500000000000002 -0.11 0.2177454988031969 0.15 0.40000000000000036 -0.6499999999999995 -3.4210526315789487 0.15000000000000124 -0.10000000000000009 0.07894736842105261 0.26067031463749557
4 55 3.007052470610724 3.139220069913222 -3.0100000000000002 -0.2 -0.2 -0.19902660703458164 0.21879706403135712 0.042280832888414444 0.38292326864886306 -0.19179141392414056 0.45780310547388264 0.14150292874619774 0.0 0.02225306994127076 0.05734164257281307
4 56 0.5675000000000002 0.6986919958054134 0.855 -0.12790697674418836 -0.095 -0.0675 0.23215441576171209 0.19000000000000003 0.6499999999999995 -0.40433616450605003 -0.28173307946869675 -0.14999999999999902 -0.1043361645060454 -0.09473684210526316 0.049999999999999975
4 57 -0.2142016129032275 -0.14937508730518242 -0.05749999999999922 -0.351664493698392 -0.345 -0.315 0.22740722339932615 0.09073504273504296 0.7299999999999995 -0.647765611127544 -0.38421052631578917 -0.1499999999999968 -0.10000000000000009 -0.04775528565002261 0.08328987396784032
4 58 -0.029999999999999805 -0.013416678975688257 0.010000000000000231 -0.30317802872225474 -0.25538154819194286 -0.21809031239614496 0.18480020217438076 0.27102674396858034 0.0699999999999994 -0.10381548191942633 -0.03684210526315758 0.04563344161395016 0.0 0.1426456547203054 0.28230372103586754
