41 0 -1.57 -1.5595303030303032 -1.5493181818181818 -0.28 -0.28 -0.28 0.15887982473934034 0.010000000000000009 0.020000000000000018 -0.013636363636364557 -0.005263157894736847 0.0 0.0 0.0 0.0
41 1 -1.6950000000000003 -1.6397489177489177 -1.571363636363636 -0.13 -0.12 -0.12 0.18511414102449508 0.03999999999999998 0.16649350649350647 0.004761904761904079 0.08762816131237183 0.23636363636363678 -0.02142857142857238 -0.021052631578947358 0.046320346320347164
41 2 -0.9783658008658009 -0.565170995670996 -0.1675 -0.175 -0.1 -0.06 0.3235145735451654 0.16 1.7472727272727278 -1.1331168831168736 -0.919617224880383 -0.6593073593073567 -0.15000000000000008 -0.08421052631578947 0.0
41 3 -1.7932142857142856 -1.7231709956709955 -1.6574999999999998 -0.3070454545454546 -0.22909090909090918 -0.17845238095238097 0.19736927694705675 0.21999999999999997 0.18285714285714305 -0.15800865800866148 0.03725222146274769 0.20454545454545392 0.07380952380952141 0.11578947368421048 0.16363636363636386
41 4 -1.5878354978354978 -1.4916406926406924 -1.32 0.1875 0.3209090909090908 0.37 0.22542930587642354 0.23 0.5714285714285716 0.04761904761904634 0.2849624060150377 0.5041125541125502 0.0 0.11578947368421054 0.27900432900433203
41 5 -1.7175 -1.6146948051948051 -1.5127380952380949 -0.2260714285714288 -0.20500000000000002 -0.1783333333333333 0.19876758586702423 0.10999999999999999 0.3471428571428572 -0.4285714285714337 -0.022556390977443646 0.31818181818181857 -0.09999999999999995 -0.021052631578947375 0.049999999999999906
41 6 -1.8244264069264071 -1.6379848484848485 -1.3923160173160172 -0.06738095238095233 -0.018095238095238084 0.03 0.24340379914627672 0.22714285714285717 0.7599999999999998 0.2500000000000002 0.3894736842105262 0.6147186147186134 -0.09285714285714466 0.06691729323308272 0.17857142857142555
41 7 -1.2715476190476191 -1.2500541125541125 -1.18 -0.05 -0.03 -0.0075 0.18951864167803623 0.08 0.3072727272727276 -0.27380952380952395 -0.16172248803827768 0.0 0.0 0.042105263157894736 0.09999999999999999
41 8 -1.8429761904761905 -1.7851082251082253 -1.7633333333333334 -0.03 -0.02 -0.015119047619047659 0.2111327651245013 0.18077922077922093 0.4614285714285715 -0.04761904761904634 -0.1619958988380042 0.10000000000000009 -0.18246753246753075 -0.09514695830485312 0.0
41 9 -1.78 -1.6964675324675322 -1.6416341991341992 -0.07 -0.06571428571428553 -0.06 0.18633307618180028 0.010000000000000009 0.3500000000000001 0.0 0.18421052631578952 0.31818181818181857 0.0 0.0 0.0
41 10 -1.579426406926407 -1.5571406926406928 -1.51 -0.22 -0.22 -0.2147077922077924 0.17607659913225768 0.010000000000000009 0.22363636363636363 0.009090909090908594 0.11770334928229664 0.21363636363636473 -0.026190476190474515 -0.0019138755980861806 0.02272727272727204
41 11 -0.808365800865801 -0.2962056277056281 -0.03602813852813846 0.01954545454545462 0.08 0.1 0.3573280053098403 0.13 2.1029870129870134 -1.7764069264069247 -1.1068352699931652 -0.43333333333333546 -0.15 0.012440191387559862 0.1772727272727271
41 12 -1.229426406926407 -1.2193506493506492 -1.1875 0.0075 0.02 0.02 0.17630519292599706 0.03 0.2171428571428573 -0.050000000000000044 0.08796992481203014 0.19285714285714572 0.0 0.01578947368421053 0.0
41 13 -1.3998809523809523 -1.3505281385281385 -1.27 -0.1978571428571429 -0.17 -0.16 0.1987490374656091 0.05428571428571419 0.4428571428571433 -0.04285714285714448 0.20225563909774438 0.40000000000000036 0.0 0.014285714285714294 0.052380952380953194
41 14 2.5275 2.596705627705627 2.6875 0.01008658008658001 0.08261904761904745 0.1022619047619048 0.22217747510065022 0.4695238095238098 0.2799999999999998 -0.26904761904761987 -0.14545454545454523 0.0 -0.23116883116883324 -0.24360902255639094 0.0
41 15 -1.7295454545454545 -1.3649155844155845 -0.9722402597402597 -0.04464285714285712 -0.017619047619047448 0.02 0.24963527663163407 0.15012987012987034 0.8528571428571429 -0.8082251082251024 -0.40485304169514685 -0.018181818181817744 0.004761904761904252 0.07901572112098437 0.1
41 16 -1.33 -1.3248095238095234 -1.32 0.04 0.05 0.05 0.15837916693230097 0.010000000000000002 0.034285714285714475 0.0 -0.01578947368421054 0.0 0.0 0.005263157894736843 0.0
41 17 -1.9436904761904763 -1.8947619047619046 -1.832857142857143 -0.21642857142857116 -0.1840909090909092 -0.1340909090909092 0.2031873110752091 0.08363636363636376 0.27 -0.25151515151515147 0.0789473684210527 0.39761904761905 0.0 0.04401913875598092 0.09999999999999995
41 18 1.69 1.702928571428571 1.71 -0.1243181818181819 -0.065 -0.06 0.16863348298421524 0.12 0.040000000000000036 0.0 0.01578947368421054 0.09285714285714453 -0.11428571428571482 -0.06315789473684211 0.0
41 19 0.8975000000000001 1.056965367965368 1.244426406926407 0.015119047619047659 0.07 0.09 0.22364449565955982 0.18714285714285717 0.5971428571428571 -0.5686147186147139 -0.2616541353383459 0.09545454545454579 0.014285714285714873 0.09849624060150378 0.16341991341991166
41 20 -1.73 -1.6483571428571426 -1.5274999999999999 -0.02 0.03 0.03 0.18088456494258764 0.07 0.22999999999999998 -0.1261904761904742 -0.11052631578947367 0.0 0.0 0.03684210526315789 0.09999999999999999
41 21 -1.2819264069264071 -1.2140281385281384 -1.084134199134199 0.02 0.035 0.06 0.2168149283372063 0.08428571428571435 0.6214285714285714 0.10952380952380825 0.3270676691729323 0.3683982683982656 0.0 0.03718386876281611 0.09999999999999996
41 22 -1.46 -1.439435064935065 -1.4449999999999998 -0.042499999999999996 -0.04 -0.03 0.16857921456206174 0.04000000000000001 0.10999999999999988 0.0 0.0578947368421052 0.10000000000000009 -0.06060606060606204 -0.02105263157894737 0.0
41 23 -1.6239718614718617 -1.4413333333333331 -1.27 -0.4420238095238096 -0.42119047619047595 -0.3659523809523809 0.2175263835844242 0.22999999999999998 0.48 0.10000000000000009 0.2526315789473685 0.3837662337662351 0.09047619047619138 0.12105263157894736 0.20000000000000018
41 24 -1.3625 -1.338642857142857 -1.31 -0.02 -0.02 -0.016785714285714362 0.16597403700333643 0.019999999999999997 0.10714285714285698 -0.11818181818181839 -0.0015037593984962587 0.15000000000000013 0.0 0.0 0.0
41 25 -1.4575 -1.3775714285714282 -1.29 0.12 0.12 0.12 0.18455064302811475 0.009999999999999995 0.33000000000000007 0.0 0.16842105263157897 0.30000000000000027 0.0 -0.005263157894736839 0.0
41 26 -2.334090909090909 -2.011686147186147 -1.7039502164502163 -0.16 -0.15 -0.13 0.25574424473347307 0.09714285714285718 1.048571428571429 0.3603896103896109 0.5518796992481205 0.6880952380952388 -0.10000000000000009 -0.04921394395078602 0.0
41 27 1.9296320346320344 2.3092012987012986 2.7175000000000002 -0.32 -0.31904761904761914 -0.31 0.2650115296404746 0.020000000000000018 1.1093506493506493 -0.9761904761904783 -0.5838687628161312 -0.14999999999999902 -0.014285714285715012 0.0 0.009523809523808435
41 28 -0.8292316017316019 -0.09747402597402635 0.7458982683982684 -0.21 -0.19818181818181813 -0.05364718614718612 0.4090811890240111 0.5471428571428572 2.3451948051948057 -1.614718614718613 -1.2343130553656874 -0.8097402597402525 -0.47229437229437604 -0.2597402597402597 0.018181818181818715
41 29 -1.293484848484849 -1.2723701298701298 -1.21 0.05 0.06 0.0713636363636364 0.1926128410369453 0.060000000000000005 0.3700000000000001 -0.15000000000000013 0.11578947368421051 0.14761904761904643 -0.08571428571428515 -0.021052631578947375 0.049999999999999975
41 30 -1.269047619047619 -1.1409931541326892 -1.008073593073593 -0.2 -0.18 -0.1575 0.2209520380691223 0.04999999999999999 0.69061310782241 -0.43484848484848126 -0.36348058306442627 -0.2666666666666684 -0.08333333333333623 -0.026315789473684206 0.0
41 31 -1.4823809523809521 -1.4491428571428568 -1.4 0.24 0.25 0.26 0.17459582293219947 0.032857142857142835 0.19000000000000017 -0.0642857142857145 0.06842105263157901 0.27380952380952617 -0.07857142857142771 0.008680792891319256 0.08333333333333193
41 32 -1.355 -1.3149740259740257 -1.1756818181818183 -0.45 -0.4453030303030302 -0.39663419913419906 0.22034186769355943 0.16000000000000003 0.4128571428571428 -0.2738095238095284 -0.20676691729323304 0.20000000000000018 0.0 0.08421052631578949 0.10000000000000009
41 33 -1.5496428571428569 -1.5248766233766233 -1.4788636363636363 0.07 0.07272727272727281 0.09 0.17549726696147244 0.03 0.20714285714285707 -0.11904761904761973 0.06691729323308264 0.23333333333333095 0.0 0.015789473684210527 2.0122792321330962e-15
41 34 -1.5225000000000002 -1.4526926406926406 -1.3320454545454543 -0.2 -0.2 -0.18 0.18893399481095532 0.020000000000000018 0.3699999999999999 0.03571428571428559 0.1842105263157894 0.2681818181818163 0.0 0.010526315789473694 0.0
41 35 -1.5389285714285716 -1.5065238095238094 -1.4721428571428572 -0.19 -0.18 -0.17750000000000002 0.16600422271549709 0.020000000000000018 0.06714285714285717 -0.10000000000000009 -0.03533834586466167 0.0 0.0 0.0 0.0
41 36 -1.916136363636364 -1.4293333333333336 -1.0452380952380953 0.08750000000000001 0.13 0.26442640692640695 0.3261635349944601 0.5171428571428571 1.4542857142857142 -1.06580086580086 -0.7496240601503759 -0.5329004329004328 -0.41731601731601464 -0.2721804511278196 -0.049999999999999975
41 37 -1.7119264069264069 -1.5069999999999997 -1.292316017316017 -0.03 -0.01 -0.01 0.2226299334079041 0.02 0.74 0.27554112554112775 0.38947368421052636 0.5023809523809497 0.0 0.010526315789473684 0.0
41 38 -1.8025000000000002 -1.7085346320346322 -1.6228571428571428 -0.045 0.01 0.0375 0.20180095899879716 0.09238095238095276 0.39714285714285724 -0.30000000000000027 -0.022898154477101838 0.2772727272727282 -0.0857142857142851 0.019138755980861188 0.09523809523809579
41 39 -1.7545454545454546 -1.7031017316017318 -1.6775 0.19 0.21333333333333349 0.2225 0.18586508187653056 0.03 0.3136363636363637 0.07727272727272694 0.16507177033492826 0.14047619047619198 0.0 0.0052631578947368324 0.0
41 40 -0.08491341991342 0.10409307359307343 0.32704545454545464 -0.13 -0.13 -0.1175 0.22993430195947442 0.0672727272727275 0.7774025974025978 -0.5580086580086625 -0.40915926179084094 -0.19112554112554025 0.0 0.03540669856459342 0.013636363636364002
41 41 -1.8368181818181821 -1.2875216450216453 -0.8642207792207792 0.05 0.050454545454545405 0.06238095238095234 0.3107006803183343 0.07 1.697142857142857 -1.2285714285714344 -0.8932330827067667 -0.4380952380952363 -0.0976190476190468 -0.03684210526315789 0.0
41 42 -1.614426406926407 -1.5164826839826837 -1.38 0.01 0.05 0.07750000000000011 0.20283035131573418 0.07 0.4571428571428573 0.0 0.24060150375939857 0.39567099567099584 -0.1 -0.03157894736842106 0.0
41 43 -1.3045454545454547 -1.2802164502164497 -1.24 -0.0025 0.0 0.0 0.17215521116475316 0.02 0.17999999999999994 0.0 0.09473684210526312 0.15800865800865593 0.0 -0.010526315789473684 0.0
41 44 -1.7148809523809523 -1.6562121212121208 -1.5781818181818181 0.15 0.155 0.17 0.18864301006539988 0.06999999999999998 0.31714285714285717 0.10000000000000009 0.16691729323308271 0.2571428571428602 -0.08571428571428494 -0.03684210526315788 0.0
41 45 -1.23 -1.2381623376623376 -1.2075 0.11 0.11 0.11 0.17369286858808175 0.007142857142857173 0.20714285714285707 -0.05714285714285561 0.08270676691729317 0.24761904761904652 0.0 0.001503759398496222 0.0
41 46 -1.229426406926407 -1.222694805194805 -1.19 -0.06 -0.06 -0.05 0.17012691260144852 0.03 0.14714285714285724 0.0 0.056390977443609054 0.12294372294372247 0.0 0.010526315789473686 0.0
41 47 -1.7825 -1.742406926406926 -1.6983333333333333 0.01 0.02 0.020119047619047658 0.1699090244037208 0.02 0.14441558441558433 -0.10000000000000009 0.009022556390977435 0.08571428571428563 0.0 -0.010526315789473684 0.0
