44 0 1.1909706000000004 1.22721248 1.2605059000000003 0.2818777999999999 0.29597640000000003 0.5681280500000002 0.23879037673278028 0.7817971999999997 0.15141080000000073 -0.09765400000000035 -0.013353263157894932 0.06845200000000329 0.03611000000000253 0.41147221052631566 0.88391
44 1 1.4434893999999998 1.474387 1.5413632000000002 -0.17913700000000005 -0.029421800000000053 0.029225549999999878 0.21333645281685662 0.3578972 0.24912760000000045 -0.32561800000000307 -0.13111978947368444 0.0916880000000031 -0.3152559999999993 -0.18836694736842108 -0.05856099999999809
44 2 -1.8331320000000002 -1.7878061000000003 -1.7406590000000002 0.2521027500000001 0.3734402 0.4831203999999999 0.19285670031621974 0.31450240000000007 0.1065716000000001 -0.006594000000000877 0.05609031578947374 0.13156599999999963 0.018997000000000597 0.14034147368421065 0.1802360000000014
44 3 2.8312908999999995 2.89575824 2.979389 -0.00149150000000009 0.0085094 0.024546949999999956 0.19782741346462726 0.07457500000000006 0.36373759999999944 -0.2210560000000017 -0.19144084210526285 -0.12936800000000304 -0.1040910000000006 -0.03925000000000003 0.0009419999999993323
44 4 0.1898287000000003 0.28859426 0.40937750000000006 0.2631241500000002 0.4271499000000002 0.5476003 0.23225028788373578 0.562845 0.3006864 -0.2326740000000016 -0.158256 -0.11492399999999847 0.17128699999999997 0.2945815789473684 0.377270999999999
44 5 -3.0522307200000003 -3.0178838299999997 -2.99555843 0.0894272000000001 0.18359579999999998 0.2198 0.18163479627322612 0.2035347999999999 0.10311132 0.009859600000001745 0.05426911578947369 0.12305659999999996 -0.011774999999997204 0.09439831578947362 0.17269999999999897
44 6 0.18524430000000003 0.7188747400000001 1.2804920000000002 0.006688199999999922 0.02504150000000005 0.03689500000000007 0.3127086580850095 0.09234739999999997 1.6814700000000005 -1.2098420000000032 -0.884984210526316 -0.590320000000002 -0.03987799999999986 0.030557157894736762 0.09577000000000058
44 7 -2.79505687 -2.7053159840000003 -2.6406301 0.08141234999999997 0.5427489999999999 0.5809235499999998 0.215687867532016 0.5290272 0.1728758400000001 0.0047413999999990075 0.09098728421052638 0.09683760000000152 -0.045216000000001255 0.2566371578947367 0.23079000000000183
44 8 0.5129189999999997 0.70159532 1.0045488000000002 0.25001465000000006 0.35427050000000004 0.41264309999999993 0.30825103309647434 0.3842103999999995 1.2538647999999997 -0.9306959999999997 -0.659928842105263 -0.28825199999999995 -0.19499399999999945 0.052256210526315794 0.2836990000000017
44 9 -1.5472036 -1.5463746400000002 -1.5425407 0.21909349999999994 0.2201925 0.22264955000000003 0.1733953981977484 0.19012700000000016 0.018212000000000117 -0.02103799999999878 -0.009585263157894798 0.0 -0.0003140000000001475 0.10006684210526325 0.04914099999999921
44 10 -2.7116412000000003 -2.468354314 -2.1120111 0.16330355000000008 0.2146975000000001 0.26501600000000003 0.237369292853035 0.11508099999999977 0.6694605600000001 -0.00398780000000043 0.3523476631578948 0.43178139999999976 -0.08854800000000052 -0.004181157894736995 0.09231599999999895
44 11 -1.5632019000000001 -1.1617968600000002 -0.7522812000000001 0.17702535000000003 0.1817432 0.1961086999999998 0.2939707069977484 0.1373122 1.4327191999999997 0.6019380000000019 0.7540627368421052 0.9008660000000013 -0.031713999999999354 0.05276852631578954 0.152447
44 12 -0.0266586000000002 0.10721530000000004 0.24221959999999987 0.060256600000000105 0.13067110000000004 0.1782970499999999 0.21476547850411776 0.17665639999999994 0.24611319999999992 -0.1868300000000045 0.08296210526315806 0.2967299999999984 -0.12167499999999998 0.09297705263157892 0.3177680000000005
44 13 -1.6964007 -1.6930785799999999 -1.6884879000000002 0.17857965000000003 0.2002535000000002 0.21129844999999992 0.16315364105571015 0.0718745999999999 0.02618760000000009 -0.0018839999999986645 0.00799873684210528 0.020723999999999743 -0.038936000000000526 0.0049744210526315195 0.07033599999999862
44 14 0.5882946999999997 0.5925242799999999 0.6686001999999999 -0.07240055000000006 -0.048026299999999966 0.023502899999999938 0.20054348613150647 0.1649756 0.27989960000000025 -0.40537400000000057 -0.14731557894736855 0.0763019999999992 -0.06437000000000137 0.08182178947368425 0.18400400000000094
44 15 0.4993070999999998 0.8723893400000001 1.3174026999999997 0.1446362500000002 0.16734629999999995 0.18137425000000013 0.2814922805780032 0.05494999999999983 1.3640160000000003 -0.9715160000000012 -0.7179031578947369 -0.3491679999999997 -0.03956400000000193 0.025880210526315794 0.08336699999999975
44 16 -0.9840289000000001 -0.96612776 -0.9620489000000001 0.15016264999999995 0.16274619999999995 0.17608334999999992 0.17312507782577388 0.11630560000000001 0.0828960000000003 -0.09828199999999843 -0.0329534736842107 0.07724399999999854 -0.022764999999999036 0.06121347368421053 0.1518189999999986
44 17 2.1628948 2.22251398 2.2346909000000004 0.08445030000000009 0.12954070000000006 0.14507585000000006 0.1945711337002962 0.11219219999999996 0.3280043999999993 0.05306599999999939 0.17263389473684174 0.19311000000000522 0.03092900000000065 0.059048526315789454 0.08650700000000011
44 18 -1.217064 -0.9073532400000002 -0.6115934999999999 0.20225525000000005 0.2422824 0.3045171999999999 0.26025610757163387 0.1791684 0.9828828000000001 0.3689500000000012 0.5173067368421053 0.6757279999999988 -0.12026199999999987 0.023368210526315897 0.11853500000000072
44 19 0.20774239999999988 0.5619909200000001 0.8350044999999997 0.21289985 0.2988337999999999 0.31491844999999996 0.2539868073678121 0.21939179999999991 0.8460416 -0.7787200000000016 -0.4452850526315791 -0.13690400000000436 -0.08305300000000182 0.03252378947368406 0.28840899999999947
44 20 1.3343587000000001 1.3385976999999998 1.3811447000000001 0.6906587 0.7594561 0.8132050500000001 0.21706301158755728 0.18535420000000036 0.41454279999999954 -0.37679999999999936 -0.21818042105263133 -0.031714000000002684 -0.2719240000000034 -0.054123684210526435 0.17317099999999863
44 21 -0.6974411000000003 -0.46932951999999994 -0.19508819999999993 0.09266925000000009 0.13436060000000005 0.2232226000000001 0.2526553786111242 0.18164900000000017 0.7323735999999998 -0.5774460000000015 -0.381691789473684 -0.18557400000000168 -0.18525999999999931 -0.0860525263157894 0.16799000000000008
44 22 -1.1646417 -0.86847376 -0.6056117999999998 0.4384696 0.5854059 0.63780465 0.25719191344360837 0.33032799999999995 0.8363704000000003 0.1918540000000013 0.4401949473684212 0.5677120000000002 0.08603599999999823 0.16911378947368413 0.2945320000000007
44 23 -1.4944045 -1.40162692 -1.3191611 0.3913382 0.4308707999999999 0.4893219 0.2140705976525256 0.27192399999999983 0.39224879999999995 -0.2895079999999983 -0.20644673684210524 -0.16296600000000105 -0.18023599999999917 0.05442115789473664 0.2755350000000001
44 24 2.0787271 2.1196884 2.2033223 0.11274169999999994 0.2559413999999999 0.30787699999999985 0.21186601803086952 0.31092279999999994 0.3398107999999995 -0.04081999999999475 0.1288722105263159 0.3070919999999999 0.031557000000000945 0.12264178947368415 0.287153
44 25 -0.5962389 -0.4812709399999999 -0.39127539999999983 -0.27568414999999996 0.09547170000000005 0.2084959999999999 0.3156423013881943 1.162271 0.5827840000000002 0.021980000000001443 0.3067284210526317 0.6650520000000038 -0.1898130000000009 0.5191907368421053 0.873391
44 26 -2.9162985500000005 -2.796245046 -2.6971893500000004 0.06340444999999989 0.0709012 0.10792180000000012 0.21608560951227068 0.0828960000000003 0.5992878399999997 -0.427102800000001 -0.3154146526315788 -0.19433460000000125 -0.07724399999999854 -0.0024624210526315083 0.07708700000000013
44 27 2.5625383 2.6465992399999996 2.7905965 -0.66928315 -0.6383463 -0.6118761 0.23874262577592192 0.11489260000000001 0.6579555999999993 -0.07096400000000003 0.283822947368421 0.4995740000000026 -0.2028440000000009 -0.06046978947368422 0.07520299999999924
44 28 0.03607859999999996 0.08706905999999999 0.1344390999999998 0.2595995000000001 0.28029209999999993 0.29282070000000004 0.172472478502844 0.0526892000000001 0.09288119999999989 -0.125286 -0.029615157894737197 0.014130000000001086 -0.045059000000000626 0.007750842105263351 0.043802999999998926
44 29 -0.15357739999999998 -0.12217425999999998 -0.09478090000000017 0.17778680000000013 0.2308684999999998 0.34876765000000004 0.19397363071430895 0.33051640000000027 0.1168079999999998 0.04301799999999689 0.061477894736842 0.08383800000000052 0.11037099999999911 0.17395600000000014 0.24900199999999928
44 30 0.17513349999999994 0.3876801 0.7016800999999999 -0.06421300000000008 0.044415300000000046 0.12518395 0.25908952674679314 0.45037020000000005 0.7286683999999997 -0.4443100000000011 -0.3835096842105261 -0.16170999999999935 0.1497780000000004 0.23703694736842107 0.2804019999999996
44 31 2.6291847999999995 2.8701336420000003 3.12439263 0.14132355000000002 0.2189993 0.22620560000000006 0.24251132260080566 0.1605167999999999 0.8360752399999996 0.24165439999999982 -2.8442582736842117 0.5793300000000023 -0.006907999999999914 0.07392221052631574 0.1190060000000015
44 32 2.0391160000000004 2.507479656 2.9609729 0.10167320000000007 0.1337954 0.2283800499999999 0.3089367724425892 0.36992340000000046 1.19650328 0.13106360000000095 -2.6755245894736843 1.0117079999999978 -0.0510250000000001 0.1946965263157897 0.620620999999999
44 33 2.5655997999999998 2.9657369080000002 -2.87252852 -0.14446354999999989 -0.10686990000000007 -0.01188489999999992 0.3005976087652643 0.19474279999999977 1.2025446400000002 0.05181000000000324 -2.6723449263157892 0.9008974000000025 -0.16579200000000016 0.10249621052631568 0.2775760000000005
44 34 2.9535468000000007 3.0489155080000008 3.13895909 0.18464769999999991 0.20582699999999998 0.20932809999999985 0.20214673485093304 0.06669360000000002 0.4061589999999997 0.03736599999999868 -6.3754923578947365 0.3187099999999976 -0.055263999999999314 0.033019578947368386 0.13329299999999988
44 35 -0.23064870000000004 -0.21357338000000006 -0.19103760000000014 0.1513715499999999 0.16282469999999993 0.16610600000000003 0.17868168116207966 0.2122012000000002 0.057336400000000065 -0.019154000000001226 0.030177052631578983 0.07849999999999913 -0.0015700000000018477 0.10828042105263148 0.07269100000000028
44 36 -1.1021085999999998 -1.05619866 -1.0479592999999998 0.42247130000000005 0.4318128000000001 0.43731564999999994 0.20031917456653814 0.2649532000000001 0.25886160000000036 -0.19781999999999966 -0.09707557894736833 0.06625400000000115 0.010518999999999945 0.13931684210526316 0.04458799999999985
44 37 -0.3843831000000002 -0.31696102 -0.2550622000000001 0.20077159999999994 0.3516800000000002 0.5841813 0.23959775161048746 0.7618896 0.20504200000000017 0.09325799999999829 0.10791684210526324 0.14946399999999915 0.30112600000000045 0.40099452631578947 0.5031850000000015
44 38 -0.7790967999999999 -0.17265604000000007 0.4352510999999999 0.32289405000000015 0.36455400000000016 0.37991645000000007 0.3957174460378757 0.12233439999999995 2.5419556 1.0361999999999993 1.3378713684210526 1.6161579999999987 -0.12544299999999953 0.01370031578947375 0.09357199999999954
44 39 -0.6079353999999999 -0.4782063000000001 -0.3453686 0.2470866000000001 0.3520725000000001 0.47614175000000014 0.2304889603665382 0.3091957999999999 0.45555119999999993 -0.032655999999999796 0.19444863157894743 0.44117000000000184 -0.3697349999999999 -0.02108757894736851 0.297985999999999
44 40 0.9209306000000003 1.1229362200000002 1.3491795 0.27792139999999993 0.29360569999999997 0.3178857499999999 0.2367173830684491 0.061952200000000124 0.7955504000000002 -0.699592 -0.41871073684210536 -0.15103399999999656 -0.14334100000000016 -0.032606421052631646 0.04992599999999903
44 41 0.9746874000000003 0.9777928600000001 0.9812029000000002 0.06313755000000015 0.06458979999999992 0.06615979999999988 0.15802303153405411 0.02976719999999977 0.005400799999999428 -0.010048000000000279 0.002512000000000245 0.019468000000002483 -0.011617999999998796 0.0111717894736842 0.035168000000002086
44 42 -3.06387855 -2.938137878 -2.8341906900000002 0.4853027000000001 0.5727517 0.6166803000000001 0.19616884069469107 0.0917507999999998 0.2862863600000001 -0.22108739999999738 -0.1325873263157895 -0.01971920000000127 -0.20158800000000143 -0.045612631578947294 0.07002199999999847
44 43 0.08341410000000005 0.33556866 0.5629078 0.2533195000000001 0.2980488 0.3155464500000001 0.22288435995762104 0.06173240000000013 0.6678780000000004 0.04741399999999674 0.3515147368421055 0.5212399999999984 -0.07724400000000076 -0.03249073684210533 0.019310999999998524
44 44 -1.6602593 -1.5840201 -1.5020504000000001 0.2152391500000002 0.34362590000000004 0.5657259499999999 0.2169355690206783 0.4136322000000001 0.2966044000000003 -0.21351999999999927 -0.1561075789473686 -0.07975600000000194 0.056363000000000385 0.21140463157894748 0.36926400000000026
44 45 1.4336926 1.6624070599999996 1.8832307 0.015974750000000093 0.019750600000000063 0.09325014999999992 0.2511422822213152 0.2264568 0.8741132 -0.8729200000000015 -0.46005957894736843 0.0 0.014758000000000271 0.11918778947368422 0.20252999999999965
44 46 -2.3244949000000004 -2.10479538 -1.9293730000000002 0.38959549999999993 0.4072580000000001 0.42357815000000004 0.2292351734385128 0.15822460000000005 0.5544612 -0.43174999999999963 -0.2918216842105263 -0.03925000000000178 -0.12607099999999982 -0.08327610526315792 0.10785900000000015
44 47 0.006656799999999796 0.3746082799999999 0.7831631000000002 0.0014051500000000217 0.05017719999999992 0.07398625000000009 0.265243693380551 0.08386939999999998 1.0972416000000007 -0.7906520000000006 -0.5774955789473689 -0.23989600000000166 -0.09985199999999916 -0.018393789473684263 0.06656800000000018
