45 0 1.9471140000000005 2.10528522 2.2404685000000004 0.2259857999999999 0.4825394999999999 0.9100819 0.2814967209506147 0.9321090000000003 0.4790384000000003 -0.46095200000000336 -0.2521254736842107 -0.08383800000000274 0.13297900000000196 0.4905836842105264 0.6254880000000018
45 1 1.5773162000000007 2.03223312 2.5021404 -0.07462995 -0.050930800000000054 0.10895799999999989 0.3017672387799141 0.2746558000000001 1.3449876000000005 -0.9963219999999984 -0.707888210526316 -0.46911600000000053 -0.01475799999999916 0.14455568421052636 0.2483740000000012
45 2 -0.019044100000000008 0.43402022 0.909972 0.15209375000000014 0.16634149999999992 0.20503415000000003 0.2744917258690859 0.13602480000000017 1.2146776000000004 -1.1052799999999996 -0.630677263157895 -0.2270220000000034 -0.0059659999999983615 0.06584084210526311 0.12481499999999923
45 3 1.2434400000000003 1.6758180000000003 2.2431375000000005 -0.2869881499999999 -0.2442763 0.18547980000000014 0.3437104133404235 0.6685687999999999 1.3699820000000003 -1.2088999999999972 -0.7210431578947369 -0.06970799999999944 -0.03187099999999998 0.35187831578947365 0.6182659999999995
45 4 0.7978896999999996 1.4256385000000003 2.2635632 -0.05518549999999994 0.16434759999999993 0.35516540000000013 0.3691173000022071 0.4426144000000001 1.995784 -1.2833179999999977 -1.0504126315789473 -0.642444000000002 0.02982999999999958 0.22072547368421053 0.4320640000000009
45 5 -0.0029358999999998803 0.09675910000000003 0.21069400000000005 0.2487821999999999 0.3275334000000001 0.38362949999999985 0.22883570209265278 0.43284900000000004 0.4003500000000004 0.10927199999999804 0.1982496842105264 0.3259320000000021 -0.0822680000000009 0.17978978947368435 0.4234290000000007
45 6 0.42119960000000034 0.4334110599999999 0.48698260000000027 0.09029855000000003 0.11004130000000001 0.11852714999999991 0.18001775199328982 0.04496480000000003 0.18048720000000085 -0.24240800000000284 -0.09499326315789518 0.04333199999999815 -0.03092899999999843 0.0035035789473684305 0.04992600000000125
45 7 2.9743493000000005 -3.0211029580000006 -2.7829568800000004 -0.3394183 -0.1676917 -0.1508298999999999 0.29535310565101747 0.8176559999999999 0.6171795600000003 -0.029861399999999705 -3.089826105263158 0.4827122000000017 0.08682100000000026 0.4303452631578947 0.6038220000000005
45 8 1.4301758000000002 1.9375935200000005 2.6020552000000006 -0.09593485000000002 -0.08991389999999999 0.07465349999999993 0.37019751394742983 0.2783924 2.1514024000000003 -1.380971999999998 -1.1323170526315791 -0.7900240000000069 -0.01491499999999979 0.14652231578947367 0.27522100000000105
45 9 -2.3877973 -1.7798367800000006 -1.1957905000000002 -0.03589020000000004 0.03116449999999993 0.18398045000000007 0.34304874491749376 0.30957259999999986 1.6407756000000004 -0.13973000000000013 0.8635661052631582 1.3671559999999994 0.04505900000000174 0.16293294736842098 0.26234699999999944
45 10 -2.1083373 -1.73642 -1.4182438000000002 0.2782197000000002 0.39529460000000005 0.43714295000000003 0.3109729402079396 0.23477779999999981 1.2301891999999999 -0.8126319999999998 -0.6474679999999999 -0.44839199999999857 -0.5301890000000009 -0.11479178947368437 0.21791600000000022
45 11 -0.6939714000000001 -0.4726390800000001 -0.28922539999999997 0.3744607 0.45682290000000014 0.48205280000000017 0.25418104126844904 0.38920299999999974 0.7375232 0.3077200000000002 0.3881701052631579 0.5017720000000025 -0.02998700000000243 0.18626810526315793 0.45153200000000004
45 12 1.9708838000000002 2.1563165 2.3043047000000008 0.01690889999999995 0.11179969999999995 0.28143034999999994 0.27074597134169737 0.45423239999999976 0.7901496000000003 -0.020409999999997375 0.41586821052631595 0.8766879999999988 -0.3796260000000007 -0.23906968421052616 -0.06295700000000015
45 13 -3.08721032 -2.5294059620000002 -1.9547913000000001 0.04222514999999999 0.06677210000000011 0.1780615499999999 0.3258902017360287 0.31158220000000014 1.2345223999999995 -1.1300860000000013 -3.133759663157895 1.6953488000000005 0.041447999999999485 0.16399063157894744 0.29641599999999935
45 14 0.9892884 1.5888274399999998 2.2076084 -0.18867475 -0.13547529999999997 -0.10918565000000002 0.39096896439074214 0.09925539999999988 2.4581176000000005 -1.4858480000000007 -1.2937461052631583 -1.1508100000000065 -0.10299200000000064 0.03602736842105261 0.1483650000000003
45 15 1.4482621999999998 1.7182739400000002 1.9695493000000002 -0.12323715000000002 0.07898669999999997 0.10827504999999987 0.2682096411920158 0.43718219999999985 0.8572828000000001 -0.7614499999999946 -0.25625705263157883 0.09953799999999902 -0.05856099999999809 0.20439747368421063 0.3981520000000005
45 16 -3.01634052 -2.4623895699999996 -1.9461406000000006 0.019028400000000112 0.04198179999999996 0.08598105 0.35047488609284405 0.1666398 2.0317684000000007 0.8986679999999991 -2.2359113684210516 1.1731039999999993 0.04914099999999921 0.08770515789473685 0.16280899999999932
45 17 1.8789917000000003 2.07642862 2.3224382 -0.03186314999999995 0.015888400000000025 0.0918136 0.24675425514106056 0.09479660000000023 0.8093036000000007 -0.7206299999999999 -0.4259492631578951 -0.04553000000000473 0.031714000000000464 0.049892947368421176 0.12952500000000033
45 18 3.0343547 3.0732994919999994 3.1197155999999997 -0.2401158 -0.22807390000000005 -0.21206775000000005 0.22137849159169753 0.12965059999999995 0.6273845600000003 -0.5706008000000029 -0.2345480842105268 0.11084199999999989 -0.08022700000000049 -0.04934757894736835 0.025748000000000992
45 19 1.761854 2.07286472 2.3784558000000002 -0.044415299999999935 0.16481860000000004 0.2802842500000001 0.2853045563939267 0.364711 0.8118783999999994 -0.8421480000000026 -0.4273044210526313 -0.3570179999999956 0.06719600000000048 0.19195315789473685 0.3703630000000002
45 20 1.0862987000000002 1.43421698 1.7181766000000005 0.04356750000000009 0.10570809999999997 0.13352850000000005 0.2975690309111243 0.17248020000000008 1.4335356 -0.8264480000000063 -0.7544924210526315 -0.40976999999999375 -0.11398200000000136 0.049364105263158 0.16422199999999942
45 21 -1.2934288 -1.2908006200000002 -1.2559686 0.3116135999999999 0.4278249999999999 0.4586127000000001 0.20397732374742997 0.3124300000000002 0.24592480000000005 -0.04929799999999984 0.09763747368421058 0.1183780000000001 -0.004239000000001436 0.14144873684210515 0.2741220000000011
45 22 -0.1849930999999999 0.015109680000000037 0.1953708000000003 0.2765555 0.3511304999999998 0.3801127000000002 0.22800265806335357 0.3218813999999999 0.5027140000000001 0.108957999999999 0.2645863157894737 0.423271999999999 0.051495999999998654 0.16941126315789468 0.16783299999999945
45 23 0.2970282999999999 0.4564523799999999 0.5743530999999998 -0.07330329999999996 0.07388419999999996 0.10612415000000003 0.2275430364022071 0.38179260000000026 0.4341364000000003 -0.36298400000000397 -0.20552126315789473 0.03234200000000298 0.0761450000000008 0.19282905263157896 0.36047199999999946
45 24 0.4169135000000004 0.52895498 0.6043714999999998 0.10281144999999997 0.1603441 0.18356440000000002 0.20454278902895867 0.20720859999999997 0.2652671999999998 -0.378683999999998 -0.1396143157894736 0.04301799999999467 0.01475799999999916 0.0877877894736842 0.15354599999999996
45 25 2.8201595999999998 2.8236669799999996 2.8306001000000003 0.95948195 0.9667589000000003 0.9704955000000002 0.15939282883278025 0.02166599999999974 0.020284400000000424 -0.03862199999999927 0.0057842105263155846 0.03611000000000253 -0.035325000000003826 -0.011403157894736705 0.000628000000000295
45 26 1.5214556 2.05776132 2.6174098000000003 -3.924999999999068e-05 0.0032655999999998686 0.09022005 0.34988650105443614 0.18098959999999997 2.037546 -1.2472079999999952 -1.0723926315789472 -0.9818779999999983 0.013030999999998905 0.0952576842105263 0.15291800000000078
45 27 0.9397235 1.46382718 2.0957145 0.11162699999999998 0.253869 0.2952856000000001 0.33230816643914984 0.25754279999999996 1.7230436 -1.2594539999999999 -0.906865052631579 -0.7077559999999994 0.06185799999999908 0.13554884210526313 0.1687749999999999
45 28 0.1324922999999999 0.18862607999999997 0.2738237 -0.20529319999999995 -0.12417129999999998 0.19489194999999987 0.22746679145953194 0.6404657999999996 0.17571439999999994 -0.0031399999999992545 0.0924812631578947 0.1447540000000025 -0.00015699999999951864 0.33708726315789456 0.6334950000000006
45 29 -0.052171099999999915 0.12214286 0.31425119999999984 0.2390952999999999 0.2404769 0.24915900000000019 0.20986902847609232 0.07824879999999967 0.5466112000000005 0.09545599999999821 0.27985663157894736 0.4436819999999986 -0.005495000000002026 0.02986305263157901 0.05290899999999876
45 30 0.3221326000000001 0.4105110400000001 0.5249294999999998 -0.054581049999999964 -0.03537210000000002 -0.0165085499999999 0.1970087042053917 0.1841295999999999 0.28530040000000056 -0.005965999999999472 0.11882421052631587 0.20692599999999617 -0.030457999999999874 0.07906189473684208 0.08116900000000093
45 31 -2.48804337 -1.9694645200000007 -1.5031808000000002 0.08028194999999988 0.12798639999999994 0.1550218000000001 0.34297143842182487 0.24438620000000033 1.7833818399999997 0.6182660000000006 0.9386220210526313 1.243126 -0.1387879999999997 -0.033350105263158014 0.12701300000000026
45 32 2.7367611999999997 3.0460176020000005 -3.0488615 -0.28224674999999994 -0.1970506999999999 -0.08870499999999998 0.3017185210060287 0.7922219999999998 0.9081068399999994 -0.785031399999998 -0.4087850315789481 0.0687660000000001 -0.4259410000000008 -0.416958947368421 -0.060131000000001045
45 33 1.5631077000000007 2.13552185 2.7486304 -0.13065539999999998 -0.12542730000000002 -0.025386900000000046 0.4170565493098503 0.5448527999999999 2.4239230000000003 -1.5163059999999984 -1.1736824210526315 -0.9806219999999977 -0.015229000000001047 0.2867646315789473 0.6053920000000002
45 34 0.20791510000000002 0.32704042000000005 0.43201690000000004 0.19213660000000005 0.2403984 0.29264015 0.2136427027620797 0.2242274000000002 0.4473244000000003 -0.2967300000000006 -0.23543389473684226 -0.17458400000000207 0.0361099999999992 0.11801442105263167 0.17505499999999952
45 35 2.5038674000000003 2.73681458 3.0087166 -0.18719110000000005 -0.0940744 -0.006554749999999998 0.25981101960539166 0.3348182000000002 0.47803359999999984 0.09985200000000027 0.2515966315789473 0.6427580000000033 0.07520300000000035 0.17622010526315798 0.2314179999999999
45 36 0.36796090000000026 0.9137023200000002 1.4582473999999999 0.23699149999999997 0.3316467999999999 0.3644127 0.3191603769034811 0.2945319999999998 1.5209532000000006 -1.1931999999999965 -0.8005016842105265 -0.31745400000000146 -0.06044499999999786 0.12951673684210527 0.21556100000000078
45 37 1.6062042 2.0866650200000003 2.6007835000000004 -0.07282445000000004 -0.06429150000000006 -0.034061149999999984 0.3358892787703599 0.11099899999999985 1.8992604000000002 -1.2051319999999954 -0.9996107368421052 -0.8245639999999987 -0.03579600000000016 0.058420526315789395 0.1626520000000009
45 38 -0.38273460000000015 0.05623112000000001 0.4409345000000001 0.13301824999999984 0.17904280000000006 0.22606429999999988 0.3150902777136718 0.362827 1.4676360000000002 -1.009509999999998 -0.77244 -0.6025660000000022 -0.22074199999999933 -0.19096157894736843 -0.08697800000000089
45 39 0.9906386000000005 1.5586331999999998 2.2351148 0.03534070000000017 0.08992959999999994 0.2384829999999999 0.37909222538628334 0.2822545999999997 2.222868799999999 -1.5420539999999994 -1.1699309473684205 -0.6961380000000039 -0.03202799999999839 0.14518368421052633 0.33802100000000057
45 40 0.022482399999999902 0.62337478 1.2166244000000002 -0.009930249999999974 0.03187099999999998 0.12005790000000016 0.39922929577991395 0.19229360000000018 2.5369316 -1.5407979999999988 -1.3352271578947368 -1.134482000000001 0.04380300000000115 0.10120715789473693 0.1571570000000022
45 41 1.6133634 1.9159997400000002 2.1726287999999996 0.013337149999999853 0.02785179999999987 0.045969599999999944 0.2476483074397865 0.08792 0.7941687999999996 -0.7966180000000023 -0.4179835789473682 -0.020410000000001816 -0.08226799999999868 0.04121663157894745 0.025277000000001326
45 42 1.6283569 1.9995520000000002 2.3766503 -0.12859084999999998 -0.08407350000000002 0.02918630000000011 0.28336225465252546 0.25013240000000003 1.1342936000000003 -0.9030639999999979 -0.5969966315789476 -0.30615000000000503 -0.0007849999999998136 0.13164863157894738 0.29563100000000064
45 43 0.27946000000000004 0.3971534799999999 0.5057283999999999 0.1920424 0.2275400999999999 0.24331075000000002 0.200175861879277 0.1770332000000001 0.33032799999999973 0.07002199999999847 0.13647431578947386 0.2659579999999995 -0.07410400000000039 0.04977726315789486 0.0632710000000003
45 44 -2.3287182 -2.00152706 -1.7009379999999998 -0.20943014999999987 -0.11267890000000003 0.030567900000000203 0.28663514759137904 0.43278620000000023 1.0764548 0.48199000000000103 0.5665551578947369 0.6653660000000006 0.11131300000000066 0.22778221052631595 0.31462800000000013
45 45 2.9054420000000003 3.128916114 -2.92219704 -0.19166560000000005 -0.1800005 -0.12769595 0.24884742585214334 0.3079084000000001 0.74838132 -0.24513980000000046 -3.0439160000000003 0.6638902000000013 -0.2138339999999994 -0.162057052631579 -0.04804200000000036
45 46 0.7216348000000002 0.9342222199999999 1.1330062 0.15667029999999993 0.1984950999999998 0.24954365000000012 0.2261321582448821 0.16833540000000013 0.6427580000000006 -0.5589200000000005 -0.3221309473684211 -0.03610999999999809 0.06515500000000118 0.08859757894736849 0.12591399999999808
45 47 0.15635630000000023 0.2356664200000001 0.2835420000000003 -0.06934690000000004 0.2778114999999999 0.37409175 0.23744323240220702 0.5521376 0.3798771999999997 -0.4144800000000015 -0.16526315789473664 0.07410399999999928 -0.07206299999999999 0.2237993684210527 0.43803000000000036
