47 0 -0.04827749999999997 0.4909421399999999 0.8249251 0.12026985000000012 0.13327730000000004 0.15146575 0.3377914992780032 0.11049660000000006 1.6663352000000007 -0.05557800000000057 0.8770185263157898 1.456331999999998 -0.11884899999999754 -0.0295325263157895 0.040348999999998414
47 1 -0.7111629000000003 -0.6157728400000001 -0.47274270000000007 0.20106205000000021 0.275378 0.38351175000000015 0.2526673757830987 0.19788279999999991 0.8155208000000003 -0.47539599999999904 -0.4292214736842106 -0.06688199999999922 -0.16767600000000105 -0.04632326315789482 0.1770959999999988
47 2 2.7278122 2.8156420820000005 2.9631552 -0.156686 -0.06929980000000002 -0.023722700000000096 0.2948072670627166 0.21361419999999987 1.3019193600000003 -0.9840760000000026 -0.5681416842105271 0.26972600000000124 -0.2267079999999999 -0.05455336842105261 0.09875300000000031
47 3 2.5922427000000003 3.0532217040000003 -2.5912740100000002 -0.12037189999999992 -0.013235099999999944 0.041055500000000134 0.4527500745659651 0.17260579999999992 3.0940304000000003 0.4790383999999981 -1.676826105263158 2.850178000000003 -0.01993899999999993 0.0908451578947368 0.23063299999999898
47 4 0.022089899999999996 0.25541702000000005 0.44341509999999984 0.22611140000000018 0.26526720000000004 0.2917844999999999 0.2657055431792771 0.12528600000000023 0.9990852000000001 -0.9322660000000038 -0.385063157894737 -0.13721799999999895 -0.10911499999999852 -0.04205947368421047 0.017741000000000007
47 5 -0.3873346999999998 -0.18657566 0.01756829999999987 0.1292031500000001 0.13657430000000004 0.14025595000000018 0.20838964254042353 0.03149420000000003 0.5525143999999997 -0.4254699999999989 -0.28607052631578933 -0.1799219999999968 -0.05542100000000105 -0.01657589473684212 0.05808999999999842
47 6 1.2501596000000001 1.5946144599999998 2.0666067 0.005110349999999986 0.07609790000000005 0.1129772 0.34209425275252553 0.17329660000000024 1.8543584000000002 0.5614320000000017 0.9759781052631581 1.3969860000000045 -0.1518189999999997 0.008081368421052629 0.18070699999999884
47 7 -0.20727139999999988 -0.14972461999999997 -0.08261340000000006 -0.05640225000000004 -0.04323779999999999 -0.03687145000000014 0.1780202698716338 0.043520400000000015 0.1904724 -0.19310999999999856 -0.10014947368421036 -0.020409999999999595 -0.05714799999999909 0.016228842105263184 0.05824700000000016
47 8 -1.1981454999999999 -0.8857469 -0.3525435000000001 0.031816049999999874 0.13374829999999993 0.24158374999999999 0.3181073206569841 0.22931420000000013 1.4361104 -1.1806400000000017 -0.7558475789473684 -0.23330199999999857 -0.12701299999999915 0.06122999999999995 0.33802099999999835
47 9 1.6832597999999996 2.0702805 2.4566104000000006 0.14332529999999988 0.1528394999999999 0.16061884999999992 0.26727608573405415 0.026030600000000126 1.2231556000000001 -0.8685240000000016 -0.6416507368421053 -0.5133899999999958 -0.019468000000000263 0.01370031578947375 0.03218500000000124
47 10 -1.2017722000000002 -0.8114482200000002 -0.47792370000000006 0.20625090000000001 0.21254660000000003 0.23517029999999994 0.2294797168773663 0.04050599999999993 0.8052215999999999 -0.032655999999999796 0.4089271578947368 0.3789979999999993 0.0018839999999997747 0.021318947368421017 0.05604900000000135
47 11 -0.10734089999999996 0.1451151 0.3483516000000002 -0.03899094999999997 -0.026297499999999974 0.21457975000000024 0.256845512513035 0.33079900000000007 0.8270759999999999 -0.6593999999999967 -0.4201319999999999 -0.15951200000000165 -0.04929799999999762 0.15845431578947378 0.31682599999999894
47 12 -0.3035123999999999 -0.18941736000000003 -0.09449830000000015 0.10942114999999997 0.20570140000000015 0.22863910000000015 0.21637902335125167 0.15747100000000014 0.5187908000000001 -0.4430540000000005 -0.1284425263157895 0.23392999999999997 -0.03328399999999898 -0.016212315789473644 0.11021399999999959
47 13 -1.3322862999999998 -0.6120393799999999 -0.048214700000000055 0.014648099999999997 0.10561389999999993 0.13549885 0.36049379668055104 0.18158619999999992 2.0801244 -0.8380659999999984 -0.3698920000000002 0.510877999999998 -0.019468000000000263 0.07357515789473681 0.13297899999999863
47 14 -1.6140385 -1.2487622999999999 -0.8643791999999999 -0.027843950000000117 0.004741399999999896 0.2956545499999999 0.3048750567149458 0.5072984 1.1202892 -1.0409099999999993 -0.5606717894736842 -0.21257799999999993 -0.07457499999999895 0.2543730526315791 0.24193699999999985
47 15 2.1837130000000005 2.4422166400000003 2.652044 0.15043739999999994 0.1626206 0.17227609999999993 0.2139125322410605 0.03946980000000044 0.6069619999999993 -0.13784600000000147 0.26009115789473664 0.5105640000000022 -0.06437000000000026 -0.007932631578947472 -0.002825999999999107
47 16 -2.4777331800000004 -1.8604245660000003 -1.2719355 0.15185824999999997 0.20015930000000015 0.2506740500000001 0.3532173648118887 0.11768720000000021 2.131746 0.9910153999999993 1.1219715789473683 1.260301800000001 0.00989100000000298 0.06035410526315785 0.1020500000000002
47 17 2.1884700999999995 2.2116276000000004 2.2431688999999997 -0.04650339999999997 -0.039375600000000066 0.0032734499999999 0.17360313524360826 0.07862560000000007 0.07259680000000035 -0.084152000000004 -0.031928842105262964 0.015700000000005154 0.00031399999999903727 0.040621684210526345 0.08195400000000075
47 18 0.2927578999999997 0.38119285999999997 0.4962141999999997 -0.10167319999999991 -0.021273500000000056 -0.008556499999999967 0.1932146935767292 0.14243040000000007 0.21100799999999964 -0.21351999999999816 -0.040191999999999714 0.06342800000000093 -0.014758000000000271 0.06279999999999993 0.1646929999999991
47 19 -0.17679770000000017 0.2023416 0.6134146999999998 -0.05031849999999993 -0.034131799999999934 -0.018219850000000093 0.2755941896232262 0.06578299999999992 1.2840088000000005 -0.9614680000000009 -0.6757941052631582 -0.3846499999999997 -0.07159200000000032 0.007188947368420982 0.0891759999999997
47 20 0.6090344000000002 1.24508222 2.0255983000000004 0.05538959999999998 0.08837530000000005 0.10811804999999991 0.33485947996590143 0.06951959999999979 1.8999512000000003 -1.6550940000000014 -0.9999743157894738 -0.2675280000000013 -0.04003499999999938 -0.0026442105263156292 0.06955100000000103
47 21 1.1143232000000003 1.52879692 1.9420586000000002 -0.2047123 -0.14908719999999998 0.007449649999999919 0.2940095739283218 0.22969099999999987 1.2673668000000005 -1.011394000000001 -0.6670351578947371 -0.26375999999999955 -0.13313599999999814 -0.06083336842105252 0.16924600000000067
47 22 1.0257437999999997 1.3475937999999998 1.5945233999999995 0.1222873000000001 0.1319113999999999 0.18638254999999992 0.24701571400921338 0.09460820000000036 0.9484056000000001 0.33221200000000284 0.4991608421052632 0.7027319999999992 -0.006751000000002616 0.0497937894736844 0.08085499999999968
47 23 -0.27699510000000005 -0.19225906 -0.12492490000000023 0.09389385000000011 0.13525549999999986 0.15313779999999994 0.20693779569137905 0.14613560000000003 0.3805052 -0.07379000000000024 0.2002658947368421 0.31745400000000146 0.04819899999999988 0.051925684210526284 0.12434400000000068
47 24 1.0315371000000002 1.03462686 1.0405959999999994 -0.16601964999999996 -0.16097210000000006 -0.15929220000000005 0.15703718069838535 0.008352399999999927 0.020347199999999788 -0.020095999999996117 -0.010709052631578836 0.0 -0.010362000000000426 0.0001652631578946976 0.007064999999999433
47 25 1.9130921 2.5801329760000007 -3.02463797 0.08414415000000014 0.09071459999999998 0.09733999999999993 0.39443971634125163 0.03102320000000014 2.6565028000000006 1.1496481999999997 -1.9071037894736838 1.6346839999999974 -0.04301799999999911 0.009800105263157883 0.037522999999997086
47 26 0.04634639999999968 0.15013281999999997 0.31070299999999995 0.19192465000000003 0.19720769999999999 0.20660414999999993 0.21158186223787576 0.05545240000000007 0.5891896000000001 0.1108420000000021 0.2968456842105263 0.45404400000000456 -0.02464899999999992 0.015253789473684306 0.06970800000000277
47 27 -0.07028889999999977 0.26271438 0.5588572000000002 0.14732879999999993 0.15698429999999997 0.1819944000000001 0.26739860639392676 0.06270580000000026 1.1614860000000005 -0.7407260000000004 -0.6113084210526317 -0.47633799999999615 -0.08195399999999742 0.01089084210526319 0.14915000000000012
47 28 -0.09317949999999986 -0.0007755800000000424 0.11227069999999983 -0.3732047 -0.3055063000000001 -0.19079424999999994 0.2563723696920159 0.5688110000000002 0.5580407999999997 0.16485000000000083 0.2937056842105261 0.4744539999999997 -0.4030189999999989 -0.18055000000000013 0.2557529999999997
47 29 -1.3663867000000003 -1.1051229999999999 -0.9269907999999999 0.04642489999999999 0.08374379999999992 0.16203970000000012 0.282260164457621 0.16174139999999992 1.2011756 -1.1900599999999995 -0.6315035789473683 -0.09043200000000029 0.02480600000000055 0.08160694736842106 0.16375099999999865
47 30 -1.1009468 -0.5937426 -0.22695919999999992 -0.23751745000000002 -0.07474769999999997 -0.05583705000000011 0.3473465260066655 0.3654645999999999 1.8556144000000003 -1.4280720000000002 -0.9543947368421053 -0.10048000000000057 0.021980000000000333 0.17554252631578943 0.3540350000000003
47 31 -1.2881692999999999 -0.41203708 0.33866470000000015 0.07758155000000005 0.14327820000000002 0.16358614999999987 0.456486994844882 0.15656040000000004 3.0497563999999997 -1.9678379999999995 -1.6051349473684213 -1.3037279999999996 -0.10393399999999997 0.07276536842105263 0.08540800000000015
47 32 2.2139983 2.2628912399999996 2.3262218999999997 0.06895439999999997 0.08316290000000004 0.1293680000000001 0.2634857882092134 0.2082134 1.0255868000000001 -0.23738400000000048 0.5397825263157895 1.2679320000000027 -0.24680399999999936 0.04191073684210531 0.19201100000000082
47 33 -1.2721239000000002 -0.8676605000000002 -0.4762909000000001 0.05542885000000014 0.09566009999999991 0.10570025000000005 0.24931429546972292 0.06107299999999993 0.9636032000000003 -0.5790160000000011 0.00307389473684203 0.8028979999999997 -0.11131299999999844 -0.02906978947368425 0.05306599999999939
47 34 -0.3880568999999999 -0.3826404 -0.3784485000000001 0.12162005000000009 0.12698159999999992 0.12841030000000003 0.15706537098819434 0.014098600000000072 0.014758000000000049 -0.012873999999998276 -0.006346105263158071 0.00031399999999903727 -0.0015700000000007375 0.007420315789473722 0.016485000000000527
47 35 -0.27821969999999996 -0.16021222 -0.05210830000000011 0.11063005000000009 0.14128430000000003 0.1665142 0.20273958088437252 0.07413540000000007 0.3028843999999995 0.08540800000000015 0.15941284210526288 0.3397479999999997 0.015542999999998974 0.03901863157894741 0.061387000000000524
47 36 0.6087989 1.26527556 1.8701055000000002 0.028346349999999854 0.032703099999999985 0.05615104999999987 0.3007857913537992 0.03884180000000015 1.5784779999999996 -1.6582340000000007 -0.8307778947368418 -0.030457999999993213 0.0 0.008081368421052629 0.05934600000000123
47 37 -1.1191430999999998 -0.6088931000000001 -0.18425519999999984 0.12993319999999997 0.1362289000000001 0.1500292000000002 0.3123972307958375 0.03218499999999991 1.7143772000000002 -1.1241200000000018 -0.9023037894736842 -0.645583999999999 -0.0354819999999989 0.005371052631578958 0.06939400000000262
47 38 -0.0949065 -0.013869379999999976 0.024319299999999933 -0.26292005 -0.05444760000000004 0.009357199999999954 0.2639239782079395 0.34687580000000007 0.6384248000000001 -0.6298840000000006 -0.336013052631579 -0.057461999999999236 -0.5190420000000007 0.12335242105263156 0.4160499999999989
47 39 -0.025292700000000057 0.035343839999999974 0.10628899999999986 0.13169945000000005 0.13795590000000002 0.14830219999999988 0.18347077552577387 0.09850179999999975 0.13577360000000072 -0.1648499999999986 -0.03612652631578926 0.10707400000000256 -0.026690000000000325 0.032391578947368445 0.06028800000000056
47 40 -0.07380570000000009 -0.040662999999999984 0.017065899999999967 -0.07291865000000003 -0.06540619999999997 -0.05969924999999998 0.18068912384615607 0.06556320000000015 0.17226039999999987 -0.026690000000002545 0.00495789473684233 0.16453599999999735 -0.04929799999999984 -0.03364757894736845 0.022451
47 41 0.6923229000000002 1.06294024 1.4436935000000002 -0.04636210000000002 0.03373930000000003 0.15727475000000002 0.28324023514742996 0.20174499999999984 0.9983316000000007 -0.48669999999999547 -0.0034374736842107388 0.8107480000000034 -0.01742699999999986 0.10079400000000019 0.2599920000000011
47 42 3.0107104999999996 -3.1134713959999996 -2.9447940500000005 -0.13720229999999994 -0.09930250000000007 -0.03290719999999997 0.20853994386940436 0.13250800000000007 0.3657534799999995 -0.37290640000000597 -3.2709280842105257 0.4186562000000005 -0.12418700000000116 -0.06810494736842108 0.003925000000000178
47 43 -0.3658728000000001 -0.3291913200000001 -0.2878124000000002 0.10964879999999999 0.11418610000000007 0.11676090000000011 0.17730588214169743 0.025873600000000163 0.22344240000000015 -0.16579200000000016 -0.025417473684210427 -0.04082000000000141 -0.016798999999998454 -0.00018178947368412062 0.0285740000000001
47 44 -0.21843409999999996 -0.12872744000000003 0.0775579999999998 -0.09241805000000008 -0.06642670000000006 -0.04619724999999991 0.22909194601813063 0.05805860000000007 0.7777780000000005 0.15354599999999996 0.4023496842105266 0.5787019999999976 -0.07457500000000117 -0.029317684210526412 0.0017269999999991459
47 45 1.3824321000000008 1.8443041199999999 2.3105376 -0.07354664999999999 -0.03504240000000003 0.0027553499999999898 0.30546930112067844 0.1339838000000002 1.5479572000000008 0.6119859999999999 0.8147143157894741 0.8936440000000045 -0.07755800000000201 0.06784052631578938 0.21524699999999952
47 46 1.8395847000000005 2.356752748 2.8321073 -0.002975149999999982 0.01387880000000008 0.029523849999999963 0.30611375928704776 0.10314899999999994 1.5917225200000003 0.4413584000000004 -2.4675144631578947 1.202934 -0.032655999999999796 0.030738947368421116 0.0830529999999996
47 47 -0.5241916 -0.25866692 -0.1380343999999999 0.018314050000000026 0.02579509999999985 0.03753084999999989 0.2657897690200414 0.060130999999999935 1.1902483999999998 -0.799129999999999 -0.6264465263157893 -0.22105599999999948 -0.047570999999999586 0.01677421052631578 0.07363299999999962
