54 0 -0.3079240999999998 0.15415202000000003 0.5825328000000003 0.30120450000000004 0.3280672 0.39458024999999997 0.32445339309774834 0.11501820000000018 1.8099588 0.045216000000003476 0.952609894736842 1.950567999999997 0.014758000000000271 0.05671831578947368 0.09184499999999818
54 1 -0.6365408000000002 -0.59446166 -0.5063407000000001 0.06220339999999991 0.1281433999999999 0.1355381 0.2095235433716338 0.14334099999999994 0.45950760000000024 -0.18306199999999828 0.14982757894736834 0.5027140000000019 -0.034225999999999424 -0.0039828421052629836 0.13345000000000162
54 2 1.6236312000000006 1.79196032 2.0129912 0.04935294999999995 0.053191599999999895 0.08278610000000008 0.24880700450985008 0.17584 0.8974120000000001 -0.6615979999999944 -0.47232210526315793 -0.21508999999999556 0.029986999999999098 0.09254736842105263 0.09058900000000203
54 3 -1.3412981 -0.9698988999999999 -0.5993475 0.04903109999999994 0.08196969999999992 0.12082719999999991 0.27126283268692025 0.17627959999999998 0.8898131999999996 -0.907460000000001 -0.46832273684210507 0.14130000000000198 -0.268313 -0.09277873684210525 0.06107299999999927
54 4 0.4560850000000001 0.9070549399999999 1.2247726999999995 0.28632874999999997 0.34116100000000005 0.4209248500000002 0.4079142672168566 0.5835061999999998 2.2731716 -2.268964 -1.1964061052631578 -0.06374200000000219 -0.7616069999999986 -0.23411178947368422 0.2566950000000001
54 5 -0.17331230000000009 0.13938460000000008 0.1968466000000002 0.12820619999999988 0.1498408 0.17463895000000013 0.28988715668946813 0.1409231999999998 1.3569824000000006 -0.767730000000002 -0.5867172631578952 0.25842199999999815 -0.07928500000000005 0.042340421052631604 0.07551699999999939
54 6 -0.9596782 -0.87292942 -0.8111405000000002 0.07510095000000006 0.08438750000000017 0.09427850000000004 0.1881394741073026 0.03369219999999995 0.3420087999999999 -0.3199659999999982 -0.043563368421052524 0.13690399999999991 -0.03611000000000031 0.004214210526315607 0.011461000000000388
54 7 1.1903583000000004 1.1821315 1.5346593 0.06922130000000004 0.08090209999999998 0.08463085000000009 0.31899995140029624 0.03438300000000005 1.7788100000000004 -1.1329120000000015 -0.9362157894736844 -0.03830800000000245 -0.01491499999999979 0.011436210526315903 0.04804199999999814
54 8 2.3939831 1.6081271360000002 -1.1918026999999993 0.15547709999999992 0.24174859999999998 0.26081624999999997 0.6063409284718473 0.3267169999999999 3.0184568799999996 -3.2417360000000017 -2.049316042105263 -1.0597499999999993 -0.2665860000000009 -0.09833157894736845 0.12214600000000075
54 9 -0.4021868999999999 -0.25115289999999996 -0.12322929999999988 0.13651935000000015 0.17050199999999982 0.21508215000000008 0.21947904062322618 0.1301844000000001 0.6033824000000005 -0.6292560000000003 -0.30504273684210537 -0.03234200000000076 -0.03249899999999806 0.0547516842105265 0.19530799999999848
54 10 0.9506978 1.1963368600000002 1.4636325000000001 0.0675728000000001 0.12566279999999996 0.1878740499999999 0.3018462547576209 0.13527120000000004 1.3631995999999997 0.2709820000000063 0.5006482105263157 1.2107840000000003 -0.20802499999999946 0.009419999999999868 0.29217700000000013
54 11 -0.31516180000000016 0.01687750000000008 0.3388844999999999 0.08996885000000016 0.12498769999999992 0.15524160000000015 0.27786854773660186 0.18390980000000012 1.1910020000000001 0.05306599999999939 0.626843157894737 1.101198000000001 -0.1496210000000009 -0.05418978947368425 -0.034068999999998795
54 12 -0.2602746 0.3486342000000001 0.9060941 0.3529909500000002 0.3886063999999999 0.43273124999999996 0.30950989724297123 0.11335399999999973 1.5322572000000005 -1.1721619999999988 -0.8064511578947371 -0.30269599999999786 -0.1783520000000005 -0.05965999999999986 -0.0021980000000010325
54 13 0.9845784000000002 1.1170675600000002 1.1996527000000001 0.18500094999999994 0.1956063 0.21147114999999994 0.20803357982832169 0.049988800000000166 0.5314136000000005 -0.5121339999999996 -0.16886589473684208 0.24021000000000292 -0.08996100000000173 -0.011237894736842126 0.07080700000000051
54 14 -0.4242454 -0.40127944000000004 -0.3837237000000002 0.18428659999999997 0.1901427000000001 0.20745195000000005 0.16512753703150643 0.04144799999999993 0.0705243999999996 -0.0006279999999980745 -0.0059494736842102824 0.04301800000000133 -0.049141000000001434 -0.004462105263158004 0.026533000000000806
54 15 1.6219983999999994 1.62643208 1.6279173 -0.01936594999999991 -0.01811779999999996 -0.010691700000000026 0.16027199719456373 0.01434980000000019 0.04345760000000087 -0.03987799999999986 0.0041976842105263005 0.020410000000001816 0.00015699999999951864 0.007536000000000034 0.020409999999999595
54 16 0.05991120000000005 0.34994044 0.48944750000000004 0.22630764999999992 0.23151220000000006 0.2390639 0.25068806655443626 0.08239360000000007 0.9366620000000005 0.1456959999999996 0.49298000000000025 0.6239179999999989 -0.02983000000000069 0.043365052631578985 0.11037100000000022
54 17 0.9323915999999999 1.24625972 1.6257821000000003 0.012426549999999925 0.02544970000000002 0.03317410000000004 0.2688037331595318 0.07780919999999991 1.2112864000000005 0.4078859999999951 0.6015248421052632 0.8883060000000009 -0.06279999999999952 -0.016294947368420992 -0.002354999999999441
54 18 -2.88608076 -2.7887366780000002 -2.6912139300000004 -0.6546586000000001 -0.5984526000000001 -0.5475532000000001 0.2180084570660923 0.12406139999999999 0.5099359999999997 -0.42964619999999787 -0.2683873684210525 -0.1769390000000004 -0.10079400000000016 0.03642400000000005 0.2086529999999992
54 19 -1.4966024999999998 -1.25527152 -1.0565786 0.10152405000000009 0.11026110000000011 0.1362995500000001 0.22356287034615616 0.0429866000000001 0.7038624000000002 -0.5284620000000018 -0.36542989473684223 -0.23298800000000064 -0.06170100000000178 -0.008378842105263296 0.041605000000000114
54 20 -0.23653619999999997 0.23350923999999998 0.7430653000000002 0.005549950000000081 0.045639900000000067 0.07450435000000011 0.31740239692258915 0.0789082000000001 1.633679199999999 -1.4381200000000005 -0.8598311578947366 -0.12936800000000304 0.04694299999999929 0.041530631578947416 0.1796080000000011
54 21 -0.5790788000000001 -0.50359948 -0.3938345000000001 0.11642335000000009 0.14145700000000017 0.1787209500000001 0.1909879622480669 0.09755979999999975 0.2963532000000004 -0.22733599999999798 -0.0640229473684211 0.1394160000000011 -0.06908000000000025 0.012576526315789479 0.05212400000000006
54 22 0.0356704000000001 0.47235020000000005 0.9161107000000004 0.29567025 0.3076729 0.35409780000000013 0.3073093790041178 0.1051899999999999 1.5529811999999996 0.7159199999999988 0.8173585263157893 0.8518820000000016 -0.1312520000000006 -0.019335789473684296 0.09278699999999973
54 23 -1.0900981 -0.79407774 -0.5097475999999999 0.18879250000000014 0.21108650000000018 0.24462170000000005 0.2513515368416975 0.12274260000000026 0.9734628000000001 -0.5987980000000026 -0.4298164210526315 -0.42107400000000017 0.0469430000000004 0.06460136842105277 0.07630200000000142
54 24 -0.7402392999999998 -0.29633436 0.2113691000000001 0.005997400000000042 0.06740010000000007 0.08557284999999992 0.36234624864997766 0.10000899999999979 2.2242504 0.6198360000000003 1.1706581052631577 1.6136459999999986 -0.015386000000001676 0.05263631578947357 0.10754499999999889
54 25 -0.8575026 -0.56621422 -0.1991545 0.12119615000000006 0.1334029 0.1400910999999999 0.4098237373168568 0.09561300000000017 2.7707360000000003 0.6185800000000019 1.458282105263158 2.280268000000001 -0.12089000000000127 -0.05032263157894746 0.03501100000000146
54 26 1.0783074 1.08142228 1.0968648000000005 0.2551014499999999 0.2749069999999998 0.2887544000000001 0.17014133970857645 0.04056879999999996 0.13495720000000055 -0.011617999999997686 0.06802231578947408 0.052752000000002575 0.0028260000000002172 0.02135199999999998 0.03752300000000042
54 27 -0.5189634999999999 -0.19770068000000002 0.04534159999999976 0.3056868500000002 0.31693590000000005 0.32564155 0.27467936044551905 0.05397660000000015 1.2772892000000002 -1.1768719999999977 -0.6484926315789472 -0.13125199999999948 -0.08006999999999986 -0.011568421052631638 0.04945499999999936
54 28 -0.14971519999999994 0.16773879999999994 0.4389877 0.12905400000000017 0.13095370000000006 0.13297114999999998 0.25807423757481845 0.0683577999999998 1.0994396000000002 -0.9850179999999997 -0.5769336842105263 -0.014130000000001086 -0.07724399999999854 -0.030061368421052437 0.020567000000000224
54 29 -0.8370926 -0.7363771000000001 -0.7410870999999999 0.4265768500000002 0.4687078 0.4914178499999998 0.2188094252792772 0.08499980000000007 0.4913471999999999 -0.050239999999999174 0.2586037894736841 0.555779999999999 -0.17772400000000022 -0.029020210526315864 0.06892299999999962
54 30 -0.35350119999999985 -0.32545472000000003 -0.2550621999999999 -0.1321468999999999 -0.12891269999999988 -0.12427335 0.18987575084679292 0.049737599999999826 0.2393936000000001 -0.24805999999999884 -0.12599663157894742 0.06311399999999967 -0.030614999999999393 -0.007965684210526318 0.009734000000000131
54 31 -1.3462749999999999 -0.8895180400000001 -0.42375869999999993 0.12712289999999998 0.14891449999999995 0.17916840000000006 0.306706891546156 0.09507920000000003 1.5727631999999998 -1.0911499999999985 -0.8277701052631578 -0.24931599999999943 -0.12732700000000152 -0.0053875789473684975 0.07237700000000236
54 32 0.9749857 0.9611759799999998 0.9937786000000002 0.1732965999999998 0.1751492 0.17569870000000015 0.17901681271239814 0.02088100000000015 0.25572159999999977 -0.045215999999999035 -0.13459031578947356 -0.008164000000001614 -0.01962500000000089 -0.010990000000000078 0.0026690000000006986
54 33 -0.37447640000000015 -0.30804656 -0.3145180999999999 0.03200444999999991 0.10438930000000002 0.11837799999999998 0.21377902288246184 0.129996 0.5121340000000001 -0.22513800000000028 -0.2259808421052633 0.11115600000000114 -0.13925900000000047 -0.06841894736842105 0.015072000000000418
54 34 0.5480398999999998 0.7330801000000002 0.9739338000000002 0.22856844999999992 0.27416909999999994 0.3148556500000001 0.24401636525125148 0.1587898000000001 0.8412687999999995 -0.023864000000002328 0.2771793684210529 0.7086980000000009 -0.14726599999999923 -0.0658904210526315 -0.03501100000000146
54 35 -1.6541363 -1.3389933400000003 -1.0481477000000003 0.17419934999999992 0.2948303 0.3450545999999998 0.27387630410666575 0.2479344000000001 1.0730636 -0.6480959999999991 -0.5647703157894737 -0.49235200000000034 -0.24115199999999892 -0.12870694736842098 0.036738000000001714
54 36 -0.5613064000000001 -0.34312664000000004 -0.1260867000000001 0.5946767500000002 0.8439378 0.9202712000000002 0.2962500605002962 0.8266363999999997 0.7765848000000002 -0.6528059999999991 -0.4087288421052633 -0.046472000000001845 0.06798099999999918 0.4217515789473684 0.7248689999999969
54 37 1.6680936000000002 1.7365958400000003 1.8429131 0.2561298 0.4772486 0.5759623500000001 0.2196115487595317 0.3174226 0.3714620000000002 0.022608000000001738 0.15878484210526295 0.29296200000000105 -0.02213699999999985 0.15736357894736835 0.32153599999999893
54 38 -0.40735220000000005 -0.23511063999999995 -0.26231559999999987 0.0694489499999999 0.10735660000000002 0.12693449999999984 0.25872334339965936 0.14450279999999993 1.0326204000000008 -0.9611539999999974 -0.4864355789473686 0.15323200000000092 -0.09561300000000106 0.02837568421052638 0.14883600000000108
54 39 -0.18940480000000015 -0.15658552000000006 -0.1263065 0.08576909999999993 0.09379180000000009 0.11230210000000013 0.1725643173971114 0.10682279999999977 0.09275560000000027 -0.08195399999999964 -0.0014543157894736662 0.11398200000000136 -0.051338999999999135 0.056222526315789355 0.1496210000000031
54 40 -0.2596151999999998 -0.2566636 -0.25189079999999997 0.15338115000000013 0.1547392000000002 0.1671265 0.15799692608692037 0.020347200000000232 0.018086399999999614 0.0 0.009353894736841941 0.028888000000000247 -0.022922000000000775 -0.00887463157894739 0.0
54 41 -0.39673899999999995 -0.32579384000000006 -0.26906660000000004 0.25667929999999994 0.28087300000000004 0.2848843500000001 0.18072118195762102 0.059722800000000076 0.22363080000000002 0.050239999999999174 0.11770042105263159 0.19562199999999752 -0.010676000000000574 0.02687178947368421 0.06986500000000118
54 42 2.6017411999999998 2.76757716 2.9485385 0.6867494000000001 0.8585859 1.00526315 0.26232940526271653 0.5859553999999996 0.6300096000000011 0.26030599999999904 0.058668421052631904 0.41448000000000373 0.28212899999999763 0.2196016842105264 0.3887320000000005
54 43 -0.6442652000000002 -0.20653977999999995 0.19942139999999997 0.14008324999999994 0.1551945 0.15754165000000014 0.2840587601225892 0.05758760000000018 1.3310460000000002 0.5928320000000009 0.7005505263157895 0.9369759999999983 -0.10126499999999927 0.010031473684210623 0.09247299999999958
54 44 -0.4418765000000001 -0.41558842 -0.3895955 -0.01931885 -0.013486299999999951 -0.0058875000000000455 0.16637043010602856 0.022231200000000007 0.0751716 -0.1299960000000011 -0.029449894736842033 0.0885479999999994 -0.055264000000000424 -0.011700631578947372 0.05055400000000043
54 45 -1.4591266 -0.8280337 -0.31935369999999985 0.06479390000000002 0.10738800000000004 0.15707849999999995 0.3576998975162199 0.1748666000000001 2.0332756000000005 -1.3828560000000012 -1.0701450526315792 -0.7881400000000005 -0.1389449999999981 0.014130000000000151 0.17301400000000133
54 46 -0.37179169999999984 -0.3528983200000001 -0.32674840000000016 0.23484845 0.23918949999999994 0.24170150000000007 0.16226289042768471 0.013533400000000029 0.05494999999999983 -0.06625400000000115 -0.022211368421052546 0.03705200000000186 -0.016641999999998935 -0.007122842105263173 -0.00047099999999966613
54 47 0.5082561000000004 0.57864862 0.6907842999999997 0.30644045 0.3630468 0.3788567 0.21284529875571012 0.08864219999999978 0.5436596000000002 0.054949999999998056 0.2861366315789475 0.5275199999999969 -0.07394699999999865 -0.04665378947368409 0.0009420000000015527
