58 0 0.12586690000000023 0.12978248000000006 0.13483160000000005 -0.5015443499999999 -0.20199620000000007 -0.12329995000000005 0.20514016050666553 0.5078322000000001 0.023110399999999753 -0.040192000000001116 -0.000760210526315796 0.030457999999999874 -0.7137219999999994 -0.1577932631578948 0.048826999999999066
58 1 -0.12734270000000003 -0.09265511999999998 -0.04716280000000028 -0.3941799 -0.3271566 -0.23451874999999994 0.21809941736717509 0.3798771999999999 0.2155296 -0.1824340000000002 0.05685052631578953 0.11523799999999973 0.06986500000000007 0.19993536842105258 0.3485399999999983
58 2 -0.32396950000000013 -0.08301846000000002 0.35222949999999975 0.05636299999999983 0.07631770000000004 0.10464050000000014 0.37524108932959566 0.22680220000000006 2.2979148 0.20347200000000232 1.2094288421052632 1.4572739999999973 -0.12010499999999813 -0.09545600000000008 0.0025119999999989595
58 3 1.2642896000000001 1.9992065999999997 2.8656268000000003 -0.40560165000000004 -0.3727494 -0.31554645000000003 0.4790054575780031 0.23484060000000007 3.131522 0.6041359999999996 1.7322884210526313 2.7644559999999974 -0.26972600000000013 -0.10960252631578941 0.16029700000000036
58 4 0.2485938000000003 0.24951068000000026 0.25157680000000004 -0.12399860000000018 -0.12004219999999999 -0.11771075000000009 0.15767206562258912 0.0221684000000002 0.0073475999999992325 -0.021979999999997002 -0.002412842105262772 0.0034539999999982918 -0.003611000000000031 0.01161800000000014 0.02229400000000048
58 5 0.31903970000000004 0.3532343 0.38526230000000017 -0.37768705000000014 -0.34437950000000006 -0.23268969999999994 0.18527954001749355 0.1855426 0.06769839999999983 -0.13941599999999887 -0.018972210526316053 0.10267799999999827 -0.24319299999999822 -0.02156684210526306 0.20865299999999865
58 6 -0.3914009999999999 0.03862513999999995 0.4605594999999999 -0.2263704500000001 -0.2037546 -0.18241045000000006 0.2948560095244999 0.06691340000000001 1.1150768000000002 0.2354999999999996 0.5868825263157896 1.3706099999999988 -0.12952499999999922 -0.0035035789473684305 0.07441799999999943
58 7 0.24675689999999995 0.41452396 0.6325843999999998 -0.56115725 -0.3026175 -0.2753309 0.235981482657621 0.45344739999999983 0.32894639999999997 -0.053693999999999686 0.1667174736842103 0.14318400000000286 -0.08870499999999892 0.18266536842105263 0.29924199999999956
58 8 0.2043354999999999 0.20758854000000007 0.20767960000000008 -0.24209399999999998 -0.23320779999999997 -0.23181835 0.15824665788628345 0.013250800000000007 0.02656439999999982 -0.028888000000000247 -0.012262526315789507 0.001884000000000885 -0.0020410000000004036 0.006974105263157899 0.0149150000000009
58 9 0.2988809 0.6902096800000002 1.038712 -0.2706444499999999 -0.2161419 -0.2020668499999999 0.2722705628206784 0.2713588 0.783744 -0.9925539999999988 -0.41249684210526316 0.4022339999999991 -0.17175799999999963 -0.1428204210526316 -0.007850000000000357
58 10 -2.6335337 -2.417360714 -2.2710207000000002 -0.052508650000000046 -0.03928140000000002 -0.009137399999999962 0.27309091673685676 0.12280539999999984 1.1855007200000003 -0.900583399999999 -0.5956051157894737 -0.21194999999999853 -0.13659000000000088 -0.0646344210526315 0.017740999999998897
58 11 0.25298979999999993 0.2947392399999999 0.33002969999999976 -0.16616094999999997 -0.15320060000000002 -0.10393399999999992 0.1752923327455191 0.0725340000000001 0.15178760000000002 -0.13753200000000687 0.05377663157894727 0.2559099999999992 -0.033912000000000386 0.03358147368421052 0.08462299999999923
58 12 -0.00959270000000001 0.06759478000000005 0.1008882000000001 -0.22224919999999998 -0.18877680000000008 -0.1749294 0.20945450173341715 0.15668599999999988 0.30156560000000043 0.004709999999998882 0.1587187368421055 0.2022159999999995 0.002354999999999441 0.08246631578947362 0.1414570000000004
58 13 0.27137449999999996 0.3041246999999999 0.3185844000000002 -0.04691160000000005 -0.04394430000000005 -0.033511650000000004 0.17810158196080578 0.06970799999999988 0.16792720000000028 -0.0015699999999996272 0.0883827368421054 0.09891000000000316 -0.03579599999999905 0.036688421052631516 0.014444000000001234
58 14 0.1994842000000001 0.26057604000000023 0.30588309999999963 -0.38241275 -0.34152210000000005 -0.24954365000000006 0.20986133090985024 0.30593019999999993 0.24366399999999944 -0.21132200000000267 -0.05559452631578918 0.26438799999999985 -0.2110080000000003 0.031714 0.19028399999999834
58 15 -0.1626519999999999 0.007523439999999981 0.17538470000000006 -0.61351675 -0.5033891 -0.45154770000000005 0.21713363188309853 0.2004262 0.5024628000000004 -0.3475980000000001 -0.2644541052631581 -0.16296600000000216 -0.1676760000000005 -0.10548747368421052 -0.016485000000000527
58 16 0.12384160000000022 0.12686227999999997 0.13126769999999977 0.1805813999999999 0.18497740000000007 0.18702625000000006 0.1616163930270478 0.055421000000000165 0.025433999999999735 -0.01727000000000034 0.007436842105263028 0.026690000000000325 -0.025434000000001955 0.027103157894736718 0.06452699999999978
58 17 -0.6358814000000002 -0.27845833999999997 0.05648860000000011 -0.10966450000000016 -0.07944200000000001 0.017010949999999914 0.30194906517545533 0.19838520000000015 1.4793168000000003 0.48827000000000176 0.7785877894736845 1.0829859999999991 -0.14459699999999964 -0.10302505263157907 -0.012245999999999091
58 18 -0.0330170999999998 -0.03975553999999994 0.10325890000000004 -0.2168484 -0.21235820000000016 -0.16846100000000008 0.2573626365174935 0.17762980000000006 0.9951916000000001 -0.3994080000000011 -0.5237850526315789 -0.02354999999999663 0.0010990000000010713 0.0870275789473684 0.14993500000000104
58 19 0.3113781000000001 0.31254304000000005 0.31809770000000004 -0.4149824 -0.41284719999999997 -0.39282970000000006 0.167176503857621 0.10396539999999987 0.03742879999999982 -0.030143999999998616 -0.010411578947368286 0.005965999999999472 -0.0056520000000004345 0.05123157894736841 0.02983000000000069
58 20 0.2256560999999998 0.2449357 0.2730387000000001 -0.15362449999999994 -0.1492285 -0.13534969999999996 0.16940491908118793 0.01871439999999991 0.13659 0.007850000000002577 0.07188947368421052 0.12622799999999712 -0.03077200000000002 0.00589989473684213 0.03092899999999954
58 21 -0.46522240000000015 -0.26432206000000014 -0.03081910000000021 -0.27488345 -0.12759390000000004 -0.0836496000000001 0.22552029376207983 0.2515453999999999 0.5574756000000005 -0.4986320000000011 -0.17729431578947374 0.1190060000000015 -0.01601399999999975 0.10651210526315785 0.2606199999999992
58 22 0.23352179999999978 0.23517658000000002 0.23724270000000003 -0.04655835000000014 -0.023659899999999956 -0.01568430000000015 0.16271996751749357 0.0789396 0.009482800000000235 -0.027003999999999362 0.00019831578947377735 0.0270039999999927 0.007536000000000209 0.04154715789473684 0.056519999999999904
58 23 0.20628230000000014 0.2602118000000001 0.34434810000000016 0.027898900000000004 0.034335899999999864 0.044854899999999864 0.196367430346793 0.014946400000000137 0.44983640000000014 0.024491999999998182 0.23675600000000008 0.378683999999998 -0.0003140000000001475 0.007866526315789546 0.016485000000000527
58 24 -1.640336 -1.1450355399999999 -0.6843944000000002 -0.1610034999999999 -0.12866149999999998 -0.08445029999999992 0.3490246604550733 0.09796800000000006 1.9726108000000007 -1.2748400000000004 -1.0382162105263162 -0.7784060000000004 -0.07630200000000031 0.027979052631578943 0.19483699999999993
58 25 2.6485115 2.9574561000000004 3.1153353 -0.6024089999999999 -0.3897996 -0.021226400000000034 0.3750558991611449 0.9398962000000003 0.7120264000000001 -0.7228279999999998 -2.9305124210526325 0.8621183999999982 -0.7721260000000008 -0.3563900000000001 -0.2055130000000016
58 26 0.25726019999999994 0.2588804400000001 0.2611380999999997 0.27899685000000013 0.2986925 0.30822239999999995 0.16096217029392676 0.056017600000000334 0.017332799999999704 -0.006593999999999767 0.005751157894736505 0.018839999999999968 0.004867000000000621 0.029383789473684224 0.0470999999999977
58 27 0.1748666000000002 0.18926036000000007 0.20406860000000004 -0.0743395 -0.06937829999999989 -0.020755399999999924 0.16766957294551912 0.07454359999999993 0.06148119999999979 -0.05118200000000073 0.010213263157894743 0.03924999999999956 -0.05495000000000139 -0.03475484210526306 0.010990000000000721
58 28 0.21166740000000006 0.24085683999999988 0.2721437999999996 -0.32748629999999995 -0.28630520000000004 -0.22562469999999996 0.18568578216271656 0.1909434000000001 0.15737679999999976 -0.13564799999999488 0.04617452631578954 0.17364200000000052 0.0701789999999991 0.10049652631578952 0.1169650000000011
58 29 0.14078190000000002 0.14861619999999992 0.14695199999999997 0.06882880000000002 0.07459070000000012 0.08707220000000004 0.16349432997609237 0.05118200000000006 0.05111920000000003 -0.0006279999999980745 0.026904842105263175 0.028888000000000247 -0.03579599999999905 -0.026937894736842136 -0.013345000000000162
58 30 0.22727319999999984 0.24449295999999993 0.24930030000000003 -0.4530391999999999 -0.4210897 -0.38501110000000005 0.17866797342067833 0.09278699999999995 0.1298075999999999 -0.0885479999999994 -0.047595789473684126 0.04835599999999607 0.021508999999999556 0.0483394736842105 0.13502000000000014
58 31 0.3275334 0.3431234999999999 0.3624973 -0.35135815000000004 -0.3487755 -0.34299005000000005 0.16401705542768474 0.03102320000000014 0.07661600000000002 0.0 0.035068842105263155 0.07630200000000142 -0.02213700000000096 -0.004908315789473711 0.018369000000000302
58 32 0.26211150000000005 0.27281576 0.28336930000000027 -0.1629817 -0.1580205 -0.15570475000000006 0.16004397721876754 0.028982199999999736 0.03328400000000009 -0.0003140000000012577 0.011965052631578958 0.06091599999999753 -0.04317499999999863 -0.010229789473684166 0.02119500000000052
58 33 0.2111179000000002 0.21384342000000006 0.22008260000000002 -0.2913763 -0.23934650000000002 -0.23122175000000017 0.16558359976080578 0.08920740000000005 0.03579599999999994 -0.02229400000000048 0.013386315789473779 0.03328399999999787 0.002355000000000551 0.0451168421052632 0.09749699999999972
58 34 0.19863640000000005 0.20933437999999996 0.21804159999999995 0.026572250000000075 0.030991800000000014 0.033825650000000096 0.15792398674106045 0.007850000000000135 0.020221599999999285 -0.011617999999999906 0.00975052631578903 0.02355000000000107 -0.013188000000000644 0.004131578947368492 0.01868300000000045
58 35 0.26294359999999983 0.26512276000000007 0.26801470000000027 -0.44056555 -0.4261294000000001 -0.41803604999999994 0.1684865493824618 0.14070340000000003 0.00992240000000022 -0.000628000000000295 0.0028094736842105604 0.026690000000000325 -0.10503299999999771 -0.06270084210526304 0.022922000000000775
58 36 0.16704799999999986 0.17168577999999995 0.17770830000000015 -0.15213300000000007 -0.15166200000000007 -0.15060225 0.15642654108309875 0.0025120000000000697 0.015448800000000151 -0.025748000000000992 -0.008064842105263207 0.0009419999999993323 -0.005965999999999472 -0.0005784210526316754 0.007535999999999099
58 37 0.3044543999999999 0.3070920000000001 0.31009070000000016 -0.08663259999999995 -0.08543940000000005 -0.08110619999999996 0.15583036777227072 0.007818600000000231 0.00747320000000018 -0.00031399999999903727 -0.003933263157894831 0.00031399999999903727 0.0 0.004115052631579069 0.011303999999999759
58 38 -0.15751809999999988 0.18297408000000007 0.5461402000000001 -0.11058295000000001 -0.09760689999999994 -0.08764525000000001 0.23955903642959558 0.07463780000000009 0.8454764000000003 0.14789400000000175 0.4429383157894741 0.6933120000000015 -0.10126500000000038 0.018707789473684233 0.06028800000000056
58 39 0.19852650000000005 0.23226266000000012 0.2804648000000002 0.003775849999999914 0.022356799999999843 0.048732799999999854 0.19698425905061473 0.07463779999999987 0.3543804000000006 -0.24397800000000025 -0.18651600000000032 -0.09953800000000124 -0.10330600000000079 -0.03865505263157881 0.04851299999999781
58 40 0.2051989999999998 0.21026696 0.21516849999999998 -0.5110978 -0.4981610000000001 -0.34576110000000004 0.18514791017035984 0.3013772000000001 0.012497199999999875 -0.022607999999992856 0.00657747368421046 0.05055400000000043 0.023864000000001218 0.15861957894736847 0.1987620000000001
58 41 0.04314359999999984 0.9636942600000001 1.9723910000000004 -0.07681225000000003 -0.04342620000000008 0.02061410000000008 0.5096477222805509 0.5538959999999999 3.1190248 -3.0778280000000025 -1.7784629473684206 -0.5140180000000005 -0.014444000000000123 0.2915242105263158 0.6356929999999994
58 42 -0.3248015999999999 -0.20438260000000003 -0.15365590000000007 0.02234895000000009 0.04653479999999999 0.11826025000000001 0.2217297207703598 0.23289380000000026 0.5255731999999993 -0.3598440000000003 -0.13895326315789455 0.07504600000000083 -0.05353700000000128 0.08499484210526317 0.2490020000000004
58 43 0.3396695000000002 0.38259644000000004 0.4277779000000004 -0.27048745 -0.25682060000000007 -0.24455890000000008 0.17568464703978656 0.06242320000000001 0.1245951999999999 -0.1485219999999976 -0.045976210526315765 0.10330599999999857 -0.014600999999998532 0.02774768421052632 0.06703899999999985
58 44 -0.2680775000000002 0.09745303999999995 0.6700916999999998 -0.2807709500000001 -0.2590814 -0.22343455 0.3822524096537992 0.07881399999999994 2.4674747999999997 0.596285999999997 1.2986709473684208 1.6362540000000014 -0.09718300000000069 -0.04148105263157892 0.007849999999999246
58 45 2.2614908000000002 2.4625041800000003 2.6141913000000003 -0.10733304999999993 -0.0856749 -0.03686359999999994 0.2569568384315064 0.2681874000000002 0.8727316000000007 -0.06845200000000329 0.45933242105263195 0.9511059999999993 -0.01475799999999805 0.14115126315789484 0.26658599999999977
58 46 0.3103262 0.35812328000000004 0.39011359999999984 -0.3194557500000001 -0.2966044 -0.25281709999999996 0.18544922242704767 0.1813349999999998 0.14362359999999974 -0.020410000000001816 0.017782315789473622 0.17521199999999792 -0.1416139999999999 -0.008494526315789374 0.18667299999999942
58 47 0.3745706000000001 0.3739583000000001 0.3800028000000001 -0.08202465000000003 -0.0807137 -0.07988944999999997 0.1600679716748186 0.02464899999999992 0.03648680000000004 -0.022921999999998555 0.011667578947368409 0.00251200000000118 -0.0056520000000004345 0.011155263157894776 0.01962499999999978
