60 0 0.1667378048780482 0.8805835019142627 1.6099268631411876 0.03 0.04994011976047892 0.08214071856287429 0.3355447155123613 0.08 1.911144578313253 -1.549263981454644 -1.005865567533291 -0.45774165953806484 -0.1 -0.0368421052631579 0.0
60 1 -1.4236213235294122 -0.7146455882352947 -0.05745404411764735 0.16 0.16281249999999983 0.1925 0.41793941683040725 0.05000000000000002 2.865125000000001 -1.9500000000000046 -1.5079605263157898 -1.096535947712427 -0.02812499999999829 0.015789473684210527 0.09999999999999995
60 2 2.111578947368421 2.176018866099071 2.2824999999999998 -0.09 -0.09 -0.057499999999999996 0.21198048340588593 0.06 0.32058823529411873 -0.40000000000000036 -0.16873065015479932 0.09117647058823453 0.0 0.004953560371517188 0.049999999999999975
60 3 -1.6624999999999999 -1.373109885620915 -1.3248529411764705 0.1333823529411766 0.1507720588235294 0.22367647058823542 0.3119301375260558 0.3770588235294119 1.0966911764705882 -0.07058823529411673 0.5772058823529411 1.072998366013068 0.0 0.10700464396284828 0.27894736842105294
60 4 0.828529411764706 0.9564646650326797 1.13 0.1405882352941176 0.2513888888888889 0.475 0.2453184352881936 0.4 0.624705882352941 0.0 0.3077399380804953 0.6461805555555522 0.09999999999999995 0.21052631578947367 0.2843750000000003
60 5 -1.9111764705882357 -1.6574630310457519 -1.38 -0.0925 -0.0773529411764704 -0.06 0.26436983249513685 0.05764705882352959 1.1576470588235295 -1.001388888888891 -0.6092879256965945 -0.049999999999998934 -0.04540441176470303 0.019814241486068206 0.049999999999999975
60 6 -0.9779411764705883 -0.8957861519607844 -0.848088235294117 -1.0425 -0.7275735294117647 -0.6236764705882352 0.2640671358079081 0.6611764705882357 0.554509803921569 -0.3911764705882348 -0.2918472652218784 -0.20000000000000184 0.10882352941176565 0.3479876160990714 0.6419117647058881
60 7 -1.055607638888889 -0.8049415849673206 -0.5063235294117647 0.0275 0.07 0.1825 0.24960221265389604 0.18 0.9000000000000001 -0.6352941176470589 -0.4736842105263159 -0.2500000000000002 -0.15000000000000005 -0.08947368421052633 0.0
60 8 -2.0774999999999997 -1.6012389705882355 -1.123529411764706 -0.07500000000000001 -0.02 0.045 0.3002258471991639 0.29937500000000006 1.359375 -1.0529411764705865 -0.7154605263157895 -0.402941176470587 0.1 0.15756578947368424 0.2
60 9 -0.4619117647058823 -0.22829350490196082 0.013318014705882314 -0.015 0.10176470588235298 0.16 0.23038070425810298 0.22000000000000003 0.645 -0.5981617647058814 -0.33297213622291005 -0.04999999999999977 0.0 0.10526315789473682 0.20000000000000095
60 10 -2.05140625 -1.8731194852941175 -1.782683823529412 -0.002941176470588266 0.019117647058823253 0.02735294117647054 0.24261997759431253 0.09562500000000004 0.8856249999999999 -0.7610294117647087 -0.13144349845201175 0.10937499999999822 -0.10882352941176746 -0.024941950464396373 0.09117647058823619
60 11 -1.0667738970588236 -0.721716911764706 -0.40069852941176476 -0.3177941176470592 -0.295 -0.18984374999999992 0.26332647781637636 0.17882352941176483 0.8500000000000001 -0.797058823529414 -0.4473684210526316 0.0 -0.050000000000000044 0.09411764705882361 0.2630718954248396
60 12 -1.6694117647058824 -1.3780000000000001 -1.2513970588235295 0.12195772058823566 0.19 0.20671875000000006 0.29677109117919565 0.1456250000000001 1.3658088235294112 -0.986764705882357 -0.7188467492260059 -0.34852941176470864 -0.09999999999999995 0.030166408668730806 0.19411764705882698
60 13 -1.0780012264627374 -0.4687673664293051 -0.012452090592334902 -0.18 -0.15 -0.12425595238095227 0.383692121635207 0.10999999999999999 2.33859649122807 -1.6156215886063996 -1.2308402585410896 -0.7155184116748768 -0.20000000000000004 -0.0368421052631579 0.1200549450549468
60 14 -0.1224696969696972 0.5876173336876164 1.3593336536329368 0.1 0.13 0.20500000000000002 0.34978670165083514 0.20206060606060608 2.0167080745341615 -1.5475091877982154 -1.0614253023864009 -0.5502621965323775 -0.20000000000000004 -0.10634768740031897 0.0
60 15 0.11499999999999999 0.5303913023396873 0.8496918827029329 0.2867857142857143 0.31 0.3325 0.2998000937594352 0.05076433121019097 1.525103932262863 0.30122699386503315 0.802686280138349 1.3040585753858696 -0.10000000000000009 -0.010928595373784737 0.09617834394904518
60 16 -0.175 0.20947896241830044 0.597941176470588 0.02 0.03 0.04 0.2742837428078456 0.07 1.2858823529411765 -1.2705882352941194 -0.676780185758514 -0.15065359477124216 0.0 0.026315789473684216 0.09999999999999999
60 17 0.25393072289156626 0.27217549892287946 0.27087025316455693 -0.5856249999999998 -0.58 -0.58 0.17121152596730138 0.020000000000000018 0.143154761904762 0.0 0.0753446115288221 0.1237951807228918 -0.07083333333333275 0.0 0.04075000000000384
60 18 -0.42075367647058826 -0.21637642973856197 -0.056666666666666664 0.08 0.15366666666666678 0.19431372549019613 0.22874209886799127 0.16117647058823514 0.6770588235294119 0.050000000000000044 0.35634674922600634 0.5904411764705892 0.0 0.08482972136222904 0.1833333333333334
60 19 1.2573529411764708 1.5420569852941177 1.9425000000000001 0.023529411764705997 0.04 0.09 0.27262323856267245 0.08375000000000013 1.203529411764706 0.15588235294117347 0.615673374613003 0.8985294117647091 -0.0558823529411771 0.04407894736842112 0.10000000000000006
60 20 0.012794117647058654 0.2939235681114549 0.5609374999999998 -0.02 -0.01 -0.01 0.24637989633274712 0.02 1.0105882352941178 -0.7404411764705898 -0.5318885448916408 -0.2507352941176493 0.0 0.0 0.0
60 21 0.6470588235294119 0.9204931093051257 1.2783180147058826 -0.18 -0.17 -0.15 0.2788228044220673 0.06999999999999999 1.3270588235294112 0.49530766253869873 0.6984520123839005 0.811764705882354 -0.09999999999999981 -0.021052631578947364 0.0
60 22 -0.042499999999999996 0.08537659313725501 0.1825 0.0375 0.06 0.07 0.2064889509895402 0.039999999999999994 0.51 0.0 0.2684210526315789 0.5998161764705884 -0.049999999999999975 -0.021052631578947368 0.0
60 23 0.3966062464142283 0.5078035175359086 0.6125 0.0 0.01 0.02 0.20570564888134243 0.04 0.5371868836291915 -0.3828313253012042 -0.28272993875220603 -0.20000000000000018 -0.09999999999999999 -0.021052631578947368 0.0
60 24 0.11296875000000028 0.3377930641554868 0.6114705882352941 0.4674183006535947 0.5423684210526316 0.6125 0.23032103632804327 0.2 0.4526143790849674 -0.09797794117647168 0.22786377708978317 0.4216911764705858 -0.2694358445132444 -0.10526315789473684 0.0
60 25 -0.2342647058823531 -0.10267877567693759 0.07765625000000005 -0.0225 0.05205882352941163 0.33352941176470585 0.27421210083036934 0.52 0.8022058823529415 -0.9470588235294163 -0.42221362229102183 0.0 -0.41830065359477125 -0.25789473684210523 -0.04999999999999999
60 26 -0.176783088235294 -0.20585044719642234 -0.05453124999999998 -0.09 -0.09 -0.08 0.2398821819532381 0.06187500000000007 0.9050000000000004 0.04503676470588079 0.45625000000000027 0.6768382352941154 -0.09999999999999995 -0.03256578947368425 0.0
60 27 -1.2427757352941178 -0.7218043300653598 -0.3517647058823532 0.12 0.13 0.14 0.33545433199002817 0.05000000000000002 1.9945588235294123 -1.2823529411764705 -1.0497678018575856 -0.7189542483660161 -0.050000000000000044 -0.026315789473684223 0.0
60 28 0.18531250000000013 0.38164950980392176 0.564861111111111 -0.18 -0.16 -0.1175 0.247504637480598 0.09 0.9593750000000003 0.25312500000000115 0.5049342105263159 0.6527777777777763 0.0 0.036842105263157905 0.10000000000000002
60 29 -0.48132352941176515 0.3525102941176465 1.4199509803921573 0.07750000000000037 0.155 0.17 0.4221575738509837 0.12000000000000001 2.788666666666667 -2.198366013071884 -1.4677192982456142 -0.7496732026143769 -0.050000000000000044 0.020350877192982553 0.14333333333333675
