68 0 3.09 -3.047389705882353 -2.9475000000000002 0.08 0.16 0.19750000000000026 0.22678156415806525 0.17250000000000026 0.504736842105264 -0.49442724458204523 -0.15945901906468982 0.03308823529412086 -0.2674632352941191 -0.0894736842105263 0.01250000000000139
68 1 -0.18265625000000005 -0.1223363970588236 0.01 -0.10233455882352935 -0.07 -0.04781250000000011 0.21605901339943523 0.18722222222222223 0.43 -0.3968749999999991 -0.2263157894736842 0.0 -0.10000000000000002 0.033040935672514614 0.10000000000000002
68 2 -0.36087621982537244 -0.16758009732548734 -0.03 0.1 0.11499999999999999 0.13 0.19432546377301393 0.04000000000000001 0.41 -0.09999999999999998 -0.04373205741626789 0.06190476190476074 -0.00267857142857042 -0.02105263157894737 0.0
68 3 3.056890756302521 -2.8748692752100844 -2.571516544117647 -1.1038235294117649 -0.8709821428571429 -0.8 0.4283584717827201 0.58 1.8024632352941188 0.3499999999999992 -2.3565982972136226 1.3190441176470524 -0.5610906862745085 -0.10526315789473682 0.11562500000000253
68 4 -0.1241272189349112 -0.06890616716596482 -0.01 -0.9524999999999999 -0.94 -0.9184131736526948 0.1836657944585708 0.07626506024096369 0.17626506024096372 -0.06064516129032397 -0.03933729311515782 0.16775147928993828 -0.08173652694610511 -0.013823715916296714 0.0
68 5 -0.2583532934131737 -0.21119895044127318 -0.14 0.1575 0.18 0.18 0.1873123149155489 0.0767455621301775 0.27999999999999997 -0.2500000000000001 -0.14736842105263157 -0.049999999999999906 -0.007012195121951087 0.01933976954219869 0.0
68 6 -0.0125 -0.006705882352941189 0.0 -0.2970833333333337 -0.22499999999999998 -0.09118749999999999 0.19580745848841927 0.41000000000000003 0.05411764705882377 -0.1 -0.028482972136223042 0.0 -0.301797385620914 -0.18730650154798748 -0.10277777777777525
68 7 -0.13308823529411784 -0.07684620098039217 -0.01 -0.04 0.02 0.04 0.18698364883487045 0.07411764705882347 0.2635294117647061 -0.17187500000000175 -0.10526315789473682 0.04117647058823726 -0.1 0.00835913312693502 0.07500000000000001
68 8 -1.6893750000000007 -1.3954375000000003 -1.1686948529411763 -0.36250000000000004 -0.23941176470588216 -0.2 0.3230434989942618 0.26999999999999996 1.6264705882352943 -1.2562500000000014 -0.8560371517027863 -0.10000000000000009 0.0 0.1421052631578947 0.24724264705882265
68 9 -0.29598802395209595 -0.12730184062552968 0.0125 -0.32 -0.31 -0.31 0.19179312751024383 0.020000000000000018 0.4 -0.30575566257461134 -0.20526315789473684 0.0 0.0 -0.005263157894736847 0.0
68 10 -1.3225364564987672 -0.9703465182339303 -0.619266796348944 0.08 0.09 0.11793413173652699 0.30187620876178367 0.16999999999999998 1.45050350140056 -1.1686939783060495 -0.18037151702786358 1.390883739878137 -0.09999999999999988 0.08421052631578947 0.2592170310541708
68 11 -0.13283088235294144 -0.13365808823529418 -0.0275 -0.01 -0.01 0.0025 0.20544948780883612 0.03 0.4600000000000001 -0.29779411764705616 -0.22532894736842105 0.049999999999999975 0.0 -0.005263157894736841 0.0
68 12 -0.057053571428571544 -0.0754668523342927 0.018113772455089844 0.13811698032506406 0.3512878787878789 0.5811914019715224 0.2727847583161332 0.5317964071856288 0.6083233532934145 -0.48067575887187103 -0.32017018594390234 0.0 -0.3989794472005658 -0.10431768042861644 0.39743231070326623
68 13 -1.1253378717425495 -0.7968326578136271 -0.4893398744679316 -0.003030726256983119 0.03 0.05724897765444738 0.2575263618216109 0.07 0.97144578313253 -1.169182528330948 -0.0776597724019304 1.145532640778637 0.0 0.028112196659312954 0.10704697986577033
68 14 0.28825757575757555 0.37627096584945174 0.470672514619883 0.18 0.4419138993316626 0.49177142857142864 0.22577118543452213 0.26730994152046783 0.42041733120680563 -0.2375854351902218 -0.2212722795825293 -0.047582028924609276 -0.20000000000000004 -0.1406894429055094 0.0
68 15 -1.091029411764706 -0.4980702205882349 -0.04406249999999997 0.0 0.07564705882352935 0.1539285714285714 0.2932476509291103 0.37 1.21 0.2 0.6368421052631579 0.5470588235294122 -0.2743697478991597 -0.1894736842105263 -0.049999999999999906
68 16 2.713097426470589 2.958592320261427 -3.0259895833333332 -0.01 -0.01 0.0 0.2670885189233114 0.02 1.2501470588233126 0.20312500000000178 -2.7948056415548677 0.6998366013071888 0.0 0.0 0.0
68 17 1.4235294117647066 2.0486532271241833 2.6825 -0.09014705882352933 -0.060294117647058665 -0.04 0.3533623212793044 0.07 2.0981944444444447 -1.0499999999999976 0.2256578947368416 2.091176470588232 -0.15000000000000002 -0.005263157894736836 0.15000000000000002
68 18 -0.37249999999999994 -0.3399983660130719 -0.2975 -0.2525 -0.23 -0.1975 0.18708064534483998 0.16 0.20999999999999996 0.09999999999999953 0.11052631578947367 0.10000000000000259 0.049999999999999906 0.08421052631578947 0.10000000000000009
68 19 -0.43968749999999884 -0.22737704248366022 -0.05 0.08777777777777764 0.13 0.13 0.21579195025016984 0.08 0.5800000000000001 -0.05000000000000261 -0.1749999999999992 0.10000000000000006 0.0 -0.005263157894736841 0.0
68 20 -0.5135202205882359 -0.04488235294117679 0.45690257352941155 -0.4520588235294116 -0.21 -0.1975 0.28409064214162 0.31000000000000005 1.17 -1.052757352941178 -0.6157894736842104 -0.10000000000000009 0.0 0.1368421052631579 0.20294117647058643
68 21 -0.10913602941176476 -0.07654758986928108 0.04515625000000005 -0.035 0.0975 0.17703124999999997 0.23646633102723497 0.3 0.515228758169935 -0.30000000000000004 -0.2711730306157552 -0.1 -0.20223214285714372 0.01578947368421053 0.21562500000000245
68 22 -0.16328378378378391 0.23224173714214452 0.595 -0.1257981927710846 -0.1 -0.09 0.24281531707268833 0.09 0.9 -0.7711736328345846 -0.4736842105263157 -0.15000000000000013 -0.07118644067796741 -0.021052631578947368 0.0
68 23 -0.6205882352941177 -0.5637133986928105 -0.46749999999999997 -0.4725 -0.445 -0.41867647058823526 0.1923480302731394 0.0752941176470589 0.16999999999999998 -0.3029411764705875 -0.07894736842105263 0.10000000000000009 -0.052022058823530115 -0.013312693498452058 0.10000000000000009
68 24 -0.375 -0.25884269780388736 -0.16133353418054283 -0.03 0.024880239520958098 0.05 0.18999422827238935 0.08 0.27999999999999997 -0.10953003105354575 -0.0007832080200499823 0.2478987378083758 0.0 0.042105263157894736 0.09999999999999998
68 25 -0.2644444444444445 -0.11359313725490203 0.01 0.01 0.04426470588235297 0.08249999999999999 0.20855847616373954 0.17312499999999995 0.43000000000000005 -0.37777777777777743 -0.22105263157894742 0.0 0.0 -0.03848684210526313 0.09999999999999998
68 26 -1.0175 -0.6804213400483206 -0.3937063942042682 -0.08 -0.07302395209580849 -0.06 0.2476654527380563 0.020000000000000004 1.0238853503184715 -0.7481799784872107 -0.538887026483406 -0.24966627255044174 -0.049999999999999975 -0.010526315789473686 0.0
68 27 -0.47921875000000014 -0.26304391339869293 -0.08902777777777782 0.17750000000000002 0.21 0.22073529411764703 0.20993916859703704 0.06999999999999998 0.5552941176470589 -0.35312500000000113 -0.2473684210526316 0.07647058823529451 -0.10000000000000009 -0.036842105263157884 0.0
68 28 2.534759615384615 2.5257871081124756 2.8033823529411763 0.18500000000000003 0.24 0.2475000000000002 0.31657923840218166 0.21 1.6100000000000012 -1.771874999999996 -0.8473684210526322 0.0 -0.20000000000000004 -0.11052631578947367 0.0
68 29 -0.9261826347305389 -0.7210632911547462 -0.5062547937832202 -0.125 -0.11 -0.045000000000000005 0.2416322254341913 0.13625806451612912 0.7445180722891566 -0.6444489316417495 -0.08574807806031899 0.49801875801861406 -0.01870967741935438 0.07171477079796268 0.2
