71 0 -2.68 -2.3846754493464046 -2.4555882352941176 0.34 0.3686111111111111 0.58 0.3514582597585676 0.321764705882353 1.6552941176470592 -0.20000000000000018 0.8712074303405576 1.3441176470588179 -0.2614991830065383 -0.1693498452012384 0.0
71 1 0.145 0.2149216708279973 0.31 -0.32 -0.135 -0.08827844311377236 0.22011274740865652 0.23200598802395236 0.4159880239520958 -0.27499999999999725 0.043023999847195446 0.3179640718562862 -0.30000000000000004 -0.11421367790734323 0.10000000000000002
71 2 1.0382352941176471 1.1422869689542483 1.2978125 -0.08 -0.05088235294117649 -0.0035416666666666817 0.24535401186912612 0.21764705882352972 0.7816666666666664 -0.27708333333333335 0.23931888544891622 0.8441176470588274 0.0 0.11455108359133143 0.20000000000000004
71 3 0.07974522292993634 0.520766237918294 0.9601421253877791 -0.07 -0.07 -0.06 0.30390480706586426 0.03 1.656927710843374 0.4973214285714295 0.8720672162333546 1.2109434938634078 0.0 -0.010526315789473686 0.0
71 4 -0.7107352941176475 -0.4197025735294117 -0.0975 -0.20764705882352968 0.09187500000000007 0.14250000000000002 0.31527689541955295 0.8200000000000001 1.02 0.0 0.5315789473684212 0.937683823529408 -0.09999999999999995 0.3789473684210527 0.5665441176470556
71 5 -0.42877441545480477 -0.23262140718546523 0.0025 -0.33279940119760476 -0.3 -0.2856547619047619 0.23883420875411351 0.13999999999999999 0.6962874251497009 -0.5861782401132534 -0.3664670658682636 -0.1 -0.10000000000000009 0.07368421052631578 0.20000000000000004
71 6 -0.9677604166666676 -0.5387758791775822 -0.11 -1.1141145833333337 -0.8392105263157894 -0.41500000000000037 0.37263205798691573 0.98 1.47875 -1.4492647058823582 -0.7782894736842106 -0.10000000000000002 -0.7444444444444451 -0.5157894736842105 -0.200674019607842
71 7 -0.1293975903614457 -0.07950594549207432 -0.02980654761904767 0.026677514792899405 0.04416666666666649 0.08 0.17575698244604512 0.06 0.15 -0.09999999999999998 0.04736842105263158 0.1452026823387607 -0.09333333333333257 -0.021052631578947368 0.0
71 8 -0.6892647058823532 -0.5274142156862747 -0.45764705882352963 -0.0175 -0.0051388888888888595 0.0 0.2359883337247401 0.3464705882352944 0.5705882352941178 -0.5405228758169957 -0.1845201238390094 0.15000000000000013 -0.2 -0.18235294117647075 0.0
71 9 0.09272321428571403 0.39572483038230016 0.7092833150784961 0.0275 0.04 0.06147651006711409 0.23636284465519927 0.10476190476190479 0.72 -0.4670498289136018 -0.042105263157894764 0.4771084337349385 -0.10086778096011637 -0.05513784461152884 -0.023809523809523933
71 10 -0.06 -0.061513071895424855 -0.06 0.04 0.047647058823529334 0.05 0.15888615935204317 0.010000000000000002 0.03 0.0 0.005263157894736841 0.0 0.0 0.005263157894736839 0.0
71 11 -0.30367647058823527 -0.1490349264705884 0.09874999999999959 0.0375 0.07 0.1277205882352942 0.23336268542143987 0.09000000000000001 0.5941176470588238 -0.7266544117647062 -0.3126934984520125 0.09999999999999981 -0.19687499999999888 -0.04736842105263158 0.0
71 12 -2.295214285714286 -1.870797154438699 -1.3393461538461542 -0.1042647058823531 -0.01878571428571439 0.022343749999999947 0.3249185265108586 0.14 1.6774999999999998 -1.1417279411764691 -0.8828947368421052 -0.6498511904761906 0.0 0.021052631578947368 0.2
71 13 -0.2997058823529412 0.039138071895424925 0.34 0.0 0.055 0.09161764705882361 0.2333395177800354 0.15 0.73 0.0 0.3763157894736842 0.698366013071898 -0.09999999999999995 0.03684210526315789 0.14705882352941071
71 14 -0.17808823529411752 0.7822020016339876 1.9418658088235303 0.09902777777777783 0.13 0.1581250000000002 0.5348529421332183 0.08187500000000009 3.083750000000001 1.5441176470588225 2.135023219814242 2.5948529411764714 -0.19999999999999996 -0.03864164086687307 0.06249999999999867
71 15 -0.798088235294118 -0.5422287581699348 -0.3125 0.235 0.2858823529411765 0.35416666666666674 0.2403660133874927 0.14 0.72 -0.45624999999999666 -0.3736842105263158 -0.29787581699346144 -0.1999999999999999 -0.047368421052631574 0.15363562091502803
71 16 -0.1 0.18073611111111101 0.43750000000000033 -0.0625 -0.03999999999999972 -0.012343750000000086 0.22990784375518078 0.22 0.5 -0.4062499999999942 -0.23684210526315788 0.0 -0.05312499999999826 0.05789473684210527 0.20312500000000383
71 17 -0.15 -0.059821815714580194 -0.07111813106082905 -0.2325 -0.2023053892215568 -0.1450798160173158 0.20940174839692022 0.13 0.48 -0.3945783132530112 -0.21928754813863913 0.01676829268292837 -0.15 0.005263157894736847 0.10000000000000009
71 18 -0.15 -0.14459375 -0.14 -0.01 -0.01 -0.0075 0.16331555832118236 0.07 0.01999999999999999 0.0 0.010526315789473679 0.047058823529412125 -0.1 -0.03684210526315789 0.0
71 19 0.0 0.0055 0.01 0.06 0.06 0.07 0.1562298186539008 0.010000000000000009 0.01 0.0 0.005263157894736842 0.0 0.0 -0.005263157894736847 0.0
71 20 1.6962316176470589 2.001912581699347 2.342794117647059 -0.14 -0.12205882352941173 -0.12 0.2830274188064477 0.05249999999999978 1.379705882352941 0.598749999999999 0.7261609907120741 0.8141911764705856 0.0 -0.001315789473684102 0.050000000000000044
71 21 -0.91 -0.6813988970588234 -0.4551838235294111 0.7320588235294118 0.89 0.9193749999999999 0.2836105693723618 0.6968750000000006 0.7843749999999998 0.11249999999999871 0.4128289473684209 0.6378676470588214 -0.616176470588235 -0.36677631578947395 -0.06249999999999922
71 22 0.011309177225659373 0.1927834877146562 0.5466317365269462 -0.4416317365269462 -0.10500000000000001 -0.02 0.32698750903111473 0.5781480980100175 1.4019393939393943 0.2969338894037675 0.7378628389154708 0.9360190333618492 -0.3589097086725386 -0.2924305144884683 -0.049999999999999975
71 23 -0.049033348964721245 0.045087141774620254 0.14 -0.1269090909090908 -0.065 -0.06 0.22012785796926929 0.4302439024390244 0.16 0.0 0.08421052631578947 0.08620689655172264 0.0 0.22234014915337133 0.3
71 24 -0.14823529411764721 -0.020765686274509854 0.07073529411764704 0.03 0.05 0.07156249999999997 0.19851949850117095 0.09000000000000001 0.25562500000000005 -0.2366666666666649 0.024013157894736875 0.39062500000000167 -0.1481617647058818 -0.036842105263157884 0.09999999999999995
71 25 -0.07250000000000001 -0.07100000000000002 -0.07 0.17 0.185 0.23029411764705893 0.17214924504752613 0.18 0.020000000000000004 0.0 -0.010526315789473686 0.0 -0.10000000000000009 0.04736842105263159 0.18474264705882126
71 26 -0.9995833333333334 -0.725781045751634 -0.43966911764705874 0.04 0.08529411764705891 0.21250000000000002 0.27350435090911607 0.30000000000000004 0.9800000000000001 -0.8566176470588203 -0.38947368421052636 0.20294117647058685 0.0029411764705891685 0.15789473684210528 0.25
71 27 -0.0025 0.04750269522144527 0.0940909090909092 -0.07 -0.06 0.005 0.18270803665340365 0.08 0.16999999999999998 0.0 0.08947368421052632 0.15520833333333386 -0.011904761904761724 0.042105263157894736 0.09565217391304387
71 28 2.0429254743524994 2.1104435338196117 2.6025 0.22723053892215553 0.2660479041916167 0.2703181818181819 0.397758486750453 0.13 2.3441937178275047 -2.3059880239520956 -1.2337861672776338 0.050000000000001155 -0.15024914472705542 -0.06842105263157895 0.0837633823262568
71 29 -0.8967647058823529 -0.789049632352941 -0.7804779411764701 -0.1606250000000002 -0.125 -0.0657352941176473 0.2610584629057013 0.32 0.5811764705882356 -0.15294117647058625 0.3058823529411767 0.2882352941176475 -0.2647058823529381 -0.16842105263157894 0.050000000000000044
