74 0 -2.8281363636363634 -2.649791304047003 -2.618840361445783 -0.39249999999999996 -0.34 -0.31 0.26667877013907526 0.24 0.6849122807017547 -0.2243975903614448 0.36048014773776565 0.8147811519817494 -0.17560240963855528 0.009141274238227316 0.0
74 1 1.83 2.2205340492776062 2.6294852941176474 -0.05750000000000001 0.03 0.05 0.2984976053050829 0.22 1.4176470588235295 0.4735294117647071 0.7461300309597524 1.1843749999999997 -0.22352941176470548 -0.11578947368421054 -0.026470588235294572
74 2 2.4411630369026014 2.644158686267585 2.9225 -0.06 -0.02 0.05750000000000001 0.25778186806465186 0.16999999999999998 0.9500000000000002 0.1290419161676648 0.5 0.7513703280411277 -0.19999999999999998 -0.08947368421052632 0.0
74 3 -3.1392838203463205 -2.790576237563959 -2.610945394481149 -0.21890718562874276 -0.1529640718562874 -0.13390532544378694 0.3344448116750114 0.3542236024844722 1.6779618473895583 -1.5412524348892531 -3.746416481085411 -0.47333741635387394 -0.17810800516007635 -0.11426146010186745 0.09999999999999995
74 4 -1.3775 -0.8832812500000001 -0.32415441176470583 -0.33955882352941175 -0.25323529411764695 -0.19514705882352934 0.3181007914946128 0.25823529411764706 1.23 -1.096507352941175 -0.6473684210526315 -0.050000000000000044 -0.35275735294117505 -0.11145510835913312 0.14999999999999722
74 5 -0.0671874999999999 -0.03019803585049579 0.0009210526315788982 -0.5990920716112533 -0.35310416666666655 -0.15156249999999968 0.23943329233217794 0.6123529411764704 0.12 -0.14017857142857393 -0.042105263157894736 0.05637939958592082 -0.5785700464396315 0.11338149294805688 0.8354139218269576
74 6 1.8342397660818717 1.9082624220473594 2.0710843373493972 -0.15 -0.11654761904761889 -0.08750000000000001 0.24283300416213735 0.09 0.42577777777777803 -0.5772189349112433 -0.20968633705475842 0.3345454545454518 -0.19999999999999996 -0.047368421052631574 0.09999999999999995
74 7 -0.21470588235294175 0.7748201431888537 1.7101470588235292 -0.33558823529411785 -0.2637865497076024 -0.2175 0.43771834962524236 0.34 2.8596732026143794 -1.829044117647049 -1.5050911592707261 -0.9970588235294087 -0.35102339181286357 -0.17894736842105263 -0.029411764705881138
74 8 -2.061090909090909 -1.6221877034374614 -1.2549441361180078 -0.04 -0.02 -0.008590909090909123 0.2983884749361153 0.14 1.490943396226415 -1.0022290831976366 -0.7847070506454815 -0.5004326396495062 0.0 0.0736842105263158 0.10000000000000002
74 9 0.0010294117647058152 0.44721863175094584 0.9907352941176468 -0.61 -0.485 -0.373529411764706 0.30287229103486835 0.48 1.22 -1.070955882352937 -0.6421052631578947 -0.07647058823529995 -0.37941176470587534 -0.2526315789473684 -0.10000000000000009
74 10 -1.2289939024390244 -0.9642668934219426 -0.5875 0.01 0.027757575757575835 0.1869427710843372 0.27371987812686477 0.19 1.1074506353861195 -0.7955163593273334 -0.5828687554663787 -0.34906409529211535 -0.16517857142857054 -0.07078149920255176 0.11626506024096302
74 11 -0.8055865921787707 -0.6783780799593184 -0.6335089414260817 -0.3348053892215569 -0.32 -0.2947138554216866 0.2554647963080089 0.23925846242111315 0.7169047619047617 -0.44886363636363613 -0.0540145544584351 0.24608938547486137 -0.15207100591716288 0.12592550653742796 0.2924698795180733
74 12 -0.981728500381167 -0.6473182888900195 -0.2506986919019106 -0.1225 -0.11 -0.0775 0.25984393015379326 0.08109826589595379 1.0510982658959538 -0.7864040135409132 -0.5532096136294493 -0.3642526647098381 0.0 0.04268329783997568 0.10936229722170412
74 13 0.9797904191616769 1.6830774119755436 2.296548064585116 0.2093154761904762 0.23 0.28326403173670295 0.35252806589914537 0.13273809523809524 1.9800595238095244 0.6911775798503428 1.0421365914786969 1.2921480077699732 -0.19910714285714212 -0.03781328320802029 0.11369047619047612
74 14 -3.0934375 -2.963600245098039 -2.8585294117647067 0.08632352941176467 0.12687500000000007 0.16 0.22658413893401155 0.3047058823529412 0.35294117647058876 -0.2764705882352936 0.06971749226006185 0.4104166666666642 0.014705882352941402 0.16037151702786379 0.18437500000000023
74 15 2.0496874999999997 2.399384584288261 2.6834523809523807 0.06071428571428574 0.21617647058823541 0.8609375000000004 0.3153865679561504 0.85 0.6235294117647057 -0.4550980392156845 -0.32817337461300294 0.09333333333333194 -0.13484848484848544 0.4473684210526316 0.39374999999999816
74 16 0.2665388828039431 1.2115335075666884 2.1679082998661316 0.08027272727272744 0.12557228915662652 0.22110804085062374 0.4510419194430956 0.23832335329341303 2.985808769557658 -2.128697844730664 -1.494094517731454 -0.7038685421767155 -0.25471204188481744 0.030696501733375296 0.15542892116319723
74 17 -0.0799064459930315 -0.03489287806523316 0.012120786516854054 -0.7849999999999999 -0.76 -0.75 0.18097536469100978 0.12024096385542171 0.16 -0.19999999999999996 -0.06842105263157895 0.0433418454204961 -0.10000000000000009 -0.063284717818643 0.0
74 18 1.0212132352941181 1.244872549019608 1.5478308823529416 0.225 0.25705882352941173 0.3033823529411765 0.3028573864563153 0.29187500000000005 1.221875 0.31360294117647514 0.6430921052631579 0.8700367647058793 -0.27058823529411746 -0.15361842105263163 0.18235294117646933
74 19 2.092865159979685 2.3960529851604933 2.78141286703701 0.1575 0.18 0.19 0.25428941156981283 0.07999999999999999 1.004047619047619 -0.5702104454685064 -0.5284461152882206 -0.3501549878026111 -0.10000000000000009 -0.04210526315789473 0.0
74 20 -0.4725 -0.43590624999999994 -0.4075 -0.57 -0.5511764705882354 -0.55 0.17730446924824542 0.04999999999999993 0.1856250000000001 -0.16948529411764474 -0.09769736842105269 0.021874999999999534 -0.10000000000000009 0.005263157894736847 0.10000000000000009
74 21 -1.4049999999999998 -1.2595790441176473 -1.1155882352941175 0.07861111111111113 0.09 0.1 0.19788664403472736 0.060000000000000005 0.42999999999999994 -0.339338235294121 -0.2157894736842105 -0.10000000000000009 0.0 0.02631578947368421 0.09999999999999995
74 22 2.1354227941176473 2.3885716911764705 2.724117647058824 -0.004843749999999949 0.02 0.03602941176470582 0.27705686330577434 0.24588235294117639 1.1205882352941179 0.3452205882352932 0.5897832817337462 0.6808823529411789 -0.1 0.07956656346749212 0.14889705882352733
74 23 -2.635735294117646 -1.9876325980392153 -1.28 -0.08249999999999999 -0.010882352941176487 0.0840625000000001 0.37045510882036237 0.22999999999999998 1.554039215686275 -0.18529411764705683 0.8179153766769869 1.982352941176464 -0.25588235294117834 -0.04771929824561385 0.10000000000000002
74 24 -0.5756432748538012 -0.3329106335620892 -0.022701863354037215 -0.7234006211180124 -0.685 -0.6594411764705882 0.24026076073963315 0.14 0.781851851851852 -0.6947232295526635 -0.4115009746588695 -0.18087791943627263 -0.15657894736841982 -0.01578947368421054 0.10000000000000009
74 25 2.899305555555556 -3.0640774703302376 -2.718529411764706 0.04 0.07361111111111113 0.09 0.2894537361409676 0.1012499999999999 1.3925 0.5467279411764725 -2.5723684210526314 0.7627880976952106 -0.09999999999999995 0.01954334365325087 0.10000000000000006
74 26 1.2183615900728664 1.5813339078074211 2.0448065476190473 0.3834708366586858 0.8193030303030303 0.8915915210998119 0.3583866209728288 0.9405988023952098 1.3267961787980318 0.44825831220061785 0.6564621613204609 1.0317023397964054 -0.9524201676640034 -0.49505200126063675 0.0
74 27 -1.1611505560307958 -0.7954022312300605 -0.37974550898203624 0.034999999999999996 0.05878531073446338 0.07 0.27483338484666114 0.07 1.2906060606060608 -0.7862077048076049 -0.6792663476874005 -0.4571677685266695 0.0 0.031578947368421054 0.0878531073446338
74 28 -1.6703125 -1.1530461601307191 -0.5756617647058826 -0.365 -0.29636029411764697 -0.25 0.31520148904502215 0.23 1.5 -1.053055555555551 -0.7894736842105265 -0.3722222222222202 -0.22647058823529215 -0.01578947368421053 0.1988970588235292
74 29 -2.99 -2.889265576625387 -2.8388235294117647 -0.21 -0.21 -0.19473684210526332 0.22092281916231737 0.27235294117647035 0.4847058823529409 -0.3125 -0.16842105263157886 0.049999999999998934 0.0 0.1433436532507739 0.272794117647058
