8 0 -2.8336290646758204 -2.706930378285384 -2.65190974628071 -0.27540684731321796 -0.21934250841584801 0.077734346890202 0.24783685014391368 0.44814819203603995 0.6087882963901197 -0.49593530695579924 -0.2028623747429894 0.2773328181427992 -0.020420352248400053 0.0407947747796421 0.15550883635319984
8 1 -0.031500381079268946 -0.02488907387268946 -0.019950664754158947 -0.192936161647157 -0.19126937221149698 -0.18944113982002697 0.161419660333183 0.041608649367679995 0.02815216083477745 -0.05532693728840002 0.0027190392557473637 0.04415683007559998 -0.011344640138000045 0.01818816799452632 0.02731440279380007
8 2 -0.04618829636211421 -0.036828968248264204 -0.027482730103804212 -0.39349373980548497 -0.377973399432075 -0.363173007375115 0.16510720687219088 0.07984881327900001 0.0400553063334 -0.03647738136679997 -0.021081740175473682 -0.0030543261910000175 -0.04118977034720056 0.04202569119947369 0.11981685314980006
8 3 -3.0932624988740884 -3.068897686253148 -2.9676511526076483 -0.0574454276308288 0.0004995035356410208 0.031191118431991207 0.21237324872457294 0.21022490840340002 0.4343861895689205 -0.3255911719605975 -0.04204869885547433 0.09608037532260028 -0.018325957145999983 0.08095571946254204 0.12182398178925094
8 4 0.018442700280426584 0.02363592746975258 0.027906748149400945 -0.2243814678916505 -0.22263613863965054 -0.2204806570134305 0.15756977015705187 0.014992378274680002 0.011728612573440003 -0.005585053606400004 0.005520752002378948 0.0162315620436 -0.007417649320999725 0.005144128321684196 0.01876228945899991
8 5 -1.292291132213925 -0.7567516865362797 -0.1838587042074177 -1.1172554552258371 -0.8956248201606171 -0.396766086707717 0.38400137811942997 0.81414373618044 1.672269769511629 -1.2655382406252005 -0.8801419839534891 -0.39924406639499965 0.07984881327900081 0.42849670325286315 0.7977027346265991
8 6 -0.08761218323594216 -0.08492088552935816 -0.07523343551613215 -0.7607076207295476 -0.7590233780013675 -0.7500785655848675 0.16083934475765752 0.034592425774640057 0.030805061297799988 -0.028797932657999986 -0.003398799069684214 0.016144295580999904 0.005759586531600136 0.018206539881389504 0.026354471705200555
8 7 -0.2642447395255746 0.37852424473633334 1.0268713012876853 -0.12570685456158012 0.0466531357196799 0.13528531845945715 0.44453096752872095 0.94342027387608 2.2966787627068 -0.3659082776818001 0.9304258382977686 1.8915005768576174 0.17828538309180003 0.49653698625056836 0.6764896180752
8 8 0.08962740826423611 0.0944977495419421 0.1114832938224061 -1.520789056108184 -1.4443218182549342 -1.351470302048534 0.1858568075716294 0.27281241538012013 0.05408775351948001 -0.058643062867200016 -0.028467238694463163 0.010122909661599983 -0.20542525296039837 -0.11916005819444205 -0.05558873667619979
8 9 0.07055722940395778 0.07248843622129578 0.07451476348286779 -0.021875351782724095 -0.018969378578144097 -0.013218518692821549 0.15720882782385517 0.011292280260422548 0.01391027413844001 -0.01649336143140001 0.0024802047265263132 0.024172810140200007 -0.004101523742200009 0.0048777359621592345 0.019198621771912734
8 10 -0.03443398866361411 0.03349858914740651 0.1046556627513959 -0.569592176862773 -0.45590142938749295 -0.321999769174053 0.22781527828910847 0.45074873262151993 0.38336157020214906 0.00479965544299998 0.2017692474748153 0.3263765701238255 0.17156586547159985 0.23723617506395786 0.3199188518916002
8 11 0.016620140209012493 0.017975388373222788 0.07040682443253996 -0.307444595876999 -0.25629335882400894 -0.25069085192508894 0.2513627982625701 0.63657393808196 0.46558403126334547 -0.2633701841268 -0.24504422698070813 -0.028536133270199975 -0.011955505376199937 0.32709307371166324 0.45125487810459997
8 12 -2.375772624113817 -2.2891161540877403 -2.3150482561136063 -0.22780037397104 -0.07189883853614 0.057613318608519995 0.28043543125859965 0.4531747402818 0.7009591341812582 -0.12191124825220223 0.36892586009539907 0.9580984928853975 -0.02268928027599995 0.23488457354547365 0.3595378259119998
8 13 0.2947394715870649 0.32284887185515093 0.372057557450665 -0.126273698717574 -0.09682563091320401 -0.077675005695634 0.1765706805496569 0.11601203538044 0.07351326809424003 -0.048607419668200424 0.031167906063347378 0.027139869868599842 0.0019198621772000685 0.06105896598970526 0.09354964790719997
8 14 0.022027897452305795 0.024549025556809323 0.02827181285133579 -0.1458009272026699 -0.1124302319044299 -0.09019037391081991 0.16470027055662917 0.09532988374458908 0.020298179200829814 -0.023649211364600003 -0.004528670111768423 0.011519173063199977 0.027663468644200037 0.05017362302346793 0.06318091892240009
8 15 0.16038935871815116 0.16359552855407514 0.16589587250821114 -0.5529079442853135 -0.5500063344038635 -0.5438715020830835 0.15752499860668479 0.026459191460320053 0.004625122517799979 -0.006632251157599883 0.0015340525530736708 0.00523598775600001 0.0034906585040006544 0.013925890242273711 0.023212879051600077
8 16 -0.7800403419651611 -0.16898486287672798 0.7884826934841089 -0.26688362887458794 -0.2228315185541079 -0.20960192282394793 0.3657623335776822 0.22001620550781814 2.1406463275779997 -1.5810937693868001 -0.8090152239625894 -0.05384340742420002 0.0081157810217998 0.11579800289885167 0.16423548261320017
8 17 -0.01832270889435595 -0.009520140811881555 0.001958017013902814 -0.21033045234139006 -0.18845711349070005 -0.18548569043917004 0.1689475987340624 0.12213814105495996 0.0334230551758192 -0.034819318577487275 -0.01742573468971537 -0.0005235987755999915 -0.009337511498199863 0.05807353437444209 0.0813323431431999
8 18 -0.020000600563294002 -0.017826792979928 -0.016771741447094 -0.19940755162478252 -0.19743532957002252 -0.1937875914333425 0.15707920338038375 0.018901915799160007 0.010751228192320002 -0.011344640137999993 -0.004694017093536844 0.004276056667399976 -0.003228859116199967 0.007413056349284218 0.01588249619320012
8 19 -2.1835781789274757 -1.6172423985973303 -1.1147778149091006 -0.463455214390149 -0.309848786921629 -0.26022471296413896 0.40586104820642926 0.5469512809921091 2.341045032294385 -1.5058700786255985 -1.2321289643654658 -0.7538949704013997 0.12217304764000014 0.2878690952590048 0.38336157020179995
8 20 -0.12265723106338383 0.020342830540394437 0.22421386780170252 -0.21687757021619908 -0.19826363374361905 -0.17046053875943362 0.23659453291390636 0.12789772758586188 0.6211626807873236 -0.7682939367303998 -0.3269277267301703 0.0922406509682 -0.03176499238639996 0.048501781318369394 0.15419983941070928
8 21 -2.7087205528125833 -2.4395925274827372 -2.3133947505883232 -0.5342787361817785 -0.49487356499474844 -0.4346597058007484 0.3185642487004169 0.35086353952955995 0.9668949523224613 -0.5651376117975992 0.5088920801697164 0.6388777726945993 -0.33030356094100016 -0.11180211750574735 0.1456477260793998
8 22 0.03078101770415817 0.04350359528661305 0.05402007669453817 -0.45753611621951207 -0.4472561269252321 -0.414125414399142 0.16905098883743608 0.07646287453012002 0.04242895411612 -0.04310963252431274 0.021476735743031578 0.06806784082791276 0.008203047484400261 0.04024361817374738 0.10873401239960029
8 23 0.024489441955391846 0.027613581316471847 0.031235139514371846 -0.46281443614763046 -0.4559291122484905 -0.45304059233643046 0.15795780427173142 0.01635373509124005 0.012060225131320004 -0.0068067840828000235 0.0043357652997052624 0.011170107212799991 -0.030543261910000175 -0.008607228995389501 0.008552113334799882
8 24 0.08626566171802415 0.210671858135644 0.3172818048353506 -0.23762803210026157 -0.21698951369536157 -0.20091939460757158 0.19188009261005814 0.11182324517563999 0.29057986716495643 -0.19556414268660002 -0.008965480789221044 0.13718287920719996 -0.04066617157159988 0.03398799069684213 0.053319808648599754
8 25 -0.816974126931359 -0.4766602300658622 -0.05618946930838721 -0.21709059734845498 -0.207452016554285 -0.179845271110775 0.30457544841953854 0.16147786239504003 1.5471645687272217 0.02129301687440001 0.8108064829313798 1.4202616788150002 -0.13177235852600014 -0.07193512301269474 0.018675022996400004
8 26 0.04207785204820116 0.04596993628016116 0.05231857143431115 -0.22763985216161198 -0.22369977137522196 -0.21747767259184195 0.15920558031014612 0.029216811678480004 0.02017600615312 -0.015707963267999996 0.0019841637812210563 0.012566370614400003 -0.031066860685600023 0.012024399951936843 0.04703662334140005
8 27 -0.17455401459493927 -0.10702809849968527 -0.05365069398590015 -0.23080563701770546 -0.20523656347590546 -0.11145129611951095 0.18794605322021865 0.19294614880877453 0.1675516081914764 -0.15393804002640005 -0.08818505694288233 -0.0253945406166 -0.007504915783599908 0.09566241489655504 0.21790435711220024
8 28 -0.017417513270334 -0.009225810426072002 -0.004580616621874001 -0.4646676849244641 -0.45782599425662407 -0.453179055123174 0.15993437943038555 0.024713862208320003 0.03450515931204 -0.028448866807599997 -0.017967705352168423 -0.0013962634016000033 -0.012740903539600057 0.01300729589911579 0.04145156973499986
8 29 -0.7672381189561364 -0.5124025948715467 -0.29545816884801646 -0.7837577757100334 -0.7588519272839933 -0.5798989557533033 0.29397138797701444 0.52967252139696 1.04831456192128 -0.9373290747865999 -0.5193732416214737 0.0131772358526 0.09564404300960033 0.2787750112615579 0.43083452585619963
8 30 0.32289526852385153 0.3242836779438175 0.3251074733507615 -0.2650851155604126 -0.2634532327097926 -0.26268528783891254 0.15602721440336434 0.007435102613520039 0.009896016858840007 -0.01221730476400007 -0.0037846086938105403 0.0041887902047996195 0.001221730476399785 0.0038489102978315963 0.00776671517140004
8 31 -0.002366327096142979 0.002625314564578068 0.00763440951781702 -0.5347512355950015 -0.5321550583326515 -0.5163641919251816 0.16076554420604008 0.050213122580040015 0.0141371669412 -0.0025307274154 0.005171686151978947 0.023300145514200003 -0.045989425790199934 -0.012097887499389483 0.02120575041180045
8 32 0.48606891221248805 0.488727048663284 0.49189831191416805 -0.264951016096799 -0.25373291232956896 -0.25222320252658903 0.15794769618986657 0.029530970943840024 0.00984365698127998 -0.009162978572999914 0.0038489102978315377 0.017016960206999998 0.00026179938780013234 0.013834030807957906 0.02713986986859998
8 33 -1.059833298652167 -0.444150951716647 -0.045622470314967 -0.5496495600153519 -0.44862990290959204 -0.43147767968556194 0.320646336989348 0.3418925471742801 1.28389910435624 -0.7582582935314001 -0.6757363707138104 0.008639379797399996 -0.13351768777800033 0.04470798668149473 0.21162117180500012
8 34 -0.2554412502984759 -0.234966792843229 -0.21047720544382592 -0.19779137673743052 -0.17740156775102778 -0.15599510447533504 0.17257136454589556 0.05511749777798547 0.14447835548125815 -0.1635373509124001 -0.07604123972697797 0.047036623341400186 -0.0006981317007999366 0.028467238694371306 0.056897733615200036
8 35 -0.10203471150984415 -0.1262450462288836 -0.08693325015691415 -0.5303218808422159 -0.5002411311839959 -0.47592433138050594 0.19696382628956483 0.12356931104160002 0.2798286389726364 -0.051661745859199956 -0.14727823103822968 -0.0029670597284000427 -0.05567600313879956 0.06503647949557896 0.12819443355939958
8 36 -0.21083940974362655 0.13513633521557655 0.47457756745555346 0.25831469250485944 0.5435233088973095 0.6603381957336695 0.3492660499296689 0.8322777071092436 1.1799472941076437 -0.014398966329000062 0.621024891635602 1.1002555604607998 -0.21197023765540002 0.3148022814004861 0.7997098632664004
8 37 -1.566132370706343 -1.0720863826658331 -0.629309441402823 -0.8193663915600156 -0.5858107943805055 -0.4396220162329855 0.37356385694247846 0.5210331415995599 1.9917348357973599 -1.3787228426174014 -1.0482814925249262 -0.648389817117998 0.11772245804739984 0.27422796926292625 0.33196162373040017
8 38 -0.727009385307767 -0.33427365169385903 0.12427495735453481 -0.34156733415757246 -0.29489722995909246 -0.22613562075342244 0.3280731396734 0.23530528975516363 1.459391960644142 -1.4706144277317086 -0.7681010319179693 0.019634954085000073 -0.2693915700461999 0.01346659307069475 0.07155849933200009
8 39 -0.09780190022283806 -0.09641959945525405 -0.09471703076992805 -0.3821810973698565 -0.3699856092215065 -0.3636500640367465 0.1596884875233405 0.028064894372160032 0.006091199089479998 -0.006283185307199984 0.0018371886863157907 0.0063704517698000285 -0.022602013813400046 0.0019749778377894786 0.05602506898920001
8 40 -0.211114589989607 -0.161860525833541 -0.123006006025517 -0.589746657287288 -0.5703124160662681 -0.5449964152660081 0.17273893694911366 0.07185520530484002 0.08683013028699998 -0.08587019919839983 -0.02867851539338947 0.06675884388900002 0.008901179185200614 0.03362055295957894 0.05166174585920058
8 41 -2.6502970135666155 -2.1595017012592646 -1.8359220212615948 -0.6901704298987579 -0.5300801042590579 -0.495478951838158 0.41595394016477455 0.97780326014048 1.9703894590401638 -1.5481943129865994 -0.5165715288748419 0.3315252914173983 0.1231329787285998 0.514633294810779 0.5363396791395997
8 42 -0.39972703778373503 -0.30401492693355137 -0.07256070617355412 -0.35405676483961657 -0.32643256610358656 -0.15477943416991016 0.26599854046942006 0.2425833127349564 0.977611273922411 -0.4156501613638003 -0.5145322494328478 0.025743606467000038 -0.007417649320999864 0.12175968018530332 0.20184732799118213
8 43 0.029604649520275104 0.08276650587156562 0.13619627026304074 -0.25424385738082556 -0.16087746904560912 -0.13008986104032916 0.19715663386818638 0.2725157094067564 0.21121974607704003 -0.03604104905380004 0.08100164917966317 0.1961750079247126 0.07120943348159998 0.1434293207403981 0.17680185322759986
8 44 0.0976619829944112 0.10873435176909922 0.1165246288854012 -0.33253617642310906 -0.3182986530499191 -0.307582331442639 0.1598800930713346 0.034871678454959976 0.023317598806720005 -0.004537856055199935 0.010628136550336847 0.02303834612640006 0.003752457891799954 0.01758189572804208 0.03220132469940018
8 45 0.025476086277732832 0.2698780320935629 0.437858118616805 -0.14884754485608206 -0.03897034179642205 0.05918697533605794 0.23026680618859124 0.34143876156858544 0.5219232595177309 -0.017191493132200086 0.2584648903341531 0.2705260340598255 0.03167772592380002 0.17970461135188706 0.25900686099680004
8 46 -2.7769643325157625 -2.321679489168643 -1.899316791501302 -0.2579171452859605 -0.2315714002270205 0.0045891008612928144 0.3346966110550294 0.37316884737029454 1.630643666849335 -1.1361220765806723 -0.8582335088680711 -0.5686282703015977 -0.16650441064079974 0.10703461286484979 0.02225294796299987
8 47 -0.0842318198444919 -0.07836751355777191 -0.0723461276383719 -0.40450885208365805 -0.39580838576243804 -0.389372484145688 0.15992115158369083 0.02672099084812002 0.03494149162503999 -0.0006108652382000312 0.01839025875002105 0.032637657012399984 -0.025656340004400202 -0.003251823974778955 0.02923426497099979
8 48 -1.169888525295531 -0.6541175513907509 -0.07863886377505101 -0.41408290417725996 -0.40289534367194 -0.39302550675187997 0.2906041269442832 0.12068951777579995 1.39771202487916 -1.0108074362957997 -0.7356379078311367 -0.26441738167800044 -0.0390953752447995 0.034098222018021054 0.0960803753226
8 49 -0.015653227803404494 -0.010353535529708937 -0.005957923808544495 -0.325450285105257 -0.27754972378411696 -0.27371872607597697 0.16960041631190528 0.14646803082784005 0.014730578886897454 -0.034295719801800004 -0.0030772910495789466 0.025132741228887256 0.006806784082799833 0.07708843727781056 0.08578293273580034
