0 0 -0.6098008065566825 -0.2906403100845708 0.06500000000000006 0.1475 0.16818244274809174 0.19 0.24913403570368098 0.1456516339361954 0.8700000000000001 -0.6045617846203464 -0.4578947368421053 -0.10431522825724737 -0.10000000000000009 -0.07665875470326072 0.03182442748091749
0 1 0.9950000000000003 1.1335374295788 1.3050000000000002 -0.09 -0.08 -0.07 0.19715489510547798 0.08 0.398977204875137 0.0 0.18421052631578974 0.19114306649569868 -0.09872150609392075 0.021052631578947368 0.058856933504306125
0 2 2.4900000000000007 2.6194150071782962 2.7625000000000006 -0.8 -0.785 -0.5175000000000001 0.25955159686407536 0.40134405514072286 0.6536458708979458 0.0 0.34402414257786623 0.4999999999999982 -0.04999999999999977 0.19473684210526318 0.3511195530297215
0 3 -0.8293345659713118 -0.5061171077437612 -0.26133281630844185 -0.5630715688448257 -0.43674567315577373 -0.30689954476459136 0.2738902184045378 0.32 0.8200000000000003 -0.6150659802722042 -0.43157894736842123 -0.16434985632184027 -0.2955572789718591 0.060560001456677746 0.36798254162939137
0 4 -0.5175000000000001 0.03707854344966568 0.6271719720496901 -0.9025000000000001 -0.725 -0.135 0.3833350040467098 1.09159619952494 1.5815961995249408 0.25000000000000355 0.8324190523815478 1.2312224955939208 0.10000000000000009 0.5745243155394422 0.9500000000000001
0 5 0.04842794923219704 0.17410656616929313 0.33250000000000013 0.2186426497440656 0.23 0.23 0.20214486494836337 0.04857039324426518 0.488570393244265 -0.3606083393145351 -0.25714231223382367 -0.11092599032594769 -0.08427696100538659 -0.025563364865402727 0.0
0 6 -1.8400000000000003 -1.7465 -1.6700000000000004 -0.385 -0.055 0.175 0.26292968477423034 0.97 0.23000000000000043 -0.19999999999999574 -0.03157894736842132 0.09999999999999787 -0.7500000000000002 -0.505263157894737 -0.20000000000000012
0 7 -2.9472104152651215 -2.70715056786429 -2.3925000000000005 -0.3175 -0.13623912416510459 -0.08 0.24655524012416025 0.22999999999999998 0.7789164047768704 -0.46302976749363234 -0.4099560025141423 -0.2057916946975724 0.0 0.12105263157894736 0.2871491095030855
0 8 -1.6800000000000002 -1.6852692113833192 -1.6174999999999997 -0.06 -0.05 -0.0275 0.22724257105241982 0.22403136406651375 0.6019171842650124 -0.3028974358974501 -0.31679851803421705 0.049999999999998934 -0.20000000000000004 -0.11791124424553356 0.0
0 9 0.02749999999999997 0.12350000000000008 0.23750000000000016 -0.1925 -0.18 -0.15 0.22007338228731388 0.15 0.52 -0.4500000000000015 -0.2736842105263158 -0.09999999999999787 -0.10000000000000009 -0.047368421052631574 0.10000000000000009
0 10 0.5160386398934679 0.6282156721331003 0.7777682901117438 -1.1025 -0.9247851661539502 -0.7411144423024354 0.30278011470940025 1.0942494004796175 0.6000000000000005 -0.5557028818833715 -0.30086475180757644 -0.09577719195470125 0.10000000000000009 0.5759207370945355 0.8590962890760995
0 11 2.7375000000000007 3.0164456643878217 -3.0725000000000007 -0.7949999999999999 -0.709819750683188 -0.6649077543960797 0.31446544416220645 0.31999999999999995 1.1573344998541844 -0.10000000000000231 -2.6961397369188504 1.3500000000000068 -0.2018449120784077 -0.16842105263157894 -0.0018024931681198675
0 12 1.2400000000000004 1.3955000000000002 1.5749999999999997 0.19 0.195 0.2 0.2502555397784899 0.05000000000000002 1.0199999999999996 0.3000000000000025 0.5368421052631577 0.6500000000000039 -0.09999999999999995 -0.026315789473684223 0.0
0 13 -1.0449999999999995 -0.7665087668030391 -0.5025 -0.415 -0.25 -0.16 0.25601228028109635 0.38 0.7800000000000011 -0.5991233196960679 -0.4105263157894743 -0.19999999999999574 0.10000000000000009 0.2 0.3
0 14 -1.7774999999999999 -1.5291865201691146 -1.309665322193412 -0.3213834764324514 -0.31 -0.2839330644386823 0.2436479920980486 0.20541493702323949 0.8054149370232393 -0.5829282061518448 -0.4239025984332838 -0.2898845617562118 -0.16996178137407947 -0.1081131247490734 -0.05736611442689332
0 15 0.8500000000000001 0.8658958572489477 0.8724999999999998 -0.06080190198017535 -0.0548325426609076 -0.04 0.16768211760679588 0.07905124356775273 0.05999999999999961 0.0 0.025190313010280116 0.09999999999999787 -0.09999999999999998 -0.012214530484579683 0.0
0 16 0.22750000000000015 0.4932920584520796 0.6902864378298331 -0.15 -0.0823881619807405 0.1375 0.2757059530527368 0.27590006168891634 1.0040856327694316 -0.5953606408543061 -0.5284661225102272 -0.24581945003309263 0.013416394503978218 0.1452105587836402 0.2991995073891567
0 17 0.265 0.47741191921733944 0.6825 0.24 0.43 0.5331825344024649 0.2517240772566359 0.36 0.7199999999999998 0.15880807826606697 0.3789473684210525 0.5500000000000016 -0.30000000000000016 -0.1894736842105263 -0.04544977065023437
0 18 -0.8250000000000006 -0.6899593830823563 -0.5633474576271194 -0.39 -0.3290761678072006 -0.20750000000000002 0.21176311243746906 0.21000000000000002 0.4299999999999997 0.1789891556932638 0.22631578947368405 0.2999999999999936 0.014165083386112609 0.11052631578947371 0.20000000000000004
0 19 0.12750000000000028 0.16076263779183886 0.21250000000000002 -0.05 -0.05 -0.05 0.17479908511631195 0.010000000000000002 0.2097119240239184 -0.19991227108235643 -0.11037469685469388 -0.049999999999998934 0.0 0.0 0.0
0 20 2.875 -3.082916435863994 -2.685 -0.24 -0.17 -0.15 0.258170815608997 0.07999999999999999 1.0599999999999987 0.1499999999999968 -2.7473684210526326 0.7000000000000028 -0.10000000000000009 -0.03684210526315788 0.0
0 21 -0.1332379283556718 -0.11200412377722262 -0.09483560005978192 0.005355933723459131 0.05 0.05 0.17599262738892005 0.08 0.09999999999999964 -0.09999999999999787 0.031637624150915686 0.15096450627544986 0.0 0.0368421052631579 0.09966742955227946
0 22 -2.1499999999999995 -1.9969999288550817 -1.836145600811712 -0.07 -0.06926186680835991 -0.06 0.21217255297415466 0.010000000000000009 0.6299999999999999 0.29885018380930717 0.331578947368421 0.40000000000000036 -0.0073813319164010155 -0.005263157894736839 0.0
0 23 -1.1224999999999996 -1.0735 -0.9950000000000001 0.017499999999999998 0.08 0.1225 0.21701768023043516 0.24000000000000002 0.47000000000000064 -0.3500000000000014 -0.2473684210526319 0.0 0.0 0.11578947368421054 0.24999999999999994
0 24 -2.2975 -2.0188197007595288 -1.6350000000000007 -0.57 -0.5040211564976258 -0.4475 0.28707137299525615 0.31999999999999995 1.1900000000000004 0.3500000000000014 0.6210526315789476 0.900000000000003 -0.20000000000000018 -0.15263157894736845 0.0
0 25 0.11820569136745647 0.1714278794617719 0.16979195383875634 0.03989597691937809 0.04 0.042499999999999996 0.19340003178221604 0.030000000000000006 0.35656700841058475 0.0 0.1876668465318867 0.39999999999999813 -0.09999999999999999 -0.0049620182816302524 0.0
0 26 0.6693692577681432 0.8979174510368744 1.1374715218210794 0.1463172490857373 0.155 0.1937614844637141 0.2527463043145005 0.2419449957429238 0.872789293988538 0.12101237007789312 0.4593627863097568 0.7155176744920277 -0.22183147603777445 -0.1178470554017309 0.0
0 27 0.07000000000000028 0.07361654609284535 0.08000000000000007 -0.28 -0.26 -0.25 0.16246973607344828 0.030000000000000027 0.03000000000000025 -0.03336824804677299 -0.008306646624403679 0.0 0.0 0.015789473684210527 0.01154511430101715
0 28 0.19250000000000012 0.49681516816383375 0.8125000000000003 -0.72 -0.5349999999999999 -0.18000000000000002 0.3152520480674106 0.9299999999999999 0.8999999999999995 -0.8097010006591219 -0.4736842105263155 -0.019087346357103685 0.0 0.4894736842105263 0.8506711007250332
0 29 0.885 0.9272182372104247 1.0050000000000003 -0.20500000000000002 -0.19390881394787648 -0.19 0.2166542842481481 0.25 0.45999999999999996 -0.19999999999999574 0.1157894736842104 0.3999999999999959 0.0 0.1263157894736842 0.15
0 30 0.16000000000000014 0.1835000000000001 0.20000000000000018 0.04 0.04 0.05 0.16241992778611708 0.019999999999999997 0.040000000000000036 -0.09999999999999787 -0.02105263157894739 0.0 0.0 0.010526315789473682 0.0
0 31 0.2400000000000002 0.24400000000000013 0.25 -0.55 -0.54 -0.54 0.15888489593898336 0.030000000000000027 0.020000000000000018 0.0 0.0 0.0 -0.014264792032808726 0.010526315789473694 0.10000000000000009
0 32 -1.5649508762150295 -1.2228659145627578 -0.8698671315805805 0.0989110376791692 0.1027825970790254 0.1299508762150299 0.25959189206084077 0.05000000000000002 1.114710583676436 0.322931127996931 0.5866897808823347 0.7427290017509319 -0.09999999999999995 0.008021431939600658 0.10000000000000002
0 33 -2.746248219178082 -2.6749183419293674 -2.5858442915079274 -0.19 -0.14831141698414615 -0.0591551537722247 0.21249435647906909 0.13 0.3449928767123289 -0.15000000000000124 0.1815751982696468 0.6233677731369536 -0.05648194297841594 0.04736842105263157 0.20000000000000004
0 34 2.8994579858167695 2.970318948027156 3.0500000000000003 -0.7568408370880629 -0.5932286121228778 -0.2486613168624429 0.2946464230414101 0.8972446621365253 0.30013089319663333 -0.13910463226146197 0.0012524032696325487 0.29957264952805485 -0.6499468395414445 -0.47223403270343445 -0.25
0 35 2.9825000000000004 3.0967968646356017 -3.0975 -0.28 -0.055 -0.03 0.21873525982049186 0.27999999999999997 0.45452146263911164 0.0 -3.0660413354530998 0.3035315315315157 0.0 0.13684210526315793 0.09646846846848628
0 36 -0.2425000000000006 -0.18099999999999997 -0.12499999999999956 0.3275 0.355 0.38 0.1862344841575723 0.10999999999999999 0.2400000000000002 -0.19999999999999574 -0.12631578947368433 -0.049999999999998934 -0.10000000000000009 -0.057894736842105256 0.0
0 37 2.69 2.804067263973951 2.8743766726137383 -0.10250000000000001 -0.08 -0.06 0.2123566392145725 0.09 0.5 -0.09999999999999787 -3.0421052631578944 0.4999999999999982 -0.09999999999999995 -0.02631578947368421 0.0
0 38 3.0800000000000005 -3.0432155095605076 -2.8883188678119787 -0.13918113218802194 -0.11 -0.0975 0.22871460787010137 0.14 0.6699999999999999 0.2595789278552285 -2.9526315789473694 0.4266248285731389 -0.15 -0.06842105263157895 0.0
0 39 0.7799507591300786 0.7774618888418134 0.8000000000000003 -0.75 -0.73 -0.7099815346737793 0.1982362888777677 0.22999999999999998 0.2699999999999996 0.0 0.1368421052631578 0.1499999999999968 -0.15000000000000013 -0.12105263157894736 0.0
0 40 -3.07 -2.804643176921295 -2.5374999999999996 -0.21000233717669045 -0.2 -0.17500000000000002 0.24390013796567872 0.21 0.6600000000000001 -0.5998130258647638 -0.3052631578947361 0.049999999999998934 -0.1591716357775981 -0.021052631578947364 0.15
0 41 -0.07000000000000073 -0.04429927281363776 -0.029024070021881145 -0.8163550135501366 -0.79 -0.3375 0.23560772350726752 0.85 0.05000000000000071 -0.07678820655965768 -0.026315789473684584 0.006096501494580707 0.0 0.4473684210526316 0.7
0 42 -3.0500000000000003 -2.999138123764469 -2.937283340061903 -0.11 -0.10473214285714313 -0.1 0.17045108523672356 0.009999999999999995 0.14999999999999947 -0.09855560041268419 0.06330993679866466 0.10000000000000675 -0.049999999999999975 -0.005111115832914405 0.0014443995873131277
0 43 -0.2949999999999995 -0.20603714386011837 -0.11749999999999972 0.0275 0.05238447867298609 0.07 0.19507386418822031 0.09 0.2699999999999996 -0.19999999999999574 0.04326785864182179 0.21104465709730244 -0.023404017097895004 0.026315789473684206 0.1
0 44 -0.6299999999999994 -0.6113353314967082 -0.5900000000000003 -0.58 -0.57 -0.56 0.16255248251702717 0.029999999999999916 0.06126854987953356 0.0 0.03224660519975451 0.060124100931492896 0.0 0.011193973620807762 0.09942255972156255
0 45 1.5980850810295517 1.9499657407465487 2.3425000000000002 0.5279142346634902 0.55 0.56 0.28961080044975596 0.18999999999999995 1.3247141190198373 0.4235705950991897 0.6972179573788617 0.950000000000002 0.0 0.08947368421052633 0.15000000000000013
0 46 -0.08250000000000046 -0.07800000000000056 -0.07000000000000073 -0.18 -0.175 -0.17 0.15799987017728911 0.010000000000000009 0.019999999999999574 0.0 -0.00526315789473673 0.0 0.0 0.0 0.0
0 47 -1.7874999999999996 -1.5504224995417775 -1.3200000000000003 -0.04 -0.03747140769044693 -0.02 0.21309885369797862 0.026665626393223348 0.6099999999999994 0.10281405124875853 0.3210526315789471 0.48221958567255085 -0.013595462493071232 0.0070180913719877095 0.033639841719828346
0 48 -1.8224999999999993 -1.530780305389267 -1.2024999999999997 -0.30975730883657276 -0.2 0.13125960339727522 0.3746468225384433 1.2280378445084321 1.25 0.4031993654151028 0.6578947368421053 0.8857862007699002 -0.719786658653851 -0.5621251813202275 0.15000000000000013
0 49 0.20500000000000018 0.27993700810352645 0.36250000000000027 0.0675 0.09 0.13335454914291472 0.19885714010001393 0.1 0.33000000000000007 -0.3062476610710354 -0.17368421052631583 0.0 -0.15000000000000008 -0.03157894736842106 0.0980807568846092
0 50 0.06000000000000005 0.05920517013694139 0.06000000000000005 0.03 0.03 0.03 0.15518918055877007 0 0.008299019753895624 0.0 0.0 0.0 0.0 0.0 0.0
0 51 -2.94 -2.926000000000001 -2.9100000000000006 0.05 0.16999999999999998 0.23 0.18542552639052276 0.29 0.049999999999998934 0.0 0.02105263157894692 0.09999999999999787 0.049999999999999906 0.14736842105263157 0.20000000000000012
0 52 -0.43999999999999995 -0.37502667969027315 -0.37404202412035265 -0.12 -0.10692614302461918 -0.1 0.1939368880198339 0.05 0.38385228604923904 0.0 0.20202751897328372 0.26915951759294177 -0.049999999999999975 0.01376195471092718 0.09999999999999995
0 53 0.2200000000000002 0.22431305506216717 0.22999999999999998 0.12 0.12 0.12018175809649746 0.1597699217006775 0.039999999999999994 0.010000000000000231 0.0 0.00526315789473673 0.0 -0.003635161929949407 -0.021052631578947364 0.0
0 54 1.5871630894836224 1.6541366919973826 1.6925606566798455 -1.1075 -1.0640849195828606 -1.0278827517620703 0.19209489312630357 0.17062392431508222 0.15015430820215458 -0.04945568995810001 0.052550364104129166 0.23305886039632906 -0.08930053857500675 0.03692332010639688 0.14977846984236765
0 55 0.009895851894088111 0.027089971276423763 0.040000000000000036 -0.22 -0.21 -0.2 0.16594133765028904 0.02907209429824556 0.08622139744804982 -0.012973858198781201 0.03175513873209972 0.09306376824981272 -0.012309076472795805 0.010037944367497659 0.049999999999999906
0 56 0.9000000000000004 0.9580000000000002 1.1300000000000003 0.20750000000000002 0.29000000000000004 0.555 0.2772921830714043 0.52 0.8800000000000003 0.0 0.4526315789473684 0.4500000000000015 0.09999999999999995 0.27368421052631586 0.3500000000000002
0 57 1.28042859271353 1.6127253770278691 1.9255259027984277 0.21098704860078638 0.26653665364808354 0.31918382861599975 0.27886091198530727 0.23346446192825726 1.1436611548206432 -0.6763344207676847 -0.6019269235898123 -0.4999999999999982 -0.09999999999999981 0.05971813785697753 0.21731899135086918
