11 0 -0.6220692338896915 -0.5653800671201055 -0.5043511391654214 0.09908345670752595 0.12158075076580596 0.13988925461928597 0.19378695182504727 0.17599900177185457 0.17140878583892 -0.14590952546720076 0.048033298203726316 0.2301216618762003 -0.019460421159800054 0.09040805525369185 0.19093902016880007
11 1 -0.029148162061292844 -0.02433367131963514 -0.017188293361910485 -0.23925109134285497 -0.21845549330527497 -0.1447415123467059 0.18290661115179574 0.21357594056762746 0.03576179637353236 -0.035168384427800015 0.008322464749010518 0.05253441048519998 -0.06396631708580014 0.1124083897724355 0.29181905093457455
11 2 -0.24986560207593805 -0.13770289036120992 -0.0569238165911662 0.24387369282854357 0.2673745512067236 0.29048271050320357 0.196624668714329 0.16053538459896 0.25467844445114185 -0.22366394364379996 -0.12607707359805362 -0.049567350756800146 -0.047211156266599996 0.07842958501882104 0.17296212887320014
11 3 0.0330186720844628 0.10890995128475175 0.18289445827753095 0.094491689370967 0.133220545472847 0.148003484237287 0.180621825692998 0.04131194339484001 0.19875809521845814 -0.22497294058279987 -0.008680716542878853 0.18107790989500008 -0.06815510729060004 -0.0179768912956 0.03385938748879991
11 4 0.1045601059748489 0.1071780998528489 0.10874016953338889 0.20060470204813197 0.20127229048702197 0.20480221889919198 0.1567429415911254 0.010978120995079999 0.010925761117520014 -0.007592182246200022 0.005098198604526314 0.014660765716799987 -0.008901179185200059 0.0053645909640421 0.017366026057399897
11 5 -1.137175916088807 -0.5192386037594936 0.04467815022682121 0.26215441685925944 0.2891328437720494 0.32261698547166945 0.31968444342486446 0.07845254987740002 1.67977468529488 0.3989822670072002 0.8840919396288843 1.2089895728603999 -0.013439035240400132 0.04129081572494738 0.11641346110840001
11 6 0.011496677708394505 0.06998440627213334 0.15282471388907706 -0.015335529398164141 0.016368376464411496 0.033516236365328946 0.19213383313091054 0.08871508587916 0.32152455480326547 -0.14364059743960003 0.07506752972287234 0.28754299426612717 -0.046163958715312745 0.03569657617511579 0.060301125656600015
11 7 -0.5402292908212046 -0.31519351838554754 -0.05205633571419816 -0.4838683913962625 -0.16698641240288065 0.11852327328580116 0.29710470567643393 0.42940335586956 0.6753900606459163 -0.5880014249985119 -0.12533301218018764 0.4254240051747384 -0.026790804018199388 0.22600176624713678 0.48520153205600003
11 8 -0.1257352161619251 -0.07491733699602365 0.0006135317134473718 -0.01779169246942055 0.11129722233161506 0.3836471254597805 0.2805716700906331 1.12854734763572 0.30047588402397096 -0.2447824275930001 -0.12514929331183158 0.013962634016000189 0.03970624048300009 0.5665889908597895 0.7172430561093999
11 9 -0.0551419725101895 -0.03027713932158039 0.004007235840073037 0.03615556431122002 0.04161844486998002 0.04836850575209002 0.16900946885411372 0.028239427297377453 0.12444197566758256 -0.03124139361076509 0.03781852910781053 0.12391837689191275 -0.04520402762680002 -0.014862856472303924 0.03063052837260001
11 10 -0.33585778039669956 -0.29750417008399954 -0.25062026305214957 -0.005242193371125979 0.026841321603694207 0.04256237484108421 0.17996194502183174 0.08627162492636 0.1842195025486 0.0014835298641996397 0.09554299763185263 0.16676621002859965 -0.09520771069625095 -0.045406118382294726 -0.036913713679799995
11 11 -0.012254005159672714 -0.0001815627235951741 0.015378920222626009 -0.26288095864041505 -0.1503552184415432 -0.12858659934597322 0.1849124482112813 0.24877923157938184 0.04618141200792 -0.07775441817659998 0.0010288256643368379 0.07321656212157454 -0.1978330707141998 0.022395330086189477 0.12627457138219986
11 12 -0.14112160251524408 -0.1039050742101523 -0.049941239067634105 -0.0642952146869882 -0.04177174068992821 -0.002842171724139766 0.17740339986141407 0.07969173364625019 0.10110692356836001 -0.16301375213680003 -0.039187234678932065 0.08534660042279998 -0.019984019935365076 0.04097849364823694 0.07155849933199998
11 13 -0.14574076182488277 -0.00660747717881365 0.16544708048358722 -0.14885176273516593 -0.1050832684181359 -0.006018380074580988 0.24210549478746335 0.26570892532482904 0.5968676975996581 -0.4540474049081491 -0.3141408934735042 0.04223696789839998 -0.1590867613199745 0.1398468028025416 0.37393679224100007
11 14 -0.314742593180725 -0.06914160616869411 0.16971281061978316 -0.2585643230679061 0.33681111802059394 0.48199196852508397 0.3814009139852483 0.8710938296732 1.42172775538668 -0.16528268016440006 0.5458838743648268 1.2402309664729452 -0.7317292888975092 -0.44150399915197885 -0.018675022996399726
11 15 -0.520646017874417 -0.32823917580503414 -0.11787638639107521 0.0669295467861968 0.11239973712392679 0.12244410696918678 0.2427880778492276 0.09016370915832 0.8728042523394619 -0.68190013875291 -0.45937065912603253 -0.16598081186519995 -0.11379546723039993 -0.04745458376753684 -0.005585053606400048
11 16 -2.9511924553525084 -1.3712933638409193 -0.0632310486569881 -0.21641074312304506 -0.042619582855511554 0.0308587786537059 0.4522834612655149 0.27614599425109093 2.9533938003530005 0.13552481641780004 1.554417789659474 1.6130332946983996 -0.032812189937599934 0.13538243429442687 0.2056870523482
11 17 -0.35999945445296516 -0.25625533838476333 -0.15611881788041065 0.02863312847625613 0.03633003047757613 0.04319790108419613 0.190313001362402 0.056025068989200004 0.2898119222947746 -0.2158099620106728 -0.13779833741720768 -0.023125612589000172 -0.05986479334359998 0.029312345490168413 0.0646644487866
11 18 0.07289348228432695 0.08006329485154294 0.08597472502806695 -0.19539814248238146 -0.16210162367717695 -0.11913598081606694 0.17058394678014102 0.15519467708801454 0.01932079481964001 6.938893903907228e-17 0.0101688393787579 0.026878070480799987 0.042935099599199986 0.08098327729289184 0.09782570457460012
11 19 -2.7856853549409397 -2.7760197215433635 -2.76494648010405 -0.07315959651385007 -0.041124078093390054 -0.017819569256064417 0.17122961930107033 0.11484266478158255 0.04063126498655967 -0.06571164633779825 0.017095040726168707 0.07784168463919716 -0.14442599560291272 -0.044882519606685545 0.10053096491511274
11 20 -0.13700766754282706 -0.10386473771194871 -0.03520261227366705 0.129718542328709 0.14931858982866902 0.153555376587899 0.18986708387441917 0.03179989897144002 0.3617543940618655 -0.20394172309532735 -0.190397049506245 -0.07487462491079118 -0.014398966329000201 0.016341793364778947 0.047385689191799946
11 21 -0.2123753964488985 -0.15176272952070302 -0.10005473243626395 -0.0713337397093981 -0.05845320982963811 -0.043255755367848106 0.17314419437025083 0.026895523773319996 0.13159782560097455 0.02382374428980004 0.06926201347419714 0.11859512267427277 -0.03839724354399998 0.005318661246884211 0.044593162388599956
11 22 -0.0860260183155479 -0.021763867921528658 0.026216105880572105 0.07722665000332304 0.11889202257169304 0.16385170410321304 0.19439333009433604 0.30501374007934545 0.14213961428288 -0.11353366784259997 -0.06718599025856842 -0.004974188368199999 -0.21572269554632745 0.16053354741018183 0.42568580456105465
11 23 -0.036411592150350794 0.18861545363902038 0.3597912380223411 -0.027198823212261896 0.0626812699426081 0.1305963944610581 0.27146240211226613 0.26179938779965095 1.07025335061892 0.22244221316739998 0.5632912371678526 0.7500552460469997 0.0651880475622 0.13767892015232155 0.1776745178536
11 24 -2.117431266864835 -1.555635960584815 -1.102705566398295 -0.1453116532355762 -0.03975850339774621 -0.012858616301366019 0.38445147823368225 0.3151191964479019 2.3061733538376803 -1.6804030038256013 -1.2137754493882529 -0.817512221636798 -0.23561944901650936 -0.16585220865679043 -0.02696533694340003
11 25 -2.519639581070824 -2.137691727562795 -1.8606817953319637 -0.3973706493682565 -0.3618357457975365 -0.12412626499844104 0.3684413457348334 0.38540360542646546 1.7135642596153455 -1.521054443118 -0.8603830196328978 0.0719948316449992 -0.09599310886000023 -0.10710810041221054 0.3657337447565999
11 26 -0.1342039415435352 -0.07821901512703348 0.017757513104922434 -1.1312403421898 -1.08792563347829 -1.0724096564280101 0.20476529284802755 0.25638886711880016 0.3142290785293819 -0.017627825445199995 0.1475078796238906 0.26502824691270943 -0.09546951008440052 -0.13494150900989482 -0.042498767286199834
11 27 0.08234206459688889 0.15833980888145563 0.18069573127056796 -0.12237337265307391 -0.045975947969903896 0.042782771140556106 0.24843023231062214 0.658530180072469 0.42374848909342905 -0.24870941841 -0.2227040125553837 -0.033597588100999914 0.07138396640679995 0.331235934199489 0.4841543345046254
11 28 -0.08306521268357606 -0.07835893235555805 -0.07418585011402606 -0.09181847521466906 -0.03879537253891778 0.059082691913250954 0.17412165612934324 0.20052087776228 0.02061233846612001 -0.024958208303599988 0.002002535668084215 0.020245819323199965 -0.131772358526 -0.09659938112648421 0.019111355309400016
11 29 -2.020809209218269 -1.3507511294357288 -0.5529567650226134 0.01408820075940002 0.07708586011027022 0.1240090370502902 0.3585516508532226 0.13079497414488 2.0358218527046255 -1.4614514491622013 -0.9383716793670029 -0.40648718279080065 -0.18788469397745095 -0.025674711891263153 0.13351768777796508
11 30 -0.4076658133317249 -0.3345670609347267 -0.34892239403253494 0.09331703430296412 0.1147976740719541 0.1362739505178141 0.20555467794110366 0.13426817935632512 0.4461934232745679 -0.33265975543154896 -0.18516106175074104 0.05925392810539998 0.005585053606399978 0.07066746281911848 0.09677850702322556
11 31 -0.0304717518920749 -0.021938837179027698 -0.012333417640629991 -0.6724611557545496 -0.3668365504368295 -0.049055726879104054 0.22935803065197585 0.6935763914521055 0.03874630939443491 -0.049131018443799995 -0.015083319114671005 0.01850049007119999 -0.4503822134786001 0.05004501981524208 0.5633922825456
11 32 -1.153814576180436 -0.7606625815393675 -0.2120130951854114 0.07391847536897085 0.09966644515910084 0.11535695513458086 0.2927361220451629 0.1519309113866 1.395844522580218 0.3076142806649995 0.7346550118843252 0.9288642279143999 -0.033597588100999914 0.07894399785098948 0.14425146267779992
11 33 -1.3477779610541616 -0.7656696402747307 -0.3327031947372215 0.16777079245677945 0.2502899594912086 0.3806573279693486 0.3574420675735721 0.23870868179546403 1.8280578585448 -0.7109598708022 -0.37598066465452623 0.882002137498199 -0.4776093498097999 -0.1256361483134021 0.01666789435659982
11 34 -0.1627008049055652 0.14193332606199388 0.38706045618261287 0.13433959241164584 0.16448142859368586 0.17636275747719943 0.2794867190390682 0.09531243045224363 1.30732142291808 -0.5911430176524002 -0.6083666615869779 0.14233160050060006 -0.11196287151841802 -0.019648733000422948 0.06056292504440022
11 35 -0.23246592995042642 -0.14486872745680332 -0.06044627887278284 0.09498935061464694 0.23703297178884147 0.3625090550382515 0.21113644540487936 0.2957285884590546 0.1741838593501236 -0.27462755780220005 -0.09167571544743348 0.12330751165406181 -0.02932153143360025 0.13523545919979713 0.24286256541580023
11 36 0.010668422015593981 0.0340479800108359 0.0372934197549238 -0.035236743156894845 0.0027372580435501333 0.04962116507534516 0.18602040676614517 0.16762142136207997 0.15138985931917812 -0.030368728984799982 0.07967887332588322 0.07609635538754907 -0.12775810124640002 -0.08553031929143158 -0.0303687289848
11 37 -0.8249963389128985 -0.2793680174942331 0.15450861724788872 -0.5682837132178525 -0.5118441285313026 -0.40949802119402257 0.41773368020245266 0.27012460833203994 2.54542308770184 -1.5198327126416 -1.3396963619483366 -0.7463027881552007 -0.18107790989499994 -0.0003766236806947169 0.2066469834368001
11 38 -0.12835781576991506 -0.12111469937411508 -0.11720079852650506 0.15241373733163796 0.17365003100534793 0.17683525689042248 0.16293762449027144 0.07061602153609453 0.025202554398880028 -0.004276056667399941 0.012116259386252643 0.02713986986860012 -0.0049741883682000165 0.02842130897730526 0.05410520681200001
11 39 -0.19445144680669407 -0.13675435239432238 -0.0720733229799331 -0.14504757522357198 -0.10514062187659196 -0.09013079030939194 0.20012947570156356 0.23396138623059998 0.18270106609901093 -0.1749692575129999 -0.09615845584158471 0.020420352248399984 -0.08656833089919998 0.11974795857406316 0.27820548276879997
11 40 -0.0363247135386569 -0.029849542013729913 -0.026921752193506898 -0.036469721310619055 -0.03197986180984905 -0.021429346481513414 0.16278132184141236 0.058660516159720004 0.02216568150043491 -0.016231562043599983 0.010315814473681533 0.01195550537619999 -0.017016960207000026 0.02599621991135924 0.03595378259120003
11 41 0.11315061655319289 0.3899772892131573 0.576299913510522 -0.05188699029552179 0.09675833877418821 0.33923256843072 0.28947092985822775 0.6099751202807819 0.8943590686027091 -0.7129669994420001 -0.4707152992645838 -0.2512401458253999 -0.36058502346285093 -0.3210395369898852 -0.17287486241059996
11 42 0.050655418101375846 0.07516944011034182 0.09554092313968585 0.004715782676160021 0.1577680681071002 0.22220126076711208 0.21591498731160896 0.5739340712276799 0.08930849782484 -0.15638150097919992 -0.028853048318589473 0.07374016089700001 0.06667157742639998 0.2912127786679158 0.3042981550862
11 43 0.12277169557343601 0.135181859219782 0.148829461305796 -0.04282364093393194 -0.03253056167026195 -0.008571554363414495 0.16180856307732092 0.04382521751773746 0.02876302607296001 -0.03097959422299998 -0.01513843477524211 -0.007679448708799996 0.007330382858400028 0.021302202817840767 0.028536133270199993
11 44 -3.1268745344266637 -3.103789488545508 -3.057423520166454 -0.1208497002160779 -0.0830589585871479 -0.056058715058707895 0.20194555739165054 0.11168361883548 0.4230939093084807 -0.18849555921600203 -0.20301398560703154 -0.026092672317401533 -0.04345869837479994 0.03701935202926317 0.0917170521926
11 45 -2.741861640343692 -2.7185998920730357 -2.691626701148002 -0.246021175029607 -0.236727296762707 -0.22711053258418704 0.17217653544746403 0.040962877544439974 0.14060372454112002 0.022863813201199346 0.07400196028480001 0.12854349940979892 -0.0596902604184002 -0.015597731946821035 0.03543018381559973
11 46 0.04338510365794916 0.055362425649799166 0.06999264810468915 -0.6597374146186791 -0.42433613175517915 0.029610916719932795 0.22807157761484426 0.785049097548902 0.027471482426479996 -0.019024088846800007 0.005337033133747367 0.0295833308214 -0.6867870606620002 -0.4113832906394641 -0.03988077340820073
11 47 -2.8780976299464354 -2.705044743952132 -2.8152875934900856 -0.06480654767659184 -0.060046162141761845 -0.04495342743509185 0.263950766166274 0.2697755424821636 0.9385857118480401 -0.04677482395360144 0.49399247992002104 0.4708898321896027 -0.06990043654259998 -0.14198712762219137 -0.0005235987755999871
11 48 -0.0048266110836620215 0.0070817704027614685 0.01986979783220779 -0.47122129930395745 -0.056190729824093844 0.002954115203108516 0.21422832180133053 0.5899387404691012 0.03284709652270981 -0.040229839258905414 0.004932851622757895 0.034732052114800016 -0.29112091923360034 0.013503336844390736 0.1578650308434003
11 49 -0.128097131453601 -0.09740900721568502 -0.073852298301441 -0.46046672589665605 -0.29315510047680604 0.077561559294254 0.2151592039000255 0.6051056516684 0.0769690200132 0.0045378560552000735 0.040510010533263155 0.05759586531599997 -0.3223623128444001 -0.18115599041416838 0.051661745859200026
