16 0 -1.5219236170854962 -1.501254555418686 -1.464755357436236 -0.70836640849724 -0.65080544976628 -0.5909842896539799 0.1910907547874021 0.19772835095908003 0.1563989542717199 -0.11842058974820047 -0.0823152390903789 0.04991641660720081 -0.19381881343459972 -0.01196009834791576 0.18570303241280062
16 1 -0.3710267950820911 -0.31605765029038596 -0.23074159312946108 0.4168722312090011 0.4828718568733811 0.5952623340559211 0.20651501281876203 0.21792181040472003 0.3666762225519819 0.06745697558979996 0.19298748555367468 0.2938261795742002 -0.003316125578800011 0.04888759094286316 0.1592612942450003
16 2 -0.586772761687148 -0.4153081253121639 -0.24402500317938797 0.1343864738945899 0.18797680857759896 0.28455460273701894 0.22418165421907282 0.17804103699686907 0.58484237905268 0.023736477827199925 0.30306264569465263 0.5627814173074003 -0.09494591130879998 0.006926201347410536 0.13709561274459978
16 3 -2.091678642857549 -1.99158662824975 -1.9008879756751687 -0.6664087417591705 -0.5534772125085106 -0.3872695078405506 0.23689944871212623 0.4856902242465599 0.24469516113040002 -0.23326325452979857 0.08101083512033892 0.2429498318784007 -0.33039082740359965 -0.25562643381397887 -0.13107422682519992
16 4 -0.12025177950304722 -0.06511682843234314 0.003561877633757743 0.14294561702780478 0.14792416871913477 0.1528503605329048 0.19139695867983494 0.03380702761124002 0.3576528703191419 -0.162315620436 0.0923554752607273 0.013264502315199905 -0.058032197628999915 -0.017793172426968432 0.02574360646699997
16 5 -1.671120518680594 -1.6374470087571322 -1.6177221702156541 0.013443253119431484 0.016951364915951485 0.032131366085273845 0.17541338932218342 0.08941321758001236 0.1474105086239199 -0.08613199858619969 -0.040234432230315795 0.06623524511339962 -0.06466444878686178 -0.04189708799145914 0.009599310886000004
16 6 -0.24785973395306643 -0.23147807359379446 -0.21498645749164644 -1.4547625717674217 -1.4308690143075418 -1.4248738083269221 0.16579479781690593 0.0829904059326001 0.041765729000359963 -0.012217304763999653 -0.0008542927391368503 0.04075343803420006 -0.0036651914291996324 0.04254928997507369 0.08822639368859964
16 7 -0.20612323921767745 -0.09164883890788031 0.04174842115188615 0.14181299530589603 0.2018959548058215 0.2912437225388315 0.22288787536667184 0.18786724068510546 0.5724679946565235 0.034121186876600006 0.30129894455606504 0.4423536989193999 -0.06309365245979984 0.03757050863506604 0.1774999849275273
16 8 -0.22051270319755806 -0.06894656562487214 0.0804518730169729 0.27192777585639044 0.3760192124456705 0.4325547902410805 0.21963410302113315 0.20685642294704001 0.534507083424651 0.03551745027819998 0.28131951759192164 0.4291764630668 -0.006719517620200344 0.10477487078058949 0.17941984710559966
16 9 -0.36010103396457105 -0.3026866828907791 -0.24035399398485105 0.22282865815319544 0.23268104178073545 0.23584881437311545 0.18158103837150483 0.04593706591263999 0.26007151184052 0.07077310116859997 0.1368797430739579 0.16214108751080009 -0.05148721293399994 -0.023607874619157893 -0.005846852994199764
16 10 -0.49284689836263 -0.3439135899663575 -0.20999011313725002 0.10572050752056895 0.14687973460585896 0.1851897116874335 0.20027352127709594 0.13585642897585454 0.367060194987771 0.09442231253319985 0.19318957630935316 0.3169517921631998 -0.06937683776699996 0.03244475220033686 0.11946778729940002
16 11 -0.31609551423981547 -0.25252015090635876 -0.15637170774286097 0.118389610153977 0.22058300118170698 0.242617782988207 0.21608177556522398 0.22458896814736 0.4769461246942146 0.037873644768399994 0.2510242761548498 0.3680899392468002 0.011955505376200076 0.10116479501197896 0.17941984710560008
16 12 -0.8836538492281836 -0.5955270423264245 -0.21932481271629353 -1.0918031733003986 -1.0125826785521186 -0.9240901221525885 0.3300564852684984 0.30812042614808 1.3373934459298655 0.3896447555089999 0.7038912873315082 0.9592329568992 -0.2442588288173997 0.13780752336054736 0.5610360880554
16 13 -0.5260698709320415 -0.3969582668507156 -0.22521437779541156 0.07743642888323679 0.10026533549939678 0.1211351100301868 0.19541188505262108 0.04839798015796 0.37343064675792 0.02076941809880009 0.17683859700132631 0.24015730507519983 -0.044505895926000016 0.0016810276479789425 0.04747295565439992
16 14 -0.25010214267134 0.009903919322123473 0.36657067861468995 0.15195122507985798 0.2867691831507725 0.4319456703321325 0.2894651106513969 0.33253758238373454 1.20167664329452 0.37472219040439964 0.6218240687138735 0.8842710655256254 0.00698131700800006 0.14793043302223927 0.2946115777384725
16 15 -0.4924134749322985 -0.3001986190801992 -0.11920972097696395 0.1306305253442859 0.272442890392765 0.356541580400385 0.24253284124841448 0.3033556772904691 0.6958104128950146 0.08813912722599998 0.3662160067868497 0.5959426730953996 0.013089969389999956 0.10235896765826792 0.24600415807114542
16 16 -0.25475136042986696 -0.16817343021969372 -0.14159730169922788 -0.004731005825760484 0.018311703623743333 0.23978962237886356 0.260591238984875 0.7229502827629164 0.50131092105196 -0.5025675581134004 -0.22663559634391578 0.06510078109960016 -0.6078981784716 -0.3805001488225875 -0.057246799465600004
16 17 -0.4430717079813195 -0.27789636556583025 -0.10406768071892494 0.17048046460230906 0.21549250601121453 0.3059398311729845 0.2347250944305344 0.1922305638151055 0.6353347543132146 0.06719517620199997 0.3238779935107024 0.5276130328804725 -0.23012166187620003 -0.03409822201802104 0.18683749642659994
16 18 -0.04940135055240694 -0.01238466244675466 0.04831963426707305 0.03447868848499316 0.05484231753270316 0.13020127131093315 0.2040148496760075 0.1393296341866364 0.4022634860011345 0.1046324886574 0.21171762421112342 0.4142538979621997 -0.012915436464799833 0.07174221820035602 0.12653637077000002
16 19 -3.080852577636522 -2.8971409496372336 -2.790495239950672 -0.39965955172048795 -0.26644729656158794 -0.19547784585213795 0.26047498951567666 0.4941725244120479 0.6738628162358404 0.10960667702559546 -2.9505985177706107 0.47822021504800194 -0.49445177709160043 -0.1164134611088042 -0.028448866807599654
16 20 -0.3732450600813725 -0.37942265296882643 -0.2955691817211124 0.175228875239235 0.193061776871545 0.196351722511565 0.20469090821362756 0.057805304826239995 0.50830969135248 -0.004537856055200351 0.26753141650130535 0.4837180021918003 -0.08761552845040002 -0.026813768876778932 0.01919862177199999
16 21 -0.3731017491574299 -0.30716844600459103 -0.26367833170328997 -0.00801445496244002 0.022171014450934886 0.05345167796993979 0.18052188446363135 0.07454301235298981 0.21820106308573814 0.0616973890582001 0.11484266478196745 0.1494001839711999 -0.011519173063199994 0.028007941522920958 0.0626573201468
16 22 -0.30599907540578597 -0.24260522631422304 -0.15842276050222778 0.21845049972455344 0.3285545955869734 0.38760781082839346 0.20760745907149145 0.20448277516432004 0.38077848290953814 0.03569198320340042 0.20040972784712532 0.2192133540546909 -0.018675022996400004 0.07042862828991577 0.12452924213020022
16 23 -0.39443195124020153 -0.22770152046137312 -0.12058542827844607 0.016072979488510494 0.16128000993179797 0.20397512675902252 0.21976399493920912 0.211568811927632 0.518676947109168 0.07278022980840002 0.2729878668995621 0.43991023796660006 -0.0409279709594 0.08384929164355366 0.20472712125968737
16 24 -0.35938714582049247 -0.30454017407639244 -0.2773261277145824 0.18027947024396596 0.37291145978720597 0.46146510271055596 0.2027210658973471 0.31321678756391996 0.18938567713452 -0.02478367537839976 -0.032600913238673666 0.0972148393364003 -0.13185962499034545 0.0960757823508842 0.3097959422317459
16 25 -0.37191463437727945 -0.29335300142156834 -0.16388447750809496 -0.037378843925458 0.192088319481242 0.308715583423012 0.24739039322622416 0.43155011084952 0.6043900666752545 0.039269908170000006 0.30367810390466027 0.5555383009116005 -0.12426744274239974 0.11223385684703159 0.4207988826572
16 26 -0.31609551423981547 -0.25252015090635876 -0.15637170774286097 0.118389610153977 0.22058300118170698 0.242617782988207 0.21608177556522398 0.22458896814736 0.4769461246942146 0.037873644768399994 0.2510242761548498 0.3680899392468002 0.011955505376200076 0.10116479501197896 0.17941984710560008
16 27 -0.8978031365123809 -0.6893549732881105 -0.3217092203353509 0.11112230155550895 0.23607914935262347 0.30278127004093347 0.3902281026151017 0.30438542154862547 1.9081684712192795 0.17872171540479992 0.6663850803041375 1.5279484936668908 -0.4763876193334 -0.16020285344664503 0.15533430342799998
16 28 -0.44088451953977303 -0.31523128537137224 -0.17344335493277033 0.11270129123344215 0.18034152639444034 0.21204979557988857 0.21609109446956942 0.15508995733219638 0.5436526087051309 0.12601277199265487 0.2861329519500689 0.3901683542845999 0.01954768762239975 0.06568868147894547 0.09581857593479993
16 29 -0.7709251660213126 -0.4731859582643433 -0.06606522095537615 0.21310315026522655 0.2290990928598065 0.24510812542377652 0.3021112697660736 0.05345943498876002 1.550637773938824 0.2723586297743382 0.7815768109321877 1.2581205913041993 -0.09005898940319987 -0.000725689531094721 0.11213740444099993
16 30 -0.0366048388836029 0.049229581065113645 0.1107314932471071 -0.4784851657255029 -0.2854430238080429 0.0631079544633152 0.24094665513019545 0.6983062337252 0.23500858378145095 -0.07278022980840002 0.1236887283060268 0.2830051382100547 0.035517450278199914 0.3675295966974737 0.6115633699008
16 31 -0.21131792084746504 -0.14885695024151502 -0.065478208550345 0.19344298586958442 0.22043013942863446 0.28104542435059443 0.21131805879242793 0.11789699097260004 0.50202650604528 0.03141592653599992 0.21898370546541052 0.4194898857182 -0.06440264939879994 9.185943431568983e-06 0.12226031410259991
16 32 -2.846731994496873 -2.470568153998811 -2.017377713885253 -0.1908253918360441 -0.0639443185382505 -0.002897064626485952 0.3127136721228818 0.39657371263944 1.33933940673092 -0.9663888068323967 -0.63735294888238 -0.2470513556206022 0.03595378259120003 0.09821610717067175 0.33300882128421794
16 33 -1.671120518680594 -1.6374470087571322 -1.6177221702156541 0.013443253119431484 0.016951364915951485 0.032131366085273845 0.17541338932218342 0.08941321758001236 0.1474105086239199 -0.08613199858619969 -0.040234432230315795 0.06623524511339962 -0.06466444878686178 -0.04189708799145914 0.009599310886000004
16 34 -1.7343325141576746 -1.1703904528976947 -0.5027627441008335 0.25524490075762596 0.29632558802657594 0.3402511619762859 0.36995043788365317 0.4548502563644181 1.9689059291759639 0.6074618461324208 1.0362662785136652 1.3600478196209993 -0.07853981633999974 0.18814649336596742 0.46233771885479974
16 35 -0.6089312194635055 -0.39892971320429166 -0.10227522757712094 0.1135878215308189 0.13739847585122889 0.1611611336172089 0.26049506664015615 0.0646644487866 1.0867118054654545 0.1366592804316001 0.5719535818239234 0.8203920149025998 -0.1152789970963454 -0.01800444912589475 0.07984881327899998
16 36 -2.7505980699246413 -2.334352751286171 -2.021168252313151 0.1020008177213922 0.13754444793837217 0.1824124996841622 0.3082825038492854 0.12891001855272 1.4398966328982545 -1.0200576813313966 -0.6491798082521971 -0.4559672670850001 -0.12112585008879996 0.062051047880315804 0.19608774146219976
16 37 -0.1128223976910031 0.10882569066687478 0.416487967886516 0.24563065760947198 0.299242808907782 0.442817956500432 0.2232568025739911 0.20579177210332003 0.5746671095138691 -0.4288273972165746 -0.2922599762192995 -0.00715584993319994 -0.005497787143800004 0.10471975512 0.17976891295600012
16 38 -0.25618694222139293 -0.024807770619022198 0.3332761960259571 0.2659204010527625 0.27755738384047246 0.32893987701935246 0.21735621947001518 0.0692895713044 0.62147684005216 -0.4156501613637999 -0.3144807733801052 0.023998277215000197 -0.011693705988400083 0.033694040507031585 0.08028514559199992
16 39 -0.39634279588235105 -0.34726413731614597 -0.24092558931488106 0.3046582262079369 0.41344896180822693 0.5266641070623369 0.24484412043350004 0.4074994737576581 0.6179687282549419 0.03010692959700023 0.32524669908154835 0.4906120527371999 -0.07470009198560001 0.10295605398150429 0.36014869115019943
16 40 -0.37525621267375603 -0.26585286650610124 -0.1751629405783033 0.20488352215293248 0.20840472391884252 0.2121266385487325 0.18339599848973015 0.02408554367759999 0.29846875538417095 -0.022602013813400046 0.14664440094172634 0.23169245820300027 -0.02460914245319995 -0.011436499572315786 0.005934119456799947
16 41 -2.89011218564063 -2.1769379161505955 -1.4281851342502792 -0.3924274890760354 -0.10216614449887096 0.10432812262837904 0.4594016332313006 0.6125407542820945 1.7018531003396618 -0.5320636224722008 -2.1800035450043467 2.191827701317396 0.09555677654700001 0.3223898706747866 0.4515166774924
16 42 -0.15872702956843493 -0.024093203733829734 0.04207746419729505 0.22412233497948447 0.2592819927610245 0.5390408185641045 0.25524608756131073 0.33711034502380005 0.44464008023952006 -0.3679154063215999 -0.20474549314637128 -0.023911010752400146 -0.1473057888688005 -0.16139702609293397 0.0911934534170003
16 43 -0.370467514020337 -0.291778472029291 -0.150529848329557 0.20450488266876046 0.36755790471373045 0.4340680391843204 0.24488927080807954 0.28968974924748364 0.73054246500964 0.1487020522704001 0.3844960342156001 0.43249258864559964 -0.09381144729499996 0.09354046196404397 0.23204152405601794
16 44 -0.3753947239422556 -0.3148187089284656 -0.2463756223112856 0.175752474014835 0.209306428884535 0.24785202541495505 0.1876771468734361 0.08012806595932004 0.29356438018639996 0.05209807817219997 0.1545075685191579 0.21301743520659971 -0.008988445647799964 0.032408008426610534 0.06527531402479983
16 45 -0.44088451953977303 -0.31523128537137224 -0.17344335493277033 0.11270129123344215 0.18034152639444034 0.21204979557988857 0.21609109446956942 0.15508995733219638 0.5436526087051309 0.12601277199265487 0.2861329519500689 0.3901683542845999 0.01954768762239975 0.06568868147894547 0.09581857593479993
16 46 -0.5264315419395079 -0.5227907851198359 -0.5193018719450879 0.223533480282213 0.227835716888393 0.23047552738204302 0.15728830073229158 0.015184364492400015 0.01679006740423994 0.005061454830799783 0.008836877581178916 0.010559241974600342 -0.011257373675399862 -0.007991770785473692 -0.002967059728400112
16 47 -0.6123035834289265 0.2809000772086007 0.8677007156820336 -0.577510299346784 -0.3237525160753739 -0.23979345240791394 0.3662073751867791 0.36978290862123997 1.8934204390321998 0.10419615634439994 0.996537073174842 1.5999433253084003 -0.27296949501280005 0.09406406073936846 0.2620611871877997
16 48 -0.31970160688148197 -0.11413847290994705 0.0753056727546371 0.18959531057003853 0.3026228329295585 0.3670734788827885 0.24302841611835582 0.2998999253709855 0.696997236786549 -0.14713125594359985 0.2504180038884574 0.5787511799649453 -0.15254177662479995 0.0880931975087502 0.22802726677380009
16 49 -0.9784884957971687 -0.8925118315143965 -0.8443468528115785 0.3897112719458545 0.3937647991336245 0.5224871947917544 0.21134951749853895 0.26349235717444 0.37014942776416004 -0.3550872363194002 -0.19481548829692633 -0.08543386688540044 0.0003490658503998989 0.13801880005947367 0.22296581194299975
