32 0 -1.87 -1.8620000000000005 -1.85 0.12 0.14 0.14 0.15887982473934037 0.020000000000000018 0.020000000000000018 0.0 0.010526315789473694 0.0 0.0 0.010526315789473694 0.0
32 1 -1.33 -1.1945000000000001 -1.08 0.2975 0.45499999999999996 0.6950000000000001 0.24488716783642328 0.72 0.30000000000000004 0.050000000000000044 0.15789473684210528 0.20000000000000018 0.2500000000000001 0.37894736842105253 0.5000000000000004
32 2 -1.36 -1.197 -1.105 -0.045 0.07 0.10250000000000001 0.23303435433486144 0.26 0.6299999999999999 -0.5500000000000005 -0.331578947368421 -0.09999999999999898 -0.049999999999999975 0.1 0.3
32 3 -0.6425000000000001 -0.534 -0.4175 0.155 0.28500000000000003 0.3225 0.2146033835044018 0.21 0.33 -0.4500000000000001 0.042105263157894715 0.3500000000000003 -0.25 -0.11052631578947367 0.0
32 4 -1.17 -0.9825000000000002 -0.77 0.057499999999999996 0.125 0.19 0.2376268327315509 0.2 0.74 -0.6499999999999995 -0.38947368421052636 -0.20000000000000018 -0.1999999999999999 -0.08947368421052632 0.0
32 5 -1.4224999999999999 -1.032 -0.6625 -0.08499999999999999 0.115 0.5750000000000001 0.4105439896141831 0.7699999999999999 1.71 0.5499999999999994 0.8999999999999999 1.2000000000000006 -0.4499999999999999 0.4052631578947368 1.1
32 6 -0.28 -0.2800000000000001 -0.28 -0.19 -0.19 -0.19 0.1544546959308694 0 0 0.0 0.0 0.0 0.0 0.0 0.0
32 7 -0.125 0.4365 1.0 -0.2 -0.02 0.0175 0.3734518154894722 0.47 1.32 -1.7500000000000004 -0.6947368421052631 0.699999999999999 -0.30000000000000004 -0.2473684210526316 -0.04999999999999999
32 8 -1.26 -0.7304999999999999 -0.265 -0.7 -0.655 -0.115 0.39602960769199563 0.7999999999999999 2.01 0.0 1.0578947368421054 2.1 0.0 0.42105263157894735 0.6999999999999997
32 9 2.6550000000000002 2.7700000000000005 2.9 0.73 0.89 1.0250000000000001 0.26491800073025273 0.73 0.4900000000000002 -0.15000000000000124 0.25263157894736843 0.5999999999999983 0.24999999999999967 0.38421052631578945 0.5499999999999994
32 10 -1.74 -1.6059999999999999 -1.4474999999999998 -0.05 -0.025 0.0125 0.20063831392754272 0.09000000000000001 0.40000000000000013 -0.40000000000000036 -0.12631578947368433 0.20000000000000018 -0.15000000000000002 -0.0368421052631579 0.05000000000000001
32 11 -1.83 -1.661 -1.5 0.0975 0.10500000000000001 0.14 0.2387299200778937 0.15000000000000002 0.8 -0.49999999999999933 -0.42105263157894735 -0.3499999999999992 0.0 0.05789473684210527 0.15
32 12 0.19 0.183 0.2025 -0.02 -0.02 -0.02 0.16858468092011847 0.02 0.13999999999999999 0.0 0.06315789473684211 0.14999999999999986 0.0 -0.010526315789473684 0.0
32 13 0.5475 0.793 1.12 0.057499999999999996 0.21000000000000002 0.3225 0.32381126212016714 0.33 0.9199999999999999 -1.05 -0.4842105263157894 0.14999999999999902 -0.6 -0.17368421052631583 0.30000000000000016
32 14 -0.2625 -0.202 -0.12 0.165 0.225 0.36749999999999994 0.2156557588543146 0.36 0.19999999999999998 -0.15 -0.06842105263157895 0.09999999999999988 -0.050000000000000044 0.1894736842105263 0.35000000000000003
32 15 0.22999999999999998 0.29900000000000004 0.39249999999999996 0.37000000000000005 0.615 0.915 0.27874371374092255 1.05 0.26 -0.24999999999999994 -0.1368421052631579 -0.050000000000000044 0.4500000000000001 0.5526315789473685 0.6500000000000006
32 16 -0.4325 -0.29200000000000004 -0.17500000000000002 -0.01 0.51 0.835 0.29323152257698093 1.09 0.49000000000000005 -0.3 -0.2578947368421053 -0.19999999999999976 -0.75 -0.5736842105263157 -0.2500000000000001
32 17 0.4375 1.1179999999999999 1.7175 -0.41000000000000003 -0.22 -0.045000000000000005 0.34512855693942956 0.5 1.6800000000000002 -1.5500000000000005 -0.8842105263157893 -0.2500000000000002 -0.4999999999999999 -0.2263157894736842 -0.09999999999999974
32 18 0.05 0.06900000000000002 0.09 0.5075000000000001 0.9550000000000001 1.1475 0.28160914438719614 1.33 0.09 0.0 0.047368421052631574 0.10000000000000002 0.3499999999999992 0.7000000000000001 1.0999999999999999
32 19 1.7325 1.8794999999999997 2.0949999999999998 -0.12 -0.10500000000000001 -0.1 0.22121703923080052 0.07 0.6800000000000002 0.20000000000000018 0.3526315789473684 0.5000000000000004 -0.09999999999999995 -0.015789473684210527 0.0
32 20 -0.365 -0.19099999999999998 -0.015 -0.21500000000000002 -0.07500000000000001 0.07250000000000001 0.268475954399773 0.75 0.49 -0.4 -0.17894736842105266 0.10000000000000003 0.10000000000000002 0.3578947368421053 0.5000000000000001
32 21 0.012499999999999999 -0.009000000000000013 0.08 -1.1524999999999999 -0.94 -0.6974999999999999 0.2936877276968639 0.7999999999999999 0.77 0.0 0.40526315789473677 0.7499999999999999 -0.5000000000000004 -0.42105263157894735 -0.20000000000000018
32 22 -0.4 -0.33599999999999997 -0.305 0.255 0.72 0.88 0.2918716296807173 0.96 0.34 0.0 -0.06842105263157894 0.20000000000000018 -1.2000000000000002 -0.505263157894737 0.10000000000000009
32 23 -1.7125 -1.6740000000000002 -1.6375 -0.02 -0.01 0.0 0.1695052050793136 0.03 0.1399999999999999 0.0 0.07368421052631574 0.10000000000000009 0.0 -0.015789473684210527 0.0
32 24 -0.2725 -0.238 -0.15 -0.3 -0.28 -0.2425 0.22545960485212393 0.35 0.39999999999999997 -0.34999999999999987 -0.21052631578947367 0.049999999999999906 -0.30000000000000016 -0.18421052631578946 0.0
32 25 -1.5875000000000001 -1.5860000000000003 -1.55 0.21000000000000002 0.255 0.28 0.20955206296401474 0.39 0.24 0.0 0.12105263157894736 0.2499999999999991 -0.050000000000000044 0.1631578947368421 0.3
32 26 -1.9849999999999999 -1.5155 -1.05 -0.4575 -0.32499999999999996 -0.22 0.3813874315388049 0.38 2.0300000000000002 -1.2000000000000006 -1.0684210526315792 -0.9499999999999995 -0.35000000000000003 -0.04736842105263156 0.35000000000000003
32 27 -0.95 -0.254 0.4775 -0.042499999999999996 -0.015 0.0 0.31769762667856705 0.08 1.57 -1.7500000000000004 -0.8263157894736843 -0.2500000000000002 0.0 0.042105263157894736 0.1
32 28 -2.5225 -2.3594999999999997 -2.24 -0.04 0.4 0.545 0.3013480790295753 0.79 0.6399999999999999 -0.5999999999999994 -0.20526315789473681 0.2499999999999991 0.15000000000000013 0.41578947368421065 0.7499999999999998
32 29 -1.0 -0.475 0.0475 -0.0925 -0.08 -0.0675 0.31733229745628605 0.15000000000000002 1.22 -0.9999999999999998 -0.6421052631578948 0.09999999999999995 0.0 0.07894736842105263 0.10000000000000009
32 30 -0.65 -0.6425000000000001 -0.63 -0.0025 0.015 0.0225 0.16950013387967064 0.06 0.050000000000000044 0.0 0.026315789473684233 0.0 -0.04999999999999999 0.02631578947368421 0.1
32 31 -0.6225 -0.3705 -0.17 -0.13 -0.1 -0.05 0.22913663028926126 0.09000000000000001 0.5800000000000001 -0.5499999999999999 -0.3052631578947369 0.049999999999999906 -0.050000000000000044 0.04736842105263158 0.19999999999999998
32 32 0.0 0.15350000000000003 0.15000000000000002 -0.14 -0.12 -0.045 0.24149169540346463 0.23 0.75 0.0 0.3736842105263158 0.2500000000000001 0.0 0.10526315789473684 0.20000000000000004
32 33 -1.6624999999999999 -1.1535 -0.66 0.2025 0.575 0.7825 0.30043364030995184 0.63 1.0499999999999998 -1.0999999999999999 -0.531578947368421 0.0 -0.6 -0.3315789473684211 0.0
32 34 -0.89 -0.8285000000000002 -0.8225 -0.21 -0.19 -0.18 0.1962081139194288 0.03 0.41000000000000003 -0.5499999999999999 -0.21578947368421056 0.0 0.0 0.015789473684210527 0.09999999999999981
32 35 -0.35 -0.13849999999999996 -0.2025 -0.03 -0.03 -0.0275 0.29900315631465774 0.28 1.37 -1.15 -0.6473684210526315 0.04999999999999977 0.0 0.14736842105263157 0.19999999999999998
32 36 -0.195 -0.14650000000000002 -0.07 -0.1775 -0.14500000000000002 -0.10500000000000001 0.19430114000567975 0.16 0.26 -0.19999999999999993 -0.13684210526315793 -0.050000000000000044 0.0 0.08421052631578947 0.15000000000000008
32 37 -1.1975 -1.0150000000000001 -0.9275 0.47 0.6799999999999999 0.82 0.28890193516978385 0.42 0.84 -0.7500000000000001 -0.44210526315789483 -0.20000000000000018 -0.6 -0.10526315789473684 0.3999999999999998
32 38 -1.5525000000000002 -1.5425 -1.52 0.07 0.07 0.09 0.17042065803886564 0.09000000000000001 0.09000000000000008 0.0 0.04736842105263162 0.10000000000000009 -0.09999999999999995 -0.026315789473684216 0.0
32 39 -0.5025 -0.35750000000000004 -0.2975 -0.07250000000000001 -0.05 0.0175 0.26313030143210675 0.23 0.48000000000000004 -0.3 0.25263157894736843 1.2 -0.09999999999999995 0.12105263157894736 0.20000000000000004
32 40 -1.29 -1.264 -1.2550000000000001 -0.07 -0.035 -0.03 0.18172821615481355 0.09999999999999999 0.20999999999999996 0.0 0.11052631578947367 0.10000000000000009 -0.09999999999999996 -0.05263157894736842 0.0
32 41 -1.45 -1.349 -1.2475 0.03 0.05 0.05 0.18823781086453814 0.06999999999999999 0.30000000000000004 -0.2500000000000002 0.03157894736842108 0.29999999999999916 -0.1 -0.03684210526315789 0.0
32 42 1.91 2.2605 2.7525 -0.115 -0.09 -0.08 0.26076164550286013 0.07 1.03 -0.7499999999999996 -0.5421052631578948 -0.19999999999999907 -0.049999999999999975 2.921639538487254e-18 0.10000000000000002
32 43 -1.75 -1.4949999999999999 -1.2925 0.1 0.12 0.16 0.23539509919266496 0.17 0.73 -0.5000000000000004 -0.32105263157894737 -0.19999999999999907 -0.10000000000000009 0.042105263157894736 0.1999999999999999
32 44 -0.05 -0.023500000000000004 -0.004999999999999999 -0.36250000000000004 -0.335 -0.2475 0.19652496247312268 0.28 0.14 -0.15000000000000002 0.021052631578947364 0.0 -0.20000000000000018 -0.1473684210526316 -0.09999999999999967
32 45 1.2925 1.4760000000000002 1.6324999999999998 -0.965 -0.915 -0.335 0.2848200251531502 0.9600000000000001 0.3800000000000001 -0.3500000000000003 -0.20000000000000007 0.050000000000000044 0.04999999999999949 0.505263157894737 0.8
32 46 -0.5325 -0.25600000000000006 0.0125 -0.355 -0.25 -0.1275 0.2939175544646842 0.31999999999999995 1.15 -1.0 -0.6052631578947367 -0.15000000000000002 -0.3500000000000002 0.07368421052631575 0.3999999999999999
32 47 -1.33 -0.6 0.06 -0.0975 0.02 0.10250000000000001 0.3496190027993022 0.28 1.86 0.0 0.22105263157894753 1.9000000000000001 -0.3 -0.07368421052631578 0.09999999999999988
32 48 -0.2275 -0.054000000000000006 0.1375 -0.41 -0.16 -0.15 0.23928288368696493 0.39 0.58 -0.35000000000000003 -0.3052631578947368 -0.10000000000000009 0.0 0.19473684210526318 0.2500000000000001
32 49 -1.57 -1.372 -1.29 -0.03 -0.02 -0.02 0.2302245040366749 0.060000000000000005 0.79 -0.699999999999999 -0.41578947368421054 -0.050000000000000044 0.0 -0.015789473684210523 0.0
32 50 -0.1625 0.6505000000000001 1.29 -0.1 -0.07 -0.04 0.3153644691468213 0.08 1.71 -1.2000000000000006 -0.9 -0.15000000000000013 0.0 0.042105263157894736 0.15000000000000002
32 51 0.4075 0.5865 0.9025000000000001 0.16 0.16 0.1725 0.2430282688952899 0.04000000000000001 0.93 -0.7000000000000001 -0.4894736842105263 -0.10000000000000009 0.0 -0.02105263157894737 0.0
32 52 -0.7024999999999999 -0.5294999999999999 -0.4075 -0.31999999999999995 -0.1 0.015 0.2744378595480547 0.5700000000000001 0.79 -0.7000000000000004 -0.38947368421052636 0.0 -0.35000000000000003 -0.3 -0.2
32 53 -1.57 -1.532 -1.4975 0.21 0.21 0.2225 0.16690083979066092 0.03 0.1100000000000001 -0.10000000000000009 -0.04736842105263162 0.0 -0.049999999999999906 -0.015789473684210527 0.0
32 54 -1.8025000000000002 -1.6945000000000001 -1.63 0.1475 0.17 0.2325 0.22511983447604358 0.2 0.3500000000000001 -0.15000000000000013 0.13157894736842105 0.15000000000000013 -0.10000000000000009 -0.010526315789473694 0.10000000000000009
32 55 1.305 1.4709999999999999 1.6649999999999998 -0.16999999999999998 -0.04 0.03 0.241892117327275 0.29000000000000004 0.6499999999999999 -0.40000000000000036 0.03684210526315779 0.5999999999999994 -0.09999999999999998 0.021052631578947368 0.3499999999999999
32 56 -2.8575 -2.3397500000000004 -1.75 0.017499999999999998 0.11 0.16 0.3162116637591789 0.18 1.63 -1.3749999999999996 -0.7157894736842112 0.0 -0.1999999999999999 -0.09473684210526316 0.0
32 57 -2.3525 -2.0705 -1.82 0.0975 0.1 0.10250000000000001 0.2362801249543591 0.09999999999999999 0.6500000000000001 -0.4999999999999982 0.06842105263157905 0.30000000000000027 -0.15000000000000008 -0.05263157894736842 0.0
