41 0 -1.68 -1.639292207792208 -1.5775000000000001 -0.2803571428571429 -0.28 -0.28 0.1650923980286529 0.009999999999999953 0.10999999999999988 -0.10000000000000009 -0.0578947368421052 0.0 0.0 -0.005263157894736818 0.0
41 1 -1.3875 -1.263264069264069 -1.169090909090909 -0.3036904761904762 -0.24363636363636382 -0.057499999999999996 0.24239080911951777 0.29000000000000004 0.5 0.09090909090909038 0.2631578947368421 0.4021645021645004 -0.21017316017316143 0.10000000000000002 0.23571428571428513
41 2 -2.31 -1.9332792207792209 -1.62 -0.24 -0.23 -0.22 0.24200273270483832 0.03 0.9490476190476187 -0.810822510822512 -0.4731829573934837 0.0 -0.09523809523809351 -0.010526315789473679 0.023809523809523447
41 3 -1.3025000000000002 -1.3070194805194806 -1.2581277056277058 -0.20095238095238088 -0.1963636363636364 -0.1575 0.1881295016953414 0.06999999999999998 0.2995238095238093 -0.10000000000000009 0.12606516290726802 0.3642857142857159 -0.09999999999999995 -0.031578947368421054 0.01904761904761701
41 4 -1.4659090909090908 -1.4290930735930736 -1.33 0.3275 0.34 0.35642857142857143 0.20313224862223322 0.09999999999999998 0.4519047619047625 -0.365800865800866 -0.23784461152882233 -0.02142857142857224 -0.09999999999999981 -0.04686716791979932 0.0
41 5 -1.8831818181818178 -1.8165627705627707 -1.7925 -0.16 -0.1422727272727271 -0.1375 0.18942558178796923 0.04000000000000001 0.2519047619047625 -0.028571428571427804 0.13258145363408555 0.29999999999999805 -0.054761904761906344 0.005263157894736847 0.07727272727272902
41 6 -1.3425000000000002 -1.2985800865800865 -1.2297727272727272 -0.05633116883116865 -0.015 0.007857142857142767 0.18852035897986102 0.09000000000000001 0.20095238095238122 -0.27121212121212435 -0.10576441102756906 0.050000000000000044 0.0 0.03157894736842106 0.1
41 7 -1.8 -1.7664177489177486 -1.77 0.07952380952380958 0.09 0.0999999999999997 0.18005704204784084 0.060000000000000005 0.22999999999999998 -0.13333333333333197 -0.11578947368421051 0.0 0.0 0.03157894736842106 0.0904761904761895
41 8 -1.625 -1.3654718614718617 -1.2037337662337664 -0.1725 -0.11499999999999999 -0.09931818181818192 0.23453214958394045 0.15285714285714383 0.6090476190476186 0.14285714285713902 0.320551378446115 0.42316017316017307 -0.10000000000000002 0.08045112781954938 0.20000000000000004
41 9 -1.44 -1.4390000000000003 -1.44 -0.06 -0.06 -0.05749999999999969 0.15622474745425777 0.009999999999999995 0.010000000000000009 0.0 0.0 0.0 0.0 0.0 0.0
41 10 -1.51 -1.494047619047619 -1.48 -0.23 -0.225 -0.22 0.15984913866881498 0.010000000000000009 0.030952380952381287 -0.050000000000000044 -0.016290726817042783 0.0 0.0 0.005263157894736847 0.0
41 11 -1.741590909090909 -1.5880454545454545 -1.4641666666666664 0.19 0.2 0.20892857142857138 0.21799355308631374 0.09952380952380936 0.6190476190476188 -0.6058441558441507 -0.2463659147869671 0.1333333333333342 0.0 0.03659147869674177 0.10476190476190639
41 12 -1.230909090909091 -1.234705627705628 -1.22 0.02 0.02 0.02 0.1624199277861171 0 0.09000000000000008 -0.0841991341991355 -0.04736842105263162 0.0 0.0 0.0 0.0
41 13 -1.389318181818182 -1.3509545454545455 -1.3075 -0.18 -0.15 -0.12714285714285703 0.17012537635326386 0.06571428571428553 0.10999999999999988 -0.10000000000000009 -0.026315789473684233 0.0 0.0 0.03157894736842105 0.09761904761904694
41 14 2.6969047619047615 -2.8296082251082253 -2.1450000000000005 -0.295357142857143 0.045 0.08119047619047633 0.35789865577234653 0.58 1.72047619047619 0.13398268398268298 -2.3997493734335844 1.4400432900432891 -0.10000000000000006 0.21052631578947367 0.7192640692640662
41 15 -1.3859523809523808 -1.3962380952380953 -1.3556277056277057 -0.25 -0.24 -0.21357142857142875 0.22094585940678443 0.4 0.3590476190476186 -0.0188311688311682 0.1521303258145361 0.41428571428571703 -0.10000000000000009 -0.21052631578947367 0.0
41 16 -1.5625 -1.453512987012987 -1.3435714285714286 0.04 0.04380952380952367 0.05 0.1792319883704837 0.020000000000000004 0.26 -0.284415584415586 -0.11578947368421051 0.0 0.0 -0.010526315789473686 0.0
41 17 -1.376190476190476 -1.3404826839826838 -1.27 -0.11678571428571415 -0.11 -0.1 0.19450389783673885 0.030000000000000013 0.39904761904761865 -0.12272727272727102 0.1899749373433585 0.5738095238095242 -0.08333333333333408 0.005263157894736838 0.09999999999999995
41 18 1.72 1.7346731601731602 1.7225000000000001 -0.18 -0.18 -0.1724999999999999 0.16874076585915618 0.020000000000000018 0.13190476190476264 0.0 0.0694235588972435 0.050000000000000044 0.0 -0.010526315789473694 0.0
41 19 0.8990909090909092 0.8952207792207793 0.9313636363636364 0.10402597402597402 0.11 0.11 0.17393485625629734 0.01999999999999999 0.19000000000000006 -0.15000000000000013 -0.10000000000000003 0.009523809523808713 0.0 -0.010526315789473679 0.0
41 20 -1.7 -1.703 -1.7 0.03 0.03 0.03 0.157109773215952 0.010000000000000002 0.020000000000000018 0.0 0.010526315789473694 0.0 0.0 0.005263157894736843 0.0
41 21 -1.1349999999999998 -1.0894653679653683 -0.9813636363636365 0.06 0.07 0.07 0.19371425863276245 0.03 0.3919047619047624 -0.3201298701298727 -0.20626566416040126 -0.04004329004329288 0.0 0.005263157894736839 0.0
41 22 -1.36 -1.3240822510822512 -1.29 -0.47931818181818187 -0.46 -0.32369047619047614 0.20196778171673357 0.42 0.07857142857142851 -0.09999999999999898 -0.015789473684210423 0.04285714285714226 -0.31883116883116674 -0.20526315789473687 0.0
41 23 -1.2422727272727272 -1.2256212121212122 -1.1999999999999997 -0.17142857142857149 -0.135 -0.13 0.17045887132102394 0.11000000000000001 0.050000000000000044 0.0 0.02105263157894739 0.09545454545454635 0.0 0.05263157894736842 0.10000000000000009
41 24 -1.695909090909091 -1.5508593073593073 -1.4175 -0.040909090909090895 -0.04 -0.03 0.1935568824437567 0.020000000000000004 0.42000000000000015 -0.2681818181818174 -0.22105263157894747 -0.050000000000000044 0.0 -0.005263157894736843 0.0
41 25 -1.3025000000000002 -1.300857142857143 -1.2995238095238097 0.11 0.11 0.11 0.15702548504817157 0 0.029047619047618767 -0.009523809523808158 -0.015288220551378299 0.0 0.0 0.0 0.0
41 26 -1.556428571428571 -1.5413463203463205 -1.480714285714286 -0.07047619047619043 -0.011666666666666596 0.004632034632034534 0.21091302332399664 0.18 0.43000000000000016 -0.2642857142857147 -0.05789473684210531 0.10000000000000009 -0.06190476190476131 0.08421052631578947 0.18138528138528143
41 27 1.337738095238095 1.705136363636364 2.017727272727273 -0.33 -0.32 -0.31 0.28272171377920907 0.020000000000000018 1.1538095238095252 -0.27619047619047654 0.607268170426066 1.3829004329004368 0.0 0.005263157894736847 0.01666666666666594
41 28 -1.6344047619047617 -1.5712748917748918 -1.5307142857142857 -0.16 -0.15 -0.1375 0.18560456739900938 0.06999999999999999 0.27904761904761877 -0.20952380952380723 -0.05213032581453623 0.16904761904761867 0.0 0.03684210526315789 0.10000000000000002
41 29 -1.4844480519480516 -1.4524913419913419 -1.4210714285714285 -0.7250000000000001 -0.4422077922077927 0.015 0.2410073328345967 0.8500000000000001 0.1299999999999999 -0.10476190476190639 -0.0684210526315789 0.0015151515151523576 -0.6556277056276991 -0.4473684210526317 -0.12380952380952555
41 30 -1.7838636363636362 -1.6843181818181818 -1.6147619047619048 -0.29 -0.255 -0.2375 0.19209649357818087 0.07999999999999999 0.33952380952380934 -0.3523809523809507 -0.06240601503759374 0.21904761904762093 -0.09999999999999995 -0.03684210526315788 0.0
41 31 -1.45 -1.4446904761904762 -1.44 0.1875 0.255 0.29 0.1686708913140493 0.12999999999999998 0.020000000000000018 -0.06904761904761525 -0.010526315789473694 0.0 -0.10000000000000009 -0.06315789473684211 0.0
41 32 -1.6989285714285713 -1.3827619047619044 -1.1875 -0.4025 -0.3845454545454546 -0.3375 0.21529108647313036 0.12 0.54 -0.10000000000000009 0.2473684210526316 0.27142857142856913 -0.10000000000000009 -0.06315789473684211 0.0
41 33 -1.7134090909090909 -1.6187554112554114 -1.53 0.05873376623376612 0.06 0.07 0.18099056553892973 0.04952380952380935 0.25 -0.2681818181818152 -0.12105263157894736 0.0 -0.050000000000000044 -0.02606516290726808 0.0
41 34 -1.3 -1.2990000000000002 -1.3 -0.1825 -0.18 -0.18 0.15622474745425777 0.010000000000000009 0.010000000000000009 0.0 -0.005263157894736847 0.0 0.0 -0.005263157894736847 0.0
41 35 -1.5825 -1.5675844155844156 -1.53 -0.2122619047619048 -0.18 -0.18 0.17840418635590508 0.07 0.17999999999999994 -0.15000000000000235 -0.09473684210526312 0.0 -2.0816681711721685e-15 -0.025814536340851967 0.0
41 36 -1.7514285714285713 -1.436411255411255 -1.148181818181818 0.02 0.05 0.0625 0.25612115767397087 0.060000000000000005 1.0909523809523813 0.5658008658008612 0.574185463659148 0.6629870129870175 -0.06298701298701422 -0.031578947368421054 0.0
41 37 -0.7019047619047619 -0.37310606060606044 -0.05227272727272715 0.04750000000000001 0.2207359307359309 0.49090909090909096 0.3058653444069319 0.5895238095238093 1.0595238095238093 -0.21818181818181803 0.35614035087719237 0.8653679653679691 0.10000000000000002 0.28922305764411016 0.4681818181818191
41 38 -1.46 -1.4577142857142857 -1.45 -0.02 -0.01 -0.0075 0.1588403369981203 0.02 0.029523809523809286 0.0 0.01553884711779436 0.0 0.0 -0.010526315789473684 0.0
41 39 -1.49 -1.4676233766233764 -1.4520454545454544 0.21 0.22 0.22 0.16334552314495523 0.010000000000000009 0.06952380952380932 -0.07272727272727098 0.005012531328320667 0.10000000000000009 0.0 0.005263157894736847 0.0
41 40 -1.6134090909090912 -1.3293658008658011 -1.0401190476190478 -0.013214285714285534 0.0 0.01 0.27283587707490076 0.030476190476190636 1.2680952380952375 -0.7196969696969735 -0.6674185463659144 -0.5779220779220778 -0.023160173160172524 0.005012531328320716 0.05952380952380852
41 41 -1.6369047619047619 -1.5803290043290041 -1.49 0.07 0.08 0.09 0.19536275650098522 0.07 0.3895238095238094 0.0 0.19974937343358387 0.3476190476190488 -2.0122792321330962e-15 0.026315789473684223 0.10238095238095331
41 42 -1.47 -1.4385476190476187 -1.4175 0.0 0.014761904761904681 0.03928571428571405 0.16696460167417213 0.030476190476190636 0.09095238095238134 -0.10000000000000009 -0.04786967418546386 0.0 0.0 0.015538847117794402 0.035714285714286725
41 43 -1.45 -1.3528225108225107 -1.24 0.0 0.01 0.02 0.18670315030437246 0.05 0.31000000000000005 -0.2512987012986989 -0.16315789473684214 -0.07857142857142785 -2.0122792321330962e-15 0.005263157894736841 0.05
41 44 -1.3725 -1.3505194805194807 -1.31 0.07 0.09 0.1 0.17563602464313244 0.06 0.1795238095238092 -0.013636363636364557 0.0786967418546364 0.20000000000000018 -0.09999999999999794 -0.031578947368421054 0.0
41 45 -1.23 -1.2296363636363634 -1.23 0.1 0.1 0.1 0.1579918352895431 0.020000000000000004 0.020000000000000018 0.0 0.005263157894736847 0.0 0.0 -0.010526315789473686 0.0
41 46 -1.26 -1.242597402597403 -1.2275 -0.05 -0.04 -0.036818181818181875 0.1606756513683522 0.03 0.040000000000000036 -0.050000000000000044 -0.02105263157894739 0.0 0.0 0.005263157894736839 0.0
41 47 -1.7764285714285715 -1.7357640692640692 -1.706590909090909 -0.0052272727272727 0.0 0.0 0.16598031563146584 0.01 0.1200000000000001 0.013636363636362336 0.06315789473684216 0.10000000000000009 0.0 -0.005263157894736842 0.0
