61 0 -2.745 -2.7046686169680023 -2.641927172977625 0.1294277108433735 0.17530864197530877 0.4169982657904344 0.25391345193561465 0.67 0.42239520958083965 -0.4015043290043252 -0.09694606887582011 0.11398809523809561 -0.6846503421727987 -0.310201429499675 0.10000000000000002
61 1 -1.7340441176470587 -1.174487581699346 -0.639196078431372 0.015 0.07 0.08 0.35786445448011667 0.08625000000000041 2.1538888888888907 0.2852941176470625 1.1336257309941529 1.7243137254901995 -0.05 -0.04539473684210548 0.0
61 2 2.7607352941176466 -3.1154346405228766 -2.7407261029411765 0.17 0.18 0.18 0.2924182486311973 0.011176470588235649 1.5336764705882358 -0.8654411764705849 -0.7231424148606823 -0.7022875816993457 -0.005882352941178337 -0.005882352941176657 0.0
61 3 -0.21658333333333357 0.2770833088707744 0.8183235294117649 0.10750000000000001 0.1508333333333332 0.17 0.3175526998776589 0.11599999999999999 1.7204444444444447 -1.1193478260869534 -0.9054970760233918 -0.7601540616246496 -0.10000000000000002 -0.03157894736842105 0.0
61 4 2.0387316176470587 2.331941993464053 2.6 -0.17 -0.15416666666666662 -0.14 0.25115034922667184 0.03833333333333325 1.0183333333333335 0.49428104575163334 0.535964912280702 0.6527777777777732 0.0 0.020175438596491183 0.09999999999999995
61 5 2.8649999999999998 2.9241433712285323 3.0071473905664377 0.05 0.065 0.07250000000000001 0.18842084467442446 0.060000000000000005 0.32123456790123406 -0.13072625698324014 0.02625592278657493 0.30050216023648657 -0.09999999999999995 -0.015789473684210527 0.0
61 6 -1.9775 -1.4866680537725692 -1.1046187037689317 -0.07995508982035938 -0.06 -0.030219298245614302 0.35023779470512323 0.1 1.712259713701432 -0.3476564727687481 0.9011893230007535 2.0987254901960806 -0.05 0.021052631578947364 0.10000000000000002
61 7 -1.8925 -1.8022686296009636 -1.765359477124183 0.19911764705882354 0.215 0.22 0.2043106306275195 0.04000000000000001 0.49823529411764755 0.060477941176471095 0.2622291021671829 0.3013071895424846 0.0 -0.0052631578947368324 0.017647058823529738
61 8 -2.9525000000000006 -2.9010477941176473 -2.8575 0.05449999999999956 0.14735294117647055 0.16 0.19274668904358375 0.14 0.16999999999999993 -0.07058823529411562 0.06160990712074333 0.20000000000000018 -0.17000000000000293 -0.034984520123838875 0.0
61 9 2.3473059411030324 2.6872487297200855 2.936996855345912 -0.01 0.005 0.0125 0.24805449221021142 0.1 0.8675510204081638 -0.8849821454799178 -0.45660580021482305 -0.018914090414787754 -0.10000000000000005 -0.036842105263157905 0.0
61 10 -0.12460696444313812 -0.08750960172745638 0.08369047619047633 -0.1625 -0.10500000000000001 -0.06 0.2538627615175939 0.14375000000000007 0.9484523809523815 -0.2 0.39557288190891476 0.9227106762085584 -0.10000000000000009 -0.05263157894736843 0.05000000000000001
61 11 1.4975 1.4913823529411767 1.53 0.0297058823529412 0.03 0.03 0.18548967408294809 0.04 0.31117647058823517 0.0 0.16377708978328168 0.10000000000000009 -0.049999999999999996 -0.021052631578947368 0.0
61 12 -1.9190135809312638 -1.6583389175027379 -1.4135386894657243 -0.11 -0.08 -0.05 0.2682361193079093 0.12832369942196517 1.155275970272502 0.453284632034634 0.6080399843539483 0.7001432039834377 -0.15 -0.06753878916945534 0.0
61 13 2.446617647058823 2.7199481617647057 3.0149724264705884 -0.08 -0.039117647058823514 0.08062500000000007 0.2693108906591802 0.27 0.6099999999999999 -0.9404411764705944 -0.3210526315789473 0.20312499999999956 -0.20294117647058663 -0.12631578947368421 0.0
61 14 2.0549999999999997 2.127435661764706 2.174264705882353 -0.5962499999999998 -0.335 -0.2509885620915032 0.2654871919793112 0.8906666666666669 0.1964705882352944 -0.19117647058823684 0.1034055727554181 0.3990808823529446 -0.10000000000000009 0.38982456140350885 0.8441176470588208
61 15 1.0047794117647066 1.6062567401960792 2.3387499999999997 -0.07218750000000004 -0.04 -0.02703125000000026 0.4267375750890324 0.17176470588235243 2.832941176470589 0.46446078431372495 1.4910216718266258 2.3968750000000005 -0.15330882352940783 -0.021052631578947368 0.14999999999999947
61 16 -2.564264705882353 -2.101694852941176 -1.9025735294117645 0.2 0.4593750000000004 0.9730882352941177 0.41908740789302035 0.8986666666666668 2.106544117647059 0.5125000000000002 1.1087074303405575 1.4139705882352949 0.049999999999999906 0.46940789473684214 0.4726102941176452
61 17 -0.54 -0.23161127450980395 0.015625000000000208 0.0675 0.09 0.12161764705882347 0.2588775329592298 0.17124999999999987 0.9860833333333336 -0.20000000000000004 -0.09826754385964916 0.7125000000000046 -0.20000000000000012 -0.06842105263157895 0.10624999999999929
61 18 0.4714062500000004 0.6267757352941177 0.7528860294117647 -0.82 -0.81 -0.7889062499999999 0.21756649431175476 0.040000000000000036 0.645294117647059 -0.6540441176470552 -0.3133126934984521 0.0 -0.04999999999999949 0.005263157894736847 0.04999999999999949
61 19 2.7065718562874257 3.020396767943855 -2.942264086285261 -0.03 -0.01 0.0 0.24710641674803538 0.03 0.9872711666301415 0.2700966689960449 -2.785646754405189 0.599309263974166 -0.06598837209302141 0.010526315789473684 0.09520958083832445
61 20 -0.295 0.07930872678018597 0.4230228758169947 -0.05 -0.03 -0.016829044117647015 0.3073220636724824 0.05863777089783291 1.6341176470588232 0.23823529411764632 0.860061919504644 1.2382352941176418 -0.09999999999999999 0.008978328173374604 0.10789473684210589
61 21 -2.431476206212822 -1.661579747848728 -1.0191156971770736 -0.1554852941176471 -0.09559880239520951 0.0125 0.42000416810944213 0.29 2.7247336523126 1.2072345856865208 1.4340703433224213 1.6456929514465068 0.09999999999999991 0.15263157894736842 0.25119760479041897
61 22 -1.1161496828827557 -0.6766617204384704 -0.2749778154534308 0.024999999999999998 0.07 0.08056402439024393 0.31321979583036214 0.09999999999999999 1.6975239546300998 -0.9873192639112018 -0.8934336603316314 -0.7205620316225314 -0.09999999999999998 -0.047368421052631574 0.0
61 23 1.908125 2.0035059232026144 2.0802941176470586 -0.2325 -0.225 -0.22 0.2127493499318669 0.03 0.6164705882352941 0.15000000000000124 0.3244582043343653 0.4499999999999993 -0.049999999999999906 0.0 0.04374999999999796
61 24 0.22652366863905332 0.47702409326626166 0.92 -0.0625 -0.0384131736526946 -0.017499999999999998 0.28999842667159365 0.07369426751592406 1.454491017964072 0.24111535964216058 0.7655215884021431 1.2977409920864131 -0.09999999999999996 -0.019382288055467996 0.0
61 25 -2.1833823529411767 -1.9264601823185412 -1.5701879084967318 -0.2225 -0.22 -0.18 0.27147319894853145 0.08000000000000002 1.23 0.050000000000000044 0.4919504643962846 1.0500000000000043 0.0 0.04210526315789475 0.10000000000000009
61 26 0.02 0.035970588235294136 0.0647058823529412 0.03546874999999974 0.09 0.13 0.18491993033049062 0.13 0.16882352941176482 -0.194117647058824 -0.08885448916408674 0.04705882352941344 -0.19999999999999996 -0.06842105263157895 0.0
61 27 0.13044117647058825 0.472409722222222 0.8361948529411767 0.1175 0.22621323529411752 0.39809742647058827 0.29956375069855257 0.3676470588235297 1.2776470588235296 -0.7933823529411749 -0.6724458204334366 -0.5022875816993502 -0.30312499999999826 -0.19349845201238408 -0.09999999999999933
61 28 -2.9350000000000005 -2.812739159786722 -2.70121875 -0.47 -0.455 -0.45 0.21037547672446208 0.09999999999999998 0.528294117647059 -0.5049458204334356 -0.24406061593612502 0.05111111111111066 -0.12187500000000184 -0.025484764542936245 0.00789473684210562
61 29 -1.9913970588235301 -0.976736151960784 0.0475 0.04750000000000001 0.06 0.07 0.44705183251864117 0.060000000000000005 3.1370588235294123 0.49918300653594916 1.661609907120743 2.792745098039214 -0.11176470588235406 0.005263157894736847 0.09999999999999995
