67 0 -0.3035294117647058 0.19478210784313735 0.5211764705882351 -0.03 0.013235294117646935 0.02 0.35612828783634737 0.04411764705882347 1.111764705882353 -1.145686274509808 0.5464396284829721 2.2922794117647234 -0.08235294117646938 0.008359133126935014 0.03666666666666489
67 1 -0.39401785714285736 0.0033895700704520805 0.6038770053475935 -0.417794117647059 -0.15226102941176428 0.10088235294117653 0.4214405334089144 0.7833333333333335 1.7597777777777786 -1.3237254901960753 -0.9261988304093571 -0.5371657754010661 -0.6128342245989318 0.014035087719298182 0.5684873949579801
67 2 2.114492508561644 2.16089275783066 2.2111483541792154 0.245 0.3858707865168539 0.4025 0.22106283081632014 0.2 0.5301744186046511 0.08510080430854439 0.2790391676866585 0.5460306468201637 -0.1580838323353262 -0.10526315789473684 0.0
67 3 -2.61 -2.57691544117647 -2.5409375 0.18 0.19 0.19 0.16423054890664934 0.010000000000000009 0.08999999999999986 0.0 0.04210526315789478 0.09999999999999787 0.0 -0.0052631578947368324 0.0
67 4 0.10750000000000001 0.11998214869281029 0.14 -0.030138888888888937 -0.03 -0.02 0.19800670927243 0.05 0.40352941176470714 -0.3383986928104564 -0.21238390092879322 0.0 0.0 0.020123839009288134 0.09999999999999999
67 5 -0.7775 -0.42442504084967336 -0.01661764705882344 1.12 1.1905882352941173 1.2125 0.3667728837482251 0.9662500000000009 1.3212867647058828 -1.1000000000000054 -0.6328947368421051 -0.0031249999999954925 -0.6499999999999972 -0.5085526315789479 -0.04705882352941115
67 6 -0.615 -0.5657536764705884 -0.4875 -1.0525000000000002 -1.04 -1.03 0.19156087700730018 0.040000000000000036 0.3762500000000004 -0.21176470588235186 -0.19802631578947388 0.0 0.0 0.0 0.0
67 7 0.24 0.24048214285714287 0.24 0.01 0.01 0.01 0.15533954704665753 0.0003571428571429707 0.009642857142857036 0.0 -0.005075187969924756 0.0 0.0 0.00018796992481208985 0.0
67 8 -0.8925 -0.8604731786427147 -0.8370059880239521 0.54 0.54 0.54 0.16879670162751687 0.04153374233128804 0.08000000000000007 -0.10029940119760439 -0.010526315789473694 0.09670658682634725 0.0 0.02105263157894733 0.0
67 9 1.474779411764706 2.0348427287581705 2.5382628676470596 -0.362083333333333 -0.2793749999999998 -0.21676470588235286 0.32845819684407146 0.2 1.532352941176471 0.5461397058823503 0.8065015479876163 1.1702205882352956 -0.20000000000000004 0.06439628482972148 0.334742647058823
67 10 -1.3750892857142856 -1.1366304563055274 -0.9010431575872646 -0.07250000000000001 -0.04 -0.017499999999999998 0.24290375737724662 0.07226190476190425 0.8519879518072291 -0.673962601113558 -0.4081264909261105 -0.2500000000000002 -0.09999999999999996 0.026315789473684216 0.16130952380952124
67 11 -0.773529411764706 -0.45015706699346386 -0.34230698529411774 -0.5404687500000002 -0.032941176470588265 0.05088235294117649 0.3380596071759728 0.6156250000000002 0.7985661764705888 -0.4014705882352937 0.4202979876160995 0.997875816993459 -0.09705882352941345 0.29088622291021665 0.35000000000000003
67 12 0.31814705882352945 0.38275197428735896 0.4525 -0.15 -0.135 -0.13 0.1757896880000079 0.04000000000000001 0.2 -0.1593927893738148 -0.10526315789473684 -0.040607210626185386 -0.009756097560974508 -0.005263157894736847 0.0
67 13 0.39132352941176474 0.44148161764705884 0.5525 0.405 0.5848529411764706 0.8269577205882351 0.25659858744969244 0.6135294117647059 0.5135294117647059 -0.19999999999999962 0.17027863777089788 0.5454044117647056 -0.49852941176470655 -0.32291021671826625 -0.1999999999999999
67 14 -0.29 -0.2791673561966975 -0.27 0.1 0.12 0.15344444444444447 0.1688166010064984 0.12 0.02999999999999997 -0.024220649609874023 0.0 0.0 0.0 0.06315789473684212 0.10498539612997494
67 15 -2.445882352941177 -2.36054013372893 -2.306875 -0.34 -0.33 -0.3175 0.2239349195609232 0.07999999999999996 0.697516339869281 -0.5202205882352939 -0.36711386308909527 -0.23125000000000284 -0.10000000000000009 -0.042105263157894715 0.04632352941176615
67 16 -0.9824999999999999 -0.8357173611111112 -0.7906250000000002 -0.03 0.005 0.04 0.21544384965197313 0.1571568627450976 0.53 -0.2533333333333371 -0.27368421052631575 0.0 -0.09166666666666624 -0.03596491228070172 0.1
67 17 -1.9273743584260052 -1.3476267631422985 -0.7869364937388192 -0.09860778443113773 -0.05 0.07751524390243886 0.36096918805883826 0.20767857142857155 2.009285714285714 -1.4287751769188861 -1.0575187969924809 -0.7239554598667863 -0.25269278516138366 -0.04614661654135343 0.15
67 18 0.01737951807228904 0.14053697417576114 0.2831578947368421 0.12749946213425103 0.15 0.195 0.22418198210226875 0.17 0.5800000000000001 -0.5994047619047636 -0.3052631578947369 0.004142011834320503 -0.1999999999999999 -0.08417823700355193 0.0005952380952393282
67 19 1.589234104046243 1.6830785118872467 1.7667609724612738 -0.9025000000000001 -0.8861011904761906 -0.853666666666666 0.21528979061980355 0.07999999999999996 0.5611445783132532 -0.41921686156980664 -0.2953392517438175 -0.11101190476190403 -0.10000000000000009 -0.042105263157894715 0.0
67 20 -2.849705882352941 -2.353757148692811 -1.7964583333333333 0.14 0.165 0.205441176470588 0.32161218796972946 0.12 1.7393750000000008 -1.1882352941176433 -0.8523026315789475 -0.4880514705882355 -0.052941176470586576 -0.01578947368421053 0.09999999999999995
67 21 -1.61 -1.599939133986928 -1.5998611111111112 0.6275000000000001 0.63 0.64 0.16334975621236186 0.028235294117647025 0.06999999999999984 0.0 0.03684210526315781 0.052941176470586715 0.0 0.004334365325077372 0.0
67 22 -0.8037683823529411 -0.13934538398692778 0.5660294117647062 -0.18083333333333326 0.0065625000000002435 0.028235294117647195 0.3683840678268291 0.22 2.0830147058823534 0.8001021241830109 1.096323529411765 1.5470588235294183 -0.18823529411764792 0.11578947368421055 0.2843749999999976
67 23 -2.7350805143651526 -2.5595879475800993 -2.380766129032258 -0.66 -0.625 -0.5082078313253012 0.254839481788069 0.49000000000000005 0.5800000000000001 -0.06826923076922675 0.047368421052631504 0.4952012595837929 0.05783132530120305 0.2578947368421053 0.3165680473372767
67 24 -2.1608049242424237 -1.1276349163583297 -0.021315789473684253 -0.005 0.01441176470588243 0.030365497076023318 0.41917880357569215 0.06999999999999999 2.84 0.4441176470588243 1.4947368421052631 2.0508381958792783 -0.052250417710941084 0.005263157894736844 0.10148809523809443
67 25 -0.6633823529411764 -0.3677150735294116 -0.12187499999999984 0.1175 0.365110294117647 0.6689705882352941 0.29446115813238893 0.6375000000000001 0.9518750000000001 0.3093749999999983 0.5009868421052633 0.5500000000000032 -0.5968750000000034 -0.3210526315789473 0.0
67 26 0.3828529411764706 0.826438439542484 1.2750827205882351 -0.05 -0.04 -0.0275 0.2633948809156372 0.05 1.18 0.29294117647058665 0.6210526315789474 0.8988235294117652 0.0 0.02631578947368421 0.1
67 27 0.5210294117647059 0.9142444852941178 1.2941176470588238 -0.47897058823529415 -0.42 -0.37 0.26520342293692717 0.13 1.1099999999999999 0.3647058823529392 0.5842105263157894 0.7810661764705895 -0.050000000000000044 0.06315789473684212 0.10000000000000009
67 28 0.2 0.22212869875222818 0.26 0.06 0.06865269461077861 0.07 0.16950125313352585 0.028903225806451834 0.12000000000000002 -0.09999999999999995 0.015789473684210523 0.0 -0.05920975604728693 0.0019548872180450896 0.08397396035756052
67 29 0.02 0.15282536764705887 0.2775 0.0275 0.04 0.05 0.21219302799102166 0.08 0.32 -0.21470588235294324 0.10131578947368465 0.15937500000000035 -0.10000000000000002 0.026973684210526535 0.09999999999999996
