80 0 -2.197242647058824 -1.6608253676470592 -1.0041176470588233 0.0765349264705885 0.08499999999999999 0.11294117647058798 0.35385410326983496 0.05 2.15764705882353 -1.4970588235294147 -1.1356037151702787 -0.694117647058829 -0.09705882352941342 0.0 0.09062500000000237
80 1 2.0623431372549015 2.3538399509803916 2.64 -0.3275 -0.2132352941176472 -0.13588235294117687 0.2545883970273669 0.45 0.6800000000000002 -0.597058823529415 -0.3396491228070175 -0.06764705882353006 -0.33621323529411706 -0.23684210526315788 0.0
80 2 0.3840921869295363 1.0238893289092945 1.6705353874313613 0.1175 0.13 0.14 0.39727724501687517 0.07 2.5965454545454545 0.8247237491513454 1.366602870813397 1.7912415035105806 -0.050000000000000044 0.021052631578947368 0.12248322147651154
80 3 -0.1225 -0.10748393135887235 -0.0975 0.09 0.09 0.09 0.16412565089758543 0.03 0.0578527607361959 -0.0729916143318661 0.011278195488722007 0.0 0.0 0.015789473684210527 0.0
80 4 -2.468768382352942 -2.1160461601307192 -1.8330974264705886 0.07 0.08999999999999973 0.115 0.2867306042589593 0.06 1.3981944444444447 -0.8909926470588225 -0.7358918128654972 -0.599632352941174 -0.09999999999999995 -0.010526315789473686 0.09999999999999995
80 5 0.029292168674698818 0.10800477028621754 0.2212643688991069 -0.25 -0.23744444444444468 -0.2 0.21029351031818927 0.15 0.4049700598802396 -0.34490962429211997 -0.21314213677907345 -0.06280210663011185 -0.1647435897435924 -0.03563728598604943 0.18502994011975832
80 6 -0.6619938650306748 -0.5621632186187677 -0.4998511904761904 0.1 0.11 0.12 0.19181759950269137 0.06000000000000001 0.36000000000000004 -0.28969696969696757 -0.12092580849714647 0.10337423312883454 -0.08839285714285765 -0.01578947368421053 0.018698929275853746
80 7 1.3512500000000003 1.5007284313725493 1.6968750000000004 -0.01 0.005 0.0343749999999999 0.28390539954392985 0.049999999999999996 1.3547058823529425 0.29124999999999734 0.7130030959752327 1.0590686274509842 -0.1 -0.01919504643962863 0.1
80 8 -0.4 -0.3992593739250087 -0.39 0.0275 0.03 0.0325 0.1644259164280534 0.030000000000000002 0.05555555555555569 -0.06862745098039164 -0.029239766081871416 0.0 -0.04999999999999999 -1.460819769243627e-18 0.0
80 9 -1.8820312499999998 -1.8777630718954252 -1.8275000000000001 -0.22 -0.21 -0.2080555555555555 0.20014837774782235 0.09000000000000002 0.3558455882352951 -0.19411764705882462 -0.1872871517027869 0.055882352941175606 -0.009007352941173968 0.04736842105263159 0.11111111111111002
80 10 -0.16 -0.1448823529411765 -0.1275 -0.08 -0.07 -0.07 0.1649556707944243 0.020000000000000004 0.0988235294117648 0.0 0.05201238390092884 0.10000000000000009 0.0 -0.010526315789473686 0.0
80 11 1.046875 1.2951776960784314 1.5981249999999996 -0.255 -0.235 -0.20500000000000002 0.28984443782731856 0.2170588235294119 0.84 -0.5125000000000013 -0.18482972136222928 0.7000000000000006 -0.15 0.11424148606811152 0.24926470588235217
80 12 -0.3858304953560375 0.35560383967112863 1.3643506736526958 0.04026570458404062 0.05 0.06345833333333296 0.5551433823062432 0.040516129032258 3.1230025111068205 1.3421122994652404 2.3232180334240193 3.6345334331337513 -0.09684728469328527 0.004773866263014774 0.10263157894736745
80 13 -2.0206158088235293 -1.3141249685771748 -0.34926470588235226 0.09 0.11 0.12 0.39216724158740807 0.04000000000000001 2.59 -1.7527573529411766 -1.3631578947368421 -0.5582720588235296 -0.050000000000000044 -0.015789473684210527 0.020588235294116894
80 14 -0.12984136565578516 0.07474427924299142 0.28899140211640223 -0.05 -0.04 -0.04 0.22787072160195004 0.010000000000000002 0.817365269461078 0.3487560593099519 0.4301922470847779 0.49776022020422894 0.0 0.005263157894736843 0.0
80 15 -0.48858974651747034 -0.1550342508825891 0.24 0.024999999999999998 0.08 0.09 0.29952959158956777 0.13 1.4322880116959065 -1.4313628554624673 -0.7538357956294245 0.0 -0.09999999999999998 -0.0368421052631579 0.0
80 16 3.138529411764706 -3.0038288398692727 -2.9545588235294122 -0.1080882352941176 -0.09 -0.04 0.40540143450237426 0.16 2.6797222222220487 -1.1329861111111095 -2.1431200550397436 0.04613970588235494 -0.16249999999999853 -0.05263157894736842 0.10000000000000002
80 17 2.035863970588235 2.388608946078431 2.886323529411765 0.04 0.04 0.04500000000000012 0.3244571528525201 0.03 1.8605882352941177 0.5634803921568565 0.9792569659442725 1.3029411764705767 0.0 1.460819769243627e-18 0.05000000000000001
80 18 2.885 -2.983450164988432 -2.525520116179001 -0.07 -0.05 -0.03 0.2991002178134362 0.04467065868263498 1.5320958083832341 0.28263473053891763 -2.4988969429561925 1.1193771676613107 -0.09999999999999995 0.023510872990860514 0.10000000000000006
80 19 0.6467187499999999 1.120381944444445 1.6875 0.32 0.3584375 0.39 0.3236850202138267 0.1806250000000002 1.6722222222222227 0.3492647058823528 0.8801169590643276 0.9849264705882388 -0.1531250000000009 0.050000000000000024 0.1718750000000016
80 20 0.24 0.35000081699346414 0.48279411764705893 -0.07 -0.06 -0.05 0.18482627764400417 0.030000000000000006 0.31000000000000005 0.050000000000000044 0.15975232198142397 0.2647058823529405 0.0 0.01578947368421053 0.050000000000000044
80 21 -0.10874999999999986 -0.03460147058823522 0.03437500000000021 0.0 0.02 0.04 0.18061871063503218 0.05 0.246 0.05624999999999932 0.12947368421052632 0.2009191176470611 -0.05 -0.02631578947368421 0.0
80 22 0.17308823529411782 0.5668249591503269 1.0572058823529413 -0.07250000000000001 -0.03 0.06764705882352945 0.2860034362436623 0.1606250000000002 1.2287499999999998 0.2941176470588244 0.6414473684210524 0.8496323529411761 -0.19705882352940823 -0.03124999999999989 0.002941176470589151
80 23 -0.22789215686274542 0.0778567401960782 0.6951470588235291 -0.06286764705882353 -0.01434640522875803 0.01 0.3454398562168251 0.1843749999999998 1.901333333333334 -1.4205882352941188 -1.0007017543859653 -0.21764705882352908 -0.178125000000001 0.039144736842105156 0.10833333333333378
80 24 1.8992474871685199 2.1164915173084866 2.1563855421686746 -0.05 0.24958689302665232 0.35 0.27345154871582616 0.4341071428571423 0.8922619047619047 -0.6489672977624772 -0.44855889724310777 -0.07335329341317087 -0.013173652694609198 0.21052631578947367 0.33053809962492486
80 25 -1.0393750000000002 -0.33961642156862726 0.135 -0.2140625000000001 -0.07500000000000001 -0.055 0.3069451961781613 0.2 1.5312418300653594 0.18819444444444305 0.8059167526659786 1.0095588235294075 0.0 0.09999999999999999 0.15000000000000002
80 26 -0.052500000000000005 0.07479820261437918 0.24635416666666698 -0.1 -0.08794117647058827 -0.04 0.20769937045613346 0.04000000000000001 0.5207516339869284 0.10000000000000003 0.27407980736154125 0.303758169934642 -0.022222222222220075 0.01578947368421053 0.0
80 27 -2.280873282519306 -1.928023347489015 -1.6325113628165357 -0.0925 -0.03839393939393934 -0.02 0.26914383424854676 0.12 1.1791793685356564 -0.6977725036579363 -0.6206207202819245 -0.49849397590361555 -0.1 -0.06315789473684211 0.0
80 28 3.1237285714285714 -2.7869736169695734 -2.297456677937447 -0.19 -0.19 -0.1675 0.25475286016305676 0.06 1.0729651162790699 -0.5865816014987946 -0.5137310135804626 -0.07023809523809321 -0.08853503184713479 -0.031578947368421054 0.0
80 29 2.6975000000000002 2.8331309232026145 3.0087499999999996 0.0975 0.13 0.16 0.20062836109870705 0.1223529411764704 0.3799999999999999 -0.3444444444444428 -0.006501547987615328 0.15937500000000382 -0.10000000000000009 -0.03808049535603706 0.03823529411764795
