35 0 2.69 2.703353896103896 2.7203409090909094 -0.2 -0.165 -0.1590476190476196 0.17226870944247744 0.03 0.13000000000000345 -0.10000000000000231 -0.06842105263158076 0.09318181818181559 -0.08409090909091269 -0.010526315789473694 0.03409090909091278
35 1 2.47 2.48325 2.4925 -0.37 -0.36 -0.35 0.16241576215783923 0.025000000000001632 0.035000000000001474 0.0 0.018421052631579723 0.07500000000000728 -0.021428571428571408 -0.013157894736842965 0.0
35 2 1.504837662337656 2.0349437229437215 2.4625 -0.39 -0.38 -0.2682142857142823 0.3134299942773537 0.23 1.5104761904761927 -1.4522727272727376 -0.7949874686716805 0.09999999999999787 0.0 0.12105263157894736 0.20000000000000004
35 3 2.461953463203464 2.6684610389610395 2.8722619047619062 -0.3120238095238089 -0.3 -0.3 0.22574360332617294 0.050000000000000044 0.7557142857142858 0.31872294372294885 0.3977443609022557 0.46818181818182536 0.0 0.02105263157894739 0.056385281385266384
35 4 2.510476190476192 2.5199188311688303 2.7596158008658 -0.11852272727272739 -0.08 -0.016190476190476755 0.33460846244945436 0.3342857142857143 1.567857142857151 -1.3485930735930096 -0.8251879699248164 0.07727272727273027 0.002380952380946766 0.17593984962406015 0.3
35 5 2.4954761904761913 2.5956818181818186 2.69 -0.4425 -0.4309523809523804 -0.4257142857142848 0.1833183135192544 0.050000000000000044 0.25500000000000167 0.0 0.13421052631579036 0.24448051948051663 -0.04047619047619605 0.010526315789473694 0.09047619047619582
35 6 0.77 0.7682824675324674 0.77 0.25 0.25 0.25 0.15760684166739994 0.010000000000000009 0.02571428571428569 0.0 0.013533834586466153 0.0 0.0 0.005263157894736847 0.0
35 7 2.5264772727272726 2.6815519480519483 2.759166666666668 -0.13821428571428487 -0.13 -0.1275 0.2072944290491565 0.024285714285714285 0.5650000000000013 0.1340909090909137 0.2973684210526322 0.3250000000000086 -0.021428571428571408 0.002255639097744359 0.050000000000000044
35 8 1.08 1.4197283549783557 1.7445238095238123 -0.11 -0.03840909090909128 0.08 0.27034406671877037 0.21 1.1100000000000032 0.15000000000000013 0.5842105263157912 0.9040043290043365 0.0 0.10526315789473684 0.15
35 9 2.3875 2.266007575757575 2.39 -0.42 -0.42 -0.4123809523809535 0.2623606571877952 0.2750000000000016 0.9750000000000083 -0.10000000000000009 -0.5131578947368465 0.0 0.0 0.14473684210526402 0.0761904761904647
35 10 2.6275 2.7121915584415586 2.8024999999999998 -0.4 -0.365 -0.36 0.18668628326114248 0.07999999999999996 0.2850000000000019 0.09999999999999787 0.15000000000000102 0.22781385281385624 -0.09999999999999981 -0.042105263157894715 0.0
35 11 1.9437932900432904 2.2440303030303044 2.66 0.03 0.07095238095238039 0.09 0.3114988542911523 0.13 1.6099999999999999 0.13095238095237383 0.8473684210526314 1.6739177489177448 -0.20000000000000004 -0.06842105263157897 0.015476190476204216
35 12 2.5839772727272727 2.6393246753246755 2.71 -0.44 -0.4230952380952392 -0.41 0.18059206870564565 0.03999999999999998 0.2557142857142858 0.06904761904762635 0.13458646616541356 0.19999999999999796 0.0 0.021052631578947358 0.01904761904760771
35 13 2.362976190476191 2.4330595238095247 2.5 -0.35 -0.345 -0.34 0.18212201895566127 0.02999999999999997 0.2799999999999998 0.049999999999998934 0.14736842105263148 0.26190476190476986 0.0 0.005263157894736847 0.024999999999991973
35 14 2.2469534632034636 2.471356060606061 2.6997619047619064 -0.3235227272727274 -0.28 -0.21273809523809384 0.23734767345791058 0.18999999999999997 0.7507142857142872 0.33809523809525066 0.395112781954888 0.46774891774890914 0.04318181818181749 0.09473684210526316 0.14404761904761643
35 15 0.3175 0.31993722943722963 0.37 0.04750000000000001 0.055681818181818256 0.06 0.18164281397958387 0.03 0.2657142857142857 0.0 0.13458646616541353 0.10000000000000009 -0.006818181818182556 0.0 0.0
35 16 2.6075 2.640758658008658 2.68 -0.5878571428571445 -0.41159090909090873 -0.38 0.2101700358929439 0.36 0.16571428571428592 -0.10000000000000009 0.034586466165413596 0.1353896103896135 -0.37034632034632253 -0.1894736842105263 0.006818181818182556
35 17 2.4164772727272728 2.4747132034632036 2.55 -0.3 -0.3 -0.29 0.1744524602123776 0.010000000000000009 0.19500000000000162 0.0 0.10263157894736927 0.15000000000000124 0.0 0.005263157894736847 0.0
35 18 1.917976190476186 2.0388246753246753 2.2 -0.23 -0.21380952380952323 -0.2 0.2091588765789307 0.04000000000000001 0.5457142857142858 0.0 0.13984962406014703 0.5681818181818088 -0.049999999999999906 -0.02105263157894737 0.0
35 19 2.5469318181818186 2.5614783549783557 2.5811904761904763 -0.1125 -0.1 -0.08 0.17479289796711217 0.08000000000000002 0.08084415584415972 -0.09999999999999787 0.04254955570745248 0.13993506493507502 -0.049999999999999975 0.015789473684210534 0.10000000000000002
35 20 2.6175 2.708104978354979 2.7624999999999997 -0.23 -0.23 -0.23 0.19924790294698644 0.009999999999999981 0.4957142857142891 0.10000000000000231 0.2609022556390995 0.3431818181818169 0.0 0.0 0.0
35 21 2.5129761904761914 2.676256493506494 2.822261904761906 -0.41 -0.4 -0.3964772727272726 0.2196202969231498 0.03999999999999998 0.6950000000000016 0.2754329004328726 0.3657894736842114 0.43809523809524853 0.0 0.021052631578947358 0.050000000000000044
35 22 2.2975 2.3662932900432896 2.4072619047619064 -0.33 -0.33 -0.32 0.19390083399500416 0.020000000000000018 0.4257142857142857 0.09999999999999787 0.22406015037593985 0.278571428571428 0.0 -0.010526315789473694 0.0
35 23 1.2671428571428554 1.4199642857142856 1.572321428571429 -0.41 -0.41 -0.37750000000000006 0.20302502376658335 0.06 0.4800000000000002 -0.33095238095236956 -0.2526315789473685 -0.17499999999999183 0.0 0.031578947368421054 0.10000000000000009
35 24 2.4275 2.505409090909091 2.5825 -0.29 -0.275 -0.2575 0.1836107561066464 0.06 0.27 0.10000000000000231 0.14210526315789473 0.1931818181818179 -0.09318181818181726 -0.031578947368421054 0.0
35 25 2.584453463203464 2.598992424242424 2.62 -0.27 -0.265 -0.26 0.16344820355339998 0.015714285714285736 0.08571428571428585 0.0 0.04511278195488729 0.09318181818181559 0.0 -0.008270676691729335 0.0
35 26 2.3894534632034636 2.572626623376624 2.7769047619047615 -0.2876136363636369 -0.26309523809523927 -0.20297619047619103 0.22843391097293744 0.21999999999999997 0.6199999999999997 0.19999999999999796 0.32631578947368406 0.3702380952380979 -0.19047619047619613 -0.11578947368421051 -0.015909090909087265
35 27 2.1454761904761908 2.1690173160173165 2.2044047619047618 -0.28 -0.28 -0.27 0.17533928614017874 0.019999999999999962 0.21500000000000163 0.049999999999998934 0.11315789473684297 0.17261904761904479 0.0 0.005263157894736818 0.0
35 28 2.203430735930737 2.305213203463203 2.39 -0.41 -0.4 -0.3875487012987012 0.1829142540263442 0.024999999999998412 0.2757142857142858 0.0 0.14511278195488728 0.2119047619047687 -0.05357142857142061 -0.010526315789473665 0.0
35 29 -0.9175000000000033 -0.28207575757575853 0.3883333333333339 -0.2 -0.19 -0.16809523809523838 0.38050854737517475 0.06000000000000001 1.9578571428571476 -2.335064935064972 -1.0304511278195514 0.3404761904761791 -0.030952380952375264 0.03157894736842106 0.06504329004328818
35 30 -1.88 -1.8790952380952384 -1.88 -0.24 -0.23 -0.23 0.15711309651911937 0.01999999999999999 0.009999999999999787 0.0 -0.00526315789473673 0.0 0.0 -0.005263157894736847 0.0
35 31 1.9176190476190431 1.9898885281385272 2.1 -0.13 -0.12 -0.12 0.20713211041296486 0.01500000000000161 0.5500000000000032 -0.6806277056277177 -0.289473684210528 0.0 0.0 0.00789473684210611 0.0
35 32 2.224453463203464 2.323104978354979 2.4503409090909094 -0.43 -0.415 -0.3964772727272726 0.21242063017306995 0.08571428571428574 0.5714285714285716 0.10000000000000009 0.3007518796992482 0.536363636363637 -0.09318181818181726 -0.045112781954887236 0.0
35 33 2.5375 2.6263625541125535 2.694404761904762 -0.21 -0.21 -0.2038095238095241 0.19831660445056168 0.03 0.4550000000000014 0.16904761904760868 0.23947368421052706 0.21190476190476648 0.0 0.015789473684210527 0.009523809523803856
35 34 2.5775 2.692172077922079 2.8072619047619063 -0.36202380952380897 -0.34 -0.33 0.19821983121943673 0.04999999999999999 0.4450000000000016 0.18095238095239274 0.2342105263157903 0.2703463203463241 0.0 0.026315789473684206 0.050000000000000044
35 35 1.8074999999999999 1.8225000000000005 1.84 -0.34 -0.33 -0.33 0.15978513529960647 0.020000000000000018 0.040000000000000036 0.0 0.02105263157894739 0.050000000000000044 0.0 0.0 0.0
35 36 1.6122619047618985 1.9563896103896092 2.2207954545454545 -0.34 -0.33 -0.21464285714285547 0.2830009129231745 0.28071428571428736 1.1914285714285748 -0.8408008658008892 -0.6270676691729342 -0.07142857142857117 0.0 0.14774436090225648 0.27857142857142886
35 37 2.3789069264069274 2.6015876623376633 2.8897619047619063 -0.43 -0.405 -0.3638095238095241 0.26031935689294494 0.08571428571428574 1.0621428571428586 0.43333333333332114 0.5590225563909782 0.6522727272726914 0.0 0.012781954887218023 0.10000000000000009
35 38 2.572976190476191 2.7250443722943727 2.861904761904762 -0.34 -0.33 -0.32 0.2134303493972298 0.04500000000000165 0.6007142857142873 0.22500000000000853 0.3161654135338354 0.3857142857142848 0.0 0.023684210526316658 0.07500000000000812
35 39 2.4575 2.4886904761904765 2.5204761904761903 -0.20352272727272738 -0.16 -0.15714285714285545 0.16948223100820364 0.07 0.10000000000000009 0.0 0.04210526315789478 0.10000000000000009 0.0 0.0368421052631579 0.09761904761903625
35 40 1.4328138528138548 2.9322261904761944 -1.9942857142857031 -0.14761363636363692 -0.0915043290043305 -0.06857142857142857 0.5488718763758915 0.09523809523809297 3.021428571428575 1.4071428571428695 -1.0236842105263135 2.9571428571428235 -0.10075757575755691 -0.029323308270676682 0.0
35 41 -0.5228571428571446 -0.0014642857142869946 0.5160227272727274 -0.013928571428573122 0.0 0.01 0.28396451582234783 0.04428571428571429 1.3714285714285714 -1.1007575757575907 -0.7165413533834587 -0.2749999999999919 -0.09047619047619611 0.003007518796992479 0.07857142857142856
35 42 0.8864772727272725 1.1107251082251095 1.171428571428574 -0.07 -0.05 -0.04 0.2743252737935571 0.05 1.2657142857142922 0.15714285714285736 0.6661654135338381 0.9761904761904483 -0.07142857142857145 -0.01578947368421053 0.07142857142857142
35 43 2.3654761904761914 2.433709956709957 2.4972619047619062 -0.35 -0.35 -0.34 0.19045542783952 0.06 0.3457142857142861 0.10000000000000009 0.1819548872180453 0.26190476190476764 0.0 0.031578947368421054 0.10000000000000009
35 44 2.5 2.5366601731601732 2.5749999999999997 -0.23267857142857273 -0.22 -0.22 0.1895326975673523 0.025714285714285717 0.3464285714285733 0.03733766233765756 0.18233082706767015 0.27175324675324575 0.0 0.012781954887218039 0.09999999999999981
35 45 1.5223376623376637 1.995254329004331 2.649761904761906 -0.09285714285714455 -0.07659090909090874 -0.057499999999999996 0.3469053683840119 0.0550000000000016 2.039285714285716 0.3476190476190366 1.0733082706766925 1.6362554112554584 -0.09999999999999995 -0.028947368421053474 0.0
35 46 2.4982142857142855 2.6294512987012997 2.774642857142859 -0.4625 -0.455 -0.4490476190476188 0.20979002683807252 0.020000000000000018 0.580476190476193 0.26190476190476764 0.30551378446115424 0.3666666666666796 0.0 0.010526315789473694 0.04999999999999977
35 47 2.63 2.746535714285714 2.8744047619047617 -0.32 -0.31 -0.3010227272727274 0.18426907827372302 0.020000000000000018 0.3150000000000017 0.0 0.16578947368421143 0.2190476190476076 0.0 0.0 0.0
