39 0 -1.1 -1.0995000000000004 -1.1 -0.42 -0.41523809523809463 -0.41 0.15622474745425774 0.010000000000000009 0.010000000000000009 0.0 0.005263157894736847 0.0 0.0 0.0 0.0
39 1 -1.611704545454545 -1.396701298701301 -1.1853246753246787 -0.5605952380952384 -0.55 -0.4775 0.23775623498549583 0.12681818181817922 0.82 -0.9871212121212108 -0.38947368421052636 0.10000000000000009 -0.10000000000000009 -0.052631578947368446 0.0
39 2 2.23 2.2355000000000005 2.24 -0.49 -0.49 -0.48 0.15766271750616748 0.026190476190475098 0.010000000000000231 0.0 0.0 0.0 0.0 0.008521303258144784 0.009523809523803994
39 3 0.003295454545451826 0.05656818181818133 0.1 -0.23 -0.22 -0.22 0.17039023084100774 0.03 0.15 -0.09999999999999995 -0.07894736842105261 0.0 -0.014285714285714318 -0.015789473684210527 0.0
39 4 -1.2 -1.1975238095238094 -1.19 0.06 0.07 0.07 0.15771827107129538 0.01681818181817933 0.020000000000000018 0.0 -0.005263157894736847 0.0 0.0 0.005263157894736847 0.0
39 5 -1.1225 -1.1150000000000004 -1.11 -0.24 -0.24 -0.23 0.1588899671386263 0.009999999999999981 0.029999999999999805 0.0 0.015789473684210423 0.049999999999998934 0.0 0.0 0.0
39 6 -0.98 -0.939444805194805 -0.9182954545454545 -0.28 -0.25214285714285545 -0.2254383116883107 0.17339253420058418 0.0638095238095216 0.14 0.0 0.0736842105263158 0.1340909090908965 -0.03409090909089599 0.02406015037593808 0.06504329004328818
39 7 -1.09 -1.089 -1.09 -0.05 -0.05 -0.04 0.15622474745425774 0.010000000000000002 0.010000000000000009 0.0 0.005263157894736847 0.0 0.0 0.0 0.0
39 8 -1.57 -1.5568690476190477 -1.54 -0.32 -0.3140476190476196 -0.30749999999999744 0.15977499290032054 0.010000000000000009 0.020000000000000018 0.0 -0.005263157894736847 0.036904761904742456 0.0 0.005263157894736847 0.0
39 9 -1.15 -1.1511904761904759 -1.15 -0.17 -0.16681818181818417 -0.16 0.15622667933983608 0.010000000000000009 0.0061904761904749694 0.0 0.0020050125313289683 0.0 0.0 0.0 0.0
39 10 -0.3350811688311621 0.5437012987013067 1.3985227272727434 -0.19670454545454819 -0.15 -0.13464285714285631 0.45099546787915284 0.12380952380952492 3.0752380952380998 1.158874458874489 1.6922305764411067 2.262337662337698 -0.14686147186147885 -0.06215538847118031 0.028571428571445567
39 11 0.67 0.664 0.67 0.0 0.0 0.0 0.15975494958744588 0.01 0.050000000000000044 0.0 -0.026315789473684233 0.0 0.0 -0.005263157894736842 0.0
39 12 -1.04 -1.0379318181818182 -1.0385010822510798 -0.14 -0.14 -0.14 0.1562247474542578 0.010000000000000009 0.010000000000000009 0.0 -0.005263157894736847 0.0 0.0 0.0 0.0
39 13 -0.7360876623376607 -0.5578452380952365 -0.35 -0.25095238095238126 -0.21 -0.20750000000000002 0.23209864275336867 0.06380952380952493 0.8061904761904748 0.04999999999999977 0.42431077694235514 0.8178571428571685 -0.030952380952375402 0.017794486215539435 0.049999999999999906
39 14 -1.32 -1.32 -1.32 -0.26 -0.26 -0.26 0.1553397216925636 0.010000000000000009 0 0.0 0.0 0.0 0.0 -0.005263157894736847 0.0
39 15 0.13 0.14847619047619035 0.16 -0.2 -0.19 -0.18 0.1597848938139092 0.010000000000000009 0.04000000000000001 -0.050000000000000044 -0.02105263157894737 0.0 0.0 -0.005263157894736847 0.0
39 16 0.23 0.2604404761904762 0.2575 -0.37 -0.33 -0.32 0.17487711961655933 0.04999999999999999 0.15 -0.10000000000000009 -0.07368421052631577 0.0 -0.10000000000000009 -0.026315789473684206 0.0
39 17 -1.2819047619047617 -1.2026991341991347 -1.1313095238095265 -0.27535714285714374 -0.25 -0.23 0.19645070102147977 0.15000000000000002 0.3123809523809502 -0.31038961038961865 -0.01177944862155272 0.21190476190478424 -0.1999999999999831 -0.07894736842105265 0.07142857142855424
39 18 -1.14 -1.1337857142857142 -1.13 -0.1 -0.09 -0.08 0.15921383809639733 0.03 0.010000000000000009 0.0 -0.005263157894736847 0.0 0.0 0.010526315789473686 0.01904761904760778
39 19 -0.18608766233766066 0.09889935064935271 0.4310768398268406 -0.05 -0.02727272727272698 0.021428571428572275 0.26289142855399494 0.13 1.0661904761904752 0.36861471861472567 0.4776942355889684 0.7533549783550191 -0.19999999999999998 -0.05563909774435913 0.09761904761903642
39 20 0.06 0.06945238095238074 0.1 -0.14250000000000002 -0.14 -0.14 0.16773008235628223 0.01999999999999999 0.13 -0.10000000000000003 -0.06842105263157897 0.0 0.0 0.0052631578947368324 0.0
39 21 -1.1866666666666676 -1.1454491341991346 -1.1233333333333286 -0.38464285714285795 -0.33999999999999997 -0.2460714285714294 0.19428566765116723 0.18 0.18999999999999995 -0.17110389610389576 0.03157894736842108 0.15000000000000013 -0.1999999999999999 -0.057894736842105256 0.049999999999999906
39 22 -1.2425 -1.2341547619047617 -1.2280952380952375 -0.23154761904761878 -0.21809523809523923 -0.21 0.17008190696241435 0.04619047619047506 0.10619047619047506 -0.050000000000000044 0.024310776942355266 0.0 -0.09999999999998302 -0.012531328320802603 0.0
39 23 -1.20215909090909 -1.1815670995670993 -1.15650974025974 -0.47285714285714453 -0.3809523809523787 -0.2575 0.1888726361615516 0.26 0.10000000000000009 -0.050000000000000044 0.026315789473684233 0.10000000000000009 0.0023809523809636968 0.13684210526315788 0.23333333333333914
39 24 -1.3742045454545457 -1.315949134199135 -1.25784090909091 -0.41 -0.41 -0.41 0.17391664603939747 0.010000000000000009 0.20999999999999996 -0.1650432900433041 -0.11052631578947367 -0.09318181818180116 0.0 -0.005263157894736847 0.0
39 25 -1.079642857142858 -1.0732857142857146 -1.07 0.09 0.09 0.09 0.15622474745425777 0.006190476190475067 0.010000000000000009 0.0 -0.005263157894736847 0.0 0.0 -0.0032581453634079297 0.0
39 26 -1.2825 -1.2716190476190476 -1.26 -0.36 -0.3211904761904768 -0.31 0.1641867480008894 0.07 0.030000000000000027 0.0 -0.010526315789473694 0.0 -0.09999999999999981 -0.0368421052631579 0.0
39 27 -1.09 -1.0887142857142855 -1.09 -0.27 -0.27 -0.27 0.15571901844757569 0.004285714285717668 0.010000000000000009 0.0 0.0 0.0 0.0 -0.002255639097746141 0.0
39 28 -1.14 -1.1378809523809523 -1.1389285714285706 -0.43 -0.43 -0.42 0.15622474745425777 0.010000000000000009 0.010000000000000009 0.0 0.0 0.0 0.0 -0.005263157894736847 0.0
39 29 -1.44 -1.435431818181818 -1.43 -0.34 -0.335 -0.33 0.15622543898148183 0.010000000000000009 0.010000000000000009 0.0 0.005263157894736847 0.0 0.0 -0.005263157894736847 0.0
39 30 -1.19 -1.1900000000000002 -1.19 -0.28 -0.28 -0.28 0.15445469593086938 0 0 0.0 0.0 0.0 0.0 0.0 0.0
39 31 -1.7096158008657927 -1.5099264069264067 -1.2707954545454543 0.1375 0.14500000000000002 0.22670454545454566 0.23622354442972537 0.21000000000000002 0.618571428571425 -0.050000000000000044 0.04285714285714469 0.6396103896103655 0.0 0.1105263157894737 0.10000000000000009
39 32 -1.06 -1.0551904761904765 -1.05 -0.53 -0.53 -0.53 0.1571129125300167 0.010000000000000009 0.013809523809525048 0.0 0.007268170426065815 0.0 0.0 -0.005263157894736847 0.0
39 33 -1.11 -1.056595238095238 -1.02 -0.1925 -0.12404761904762131 -0.003912337662339353 0.1885307252376238 0.22 0.16619047619047522 -0.13809523809523272 -0.08521303258145128 0.0 -0.17261904761904515 -0.11578947368421054 0.0
39 34 -1.1225 -1.1160595238095237 -1.1 -0.08 -0.07 -0.06 0.16651240015716343 0.05619047619047507 0.07999999999999985 0.0 0.04210526315789466 0.10000000000000009 0.0 0.02957393483709215 0.0880952380952494
39 35 2.26 2.2599999999999993 2.26 -0.45 -0.45 -0.44 0.1553397216925636 0.010000000000000009 0 0.0 0.0 0.0 0.0 0.0 0.0
39 36 0.225 0.2311904761904761 0.26 -0.35 -0.35 -0.34 0.1677847156204632 0.010000000000000009 0.13000000000000003 -0.09761904761901946 0.042105263157894736 0.10000000000000009 -0.009523809523837856 0.0 0.0
39 37 -0.08574675324675071 -0.06778463203463087 0.03170454545454483 -0.1225 -0.11785714285714455 -0.1 0.20973020213318777 0.04999999999999999 0.5623809523809502 0.0 0.28245614035087785 0.4863636363636026 -0.09999999999999988 -0.026315789473684202 0.0
39 38 0.13829545454545436 0.23190909090909048 0.34 -0.18 -0.18 -0.18 0.19457434130542264 0.024285714285717686 0.41 -0.4500000000000001 -0.2157894736842105 -0.050000000000000044 -0.021428571428571408 -0.012781954887219834 0.0
39 39 -0.64 -0.6042619047619043 -0.5849999999999974 -0.1525 -0.13 -0.049999999999997456 0.18875321468729142 0.15428571428571766 0.17619047619047512 0.0 0.09273182957393428 0.19999999999998352 -0.006818181818198654 0.08120300751879878 0.1619047619047674
39 40 0.4775 0.8199556277056308 1.0926136363636445 -0.25190476190476163 -0.235 -0.2175 0.26944650801855086 0.07000000000000003 1.2085714285714353 0.10000000000000009 0.6360902255639133 1.0571428571428747 -0.10000000000000009 -0.015789473684210527 0.011904761904767691
39 41 -1.1 -1.0895 -1.08 -0.34 -0.34 -0.3275 0.15887982473934037 0.030000000000000027 0.020000000000000018 0.0 0.010526315789473694 0.0 0.0 0.005263157894736847 0.0
39 42 0.29 0.29315909090909087 0.29999999999999744 0.01 0.01 0.01 0.1562298186539008 0.01 0.010000000000000009 0.0 0.0 0.0 0.0 0.0 0.0
39 43 -1.16 -1.155849567099567 -1.15 -0.07 -0.06 -0.06 0.15711484441559498 0.020000000000000004 0.010000000000000009 -0.04761904761903635 -0.005263157894736847 0.0 0.0 0.0 0.0
39 44 -1.2 -1.201904761904762 -1.19 -0.11 -0.11 -0.11 0.16418997930950546 0 0.10000000000000009 0.0 -0.05263157894736847 0.0 0.0 0.0 0.0
39 45 -1.0950000000000002 -1.0113820346320346 -0.99 0.01 0.015 0.09108766233766065 0.2117391781998921 0.16952380952381066 0.46238095238095 -0.34318181818180027 -0.15914786967418426 0.1908008658008864 -0.13452380952381274 -0.08421052631578947 0.0
39 46 -1.0701190476190474 -1.0500238095238097 -1.0255952380952376 -0.34 -0.33880952380952495 -0.32499999999999746 0.1659159513509058 0.02863636363636024 0.08000000000000007 -0.10000000000000009 -0.03157894736842108 0.0023809523809470434 -0.02175324675321305 0.010526315789473694 0.024999999999991973
39 47 2.07 2.0781428571428573 2.095714285714283 -0.33 -0.31 -0.31 0.16475265202352588 0.030000000000000027 0.08619047619047526 -0.02142857142857224 0.024310776942355384 0.0 0.0 -0.01578947368421054 0.0
