47 0 -0.6647537 -0.4106649000000001 -0.19975109999999985 0.17182864999999986 0.28143819999999997 0.40772115 0.26388566075443626 0.2631006 0.8592296000000004 -0.7124660000000005 -0.4517964210526318 -0.1777239999999991 -0.29013600000000084 -0.138474 -0.02606199999999892
47 1 -0.24176430000000015 -0.11610778000000008 -0.06747859999999994 0.05753264999999991 0.07945769999999996 0.08900330000000001 0.22467285101621962 0.0330956 0.7389675999999996 -0.285740000000001 -0.24644042105263142 0.20786800000000216 -0.032812999999998205 0.009006842105263356 0.040349000000001745
47 2 -0.21678560000000002 -0.20388019999999996 -0.1924819999999997 0.1388822 0.15351459999999995 0.16480290000000009 0.1617651818627166 0.04151079999999996 0.038622000000000156 -0.0222940000000027 -0.0008263157894737217 0.030457999999999874 0.012716999999999867 0.02184778947368419 0.03422599999999831
47 3 -0.08495270000000021 -0.04383754000000002 0.012088999999999794 -0.29323675000000005 -0.25509360000000003 -0.23389859999999996 0.17696240655507325 0.06254879999999985 0.16183559999999986 0.012560000000001459 0.0851766315789473 0.1425559999999959 -0.06358499999999934 0.01748484210526319 0.10236399999999923
47 4 0.8102927000000003 1.0016945400000004 1.2069689000000006 0.2631948000000001 0.2827413 0.31051460000000003 0.24437564498500938 0.07724399999999987 0.9190151999999996 0.20912400000000053 0.48369221052631556 0.7369579999999987 -0.07316199999999995 0.02156684210526318 0.06986499999999896
47 5 -0.22538919999999996 -0.22517568000000007 -0.22217070000000005 0.04735119999999987 0.0609788 0.06663080000000005 0.1731078963391497 0.1581303999999999 0.015951199999999943 -0.01727000000000034 0.008395368421052601 0.02982999999999736 -0.1292110000000013 -0.08322652631578942 0.02229400000000159
47 6 -2.5070074 -2.3772996520000005 -2.2845855 -0.04268044999999998 -0.038496399999999986 -0.026752800000000077 0.20212423585106049 0.03187099999999998 0.3383035999999997 -0.03563900000000064 0.17805452631578933 0.4901540000000004 -0.04081999999999919 -0.0016856842105262896 0.01962499999999978
47 7 -0.02022159999999995 -0.01384740000000002 -0.00891759999999997 -0.20406860000000004 -0.2033621 -0.19947634999999997 0.15809676561813055 0.009922399999999998 0.021289200000000008 -0.027631999999999657 -0.009849684210526267 -0.0012559999999983695 -0.014758000000000271 -0.005222315789473683 0.00015699999999951864
47 8 -0.17984349999999993 -0.1652111 -0.14150410000000002 0.05482440000000016 0.061638199999999976 0.07240055000000012 0.16549428514742998 0.02496300000000007 0.09187639999999986 -0.026375999999999067 0.04835599999999993 0.09639799999999976 -0.02103800000000211 0.013138421052631615 0.05463600000000124
47 9 -0.2789733000000001 -0.27795594 -0.2770107999999999 0.23907175000000003 0.24127759999999998 0.24592479999999983 0.15579236103978666 0.008195399999999964 0.003328400000000009 -0.004395999999997624 -0.0009585263157893396 0.0021979999999999222 0.0 0.004313368421052613 0.01240299999999861
47 10 -0.3381780000000001 -0.3360742000000001 -0.33428440000000004 0.3038263999999999 0.3102162999999999 0.312273 0.15601465991112418 0.01230880000000023 0.0028888000000000247 -0.0009419999999993323 0.0006279999999997107 0.0003140000000012577 0.0 0.006478315789473806 0.015542999999998974
47 11 -0.8061478999999999 -0.395169 0.0007850000000001467 -0.02010384999999998 0.0016327999999999898 0.01194769999999995 0.28977737706080586 0.06151259999999992 1.4590952000000001 0.6430720000000001 0.7679448421052633 0.8289599999999986 -0.0667249999999997 -0.0323750526315789 0.004081999999999697
47 12 -0.15864849999999986 0.015093980000000062 0.015605800000000225 0.1254822499999998 0.13941599999999998 0.16290320000000003 0.27515295512513693 0.048418800000000095 1.2882164 -0.5793300000000001 -0.6780086315789473 -0.18683000000000227 -0.08069800000000016 -0.024640736842105326 0.05039700000000091
47 13 -0.29216130000000007 -0.29029299999999997 -0.28817349999999997 0.23558634999999994 0.2476832 0.2500696 0.15794356484997765 0.029421799999999942 0.007284799999999869 -0.006594000000001987 -0.0020492631578947645 0.001884000000000885 0.0 0.01224599999999985 0.027788999999999175
47 14 -1.2670999 -0.71905058 -0.26335180000000014 -0.024005300000000007 0.0441798000000001 0.12171425000000008 0.3056316387047548 0.18538560000000004 1.5311895999999994 0.33943399999999957 0.8058892631578944 1.191002000000001 -0.14569600000000182 -0.08868021052631572 -0.01993899999999771
47 15 -1.8892909000000002 -1.6550877199999998 -1.4766006999999999 0.02259230000000001 0.0764747 0.14734450000000004 0.27748566968628346 0.19037820000000027 0.9610911999999998 -0.8050959999999996 0.008626736842105201 0.2797739999999993 -0.11115600000000114 0.10019905263157909 0.2661149999999979
47 16 -1.1067558 -0.8623853 -0.5419483000000002 0.10757640000000007 0.12037190000000009 0.13003525000000016 0.2412593761531623 0.1328847999999998 0.7235816000000002 -0.2866819999999981 -0.010510736842105291 0.46440599999999943 -0.1224600000000009 -0.03501926315789465 0.1340780000000008
47 17 -0.1776454999999998 -0.17066214000000005 -0.16348410000000013 -0.06400105000000011 -0.031086000000000058 -0.005181000000000047 0.16497949620284397 0.07683580000000001 0.03611000000000031 -0.033912000000000386 0.002677263157894709 0.04678600000000088 -0.01491499999999979 0.03678757894736841 0.07064999999999988
47 18 0.6778161 1.1900505799999999 1.7492782999999994 -0.04392859999999987 -0.03408469999999997 -0.009985199999999972 0.3400513207907419 0.05991119999999994 2.0080927999999996 -1.4783120000000016 -1.0568909473684207 -0.5630020000000036 -0.05824699999999794 0.0038010526315789797 0.048983999999997474
47 19 -0.9573546 -0.90536876 -0.8692619 -0.21709174999999997 -0.12396719999999994 0.05224174999999992 0.19611578483787573 0.3441126000000001 0.11027680000000029 -0.024177999999996924 0.05804042105263173 0.10393399999999886 0.027475000000000138 0.17364200000000005 0.22074199999999933
47 20 -0.9553607 -0.4580255200000001 -0.020551299999999828 -0.0006594000000000322 0.05118199999999995 0.05875725000000004 0.278687573535328 0.08748040000000024 0.8888083999999994 0.26784200000000036 0.4677938947368418 0.7444940000000022 -0.020253000000000076 0.046042315789473806 0.08587900000000426
47 21 1.5781953999999998 1.8641803200000002 2.1317303 -0.09261429999999993 0.09894139999999985 0.2659109 0.3097743087429711 0.8119412000000001 0.9639172 0.25433999999999735 0.5073248421052632 0.6418159999999995 -0.5524830000000025 -0.42733747368421066 -0.2912349999999997
47 22 -0.15445659999999994 -0.04226753999999997 0.013250800000000118 0.28446830000000006 0.29040290000000024 0.3532814 0.22316463871876752 0.22940839999999962 0.5386356000000005 -0.42766800000000105 -0.2606200000000003 0.026690000000000325 -0.003611000000001141 0.12074126315789453 0.1979770000000014
47 23 -0.6570449999999999 -0.3910242 -0.17010950000000002 -0.11108534999999992 -0.0935720000000001 -0.07939489999999999 0.270459373380551 0.07303640000000011 1.1714083999999998 -0.9360339999999989 -0.4771147368421051 -0.12622799999999934 -0.11209800000000048 -0.03844021052631585 0.012246000000000201
47 24 -0.3984973999999999 -0.39840005999999983 -0.3977124000000001 0.001177500000000109 0.005604899999999913 0.007017899999999966 0.15602306735379937 0.01111559999999967 0.0033911999999998166 -0.003454000000000512 0.0002644210526317032 0.006593999999999767 -0.013972999999999347 -0.005850315789473511 0.0
47 25 -1.2678691999999998 0.031519319999999976 1.1912374999999997 -0.07502244999999996 0.005981699999999979 0.04633854999999998 0.49709307709838524 0.21292339999999998 3.1130588 1.0267799999999994 1.8957336842105263 2.5094879999999997 -0.17474100000000048 -0.026921368421052715 0.19781999999999855
47 26 0.16814700000000005 0.20928727999999994 0.29409240000000003 0.43010150000000014 0.48491020000000007 0.49524080000000004 0.2062072609308694 0.2159692000000002 0.37560679999999946 -0.29296200000000105 -0.19768778947368393 -0.01601399999999531 -0.10550400000000071 -0.1136680000000001 -0.018839999999997747
47 27 -0.12842600000000015 -0.12730502000000007 -0.12629080000000004 0.1970821000000001 0.20177639999999997 0.20366040000000019 0.1564951272053917 0.017583999999999822 0.0033284000000004532 -0.0018839999999986645 0.0011237894736840371 0.0031399999999992545 0.0 0.008544105263157993 0.015229000000001047
47 28 1.2723907999999995 1.38485932 1.4437877000000001 0.74122055 0.7641504000000001 0.7925752499999998 0.20039140770985017 0.11303999999999981 0.40631599999999946 -0.2650160000000046 -0.21385052631578919 -0.06468399999999708 0.012716999999999867 0.05949473684210516 0.08477999999999986
47 29 -0.5698629 -0.56909988 -0.5683714 0.030536499999999966 0.03253040000000018 0.03533285000000008 0.15635945974169743 0.01585700000000001 0.004961200000000332 -0.004709999999998882 0.0002644210526314694 0.006279999999998509 -0.010204999999999798 0.0072715789473684475 0.02229400000000159
47 30 0.0173485000000001 0.05185396 0.08542369999999977 -0.09947519999999999 -0.08642850000000002 -0.08044679999999998 0.16668164624233436 0.0262817999999998 0.09225319999999959 -0.0693940000000004 -0.02806168421052629 0.025119999999996256 -0.08273899999999945 -0.012345157894736739 0.061229999999998785
47 31 -0.1783362999999999 -0.17088822000000006 -0.16431620000000013 0.25182800000000005 0.2596308999999999 0.2692707000000001 0.16028457063723886 0.024837399999999787 0.04082000000000008 -0.012559999999999238 0.02148421052631583 0.032655999999997576 0.0020410000000004036 0.012956631578947261 0.024178000000000255
47 32 0.5802249000000002 0.59033884 0.6010117 -0.006452699999999922 -0.003956399999999971 -0.0006594000000000322 0.15825022194806687 0.010770199999999841 0.027003999999999806 0.0 0.014080421052631648 0.024491999999998182 0.0 0.00566852631578939 0.018212000000000783
47 33 -1.7093532 -1.1115757 -0.7059191000000001 0.007049299999999925 0.04826180000000002 0.09148390000000017 0.3857797251416974 0.12399859999999974 2.3147452 -2.2796399999999997 -0.5403774736842104 1.1184679999999991 -0.0032970000000009936 0.06099863157894745 0.19295299999999793
47 34 -0.11716910000000014 -0.11485178000000004 -0.11285159999999994 0.17879160000000005 0.18262240000000007 0.18284220000000007 0.15554701332131526 0.006531200000000181 0.005589199999999739 -0.0034539999999982918 -0.0010907368421051913 0.0009419999999993323 -0.0010990000000010713 0.0027268421052632115 0.012246000000000201
47 35 1.8307142 2.5140457099999995 -3.0768090700000004 -0.7255441 -0.6212176 -0.5061601499999999 0.38699887073133615 0.2845468000000002 2.2816496 -1.4991929999999987 -1.0115030736842106 -0.7551699999999983 -0.014757999999999716 0.14080421052631578 0.30159699999999956
47 36 1.0701120000000004 1.07137742 1.0749633000000003 0.8332304000000001 0.8448013000000003 0.8499038000000001 0.1602876020225891 0.0458753999999999 0.018337599999999732 -0.007535999999999099 0.007040210526315941 0.02229400000000048 0.0 0.022888947368420877 0.03187099999999887
47 37 -0.20700450000000026 -0.07026378 0.025402600000000386 0.06728235000000005 0.08145160000000007 0.11154065000000007 0.20801268280157006 0.05237519999999973 0.5173464000000001 -0.4289239999999994 -0.2722875789473685 -0.15228999999999937 -0.02951599999999943 0.02703705263157879 0.06656800000000018
47 38 0.26793619999999985 0.58452356 0.9314182000000004 -0.08408920000000003 -0.06730590000000003 -0.05330934999999998 0.27372551744106066 0.10669720000000016 0.8996099999999996 -1.0336880000000015 -0.4734789473684209 0.2270220000000034 -0.02857400000000121 0.029681263157894773 0.08415199999999956
47 39 -0.16166289999999994 -0.13748804 -0.12013639999999981 0.20206684999999985 0.21502719999999997 0.2557608500000001 0.17518206872258907 0.15495900000000007 0.06512359999999973 -0.043959999999998445 0.0227732631578948 0.06531199999999959 -0.09215899999999944 0.0321106315789472 0.15747099999999903
47 40 -0.3817298000000001 -0.10790296000000002 0.08952139999999975 0.020096000000000003 0.05071100000000006 0.05938525000000011 0.23130799204297145 0.05391380000000012 0.7968063999999999 0.04709999999999992 0.41937178947368414 0.7570539999999992 -0.00015699999999951864 0.02837568421052638 0.04725700000000166
47 41 -0.006468399999999708 -0.003372359999999963 -0.002135200000000115 -0.016108200000000072 -0.013564799999999932 -0.01041694999999998 0.15777174323469112 0.019750600000000063 0.013187999999999978 -0.01632800000000101 -0.005354526315789184 0.0025119999999989595 0.0 0.01039505263157898 0.02245100000000111
47 42 -0.2709976999999999 -0.25321587999999995 -0.23644199999999993 -0.17153035 -0.14905580000000007 -0.14257954999999994 0.1650412853327801 0.04769660000000009 0.07209440000000011 -0.002197999999997702 0.0365562105263159 0.07190600000000158 0.0037679999999995495 0.025103473684210575 0.03375499999999865
47 43 -0.11316559999999987 -0.10998791999999999 -0.10730949999999995 0.0789788500000001 0.08013279999999989 0.08174990000000015 0.15588991127099686 0.005086800000000169 0.0042703999999997855 -0.0015699999999996272 0.0021153684210526904 0.0021979999999999222 -0.014130000000001086 -0.0003635789473683581 0.014758000000000271
47 44 -0.2061096 -0.19994578000000005 -0.20000229999999997 -0.03233414999999995 -0.03089759999999997 -0.02986140000000015 0.1574918362837357 0.0066254000000001145 0.024931600000000387 -0.0021980000000021427 -0.008164000000000213 0.013815999999999828 -0.0020409999999992934 0.0034870526315790074 0.012716999999999867
47 45 1.0113312 1.1016972600000001 1.1920539 0.007465349999999926 0.052516499999999966 0.19261545000000008 0.21207245011558284 0.34241699999999997 0.17753559999999968 -0.2618760000000053 -0.0920515789473683 -0.04929800000000206 -0.25889300000000004 -0.1802194736842105 -0.09514200000000028
47 46 0.5695174999999999 0.6192331200000001 0.7014132000000001 0.15560269999999987 0.1570157000000001 0.1587034500000002 0.18550258889711155 0.009545599999999821 0.3093528000000001 -0.1783519999999994 -0.1628172631578948 -0.04709999999999992 -0.013973000000001567 -0.0025285263157895513 0.011775000000000535
47 47 -0.5320259 -0.4136322 -0.3379424999999998 -0.0086036000000001 -0.0029044999999999765 0.017183649999999828 0.19877670453086957 0.0697080000000001 0.4331316000000003 -0.3538780000000008 -0.20935536842105282 0.01632800000000101 -0.05808999999999731 -0.03649010526315797 -0.002983000000000846
