50 0 0.40224969999999993 0.44097532000000006 0.47589840000000005 0.8379796499999999 0.8431371000000001 0.8637041000000003 0.17168507631367194 0.0529717999999999 0.11850359999999949 -0.18400399999999761 -0.04204294736842094 0.10330600000000079 -0.06641099999999955 -0.02601242105263153 0.007692999999997507
50 1 -1.4195469 -1.1459901 -0.9974995 0.10533914999999983 0.16075230000000007 0.18793685000000004 0.3387107773665382 0.1600457999999998 1.8414844000000001 -1.2729560000000018 -0.9692023157894736 -0.3811959999999981 -0.2314179999999999 -0.06785705263157892 0.1293679999999997
50 2 -1.5807702 -1.4448709999999998 -1.4289041 0.06921345000000012 0.09029070000000006 0.13193495 0.23876197634042345 0.08515680000000003 0.7916567999999999 -0.5030279999999998 -0.2843517894736841 0.1620240000000006 0.002982999999999736 0.03538284210526301 0.11931999999999832
50 3 0.12732699999999975 0.14650298000000003 0.16563499999999998 0.13691185 0.1518660999999999 0.15554774999999982 0.16738531300793943 0.03654960000000029 0.07950480000000004 -0.07881399999999816 -0.013617684210526402 0.08132600000000156 -0.05196699999999943 0.005404105263157921 0.05903199999999775
50 4 -0.9655657 -0.5095686200000001 -0.07441799999999987 0.11271029999999999 0.20873149999999996 0.2825529 0.31119411033914973 0.24714939999999985 1.3604991999999998 -0.9382320000000011 -0.7160522105263157 -0.28008799999999834 -0.2620329999999993 0.13007863157894728 0.43865799999999955
50 5 -0.6147021 -0.50840996 -0.39191909999999996 0.04947855000000018 0.05812139999999999 0.10365140000000006 0.24222941739965909 0.1101198000000001 0.8341096000000001 -0.5950300000000008 -0.43900505263157896 -0.22827799999999732 -0.029044999999999765 0.013601157894736746 0.1436549999999992
50 6 -1.3847242999999998 -1.0150395399999999 -0.7253871000000002 -0.025441849999999933 0.043598899999999885 0.1419829500000001 0.27507607528883116 0.17549459999999995 1.1353612000000002 -0.8515680000000025 -0.5812635789473685 -0.36015800000000153 -0.11696499999999888 0.03726684210526308 0.17317099999999863
50 7 0.05231239999999948 0.05312565999999981 0.054573199999999655 -0.13665280000000002 -0.13591490000000006 -0.13517699999999988 0.1564451751493407 0.007724400000000076 0.009733999999999465 -0.01601399999999975 -0.005123157894736561 0.0 -0.0015700000000007375 -0.002660736842105286 0.0026690000000006986
50 8 -1.2369088 -0.9803425399999999 -0.7190129000000001 0.1054254999999999 0.12998030000000005 0.20856665000000002 0.280033727158258 0.21333159999999984 1.16023 -0.8120039999999984 0.19527494736842105 0.6977080000000035 -0.03485399999999972 0.10317378947368412 0.23565700000000134
50 9 -0.23022479999999979 -0.22985742 -0.08630290000000007 -0.06019379999999991 -0.056991000000000014 -0.050153650000000105 0.21480154368437254 0.045843999999999996 0.6362268000000002 -0.19122600000000434 -0.3252709473684211 0.0015699999999996272 -0.007692999999999728 0.024128421052631577 0.03720899999999916
50 10 -1.6215745000000004 -1.49374196 -1.4457345 0.2582100499999999 0.37190160000000017 0.38682444999999993 0.21722479443469098 0.21932899999999989 0.4885839999999999 -0.41887600000000136 -0.25714947368421043 -0.051496000000000874 0.02590499999999829 0.08991968421052643 0.19405200000000122
50 11 -0.8581149000000002 -0.6056243600000001 -0.3564214000000001 0.017466250000000016 0.02420940000000016 0.03586664999999989 0.24828031165698408 0.03796259999999996 1.01579 -0.5843540000000003 -0.5346263157894736 -0.43363400000000274 0.0006280000000014052 0.019980315789473662 0.0359530000000019
50 12 -0.21979999999999977 -0.14487332000000003 -0.05755620000000017 0.13144039999999996 0.1357892999999999 0.13976140000000026 0.17761011462067833 0.02185439999999983 0.23977039999999983 -0.16170999999999935 -0.12619494736842096 -0.09828200000000065 -0.0014129999999978882 0.009386947368420905 0.016955999999999083
50 13 -0.3864712000000001 -0.33587324 -0.2952542 0.24952795000000005 0.2753308999999998 0.2913527499999999 0.18865235850411777 0.11068499999999992 0.2719240000000003 -0.2420940000000038 -0.14311789473684225 -0.058718000000002046 -0.11523799999999751 -0.04111747368421056 0.0497689999999984
50 14 0.2633518 0.2663787600000001 0.2688624999999999 0.1529572500000001 0.16101920000000014 0.16428480000000012 0.15689005131112418 0.015166199999999908 0.006594000000000211 -0.0025119999999989595 0.003305263157894887 0.02354999999999885 0.0 0.007982210526315741 0.01601399999999975
50 15 0.1260867000000001 0.12635674000000005 0.1354282000000001 0.08168710000000007 0.08774729999999997 0.08785719999999997 0.16056150684997772 0.0108957999999999 0.056394399999999845 -0.040191999999998895 -0.029681263157894655 0.0 0.0 0.004941368421052557 0.012874000000000496
50 16 -0.9382477 -0.51485638 -0.043583200000000044 0.11279664999999989 0.12362180000000011 0.13758694999999987 0.3057322759499778 0.11596019999999996 1.5710676000000006 -1.153008000000002 -0.8268776842105267 -0.5761900000000009 -0.00989099999999965 0.061031684210526294 0.16861800000000038
50 17 -0.7360631000000001 -0.69615056 -0.6543916999999999 0.15977104999999997 0.16568210000000005 0.17315529999999985 0.17105826713341715 0.03136859999999975 0.10594360000000025 -0.14883600000000108 -0.02525221052631573 0.03987800000000208 -0.004552999999999363 0.015815684210526208 0.03187099999999887
50 18 -0.8097903 -0.7255535200000002 -0.6223480000000001 -0.05576640000000005 -0.03169829999999996 -0.01401225000000006 0.18840885076844904 0.06408740000000002 0.31330919999999995 -0.2954739999999978 -0.1334334736842102 0.04584399999999933 -0.06860900000000059 0.0027929473684210207 0.06185799999999908
50 19 -1.2118516000000001 -1.18628886 -1.1595392 0.08897975000000008 0.1050800999999999 0.15473919999999985 0.1741166507041179 0.14833360000000018 0.0487327999999998 -0.025120000000000697 0.022211368421052546 0.07944199999999846 -0.11602299999999843 -0.07807031578947378 -0.041290999999998856
50 20 -1.290069 -1.03591112 -0.7618267999999999 -0.019161849999999925 0.0007065000000001653 0.009255150000000045 0.2708412598436082 0.1397613999999998 1.1699012000000002 -0.8116900000000005 -0.5993764210526316 -0.3899879999999989 -0.12371599999999927 -0.06395684210526305 0.013502000000000791
50 21 -0.32968430000000004 -0.31845252 -0.3095568999999999 -0.14527209999999996 -0.13801870000000005 -0.13399164999999996 0.1635367753716338 0.056300200000000133 0.04584400000000022 -0.051496000000001985 -0.01940189473684222 0.03359800000000357 0.0043959999999998445 0.029631684210526386 0.03453999999999957
50 22 -0.3732518 -0.07897100000000004 0.2544499 0.5268292000000002 0.7293121 0.8760050500000001 0.3025636300225891 0.4138206000000002 1.0642715999999997 -0.751402000000001 -0.5601429473684209 -0.2204280000000014 -0.49769000000000174 -0.04551347368421052 0.20629800000000031
50 23 -1.4882501 -1.3852675200000002 -1.2601133999999998 0.09388600000000014 0.18857270000000004 0.22993435 0.22939133198500955 0.321693 0.4325664 0.09702600000000006 0.22512147368421037 0.3300140000000007 -0.4567129999999997 -0.1693121052631579 0.09969500000000187
50 24 0.3143610999999996 0.47393589999999997 0.7073006999999998 -0.16195335000000005 -0.15353030000000012 -0.1399105499999999 0.251929870891379 0.1891221999999999 0.9158751999999999 0.34634199999999726 0.48203957894736843 0.4716280000000017 -0.04443099999999922 -0.08092936842105261 0.02982999999999958
50 25 -0.10809449999999998 -0.0842430599999999 -0.016594899999999857 0.06000539999999993 0.06548469999999984 0.06893085000000004 0.1903914551194044 0.059660000000000046 0.3455883999999996 -0.1940520000000001 -0.18188863157894714 -0.056205999999998646 -0.017898000000002856 0.025467052631578814 0.03689500000000123
50 26 -1.4443842999999998 -1.2469473800000002 -0.9966359999999999 0.22586804999999993 0.3196205999999999 0.32561799999999985 0.2273545327327801 0.16905759999999992 0.6146863999999999 -0.5071099999999984 -0.3235191578947368 -0.14255599999999813 -0.14302700000000113 -0.084746947368421 0.03736599999999979
50 27 -0.22108740000000004 0.18146688 0.5646034000000001 0.11976745000000011 0.12385730000000006 0.1322489499999998 0.30289302286080566 0.09090299999999973 1.5623383999999998 -1.1671379999999987 -0.8222833684210525 -0.4986320000000011 -0.05039699999999869 0.04784368421052618 0.12560000000000016
50 28 -1.4839483 -0.8495050200000002 -0.3976653 0.12041115000000019 0.2696318000000001 0.29515999999999987 0.3215179847060289 0.5158392 1.3629484 -0.7237699999999991 -0.7024675789473683 -0.1783519999999994 -0.019467999999998042 0.24100326315789475 0.5044409999999999
50 29 -0.18935770000000007 -0.18953354 -0.18871400000000005 -0.021760199999999896 -0.021760199999999896 -0.021665999999999963 0.15537185342513696 0.00395639999999986 0.0064055999999999 0.0 0.003338315789473733 0.015072000000000418 -0.0007849999999998136 0.0012725263157894286 0.00047099999999966613
50 30 -1.3336365000000003 -1.1179938600000001 -0.9016824000000002 -0.1832661000000001 -0.047068600000000016 -0.022662950000000015 0.2628849150881943 0.24479439999999997 0.9924912000000001 -0.5808999999999997 -0.5223637894736843 -0.26438800000000096 0.024020999999999626 0.12817810526315793 0.26219000000000214
50 31 -1.5182999000000001 -1.4564104999999998 -1.3686789000000001 0.18725390000000008 0.3451959 0.37335385000000004 0.22723578769456382 0.3746334000000002 0.43476440000000016 -0.39783800000000036 -0.05744547368421051 0.12622800000000156 -0.06798099999999918 0.0031895789473683415 0.24146599999999907
50 32 0.08471719999999994 0.09044455999999998 0.09544030000000014 0.15794200000000008 0.17624820000000008 0.1828892999999998 0.16044295813341722 0.044148399999999866 0.023550000000000182 -0.028260000000002172 -0.01236168421052628 -0.002197999999997702 0.006907999999999914 0.023136842105262925 0.040348999999999524
50 33 -1.4045691 -1.0434690999999998 -0.7748420999999999 0.023157500000000053 0.11238059999999994 0.12788435000000015 0.2793030225926529 0.11548920000000029 1.2224020000000002 -0.942942 -0.6407252631578949 -0.2034720000000001 -0.03815100000000182 0.06078378947368437 0.15715699999999888
50 34 0.14155119999999988 0.1425403 0.1444713999999998 0.3755989500000001 0.37885670000000005 0.3827031999999999 0.15610698588055108 0.010047999999999835 0.006845200000000329 -0.009106000000000947 -0.0009585263157895733 0.005652000000002655 -0.010989999999999611 0.0007436842105262561 0.014600999999999642
50 35 -1.5593083 -1.3310240200000003 -1.1149041000000002 0.2516553000000001 0.35354830000000004 0.41225845000000017 0.27421647388118797 0.4831204000000002 0.8785719999999999 -0.7024180000000013 -0.4616791578947368 -0.06028799999999945 -0.2736509999999992 -0.2542738947368422 -0.0993809999999995
50 36 -0.07834299999999983 -0.031199039999999935 0.02981430000000007 -0.1030391 -0.07876689999999997 -0.06653660000000011 0.19454270462195217 0.07975600000000016 0.36537039999999976 -0.3055220000000003 -0.19230021052631566 -0.06970800000000166 0.012089000000000683 0.04197684210526324 0.08258199999999993
50 37 -1.6227206 -1.3390875400000002 -1.1308553 -0.08124749999999997 0.12352759999999996 0.15526514999999996 0.25104603000220704 0.2576056 0.7755800000000002 -0.5818419999999991 -0.4007962105263158 -0.2989280000000005 -0.27302300000000224 -0.1355818947368421 0.06766700000000014
50 38 -1.3698564 -1.2122598000000002 -1.0904905999999999 -0.07651395 -0.006719600000000048 -0.0005416500000001157 0.21695822911494586 0.15747100000000014 0.5532679999999999 -0.47256999999999993 -0.28061684210526305 -0.012559999999998128 -0.013972999999999347 0.07602105263157889 0.13517699999999966
50 39 -1.21832 -0.8027849600000001 -0.34750380000000014 0.15630135 0.18182169999999998 0.20483790000000013 0.29031622070539187 0.21097659999999996 1.3255196000000005 -0.9241019999999978 -0.6976418947368423 -0.4728840000000023 0.04301799999999911 0.11104031578947367 0.1756829999999998
50 40 -1.4388579000000004 -1.3367765000000003 -1.2675866 0.1528787499999999 0.16205540000000018 0.17540039999999996 0.20703503830730266 0.04408560000000028 0.5136412000000004 -0.7391559999999997 -0.27033747368421074 0.14067200000000057 -0.07441800000000165 -0.01974894736842104 0.07535999999999987
50 41 0.1153949999999998 0.10715250000000005 0.11820529999999974 -0.015770650000000053 -0.01149240000000007 -0.003979949999999954 0.17047125148055098 0.047884999999999955 0.1334500000000003 -0.027631999999999657 -0.0702368421052633 0.0 0.013031000000000015 0.025202631578947345 0.03296999999999772
50 42 -0.27106050000000004 -0.22107798 -0.16252639999999996 0.39626015000000003 0.397995 0.39897624999999987 0.17164206762258918 0.01667339999999995 0.1734536000000002 -0.13690400000000214 -0.09129136842105275 -0.03359799999999913 0.0017270000000013663 0.0087754736842105 0.0171129999999986
50 43 -0.1872068 -0.10689815999999996 -0.009263000000000021 0.03421815000000006 0.03750729999999991 0.052296699999999974 0.18965778206717507 0.0628628 0.33491240000000033 -0.22388199999999747 -0.1762696842105265 -0.13910199999999984 -0.0015700000000018477 0.029168947368421138 0.04929800000000095
50 44 -0.9292672999999999 -0.6548941 -0.3532342999999999 0.04414840000000003 0.08704080000000003 0.1331360000000001 0.2693009640047548 0.15131660000000013 1.0892032 -0.7074419999999981 -0.5732648421052632 -0.4757100000000003 -0.1442829999999995 0.008874631578947271 0.09419999999999984
50 45 -0.0671018000000001 0.52847456 1.117683 -0.009145249999999994 0.012261699999999931 0.035866650000000055 0.28318528577099683 0.09755979999999997 1.2259816 0.04584399999999933 0.6353376842105263 1.3790880000000016 -0.09090299999999996 -0.004181157894736761 0.0777149999999982
50 46 -0.01436549999999992 -0.01427130000000001 0.03469699999999998 0.11391920000000016 0.1186606 0.1378617000000001 0.18280718518628333 0.05221819999999999 0.2472436 -0.29170600000000046 -0.1301282105263158 0.016327999999998788 -0.0422329999999993 -0.01974894736842104 0.0012559999999994798
50 47 -0.3905688999999999 -0.30535244 -0.2316064 -0.12015995000000007 -0.1122863999999999 -0.08773945000000005 0.18431221067864004 0.05592340000000018 0.27807840000000006 -0.23047600000000168 -0.14635705263157897 -0.07347599999999899 -0.037679999999999936 -0.029433368421052725 -0.012716999999999867
