64 0 2.367031250000001 2.3893172794117654 2.4238749999999993 -0.07203125000000105 0.06 0.08 0.17558308021379102 0.15000000000000002 0.08000000000000007 0.0 0.03157894736842108 0.051176470588212286 -0.09062500000002076 -0.07017543859648914 0.0
64 1 -2.2325 -2.17395077614379 -2.142941176470588 0.2689624183006531 0.32 0.35 0.20403082003257958 0.10944444444444573 0.37756944444444995 0.0 0.19872076023392102 0.34944852941176663 -0.14999999999999986 -0.03713450292397593 0.0
64 2 -1.46 -1.4558529411764707 -1.45 -0.02 -0.01 -0.01 0.15888489593898336 0.02 0.030000000000000027 -0.03529411764707446 -0.01424148606811311 0.0 0.0 -0.010526315789473684 0.0
64 3 -2.3 -2.0689796396628823 -1.9454166666666686 -0.1325 -0.07 -0.0465104166666688 0.24682428878952578 0.12 0.9199999999999999 -0.8026143790850027 -0.36513157894736403 0.09999999999999787 0.0 0.053618421052629386 0.10000000000000006
64 4 2.29 2.29378431372549 2.33 -0.3524999999999999 -0.34 -0.32 0.17629040258563608 0.03999999999999998 0.16666666666667052 -0.10000000000000009 -0.08771929824561606 0.0 0.0 0.0 0.008823529411763342
64 5 -2.5925 -2.2326237745098054 -1.9389930555555543 0.11 0.12 0.12 0.2651505667745076 0.04999999999999999 1.1764705882352946 -0.9420751633987001 -0.6034055727554183 -0.30261437908496225 -0.09999999999999995 -0.026315789473684206 0.0
64 6 0.4579411764705894 0.6258358660130737 0.9383823529411778 -0.11 -0.11 -0.10750000000000001 0.28414392575879116 0.04999999999999999 1.4174999999999978 0.30625000000000846 0.7460526315789461 0.838235294117625 -0.05882352941176339 -0.021052631578947364 0.0
64 7 1.0575 1.06071875 1.07 0.0 0.0 0.0 0.15978006409996348 0.01 0.050000000000000044 0.0 0.02105263157894739 0.10000000000000009 0.0 0.0 0.0
64 8 0.19551470588235406 0.3964339955280368 0.6428125000000005 0.09 0.1 0.11 0.2529890382771497 0.03 1.0526388888888865 -0.29756944444443156 0.3911377708978306 0.9955882352941412 -0.008823529411784367 0.010526315789473686 0.09999999999999995
64 9 -1.3025000000000002 -1.2812610294117643 -1.24 0.0976470588235301 0.135 0.15 0.17567550483792438 0.06 0.16999999999999993 0.0 0.08947368421052627 0.10000000000000009 -0.09999999999999995 -0.026315789473684206 0.0
64 10 0.83 0.8920210375816998 0.9779166666666685 -0.10352941176470583 -0.03 -0.03 0.18223330167801227 0.12 0.19000000000000006 0.0 0.10000000000000003 0.13055555555554266 -0.12058823529411629 -0.06315789473684211 0.0
64 11 -1.45 -1.4397352941176473 -1.44 0.07 0.08 0.09 0.16329988234816828 0.039999999999999994 0.06000000000000005 -0.050000000000000044 -0.026315789473684233 0.0 -0.049999999999999975 -0.021052631578947364 0.0
64 12 -1.1313235294117665 -1.177452205882355 -1.07 0.11 0.12 0.12 0.23282037967212005 0.11 0.7847058823529522 -0.394117647058817 -0.41300309597523804 0.0 -0.050000000000000044 -0.05789473684210527 0.0
64 13 -2.0348958333333327 -1.009430555555551 0.13050653594771805 -0.026470588235293566 -0.01843749999999903 -0.01 0.4120585054591304 0.03 2.8447058823529483 0.6268382352940816 1.4972136222910253 2.3724264705882554 -0.057720588235265435 0.005263157894736841 0.04999999999999999
64 14 -1.33 -1.3185000000000002 -1.3175 -0.01 -0.01 0.0 0.16153490202442292 0.02 0.06000000000000005 -0.050000000000000044 -0.026315789473684233 0.0 0.0 -0.010526315789473684 0.0
64 15 0.08624999999999704 0.34397742989668806 0.5348529411764699 -0.0325 -0.02583333333333136 0.01735294117646985 0.2720822648883089 0.20210526315789296 1.135294117647054 -1.0149999999999677 -0.597523219814239 -0.15 -0.19722222222220895 -0.09999999999999999 0.0
64 16 -2.1073897058823645 -1.601235906862747 -1.2404901960784311 -0.1908823529411757 -0.14176470588235135 -0.1175 0.26395088992534776 0.0882352941176473 0.908235294117647 -0.45196078431374187 -0.4780185758513932 0.049999999999998934 -0.15 -0.014860681114551211 0.10882352941176357
64 17 -2.56 -2.5510110294117645 -2.5491176470588233 -0.05 -0.05 -0.04750000000000001 0.1641864928597509 0.010000000000000002 0.08000000000000007 0.0 0.04210526315789478 0.08235294117647118 0.0 0.005263157894736843 0.0
64 18 1.1040104166666658 1.2527918709150319 1.4226470588235292 0.0 0.01 0.02 0.1990725492769698 0.05 0.43999999999999995 -0.39742647058822134 -0.23157894736842097 -0.10000000000000009 -0.011764705882387354 0.010216718266252318 0.09999999999999999
64 19 -1.9179411764705878 -1.6688713235294101 -1.4110937499999996 -0.06 -0.045 -0.0375 0.2392017094417385 0.03 0.9199999999999999 0.4218749999999949 0.4842105263157894 0.5863970588235168 0.0 -7.304098846218135e-19 0.0
64 20 1.0075 1.08902308006536 1.1606944444444436 0.11 0.12 0.12 0.17757802821696506 0.03 0.20999999999999996 0.0 0.04891640866872905 0.1994485294117676 0.0 0.015789473684210527 0.049999999999999906
64 21 -1.3107352941176467 -0.7549636846405212 -0.09852941176470331 0.0 0.035 0.08249999999999999 0.3120612277535774 0.13 1.644705882352944 -0.050000000000000044 0.865634674922602 1.1470588235293775 0.0 0.057894736842105256 0.1
64 22 1.2170588235294098 1.3368672385620919 1.4866176470588246 -0.02 -0.01 0.0 0.20376242497607588 0.04 0.5158823529411767 -0.4470588235293982 0.07089783281733655 0.5327614379084844 0.0 0.010526315789473684 0.014705882352946094
64 23 -0.2966176470588297 -0.08198284313725494 0.10676470588235239 -0.0972058823529405 -0.003437500000001249 0.004264705882352388 0.23397316682165237 0.16 0.7417647058823528 -0.4218750000000185 -0.19731037151701936 -0.049999999999999975 -0.0906250000000208 -0.05493421052631303 0.049999999999999975
64 24 -2.4625 -2.326395220588236 -2.1701562500000007 -0.02 0.0 0.01955882352941287 0.21181063916101794 0.05 0.538749999999999 -0.34099264705882204 -0.24736842105262957 0.0 -0.1 -0.010526315789473682 0.055882352941164164
64 25 0.7475 0.7571470588235293 0.77 -0.04 -0.04 -0.03 0.15887982473934034 0.010000000000000002 0.040000000000000036 -0.014705882352925026 -0.02105263157894739 0.0 0.0 0.005263157894736843 0.0
64 26 -1.9949999999999999 -1.7779007352941179 -1.5404963235294151 0.14 0.14647058823529524 0.1569117647058794 0.2235966848357164 0.04000000000000001 0.7356250000000006 -0.42352941176474035 -0.3756578947368401 -0.19999999999999907 0.0 -0.005263157894736847 0.0
64 27 -2.2535294117647062 -1.877018055555558 -1.4443125000000037 -0.13 -0.11499999999999999 -0.07500000000000001 0.28328413175969464 0.09000000000000001 1.3641176470588232 -0.9246160130719194 -0.7179566563467492 -0.4736928104575133 0.0 0.047368421052631594 0.10000000000000002
64 28 1.01 1.0135000000000005 1.02 0.050882352941177766 0.06 0.06 0.1562298186539008 0.009999999999999995 0.010000000000000009 0.0 -0.005263157894736847 0.0 0.0 0.0 0.0
64 29 -2.5546231617647046 -2.2562138480392164 -2.1274172794117567 -0.048088235294117467 0.005 0.01088235294117567 0.2778973121896655 0.18411764705882327 1.2 -0.5911764705882327 -0.4095394736842013 0.32352941176471806 -0.05 -0.042105263157894736 0.12187499999999589
