71 0 0.44 0.6176102941176463 0.8171874999999996 -0.2225 -0.21 -0.165 0.20849445796140442 0.12 0.49000000000000005 -0.4500000000000237 -0.2578947368421053 -0.10000000000000009 -0.10000000000000009 -0.06315789473684211 0.0
71 1 -0.21907169117647046 -0.13684374999999982 -0.04750000000000001 -0.11 -0.095 -0.017666666666667455 0.19174114771390324 0.1 0.31000000000000005 0.0 0.1631578947368421 0.28235294117646575 0.0 0.04701754385964746 0.09999999999999996
71 2 -0.7353431372549023 -0.5239058006535957 -0.2744209558823533 -0.16132352941176453 -0.14 -0.0675 0.23269975083381458 0.09999999999999999 0.7523529411764698 -0.5501838235293761 -0.2959752321981421 -0.09411764705881676 -0.10000000000000002 -0.05263157894736841 0.0
71 3 1.02 1.04828125 1.08 -0.07 -0.055 -0.0375 0.16545713264229814 0.05 0.06437500000000362 -0.10000000000000009 -0.03388157894737033 0.0 0.0 0.02631578947368421 0.049999999999999975
71 4 0.6566176470588254 0.932265334338864 1.133350694444445 -0.13432692307692318 -0.11499999999999999 -0.08617647058823806 0.23992010087590973 0.24000000000000002 0.71 -0.3963235294117706 0.1907120743034047 0.7947712418300568 -0.24062499999999853 -0.07894736842105263 0.10000000000000009
71 5 -0.3225 -0.2298793834841631 -0.1675367647058836 -0.16088235294117983 -0.0032352941176473056 0.0925 0.24115188644482002 0.4618750000000003 0.5212500000000017 -0.31249999999999456 -0.2375000000000009 0.03529411764706877 -0.3 -0.2430921052631581 -0.19999999999997908
71 6 -0.1530882352941172 -0.12124264705882333 -0.09 -0.10558823529411618 -0.1 -0.04132352941176557 0.20305558063937423 0.3712500000000011 0.18 0.0 0.09473684210526316 0.15 -0.3117647058823394 -0.1796052631578953 0.0
71 7 -0.5 -0.495 -0.49 0.01 0.01 0.01 0.1562247474542578 0.01 0.010000000000000009 0.0 -0.005263157894736847 0.0 0.0 0.005263157894736842 0.0
71 8 -0.49161764705882227 -0.20451286764705726 0.1572058823529434 0.02 0.03 0.03 0.265153744394833 0.02 1.2262500000000012 0.4970588235293983 0.6453947368421059 1.012500000000025 0.0 0.010526315789473684 0.0
71 9 0.36573529411764133 1.1421879084967277 1.8502389705882334 0.08806985294117733 0.15 0.19296875000000208 0.4071753580610769 0.33999999999999997 2.4775000000000054 -1.7045751633986304 -1.3039473684210554 -0.8786764705881889 -0.09411764705883563 0.14736842105262934 0.40933415032681697
71 10 0.5359926470588283 0.8093394607843152 1.1025 -0.09 -0.08 -0.05 0.26167799702595695 0.09000000000000001 1.1258823529411766 -0.04999999999998228 0.5609907120743036 1.094117647058836 -0.09999999999999999 -0.0368421052631579 0.0
71 11 -0.23763888888888857 -0.1534673202614371 -0.05205882352941287 -0.2125 -0.18 -0.13794117647058712 0.19914775842369348 0.15000000000000002 0.22 -0.2970588235294179 0.03157894736842106 0.2999999999999985 0.0 0.07894736842105263 0.10000000000000009
71 12 -1.03 -0.8759722850678731 -0.72 -0.11058823529411722 -0.1 -0.0975 0.20377842689886128 0.043846153846156366 0.5094117647058836 -0.40000000000000036 -0.16325315551321148 0.0 -0.09999999999999995 -0.023076923076924404 0.0
71 13 0.7150000000000001 0.7671580882352933 0.8169117647058826 -0.07250000000000001 -0.0625 -0.06 0.20031968325953858 0.025 0.46735294117647386 -0.39926470588235397 -0.2459752321981441 -0.1187500000000169 -0.02647058823528059 0.013157894736842105 0.09999999999999995
71 14 2.9611121323529415 3.0725278186274507 3.1056250000000007 -0.03 -0.015 0.02882352941176403 0.22997610442422453 0.245 0.6100000000000003 -0.4294117647058826 -0.12491744066047483 0.25000000000000133 -0.22499999999999998 -0.1236842105263158 0.0
71 15 2.94 2.9921341911764707 3.0493106617647032 -0.07 -0.05 -0.04828124999999938 0.17419224643405173 0.030000000000000002 0.1599999999999997 -0.12941176470589122 0.015789473684210423 0.09999999999999787 -0.04999999999999999 -0.010526315789473686 0.05496323529412029
71 16 2.1909375000000004 2.397547181372547 2.7525 -0.15102941176470477 -0.0733333333333353 0.045 0.2867930532164871 0.29 1.1641176470588281 -1.0049632352941285 -0.6126934984520149 -0.09999999999999787 -0.2 -0.13900928792569428 0.0
71 17 0.5104575163398655 0.7660531045751641 1.1517647058823504 -0.1825 -0.15441176470588175 -0.11499999999999999 0.3158459284168644 0.1 1.6966666666666668 -1.0338643790849942 0.418713450292395 1.908088235294098 -0.10000000000000009 -0.021052631578947375 0.09999999999999988
71 18 -0.8425 -0.6275110294117632 -0.4741176470588191 -0.052500000000000005 -0.019117647058821317 -0.005735294117645215 0.23204803583488745 0.06999999999999999 0.4294117647058878 -0.050000000000000044 0.22600619195046734 0.8029411764706043 -0.09999999999999995 -0.03157894736841886 0.05
71 19 0.03843749999999792 0.11416593137254885 0.18029411764705822 -0.13 -0.12096078431372329 -0.09396139705882572 0.19535852720114244 0.18058823529411644 0.2805882352941164 -0.15036764705882205 0.0529411764705876 0.10000000000000009 -0.10588235294116177 0.03188854489164022 0.006666666666650875
71 20 1.4216819852941183 1.832675245098042 2.25794117647059 0.11828125000000048 0.14656862745097854 0.21 0.279586579311629 0.10999999999999999 1.3076470588235323 0.497977941176454 0.6882352941176485 0.8481617647058837 -0.10000000000000002 -0.057894736842105256 0.0
71 21 -1.4925 -1.1366264297385638 -0.8255882352941204 0.0048529411764678225 0.06294117647058836 0.1125 0.27916945404813853 0.12000000000000001 1.2547058823529418 -1.1676470588235262 -0.6393188854489168 -0.032352941176452266 -0.1205882352941165 -0.06315789473684212 0.0
71 22 0.14 0.3334150326797394 0.5475000000000062 0.0 0.015 0.0225 0.22008382299246115 0.039999999999999994 0.68 0.049999999999999906 0.3578947368421053 0.45294117647060306 0.0 0.021052631578947368 0.09999999999999996
71 23 1.0400000000000034 1.0524673202614376 1.0588235294117636 -0.4647058823529409 -0.46 -0.46 0.16602488127933634 0.09000000000000002 0.04058823529411626 0.0 0.011111111111109693 0.04705882352939894 -0.10000000000000009 -0.047368421052631594 0.0
71 24 -0.9225000000000001 -0.6179874183006551 -0.1879411764705884 -0.08 -0.05 -0.0275 0.23573658227527605 0.07933333333333492 0.8386666666666698 -0.4964379084967423 -0.41015350877193063 0.050000000000000044 0.0 0.031228070175439434 0.09999999999999996
71 25 -0.44046874999999897 -0.37928590686274394 -0.36705882352941266 -0.03 -0.03 -0.03 0.1968334584626995 0.019999999999999997 0.32882352941177556 -0.09999999999999981 0.17306501547988185 0.18666666666667442 0.0 0.010526315789473684 0.0
71 26 -0.1987316176470589 -0.09584558823529268 0.12176470588235269 0.04750000000000001 0.08906249999999986 0.26312500000000166 0.25848445220155675 0.29 0.8911764705882329 0.13529411764705387 0.4690402476780173 0.5501838235294072 0.003124999999993064 0.15263157894736842 0.26249999999998896
71 27 -0.21 -0.15790583333333344 -0.10500000000000001 -0.01 0.0 0.0 0.17319498202068867 0.03 0.18133333333333254 -0.18399999999999367 -0.09543859649122766 0.0 0.0 0.010526315789473684 0.04333333333332481
71 28 0.14558823529411746 0.2830122549019601 0.46329044117646884 -0.08249999999999999 -0.055 -0.03 0.21186082124048167 0.05 0.4 -0.5541666666666779 -0.21052631578947367 0.10000000000000009 0.0 0.021052631578947368 0.09999999999999996
71 29 -1.64 -0.8935583333333301 0.028970588235296697 0.04485294117647299 0.09781250000000263 0.13140625000000022 0.31880376186725806 0.1452941176470603 1.68 0.0 0.8789473684210526 1.7676470588235025 -0.09999999999999998 0.042105263157894736 0.08235294117648659
