83 0 -2.5666360294117636 -2.4342977941176467 -2.292352941176473 0.49562500000000165 0.5 0.5441360294117639 0.2046723277576693 0.13764705882353112 0.4305882352941164 0.0 0.20216718266253644 0.4382352941176526 -0.10882352941176343 -0.057894736842105256 0.01176470588234918
83 1 0.26 0.27804779411764696 0.3060294117647048 0.025220588235295226 0.12764705882353114 0.13 0.1989571260422807 0.39 0.1 -0.10000000000000009 0.021052631578947368 0.10000000000000009 0.023529411764688646 0.20526315789473684 0.3455882352940956
83 2 -1.34 -1.1387116013071885 -1.0075 0.8636764705882324 1.13264705882353 1.1645000000000023 0.286546516824586 0.43999999999999995 0.7670588235294163 -0.3147058823529525 0.4037151702786401 0.897794117647065 -0.41241830065357366 -0.23157894736842102 0.0
83 3 3.1368566176470543 -2.6452665441176495 -2.149558823529413 0.15515624999999958 0.17593750000000014 0.2622058823529392 0.3522264707007462 0.44166666666666665 1.7675490196078476 -1.0185049019608483 -0.8452270381837046 -0.7318014705882625 -0.4520833333333474 -0.1903508771929825 0.0656250000000029
83 4 0.5336764705882366 0.9053289946680447 1.2288235294117673 -0.12 -0.1 -0.052941176470587124 0.29296759376631265 0.15000000000000002 1.3983333333333372 0.5998742260061918 0.7359649122807038 0.8983333333333365 0.0 0.07894736842105264 0.14705882352941918
83 5 0.9568750000000004 1.305242647058822 1.7708272058823515 -0.01 0.0028125000000004162 0.04500000000000222 0.29071432791457014 0.29176470588235687 0.9805147058823552 -0.8944852941176673 -0.5160603715170291 -0.28437499999999005 0.0 0.15356037151702995 0.3119485294117815
83 6 -0.1134375 -0.016617693001160984 0.053854166666664594 0.51 0.51 0.5118750000000002 0.1892688466791495 0.017586206896552214 0.23 -0.20240384615383522 0.07477313974591772 0.39638888888887314 0.0 0.00018148820326533305 0.0
83 7 -0.5293627450980414 -0.21377532679738795 0.07264705882352701 -0.4525 -0.44 -0.4330882352941193 0.2998128553717728 0.23352941176470549 1.41683823529412 -0.8169117647059297 -0.7457043343653265 -0.5987132352941207 0.0 0.1176470588235292 0.15000000000000013
83 8 0.3260661764705839 1.0585835698314388 1.8771052631578955 -0.04 -0.03 0.0 0.36010139569793886 0.07411764705882574 2.253750000000005 -1.6905882352941348 -1.1861842105263185 -0.7526315789473705 -0.09999999999999999 -0.03684210526315789 0.0
83 9 0.022205882352940867 0.12970588235293978 0.27659926470588103 -0.14 -0.13 -0.11 0.24978744874381498 0.047058823529410765 1.017058823529415 -0.7569852941176375 -0.5352941176470605 -0.2941176470588173 -0.04411764705883829 0.0015479876160995915 0.050000000000000044
83 10 -0.4425 -0.30132495915032675 -0.1621875000000007 0.19 0.2 0.22 0.19835751641133703 0.05000000000000002 0.30999999999999994 -0.44724264705881145 -0.03467492260061581 0.3831699346405433 -0.10000000000000009 -0.01578947368421053 0.04669117647059462
83 11 0.4575 0.6085843137254895 0.73 -0.26 -0.25 -0.25 0.18384967198287488 0.010000000000000009 0.3 -0.2617647058823652 -0.14736842105263157 0.0 0.0 -0.005263157894736847 0.0
83 12 0.766792279411762 0.8508574054621842 0.9601562499999996 -0.2905555555555552 -0.255 -0.2380882352941172 0.204878816950837 0.09 0.31764705882353106 -0.35065359477124025 -0.16718266253870054 -0.10312499999999336 -0.10000000000000009 0.0 0.10000000000000009
83 13 2.0064705882352922 2.2217003943682725 2.3962361111111123 0.07 0.13 0.31852941176470795 0.22532071926052796 0.28235294117646986 0.44529411764706217 -0.45201238390089715 -0.23436532507740115 0.049999999999998934 0.0 0.1433436532507736 0.24575163398692862
83 14 2.79 2.7895882352941177 2.79 0.21 0.21 0.21 0.15575620440394922 0.010000000000000009 0.0047058823529422256 0.0 0.002476780185759066 0.0 0.0 0.0 0.0
83 15 0.3257812499999972 0.614764665032678 0.8459722222222208 -0.1 -0.1 -0.09 0.2573089266835789 0.03 1.1305882352941206 -0.7209150326797198 -0.5950464396284844 -0.4777205882353114 0.0 0.015789473684210527 0.0
83 16 0.17 0.17160930429864224 0.18 0.018512443438911595 0.38 0.39 0.22538752256885974 0.6893750000000016 0.059375000000001676 -0.0019230769230721423 -0.03125000000000088 0.0 -0.6998161764705892 -0.3628289473684219 0.0
83 17 0.1932812499999994 0.22446874999999994 0.25 0.6341176470588237 0.6832352941176452 0.7975 0.19609610939054928 0.3756250000000009 0.07 -0.025000000000000022 0.026315789473684206 0.10000000000000009 -0.30000000000000027 -0.1976973684210531 -0.10000000000000009
83 18 0.07 0.07250000000000002 0.07250000000000001 -0.21 -0.21 -0.21 0.15622474745425777 0.010000000000000009 0.009999999999999995 0.0 -0.005263157894736839 0.0 0.0 0.005263157894736847 0.0
83 19 0.2888327205882345 0.5125039215686289 0.6805422794117686 -0.34352941176470614 -0.32187500000000024 -0.3175 0.24692583037881866 0.11235294117646985 0.780000000000004 0.4000000000000087 0.4105263157894758 0.6483455882352638 0.0 0.05913312693498413 0.10000000000000009
83 20 -0.6853186274509825 -0.01856699346405587 0.527454044117645 -0.48514705882353215 -0.39647058823529313 -0.23541666666666486 0.4131078342419624 0.24437499999999918 2.4650000000000114 -1.554309640522822 -1.2973684210526375 -1.0919117647059058 -0.050000000000000044 0.12861842105263113 0.2572916666666472
83 21 0.3813235294117631 0.6964953839869266 0.9602352941176464 -0.33 -0.33 -0.2975 0.2643512144464455 0.1035294117647054 1.1335294117647097 -0.8947794117646884 -0.596594427244584 -0.305882352941185 0.0 0.054489164086687046 0.10000000000000009
83 22 -0.5889705882352966 -0.3405128676470599 -0.10323529411764762 0.14 0.155 0.26794117647058735 0.23482625886828282 0.26 0.6458823529411808 -0.5854779411764849 -0.3399380804953584 -0.14705882352943178 -0.2974264705882229 -0.1368421052631579 0.0
83 23 -0.01 -0.0045 0.0 0.04 0.04 0.04 0.15699914499574005 0.008749999999998335 0.02 0.0 0.010526315789473684 0.0 0.0 0.0 0.0
83 24 0.1 0.1903338235294114 0.24762499999999965 -0.196470588235296 -0.054270833333332366 0.08387499999999798 0.241311578412117 0.31312500000000054 0.36 -0.33823529411763475 -0.1628482972136207 0.005882352941182639 -0.49705882352941794 -0.16480263157894767 0.1899999999999763
83 25 0.48 0.5434965277777777 0.5775 -0.3122058823529409 -0.1647058823529418 -0.04750000000000001 0.2107977068778678 0.36 0.28 -0.30277777777777126 -0.1473684210526316 0.0 -0.3 -0.18947368421052632 -0.050000000000000044
83 26 0.89 0.9635980392156865 1.04 -0.05 -0.04 -0.02 0.17259372475835205 0.023529411764702687 0.1717647058823527 0.0 0.09040247678018563 0.10000000000000009 0.0 0.010526315789473684 0.0
83 27 0.8185294117647002 1.4851008986928083 2.0520833333333344 0.8184099264705871 0.8599999999999979 0.8704411764705873 0.2986593031744313 0.06999999999999995 1.38 -1.3911764705882623 -0.7263157894736841 0.0 -0.19650735294116373 -0.03684210526315787 0.050000000000000044
83 28 0.21808823529411747 0.28782904411764637 0.3539797794117641 -0.14529411764706177 0.366507352941175 0.6354595588235282 0.314474964417062 1.4770588235294149 0.39705882352941496 -0.3117647058823493 -0.20897832817337628 -0.08198529411766964 -1.0978991596638692 -0.7773993808049552 -0.40000000000000285
83 29 0.5276470588235312 0.6409509803921584 0.7750000000000044 0.08 0.08499999999999999 0.09 0.23502535106622477 0.01999999999999999 0.8800000000000001 0.11470588235295232 0.4473684210526316 0.9308823529412097 0.0 -0.010526315789473679 0.0
