9 0 0.5388248825509255 0.6080149700879615 0.6610633800378755 -0.42712560423218815 -0.25897622077137805 -0.10577994567777621 0.22892533327758416 0.46348963616035205 0.3402519376774 -0.4094542425192005 -0.06902317894488419 0.2512401458253996 -0.35622170033320016 -0.2439419137686063 -0.09747663872420007
9 1 0.8584165821695421 0.8632668521608501 0.8691896269775121 -0.35471572359575854 -0.34978953178198846 -0.3445884506110285 0.15875579191285225 0.00900589894032 0.03216641811435994 -0.034644785652200305 -0.011546730893494731 0.009250245035600235 -0.008028514559200173 0.004739946810694737 0.020333085785800287
9 2 0.6361731426115915 0.6766804892212596 0.7156118035163714 -0.35427890646868954 -0.32199904195294954 -0.28419084703149955 0.1837822179278494 0.20743238160020003 0.12002629266003995 -0.08787732783820057 -0.06205104788031572 -0.02111848394920013 0.052970742798199855 0.10917493768431581 0.15594516866620028
9 3 1.580831921517244 1.6045518187165502 1.633244158954804 -0.29708354573426754 -0.27460370496850756 -0.23952695032643756 0.173756150162698 0.08119271680304 0.13510593739732002 -0.04197516851060068 0.05082582500692636 0.14067353771119895 -0.0640535835483999 -0.04273300884370526 -0.008988445647799825
9 4 0.610307169171673 0.6984209891235191 0.823477320687823 -0.6414239171844777 -0.48766913672953754 -0.16451269907560845 0.2833558908152094 0.9212196857901164 0.5503895796181999 0.12993976281139907 0.289678726114842 0.3364994797855997 0.27925268032000017 0.4848524662053244 0.7421139979503999
9 5 -2.3910414916366522 -2.0431485024945197 -1.6795274787986876 -0.2635436019803395 -0.2542104538052695 -0.2480712581613595 0.26298442189855603 0.023841197582320006 1.1931245299579745 0.42673300211400145 0.6279602789252497 0.7905468846933994 -0.03202679177419995 -0.010765925701810534 0.01352630170299976
9 6 -0.18882120856502055 -0.18697552288103053 -0.18646501407482052 -1.026121439966917 -1.0251571455551869 -1.022835857650027 0.15589178213207402 0.004136430327239982 0.007155849933199981 -0.0022689280276001755 0.003766236806947359 0.0059341194568000855 -0.008290313946998085 0.0016534698176841115 0.007417649320999864
9 7 1.2698983639854866 1.7695189336595027 2.3643681579811426 0.08228189921910178 0.21678133470204994 0.26509641172053994 0.3829826579325389 0.5629908568183382 2.0559804055687163 -1.4960962348144002 -1.0820949502993245 -0.6956009733846014 0.10524335389560005 0.2963109772728096 0.46216318592959993
9 8 2.9273481064909577 3.0407281609648518 -3.100608977542823 -0.5673604825253005 -0.3914443838930905 -0.25309213408705056 0.2797552122808482 0.6727546134757455 0.6116592816945605 -0.06806784082799888 -3.0402304036016634 0.5325872212477978 0.03691371367980034 0.3115963871425895 0.5671447404365275
9 9 0.495557491654498 0.6692430595026518 0.794850915110588 -1.1927281462942374 -1.1719325482566574 -1.1573197790942875 0.22607699389481858 0.09395107363516009 0.70614276206668 -0.49602257341839984 -0.37165408529825267 -0.15463617172720018 -0.08395033702120136 -0.016580627894000027 0.05471607205020046
9 10 -2.3048789982737894 -2.083844393148127 -1.8991466703844788 -0.28547288833060547 -0.24895623705563547 -0.23224470946773543 0.21501936933667637 0.1483704397130436 0.44642031607655985 -0.39714967129259704 -0.2342415575052633 0.0012217304763995074 -0.044331363000800206 -0.040206874400296626 0.0581194640916001
9 11 -1.248865643576669 -0.5699875424198241 -0.06727337664884078 -0.6521143012600121 -0.636314708206282 -0.603659597901362 0.29601819422705467 0.10433578268456006 1.386105585354058 0.18544123302534904 0.7295292554495042 0.922842841998491 -0.04834562028039946 0.054913569833978985 0.14154620233720078
9 12 1.8957789121544584 1.9520509452328163 2.0134053770929983 -0.375357053919815 -0.340520282049895 -0.222357128366365 0.19746352581313686 0.2506292805872 0.2367713663263198 -0.15865042900680026 -0.1246165085927999 -0.06597344572560004 0.053756140961599974 0.1319101476774737 0.20891591146440014
9 13 -0.642596632998299 -0.6354931429426591 -0.634376132221379 -0.917493019987063 -0.910703689196783 -0.9102280869756129 0.16194709940058577 0.019460421159800068 0.06185446869087996 -0.06579891280039996 -0.03255498352151577 -0.003141592653599923 -0.0020071286398004595 -0.0016350979308210028 0.016842427281800187
9 14 0.5275119977082625 0.5815124847651425 0.6554053619716925 -0.13504809912514407 0.009740052297628494 0.028310355538925948 0.19433968322946893 0.2138900998326 0.23321089465223993 -0.20071286397999988 -0.09852842924711576 0.028536133270199437 0.009948376736399998 0.11257373675400001 0.18631389765108725
9 15 0.36863205790482456 0.6298991202829647 0.8696375463376845 -0.06122081720959021 -0.027509782707245117 -0.010082670126060022 0.2619720285913626 0.07986626657145018 1.12910585299636 -0.993528676701001 -0.5369183935757894 0.03289945640019998 -0.0101229096616 0.03844317326112114 0.089448124165
9 16 -1.999779688575674 -1.786310213093417 -1.5142116373784995 -0.4551475925941515 -0.07077373142637565 0.2813028119335085 0.3077858342304578 0.86334456779432 0.7259522490751344 -0.6226462106422725 -0.326055062102976 0.1360484151934005 -0.7252715706685999 -0.45246282966585266 -0.06606071218820009
9 17 -1.249961274014612 -1.0497990614136177 -0.818049007345302 -0.5661227047168315 -0.4701339591799615 -0.45210034468367144 0.23638060714615355 0.11932816095923998 0.68130672681072 -0.44820055191360064 -0.3501589776683581 -0.2243620753445985 -0.09398598022019977 -0.03369404050703155 0.1400626724730003
9 18 0.610175930108972 0.9999934732142342 1.4050512313473318 -0.07904072583532401 -0.045334054656074 -0.037113553879154 0.31097664714545564 0.06070255138455999 1.6258265581232396 -1.0456267548732001 -0.8556981884859155 -0.5486442503662003 -0.10288715940540004 -0.030515704079705275 0.020420352248399984
9 19 -1.719110140275342 -1.7199950222061062 -1.7155714852169117 0.8356408111338014 0.8386384141241114 0.8413262211721915 0.15825402238614614 0.018797196044040065 0.020577431881080077 -0.013177235852600555 -0.01083022730583162 0.004537856055201184 -0.01963495408500049 -0.008239791258126392 0.005585053606400048
9 20 -3.0288511713142743 -2.7894827550609795 -2.652985790249815 -0.11526052569340785 -0.07390494906726784 -0.03871038470068784 0.2292426233710891 0.1405513646636124 0.7075390254682796 -0.434674250210596 -0.3528688309806734 -0.0763581547750003 -0.07190756518266181 -0.04893352066004861 0.044767695313799975
9 21 0.9692939073723541 1.0682540759607542 1.1524967556316639 -0.088441069186596 -0.002518510110636 0.048436377401504 0.21554335573052785 0.23467697122392 0.4598942579020001 -0.27968901263300094 -0.24204960942210532 -0.09642944117299934 0.0669333768142 0.12351419538101054 0.16030849179619994
9 22 2.586945682633366 2.7256958675088616 2.888992362984486 -0.39357678838847754 -0.29160592684037745 -0.15916597987531295 0.23219367413978945 0.37013197447181456 0.5110324049856003 0.13386675362839995 0.26896442367663176 0.32925636338980047 0.139190007847 0.19480630235358665 0.24565509221900012
9 23 1.3179088810495023 1.3875867881124724 1.5156372320085822 -0.4680972084228881 -0.44990215097078806 -0.4376892095299181 0.24832556690783947 0.34920547674016 0.7241720132398402 0.13002702927400023 0.38114316486307376 0.6195046179974006 0.017540558982600263 0.18082529645063156 0.2009746633678003
9 24 -0.4610945111315511 -0.39284341073209106 -0.3527575611367811 -0.548349289722612 -0.389057452215702 -0.326718654657392 0.22489331084588948 0.48282788427327994 0.22720696202536006 -0.0037524578918002316 0.11958261159229477 0.18797196044039982 -0.03464478565219975 0.20240307757141054 0.3858922976171994
9 25 -2.5074729878081716 -1.5535903377344682 -0.7592203093180532 -0.19284889518455697 -0.13345097741551792 -0.0990767177973779 0.4597769620351928 0.10330603842622907 3.1188771120771017 -2.3525292987358934 -1.7389174634810833 -1.066657972359799 -0.05017821599499997 -0.05136779566957319 0.06108652382000014
9 26 1.0223551648846234 1.1851830394560856 1.3165740435405233 0.09390889484484516 0.13655165179433515 0.14190981259797517 0.19656015089558737 0.0786270828026 0.23399629281564005 -0.1675516081919992 -0.08095571946250528 0.07304202919619973 -0.05297074279819999 -0.04077640289277895 0.020769418098799952
9 27 0.4554372687682275 0.48780352708199404 0.5529139074924276 -0.1076912751343438 -0.04315772604164379 0.004380679459776021 0.24223869766539274 0.20762436781861815 0.6435028952118764 -0.6033603224163999 -0.33868573432204024 -0.015882496193200257 -0.2894628564438509 -0.10927598306243062 0.12889256526054904
9 28 0.16993068588792906 0.1868193643947936 0.20334065109416452 -0.21564008329652046 -0.19161126281961044 -0.15293040327163684 0.174338668774278 0.1706932008461236 0.03968878719030547 -0.03447025272700008 -0.020888835363318668 -0.008290313946999889 -0.11021754226380007 -0.0898385267611177 -0.056286868376999866
9 29 2.3891377737550332 2.7539896624467755 -2.9691102963475666 -0.6940708529264209 -0.5458444028771909 -0.04017015869453279 0.2649196227668347 0.9444325648429382 1.6076139660558395 0.22698006922259983 -2.1696142429869054 1.060811119365599 -0.18160150867060004 0.21579618309465265 0.3140719988973992
9 30 0.0002166147527141414 0.15639129421544395 0.30190550260698656 -0.30838542530559354 -0.30133865845064356 -0.2878996232102436 0.20553298247745597 0.07887142889787996 0.4387234140750655 -0.33894294073848735 -0.23090706003950814 -0.05838126347940009 0.0023561944901998033 0.04151127836730524 0.08237954069440001
9 31 -0.527677997912481 -0.39049424604072663 -0.259678327944751 -1.040637731206358 -0.9660729022377881 -0.8018025130395481 0.2449316985481229 0.27656487327192003 0.7499679795840509 0.18544123302499965 0.39471998925476365 0.5281366316552006 -0.19896753472800122 -0.14452244800903158 -0.041538836197599904
9 32 -0.6079328426496056 -0.5496257556634154 -0.4933650672251956 0.16044356088777695 0.16417420216392695 0.16846771212384695 0.17653518290431877 0.06747442888249454 0.18156660208556008 0.05846852994199958 0.09556136951871583 0.14337879805179976 0.007155849933199732 0.03551285730657607 0.04982915014460007
9 33 -0.25436477000054897 -0.20170818646748206 -0.0922585890744399 0.34121923793356507 0.35498115908558503 0.3663083459310651 0.2094051382939296 0.05274384999544002 0.5636366286412291 0.0819432083814 0.29665085717959433 0.44217916599419993 -0.043371431912200276 0.010325000417094755 0.06850417314099994
9 34 -0.9906218793135501 -0.931833081453808 -0.8911599285652 -0.5136183526794724 -0.5016890272420524 -0.4270412951340125 0.2010498575540148 0.3146479575505601 0.20324359139539994 -0.10114183015340006 -0.03697342231210526 0.09110618695439998 0.028623399732800037 0.1656041881845053 0.26293385181379997
9 35 -2.3312070961166755 -2.2837062151942433 -2.2788079486485056 -0.4088854591083265 -0.35182191921418654 -0.34804764470673655 0.18660592911521365 0.12171926203448002 0.2425484061504397 -0.14076080417379844 -0.12765705586865247 -0.03010692959700023 -0.010821041362400197 0.061160011367452624 0.12156218240180039
9 36 2.928764004846643 -2.9694880306340914 -2.6814048894896376 -0.050269070078917795 0.06586513834916222 0.07322606446947222 0.25629842995139096 0.34152602803205817 0.7478298699356003 -0.2615375884121973 -0.20590755778797884 0.016842427281800187 -0.024870941841000013 -0.011261966647115785 0.3217514476100396
9 37 -1.8805051480056867 -1.8150692636910115 -1.7771336597341654 -0.3275181608983305 -0.31678002267540056 -0.2927991987529206 0.1973860772477879 0.18043213807123637 0.27183503099376427 -0.2540326726286013 -0.014862856472294654 0.17523105690079865 -0.11780972451000016 -0.08826773043376653 0.026616271093000132
9 38 0.791891176067997 1.2490208324339562 1.6897234498809643 -0.339461352008 -0.3204808963925 -0.25910202992278997 0.3262994365233897 0.27668704631990904 1.6189325075666692 -1.1247774364513996 -0.8520697408245629 -0.5310164249210003 0.012653637077000013 0.14562476122100476 0.23544491609479995
9 39 0.8550846031839514 1.0816667373370956 1.3109209705750515 -0.287942238333395 -0.19667024510005499 -0.044333544662365 0.2564900187144544 0.43333034668656 0.7303330254993999 0.21615902786019991 0.384385802894421 0.4337143191219994 -0.2779436833809998 -0.22806860351924213 -0.16807520696760025
9 40 0.282224491222087 0.35916384063800316 0.43576110552052705 -0.00596432334914098 0.16124258231517014 0.3395628719916611 0.21221924955105442 0.42938590257634185 0.22122048269100003 8.726646260032167e-05 0.11643183299526315 0.182823239147 -0.3419972669294 -0.22599258030333785 -0.0492182849064
9 41 0.011596985659012514 0.10353394933719695 0.15337008079878928 -1.1830443323830382 -1.014087734143178 -0.39014997984569805 0.2985081641436942 1.276778161007731 0.2738421596382764 -0.08176867545619998 0.1441274524411981 0.31485739706079996 0.27776915045579886 0.6719885057935425 0.5323254218582547
9 42 0.680196309555891 0.760225764412473 0.826847599955191 -0.7525532970206811 -0.7467937104890809 -0.689791257118761 0.19777095757160895 0.18097319013988 0.29900980745264005 0.08909905831460008 0.15737358286981057 0.22654373690960017 -0.009773843811201055 0.0952490474420421 0.16057029118399957
9 43 -0.8156047222078866 -0.6754888171927006 -0.5651499745458866 -0.0928821079497169 0.1177485895047731 0.22327119608034404 0.25406766452099894 0.5480857450055601 0.5083096913524799 -0.402123859660799 -0.10779704616957897 0.27480209072740014 -0.46853363769922524 -0.2884661815818737 -0.08726646259999998
9 44 0.6595442163675321 0.8016445607422421 0.822994300817332 0.152269505261488 0.291280616860158 0.349221184703428 0.2516605166784371 0.35232961610124003 0.7395134573649199 -0.6175847558201997 -0.355413337311221 0.07243116395799998 -0.234746784394 -0.1854366400532842 -0.09320058205680021
9 45 -0.09740871632728726 0.006734207475002657 0.07903098108039185 0.42352586264993813 0.42886657016105806 0.4496490782292481 0.24229787124778515 0.17643533408468004 0.82435391230464 0.03935717463260005 0.43387048016033686 0.6099053071111382 -0.15210544431179973 -0.0928607021498316 -0.011257373675399862
9 46 0.7319197237147466 0.9179866572765885 1.0909034075892365 1.105921287063349 1.114525760275709 1.1194257721506988 0.2156799253926544 0.01706932008456019 0.6714979764144801 0.24364796357919993 0.35341998758656845 0.4720242962033999 -0.01169370598839925 0.0005603425493263069 0.009424777960801434
9 47 2.10305278358031 2.4495547453082493 2.89211177508638 -0.3476303229929335 -0.26472718352293356 -0.20320432738993352 0.2852975869853152 0.20617574453858542 1.2552058914620865 -1.0149089600380035 -0.6606346797168876 -0.20341812432060236 -0.031503192998600105 0.06922526970037891 0.20909044438960037
9 48 -2.5529890415240133 -2.5431715644815136 -2.539113673970614 -0.1479707108324051 -0.13996401288885507 -0.12807832068273511 0.16617467671158354 0.05487315168288 0.07747516549627953 -0.06588617926300167 -0.03632122032846317 0.008988445647797327 -0.030281462522199903 -0.028880606148884207 -0.005585053606400048
9 49 0.47181951090508045 0.49984862602757446 0.5195978991785805 0.10692754814237311 0.17214613896648312 0.18001321056952405 0.17473768499785905 0.15039502164449095 0.05080653452571998 -0.033946653951400785 -0.010214769095915783 0.030717794835199985 -0.03220132469939997 -0.019520129792105254 0.03743731245539998
