11 0 -0.21076494236337145 -0.1387081515296113 -0.07827699884352785 -0.22576595032079952 -0.09286785442743406 -0.03966585550334406 0.21858353227654265 0.5422912518887455 0.15622442134704362 -0.12086405070099997 -0.033556251355557905 0.06885323899140008 0.15280357601259997 0.28541644836249763 0.3296054292401128
11 1 -0.06338715866240285 -0.04214911965943299 -0.030758228296262846 -0.520083294635915 -0.48105773256119494 -0.4452610296026749 0.17983654139452754 0.14873695885544008 0.05071926806312 -0.049829150144600036 0.011629404384406503 0.06963863715453819 -0.2533345409278001 0.04555309347720002 0.3919136835366002
11 2 -0.18373071339452807 -0.15483678762808695 -0.13477859119975621 0.09618393152482717 0.15794240710684715 0.3765143526574136 0.20302371888334145 0.4017049806397441 0.11573278269942185 -0.059166661642799934 0.050449201325864126 0.13639748104379984 -0.23404865269320002 -0.12770298558581053 0.08656833089919991
11 3 -0.561235394958929 -0.3031107978993641 -0.05742428975417721 -0.009678287034653 0.053336825608806995 0.169466670713757 0.2567619886700886 0.35847317506828 0.7967602568298219 -0.4962843728062001 -0.37494265304639046 0.007243116395799984 -0.24164083493940006 -0.18867009214120004 -0.06091199089480012
11 4 0.18176910876054797 0.18489499345081015 0.20033068535556797 -0.0022331002965532832 0.1470536372732929 0.19389827439732196 0.19287258641207006 0.3297101489956691 0.10163052234430908 -0.1148426647815999 -0.053489748602267934 0.02399827721499992 0.042149701435800074 0.17353165736614168 0.28082347664662544
11 5 -0.0478504800679588 -0.03810019820164299 -0.01778718370224134 -0.11536902699499325 0.30163812786262945 0.3227522484886995 0.22266109905443818 0.65313711268344 0.1064301777870298 -0.0227765467386 0.035788435609431575 0.1027126264805491 -0.0041015237422001305 0.3376660946014105 0.5511749777816
11 6 -0.39463271258593746 -0.16367503799794222 0.08587388378235705 -1.0030566230129465 -0.9003309065633565 -0.7436221563494065 0.2421944876431754 0.3318743572678 0.4436103359810146 0.023736477827199925 0.23316680212386034 0.4962843728062004 0.060388392119201106 0.17467071435147366 0.31031954100559866
11 7 -0.05464378633028816 0.49948254321670565 1.0101248671147456 0.13841566343547118 0.19235942729113756 0.19475925501263758 0.3201915714080974 0.11445869234616002 1.6548339302843238 0.03900810878220001 0.8709652264654334 1.1649200092474006 -0.020245819323200034 0.06024141702429473 0.16458454846359993
11 8 0.047789781395044896 0.06543593279739088 0.07728148243071489 -0.13060977531871493 -0.11344882544842495 -0.002149179048367495 0.18877426213881832 0.17729054541816 0.08292059276252 -0.03516838442779998 0.043642417243431576 0.09590584239740005 -0.22837633262420004 -0.06638681318011291 -0.002792526803200024
11 9 -0.10476604646767951 -0.038197443467150996 0.013794169620663037 -0.3938717467666281 -0.16395516107718905 -0.023002370685324344 0.2227117409700569 0.5293409088397781 0.22336723767096 -0.18029251173159994 -0.10171595161787371 -0.0351683844278 -0.5737769915949129 -0.03816759495821971 0.31564279522419997
11 10 -0.37393213802907954 -0.3373177483159976 -0.3063617160378996 0.11310421988379421 0.11954448482367422 0.1247324760252442 0.17094705771434818 0.0160570291184 0.15798720389103998 -0.08246680715700005 -0.027502714634147364 0.04703662334139991 -0.020856684561400066 0.006990502951431571 0.03752457891799996
11 11 -1.285384428031448 -0.5567504805586937 0.03792857415843111 -0.1277226613662332 0.0838941471156368 0.1319561513925868 0.2991381892479023 0.29579840162896 1.367325842602189 -1.0526953383439732 -0.7140141969933838 0.015620696805400507 -0.24740042147100003 -0.1429057219650737 -0.0006981317008000754
11 12 -0.15400649571813407 -0.032461766608714485 -0.011893061374034104 -0.1616889502717182 -0.1402257637952482 -0.0631869306119682 0.22849461921861672 0.13261011656626187 0.5397954310589091 -0.06928957130440005 0.2841028584520574 0.5496914479156547 -0.09450957899580001 0.04073047317562104 0.23500858378214906
11 13 0.1427752535001072 0.1552229417253014 0.1586839296320872 0.06998634552685411 0.10172952129760411 0.11520782644617411 0.17099500089365405 0.05874778262232 0.11913617474082187 0.002007128639800043 0.06270324986359047 0.08063421144240003 -0.08979719001540001 -0.030919885590694737 0.01919862177199999
11 14 -3.0820799319477445 -1.9442954292471062 -0.46382861788656504 -0.16000994353129422 -0.1130300433905842 0.0694135866441058 0.4681693660472344 0.3229906313744219 3.0513067713902005 -2.4696408915799983 -1.6059509323106318 -0.10061823137779813 -0.4420046330655093 -0.16999506914443258 0.17095500023339996
11 15 0.07260448484907481 0.2548700913003749 0.29700146677941297 -0.06550603685556321 0.00815122090189698 0.031669532572666796 0.2496536015953207 0.2838778028378 0.7921874941909781 0.046425758103200085 0.4169407864163043 0.4227187448344001 0.052796209873 0.14940936991463158 0.1730493953358
11 16 0.01332781898195699 0.02335997152247359 0.027787871834811895 -0.0695107433056841 0.004364680608309244 0.019854477719845897 0.23261260340268636 0.795049834163211 0.05328490206356001 -0.020943951024 0.028044685296610534 0.008726646259982552 -0.37402405870340866 -0.41844728113853213 -0.009686577348600005
11 17 -0.2384983585749852 -0.22299285350021716 -0.20158900821831516 -0.12718114049604387 0.02269900901947358 0.040763166777656124 0.1832030818035173 0.19282397576096 0.08990190977052001 0.01919862177199999 0.04731679461606317 0.08211774130660016 -0.0596902604184002 -0.01015046749187636 0.13290682253980002
11 18 0.006880766650539495 0.013945859462642388 0.02028489530591695 -0.23941534621782146 -0.1860824475998315 -0.16095843301711696 0.168351611760623 0.12445942896029451 0.0258832328071792 -0.021031217486608723 -0.001460565005621053 0.017191493132200007 -0.00523598775600001 0.038075735523894726 0.0894481241649999
11 19 -0.2416759839314745 -0.14331708127026097 0.05262579786407005 -0.3887194885984055 0.010982726725052495 0.03154706863675995 0.29020144729693903 0.5286602304306255 0.7781725002969119 -0.4010766621095996 -0.40956447384047995 0.10410888988180002 -0.04363323130008724 0.27824222654243447 0.5948082090816001
11 20 0.008626968567165494 0.0289251477679289 0.016825652728435496 -0.768563153767521 -0.618076502336951 -0.35752938827526104 0.23628399558575355 0.77188931498952 0.14325662500417746 -0.0151843644924 0.0753982236864092 0.035953782591208724 0.1485275193451996 0.40625753420501054 0.6148794954796001
11 21 0.1365595542573761 0.13612933059675805 0.15334525833848606 -0.349595945678539 0.051528712985141896 0.0732929687575819 0.223022333945971 0.675407513938611 0.08498008127988002 -0.06710790973940006 -0.01222649070743158 0.003228859116199828 -0.47664941872120004 -0.352235000883711 -0.04686209041620003
11 22 -0.00542235013502299 0.03360757526279909 0.0783534539609421 -0.6794084873238915 -0.6011959202186414 -0.4292984421891615 0.24249504711735692 0.8182103533377745 0.0801978791294 -0.14416419621520002 -0.008699088429686887 0.11065387457679997 -0.3352777493091996 -0.2751098198324497 0.19250981649560073
11 23 0.04700641944898921 0.0738984525638052 0.10275223575786921 -0.008135464457265717 0.0922558741177481 0.10530221027644811 0.18970822122032868 0.28967229595478905 0.08255407361959999 -0.056810467152600026 -0.0389208423196 -0.0025307274154000303 -0.30447268801122546 -0.1524591031340995 0.022951079663799945
11 24 -0.060861812678805 0.015867224562244993 -0.014052082140165002 0.09709276325157379 0.11136955653293379 0.1392642813030238 0.21879870049822264 0.23612559450377812 0.43345251973419996 -0.047298422729199915 0.2281329051232631 0.3179989897144 0.005934119456800016 0.12427662868619901 0.16222835397340007
11 25 -0.9399726183457885 -0.6759950596392924 -0.4449536092472885 0.10303706379561893 0.11146264075964896 0.14424428743533896 0.23070566367331916 0.05049237526036 0.8016646320286399 -0.6400122367083994 -0.3594459664776841 -0.18491763424940022 -0.011082840750199982 0.02012640205858948 0.05829399701680005
11 26 0.11158641369249478 0.1140595452425788 0.1168922146185748 0.0292465307571709 0.0452817432599209 0.0647988876204109 0.16408213284153378 0.0967785070234 0.011815879036039992 -0.011606439525800039 0.00101963972090526 0.006544984695000047 0.02076941809880002 0.05012769330612632 0.0673697091272
11 27 -0.5840595504014021 -0.27675244768495666 -0.01665301057658601 -0.0343302385359339 0.022109346150633556 0.0792994224155261 0.2291900058944871 0.15330972149568 0.650204959539731 -0.28064894372142496 -0.04309126063753688 0.07478735844818254 -0.13517575056720801 0.002645551708294736 0.0781907504896
11 28 -0.07060356182429606 -0.06572187590645204 -0.060991160968906055 -0.033603018014209056 -0.020006903141129052 -0.010669391642946505 0.16016335444266014 0.029688050576502548 0.014713125594359992 -0.014835298642000075 -0.00010104537774736837 0.017191493132199948 -0.024347343065399984 0.007899911351157895 0.038833575856991265
11 29 -0.12731895701406895 -0.0034817379323209803 0.15726570417079105 0.0718760522930502 0.0799045668522502 0.0885483099727802 0.19555451401638077 0.10513863414048 0.3499908749033855 -0.2822197400484873 -0.14091237224032918 -0.012653637077000152 -0.0033161255787999416 0.01861072139237895 0.09782570457460002
11 30 0.2616243215789751 0.38220126561802104 0.5059006036888951 -0.039498158451105894 -0.009024709711149246 0.018241696528210283 0.19346059633708643 0.0699527964201949 0.2952748028533601 -0.3097086757674 -0.02260660678511579 0.11964232022459997 -0.03726277953019996 0.00897466673263427 0.08438666933418255
11 31 -0.364235428075514 -0.2810818338576251 -0.06002453945156489 0.14025577376220594 0.14743344031105596 0.15948493879611592 0.2550727730257829 0.035168384427800015 1.0885967610577891 -0.9410815326784 -0.5729456637146257 -0.034382986264400034 -0.05113814708360018 0.0009277802865894753 0.047385689191799946
11 32 -0.343964349959916 -0.20668722297275535 -0.0632150498056278 0.08067726289734084 0.09840108145140085 0.12257825491473086 0.20444896019119524 0.10554005986844 0.4540124983235279 -0.35814156251040036 -0.06501810760875253 0.2051634535725999 -0.02172934918740002 0.050577804534273685 0.08656833089920005
11 33 -0.4742799403363315 -0.3255412361516211 -0.22838050202205148 0.07174277701213216 0.09787035591457216 0.20138147052703853 0.2178019717714942 0.11800171072719638 0.35397022559812 -0.2657263786169997 0.09523067555528004 0.0655371134126001 -0.06318091892239995 0.05147802699029284 0.0836012711708
11 34 -0.3616465230172171 -0.24145006075531644 -0.16133072144274524 0.07038200197210585 0.08226769417822585 0.10339054145055585 0.20047570828712274 0.14034192515332 0.3731339407843819 -0.2687807048010185 -0.07993607974123257 0.14695672301490936 -0.005759586531600205 0.07299150650732629 0.16807520696760003
11 35 -0.18881088203477644 -0.12027878362539628 -0.031164017347352847 -0.21871612913965854 0.06467298150740694 0.10006825873796694 0.2599244712800855 0.7879987039853055 0.3197617722594959 -0.28728119487919973 0.03639470787588822 0.21973695282679978 0.053756140961599974 0.41473615999226604 0.6517932091594
11 36 -1.368865998703218 -0.6690596544862033 -0.07362661753280622 0.15006050020481515 0.23894139236239154 0.3219317982949916 0.29950999310233556 0.2945068579819564 1.3542358732111417 -1.0526953383437987 -0.7127557227427062 -0.03639011490419928 -0.22357667718120033 -0.12367035641934737 -0.044418629463399834
11 37 -0.04408367169106216 -0.03477495812552277 -0.037625953458662154 0.17950696812467745 0.18139192371683743 0.18238239806734746 0.16386564916814075 0.0071034900556400105 0.08747590211024 -0.008726646260000005 0.04603994847907369 0.016406094968800036 -0.00951204442340009 0.0037386789766526373 0.014049900478600164
11 38 -0.8097125391348905 -0.5594881749341981 -0.18055625037397416 0.0009409748736704947 0.008995669371650496 0.025694106990177948 0.23578520434108832 0.1092576111752 0.8041080929812654 -0.4654793115084002 -0.3768808871107292 0.022252947963000008 0.007330382858400006 0.0575040058816842 0.0838630705586
11 39 -0.25562087376616405 -0.10090441689356404 0.0595899524678169 -0.2778933112397265 -0.18452692290398648 -0.15198962232340196 0.22977411392193287 0.3380877294050946 0.2824815394358509 -0.3104940739308001 0.05419706624631578 0.18107790989499994 -0.28274333882574526 -0.010012678340421043 0.37751471720759994
11 40 0.005912254359778011 0.03685781466234327 0.0640840783289031 -0.7106642314192645 -0.6644086429181345 0.026130875635477856 0.24483430035962733 0.94155277157644 0.0812799832656051 -0.07234389749539996 -0.03980269288901321 0.0011344640138000878 0.015097098029800415 0.49555409030338937 0.7413285997870003
11 41 -0.22854558107988804 -0.01156188514818785 0.23691191381286197 -0.0617611905387118 -0.04406355192343179 -0.03891919395316179 0.2750509069434452 0.06110397711252 1.2676326357276 0.1545489052646 0.6671750714355789 1.0985102312088002 -0.05410520681199998 0.007927469181452635 0.053668874499000055
11 42 2.601345036826886 2.7496020301380257 2.927695427012105 -0.4104195065590679 -0.23747046765525792 -0.1678012872378498 0.2640883521046137 0.5327093942961381 0.45359361930228026 -0.4961971063435988 -0.018445374410610737 0.5139121982513983 -0.5472479869645999 -0.03343683409094735 0.4089306437436002
11 43 -0.035621297368694 0.008396779031372002 0.057068775881895996 -0.3838304335129965 -0.3785333592331765 -0.3344201623888765 0.1777143704745285 0.10327113184083991 0.1093448776378 -0.08107054375540002 -0.03994966798393684 0.010122909661599983 -0.0732165621214001 0.0023240436881894508 0.10550515328340004
11 44 -0.13356941739783756 -0.1525743076228646 0.04006466323742605 0.01258944774561701 0.06287674681883211 0.12656817454744212 0.2902314882665711 0.179821272833944 1.2155520108480946 -0.7724827269360726 -0.6397642162358392 -0.0020071286398000085 -0.024347343065400096 -0.09464277517576 0.11562806294482549
11 45 0.015762941139438002 0.0020682151636199964 0.046367289573258 -0.353611996769147 -0.123830674097087 -0.101333380038807 0.24941621089282878 0.6123313147716799 0.46275659787528 -0.09494591130880001 -0.24355610414488424 0.0243473430654 0.09590584239740005 0.3222796393535157 0.5064945489304
11 46 0.011000519387102243 0.015944164493329416 0.06778044327777916 -0.504821990211159 -0.41646469682865905 -0.2648392180611591 0.2289103516030799 0.4828104309800619 0.3568151122794036 -0.026878070480799987 0.1633995617612019 0.3577052301971382 0.11615166172060043 0.254110753147401 0.3234095103956002
11 47 -0.10099953733795511 -0.16227979270486254 -0.022970229804165104 -0.5854513535181054 -0.4725983640837854 -0.15411504550182456 0.31978533743850146 0.85514152030992 0.907937730182571 -0.5756095873096 -0.4778619632539847 0.03307398932539999 -0.6443755598357819 -0.3508571093691579 0.1237438439668001
11 48 -0.019535373354822208 -0.00827974500871653 -0.0022915203451342025 -0.34490745801358746 0.021947660787972337 0.07531982931410616 0.20418438288071075 0.4961621997590836 0.06119124357512 -0.052883476335600005 -0.017159342330226215 0.0351683844278 -0.27288222854993816 -0.20342271729259137 -0.006021385919399852
11 49 -0.075527814383361 -0.05119792461048099 -0.031161544797521 0.10697908383671399 0.121316963641894 0.128027754615834 0.17111828658172087 0.09183922524023999 0.09587093581235999 -0.07941248096599998 -0.050348155948484206 0.003141592653599992 -0.018238690683399922 0.048198645185494736 0.08726646259999996
