14 0 -0.4618793760008715 -0.12485804276890602 0.2381940035919785 -0.6350721792241258 -0.3188141554385959 -0.24352937815357592 0.29833636104706746 0.41240384895508 1.230893454973 0.3138974659722002 0.6478386605121053 0.9002408281816002 -0.29548424236359977 -0.20698686334376845 -0.017016960206999998
14 1 0.7502355967357915 0.7671731444618255 0.7832397728911116 -0.31346641812871195 -0.3112716665943219 -0.30847913979112196 0.16057775625566045 0.02052507200352005 0.024609142453199895 -0.03848451000659947 -0.008423510126757947 0.01815142422079974 -0.002879793265800068 0.008350022579305305 0.01919862177199999
14 2 -0.7500494282834086 -0.7220482384289465 -0.6869514125004785 -0.22080237937163408 -0.2129745776764141 -0.20805274918577407 0.18045059526079668 0.017854718247960005 0.26094417646652 -0.11283553614179986 -0.00045011122814735057 0.2732312944005999 -0.0096865773485999 -0.0014605650056210605 0.028448866807600087
14 3 -0.33848576143788794 -0.006098277369930111 0.43552849191594206 -0.3539395368926874 -0.3349983511853575 -0.30602588560215743 0.2856588242832791 0.050963614158400006 1.3967171872055197 0.28117254249719975 0.7351143090555368 1.1677125360471088 -0.03830997708139994 0.008368394466168416 0.05724679946560007
14 4 -0.5548523865155639 -0.15722536767254197 0.265042209550216 -1.197167924540779 -1.0934255538018989 -0.984848621034979 0.24969001507755403 0.2270498823926801 0.8644615785156 -0.01221730476400007 0.4383807783852422 0.7893251542169999 -0.17915804771780008 -0.11549486676524212 -0.007941248096600129
14 5 0.20402273546289545 0.6042913101287147 0.9090790300702054 -0.2769569420960285 -0.21399855265325848 0.004512306374204814 0.32056334057174607 0.5886995566994254 0.7262315017572 -0.5837253683313999 -0.19708441632480192 -0.052621676947799956 0.07522369076120028 0.309841871947066 0.5567600313879129
14 6 -1.2059390766967049 -0.7084024301522649 -0.36075902309257507 -0.27904818590872554 -0.26217521536501553 -0.2507825786725856 0.3440634220798283 0.08484045493972003 2.05524736727764 -1.4756758825659997 -1.081709140672442 -0.4969825045070009 -0.0870919296747999 -0.04465287102090528 -0.007243116395800053
14 7 -1.368608223269747 -0.35178987303005893 0.561739019411643 -0.21590076761265994 -0.20665052257705996 -0.1443291783109209 0.419936369403905 0.09471901850638906 2.8688151448049197 0.9526007057415997 1.5099027077920635 2.027636258511 -0.030281462522200042 0.04158476591494161 0.11780972450999981
14 8 0.029144089626268247 0.3732706582427836 0.6740039783315616 -0.4197554181715385 -0.3950502826094785 -0.35676212214372854 0.2536758748703077 0.17763961126855998 0.8127300194857964 0.18587756533799973 0.4277526418346297 0.6989170989634004 0.01544616388019976 0.09349453224661053 0.12191124825220001
14 9 0.73329926104493 0.8158489713413999 0.9622733689379399 -0.07948995419226094 -0.06080620454960095 0.005695203274742142 0.21498110683176117 0.15111060663816 0.24317672468116003 -0.41966441864339954 -0.1279877498321895 0.21266836935619982 -0.1938188134346 -0.03494332881372631 0.06710790973939999
14 10 0.7789916899734994 0.8362358714452215 0.9106375121287296 -0.36186289536445443 -0.3557498796593245 -0.3520541449682144 0.18922864988033536 0.037926004645959965 0.35367351962527993 -0.1908517537061999 0.07120943348159996 0.3492403833252 -0.056199601914399544 -0.018583163562084226 0.013526301702999899
14 11 -2.751455036500843 -2.3542242073980253 -1.9495635116694432 -0.3662424112700461 -0.3399228461498861 -0.33621838481251604 0.26337314801405387 0.17270032948539998 1.0312277885442 -0.8129743655816002 -0.4862211717769052 -0.1776745178535999 -0.08421213640899983 -0.09089491025547368 0.03839724354400026
14 12 -1.5853123271523961 -1.150169456037599 -0.7853712077601058 -0.398281953644835 -0.369937806592355 -0.331828542374935 0.3013358891005247 0.08056439827231998 1.5574096514378581 -1.2699015637551991 -0.8196892902304517 -0.2520255439887986 -0.07557275661159962 0.0003306939635368632 0.020071286398000154
14 13 -0.910580643484517 -0.19558818944555179 0.5545098171681031 -0.3074983132332539 -0.22246587207581392 -0.17142808142350582 0.32953009303372766 0.13425072606384006 1.8207100223938801 -1.2748757521233998 -0.9582684328388842 -0.3184353220274 -0.0426733002114002 -0.06648785855776844 0.047909287967399794
14 14 1.0672289859139945 1.7393133929600264 2.3654746967269102 -0.2932271922719629 -0.2321493950982229 -0.19559347391508294 0.36436252204893166 0.12346459128647996 2.1025108834270356 0.5715080635674002 1.1065846754879134 1.3981832637771996 -0.1617047551978 -0.021688012441957883 0.13875367553399992
14 15 1.297318019828486 1.6882063224276163 2.0898676698350656 -0.12006672612110283 -0.10673241063582284 -0.09947184094750286 0.2683708786188872 0.020228366030679998 1.0662914532133894 -0.9152506597487975 -0.561206028007047 -0.05061454830799894 -0.04014257279599996 -0.010646508437199997 0.029321531433599904
14 16 -2.6407249007397615 -2.4836653393461594 -2.4030328732330117 -0.20394710452747858 -0.20060916233302856 -0.17991392072743856 0.2247730351310298 0.044279003122716404 0.7246257988453597 -0.6018767925522006 -0.26194636289490514 0.1321214243764013 -0.06056292504439981 -0.012685787879010526 0.029583330821399967
14 17 1.0332498979261646 1.1325617503588428 1.3673670032827845 -0.4062719739969791 -0.4008919965776891 -0.3906076439602791 0.25973812241575883 0.061976641738519966 0.5843362335695998 -0.6267477343931995 -0.2646194724334947 0.4826708046406003 -0.07400196028480022 -0.03261928512553682 0.04895648551859977
14 18 0.5070952330818784 0.7912173820149322 1.0384214539451087 -0.343824190323931 -0.29036475533517103 -0.276000695591211 0.2505002585701492 0.07297221602612003 0.7500377927550036 -0.8388052385111999 -0.39475673302894926 0.22436207534460073 -0.06291911953460017 -0.038406429487431594 0.043895030687799985
14 19 -1.385397854341674 -0.7754244793894461 -0.192421677368374 -0.25783860546962045 -0.2523626349414705 -0.23285421722724048 0.3235703935829694 0.03186971214152004 1.84078130879188 -1.5469725825101999 -0.9688322677852002 -0.5386086071672008 -0.03883357585699965 0.011923354574189483 0.058381263479399814
14 20 -0.7071735244335084 -0.1152014753865159 0.46947509738733145 -0.38742072122788307 -0.3605993739477731 -0.32681852627531305 0.30202301685377986 0.09519025740408005 1.48080715056688 0.21266836935620037 0.7777187146912 0.974417321394218 -0.020769418098799952 0.05010013547583161 0.19678587316299984
14 21 0.713410264590252 0.7852288179808 0.829566289633982 -0.13006882021323418 -0.09994880064684421 -0.0640342879638142 0.21192485177894582 0.17578956226144 0.39011599440704003 0.06763150851500033 0.20532420758265266 0.3069161489642003 -0.08168140899359994 0.09252082224286316 0.16973326975699998
14 22 2.9744743233948086 2.962991802245901 3.021401863657959 -0.093250760272795 -0.085134979250995 0.00019416787928500014 0.19619104526407682 0.14433872914040002 0.3269525287771602 -0.22497294058279937 -0.1720802783037685 -0.0008726646259993309 -0.009424777960799907 0.07596775217915791 0.10131636307859994
14 23 0.379768858418314 0.39925982284002404 0.40268939482020394 -0.20535354901754546 -0.20095531930250543 -0.19468522396469543 0.17690223289083948 0.022636920398440008 0.23064526065180002 0.019373154697200357 0.12139224244831581 0.16589354540260032 -0.008290313947000028 0.008496997674210527 0.028187067419799955
14 24 -1.2763853164828574 -0.8219024519266835 -0.5378579701453174 -0.5713945202025081 -0.38158123740124805 -0.36579037099377815 0.2688820119600729 0.32578315817831993 0.76626935479808 -0.24879668487260143 -0.4023718801334527 0.07548549014900041 -0.02059488517360014 -0.01007697994444207 0.20437805540919896
14 25 -1.7957464326642376 -1.1429164979256938 -0.5843788486927515 -0.15997251591519002 -0.12296717244966 -0.08047276848659 0.40315540164962005 0.08504989444996 2.632200858116516 -1.7312793515214002 -1.385368872692903 -0.6364343117417992 0.007417649321000003 0.0447631023420842 0.11030480872639983
14 26 0.8274987532097096 0.8851199257998635 0.9265374616144495 -0.5165929270189601 -0.4971237792129001 -0.4561958082535001 0.1904179063519437 0.16034339838124 0.09822713030256003 -0.1380555438332004 -0.03460344890675786 0.0985238362754004 -0.03281218993760021 0.08439126230591579 0.18709929581439994
14 27 -1.1538051223130725 0.05814191096485891 0.9837606991351475 -0.31275354809103656 -0.15083062673726017 -0.12814570978439016 0.42390451563851284 0.2984513020914764 2.5465924583006796 0.32524210611019955 1.3403118201582527 1.9704767255080002 -0.25246187630179995 0.08264593305391581 0.26869343834539994
14 28 0.08736570396050404 0.19045095823590136 0.28145068010585955 -0.3759663677540415 -0.3544333681074915 -0.3448951437453115 0.1929831144600314 0.15973253314303998 0.27262042916222545 0.02548180707919994 0.14348443640117128 0.22130774915360008 -0.0967785070233998 -0.05299370765677894 0.050876347695799906
14 29 1.0324164547283239 1.4341345253401283 1.7625574940169852 -0.20260043756603802 -0.188685800104468 -0.17108415459804802 0.24250353122494012 0.05150466622652 0.5568472978575811 -0.7177666548850009 -0.19675372236098945 0.5647012795195061 -0.07173303225720018 0.011574288723789466 0.0777544181765999
14 30 -0.387737450005365 0.003649144096987811 0.35825990553073495 -0.388968876756163 -0.352133702892703 -0.267620497187733 0.2724992536381514 0.1598721594832 1.1821987688422 0.10855947947439964 0.6222098783379999 0.8004079949675492 0.02871066619540008 0.08414324183326316 0.1197295866872003
14 31 -0.37030975564830954 0.008549737747929415 0.4264854077672504 -0.48103606138906746 -0.4719821658943175 -0.4537434752109175 0.2522350470126023 0.03200933848168003 1.0254158421350401 0.00907571211039987 0.5396925484921263 0.8226609429309855 -0.027488935719000296 0.016847020253515803 0.01204277183880026
14 32 -2.050333586692167 -1.6248877649025644 -1.2326948286863426 -0.10173616324511289 -0.0930880568014529 -0.07683467814220289 0.2859011373414248 0.08513716091256002 1.388566499596935 -1.0272135312558717 -0.7308244734720709 -0.46111598837840106 0.007679448708799996 0.04480903205924211 0.09651670763559994
14 33 0.7275217009625945 0.7881980724083746 0.8674796536804745 -0.3853173984836157 -0.3313474546886457 -0.32009444433637574 0.19470325338803757 0.09838420993524 0.35833354872811995 -0.0269653369433992 0.1693153093308632 0.2477494873214009 -0.00436332313000054 0.04419357384932634 0.08831366015119996
14 34 0.8914207098431062 0.9480348274548561 1.007751267812036 -0.10991443675031115 -0.08364286818458117 -0.06605431264755116 0.18384544134913053 0.10464994194992 0.22500784716783995 -0.13639748104380012 0.03298672286280002 0.03237585762459971 -0.08482300164720007 -0.001038011607768417 0.034819318577400046
14 35 -2.32123530287366 -2.2650932968245763 -2.24710680621809 -0.06905084904778211 -0.007218196972587011 0.01518746729996299 0.2225733120520697 0.14252358671832 0.6061004893420396 -0.5586798935651993 -0.3190002575484419 0.05375614096159831 -0.1463458577802 -0.005392148794336832 0.1444259956031745
14 36 0.770210696099653 0.7799627232952031 0.781572789530173 -0.28344180989360107 -0.27469771034108104 -0.2426970985056611 0.17172546072912212 0.12611749174952003 0.05422737985963999 -0.03028146252220032 0.0037203070897894844 0.061522856133000015 -0.07932521450340013 0.012254048537726317 0.024609142453200505
14 37 0.7359168185906169 0.7770551017248828 0.8143693684680171 -0.3935334945259785 -0.3193526379928485 -0.30624521531032856 0.18475288545662763 0.19814722997955997 0.12590805223927992 -0.04066617157160057 0.029670597283999983 0.1373574121324006 -0.09634217471039999 -0.05007257764553682 0.03700098014239983
14 38 -0.41037873372693506 -0.38178587725608 -0.35122516205352505 -0.19959066575271994 -0.19297586788763996 -0.1564504899660609 0.2144650036692854 0.11669271378906908 0.564107867538222 0.023387411976800165 0.2968988776516957 0.3312634920296001 -0.09468411192274519 -0.05801841871403635 -0.009948376736399894
14 39 0.8900006905713256 1.1091346321415596 1.2579597301242256 -0.3717697235676075 -0.3612497515011775 -0.35046361672381754 0.2469801623706045 0.026720990848119963 0.9901252846596001 0.25987952562279926 0.5211185708734738 0.6994406977390005 -0.02522000769139998 0.012814391087052623 0.06431538293620004
14 40 -1.945320325363805 -1.7675506870680653 -1.6102825588337362 -0.29503074764687043 -0.2809415772601005 -0.2596485603857004 0.2469506083487066 0.09669124056080003 0.9031555280254586 -0.6079854449341993 -0.4753450147502414 -0.1971349390134014 -0.02242748088819968 0.0438996236595158 0.09948376736399978
14 41 0.7082739545268947 0.7193245066859325 0.7352523814396845 -0.3602074020871765 -0.35814355024668654 -0.35636331440964647 0.16130540573412552 0.004276056667399997 0.07000515629771986 0.004188790204799342 0.032564169464947355 0.05052728184540001 -0.011868238913600171 -0.0018096308560210325 0.005497787143799726
14 42 2.8147684065228615 2.9344150738075725 3.0873626557464817 -0.576185885331561 -0.3991745925937211 -0.04922298759902921 0.27995969024779865 0.5311735045529818 0.5359818053278405 -0.4704534998766019 -0.24633489483035756 -0.10192722831680046 -0.2775073510680001 0.2795650023963063 0.6131341662276
14 43 -1.5788699290309616 -1.3408209816921777 -1.2298782551241714 -0.41667864510729696 -0.3811262882440569 -0.31498703623951696 0.25769505746517946 0.14515903388884 0.60219095181756 -0.3591887600616006 0.31694260621976844 1.224348470278 0.030717794835199985 0.07101652866953681 0.11292280260440019
14 44 2.252421382275677 2.6757514083518146 -3.137030932204793 -0.15559450293059415 -0.07787062801590415 0.0034398985115934844 0.29882444220648324 0.29836403562887637 1.2530328752195201 0.26162485487480014 -2.645772170937095 0.8977101007661992 -0.1626646862866618 0.049062123867787584 0.23980823922479996
14 45 -0.4001452380648676 0.30113241871180746 0.8030105717707225 -0.4865072322617745 -0.4590706564203345 -0.41285870115050455 0.33440833767706457 0.06913249167171998 1.88996468711324 0.3364994797855994 0.9947182563753897 1.4632840448768 -0.06579891280039968 -0.0363855219324842 0.045291294089400136
14 46 -0.9256565066745025 -0.9225524385998206 -0.9191158853026326 -0.0653801307427338 -0.0636653447526438 -0.061597129589023795 0.15688199301856945 0.013857914260879997 0.013369222070320097 -0.01509709802979986 -0.0070364326685895245 0.003316125578800011 -0.014137166941200069 -0.005805516248757893 0.0023561944901998727
14 47 0.7416206515479196 0.9946707038076434 1.2858797621684697 -0.33179256919999045 -0.3206399152797105 -0.31113223417944047 0.23696516562447179 0.05389576730175999 0.8616690517123999 0.10567968620860069 0.4535100272170526 0.723875307266999 -0.01605702911839979 0.028366193316715783 0.05384340742420002
14 48 0.7939387381693835 0.8303463063661034 0.8709208481519736 -0.0859824335656548 -0.0830415537760348 -0.0812962245240348 0.16972335340743344 0.01827359726844001 0.12206832788487998 -0.12269664641559985 -0.06424648836046315 0.004450589592599474 -0.009948376736400033 0.00932373258305264 0.034993851502599926
14 49 0.8547119269068935 1.222901349920796 1.5768331782756335 -0.11716550409055895 -0.10251782834314895 -0.07219709591277895 0.28526121679741495 0.06724753607956001 1.3544278594278145 0.4698426346383988 0.7128567681199024 1.0554878651470005 -0.057683131778600016 0.016966437518126314 0.09180431865519999
