19 0 2.455 2.9877499999999997 -2.8825000000000003 -0.47 -0.45 -0.40249999999999997 0.37013727940281543 0.29 2.1500000000000004 -1.7500000000000004 -0.9263157894736843 -0.2499999999999991 -0.3 -0.12105263157894736 0.04999999999999977
19 1 -2.1775 -1.9285000000000003 -1.83 -0.4775 -0.365 -0.26 0.30447802344922714 0.33000000000000007 1.37 -0.6500000000000006 -0.7210526315789474 -0.29999999999999805 -0.20000000000000018 -0.12631578947368421 0.04999999999999977
19 2 -0.0325 0.0755 0.2175 -0.17 -0.165 -0.16 0.20493159154529594 0.03999999999999998 0.51 -0.39999999999999986 -0.26842105263157895 -0.10000000000000009 0.0 -0.021052631578947358 0.0
19 3 -1.5350000000000001 -0.5675 0.3025 -0.2175 -0.07 -0.012499999999999999 0.4157450119680313 0.19999999999999998 2.48 -2.1000000000000005 -1.2894736842105263 -0.4500000000000004 -0.30000000000000004 -0.10526315789473684 0.050000000000000044
19 4 1.7675 1.8535 2.0124999999999997 -0.525 -0.46499999999999997 -0.45 0.2379388129335875 0.3 0.6500000000000001 0.1000000000000012 0.34210526315789486 0.5000000000000004 -0.20000000000000018 -0.15789473684210525 -0.04999999999999977
19 5 0.17 0.215 0.23 -0.33 -0.315 -0.31 0.1879487524848878 0.07999999999999996 0.3 0.0 0.15789473684210525 0.3 0.0 0.042105263157894715 0.050000000000000044
19 6 -1.3 -1.0695000000000001 -0.8625 -0.0325 0.01 0.08249999999999999 0.263266818126496 0.17 0.8600000000000001 -0.7499999999999996 -0.39473684210526305 0.050000000000000044 -0.049999999999999975 0.08947368421052633 0.3
19 7 0.2 0.21250000000000008 0.23 -0.0375 0.005 0.02 0.16956098827538646 0.1 0.03 -0.049999999999999906 0.010526315789473694 0.049999999999999906 0.0 0.05263157894736842 0.1
19 8 -1.445 -0.8729999999999999 -0.1625 -0.1225 -0.1 -0.04 0.3862868189378879 0.21 1.37 -0.8499999999999996 0.7000000000000001 2.25 -0.3500000000000001 -0.06315789473684212 0.19999999999999996
19 9 -0.09 -0.07749999999999999 0.03 -0.14 -0.14 -0.12 0.21132961986287477 0.020000000000000018 0.6 0.0 0.3157894736842105 0.35 0.0 0.010526315789473694 0.0
19 10 -1.48 -0.8475000000000001 -0.07500000000000001 0.045000000000000005 0.11 0.1225 0.3455894275629843 0.13 1.9 -1.35 -1.0 -0.5499999999999994 -0.20000000000000004 -0.06842105263157894 0.10000000000000002
19 11 0.1 0.10400000000000002 0.10250000000000001 -0.12 -0.12 -0.12 0.1562247474542578 0 0.01999999999999999 0.0 0.0 0.0 0.0 0.0 0.0
19 12 -0.58 -0.4149999999999999 -0.2525 -0.14 -0.10500000000000001 0.01 0.226757629112743 0.17 0.55 -0.4000000000000001 -0.0631578947368421 0.40000000000000036 -0.3 -0.05789473684210528 0.10000000000000009
19 13 0.009999999999999998 0.31450000000000006 0.71 0.1975 0.225 0.2525 0.2529483467889165 0.07999999999999999 0.94 -0.6 -0.4947368421052632 -0.24999999999999953 -0.1999999999999999 -0.010526315789473682 0.1999999999999999
19 14 -0.1975 -0.1445 -0.0775 -0.45 -0.20500000000000002 -0.14 0.21165681366384032 0.39 0.25 0.049999999999999975 0.13157894736842107 0.24999999999999994 0.0 0.20526315789473687 0.34999999999999987
19 15 0.395 0.7640000000000001 1.2825 -0.7875 -0.315 -0.075 0.45893013103979885 0.88 1.71 0.4999999999999999 0.868421052631579 1.2500000000000004 -1.0999999999999999 0.24736842105263163 1.4500000000000002
19 16 0.335 1.201 2.08 -0.10250000000000001 -0.06 -0.05 0.37690550529433237 0.15000000000000002 2.3600000000000003 0.24999999999999994 1.242105263157895 1.9500000000000006 -0.10000000000000009 -0.07894736842105264 0.0
19 17 -0.37999999999999995 -0.28450000000000003 -0.17500000000000002 -0.2675 -0.05 0.005000000000000001 0.2453080774067913 0.62 0.25 -0.14999999999999986 0.13157894736842105 0.3 -0.4500000000000004 -0.3263157894736842 -0.10000000000000002
19 18 -0.54 -0.41950000000000004 -0.375 -0.27 -0.26 -0.14 0.2146591667004747 0.14 0.46 -0.20000000000000018 -0.03684210526315787 0.0 -0.050000000000000044 -0.06842105263157897 0.0
19 19 2.3675 2.4085000000000005 2.4425 -0.0025 0.0 0.042499999999999996 0.18573486956874524 0.25 0.10000000000000009 -0.20000000000000018 -0.03157894736842108 0.0 -0.3 -0.13157894736842105 0.0
19 20 -0.08 0.040499999999999994 0.16 -0.03 0.04 0.09 0.1932436934561239 0.14 0.28 -0.25 -0.1473684210526316 0.0 -0.09999999999999998 -0.05789473684210527 0.0
19 21 -0.12 0.34500000000000003 0.9924999999999999 -0.2125 -0.185 0.31499999999999995 0.33432101910828016 0.74 1.3499999999999999 -1.2500000000000009 -0.7105263157894736 0.0 -0.5499999999999999 -0.33157894736842103 0.10000000000000009
19 22 0.7374999999999999 1.2195000000000003 1.57 -0.4125 -0.37 -0.17250000000000001 0.2617560063288572 0.33 0.8600000000000001 0.0 0.42631578947368426 0.8000000000000002 -0.2999999999999998 -0.15263157894736842 0.0
19 23 1.21 1.4730000000000003 1.6275 -0.1325 -0.12 0.0125 0.26441858898941145 0.24000000000000002 0.95 0.20000000000000018 0.5 0.8000000000000007 -0.19999999999999998 -0.12631578947368421 0.0
19 24 0.01 0.19349999999999995 0.4475 -0.0125 0.035 0.14250000000000002 0.2171671791959106 0.14 0.46 -0.44999999999999996 -0.21578947368421056 0.09999999999999999 -0.0999999999999999 0.06315789473684212 0.14999999999999994
19 25 0.1475 0.17700000000000002 0.195 -0.09 -0.09 -0.0775 0.16696676538601973 0.01999999999999999 0.12 -0.10000000000000009 -0.06315789473684211 0.0 0.0 0.0 0.0
19 26 -1.385 -1.0325 -0.755 -0.405 -0.345 -0.265 0.2990581281187877 0.21000000000000002 1.31 -0.9499999999999997 -0.6894736842105262 -0.4000000000000001 -0.20000000000000018 0.026315789473684206 0.30000000000000016
19 27 0.07 0.1015 0.12 0.1 0.1 0.12 0.1607005882591586 0.01999999999999999 0.04999999999999999 0.0 -0.015789473684210527 0.0 0.0 0.0 0.0
19 28 -0.525 -0.27699999999999997 -0.0375 -0.1 -0.04 0.32499999999999996 0.28953380664530004 0.7 0.77 -0.4500000000000001 -0.4052631578947369 0.0 -0.5499999999999996 -0.3263157894736843 0.09999999999999998
19 29 -0.4125 -0.26200000000000007 -0.2525 -0.07250000000000001 -0.025 0.0 0.2352912410239767 0.12 0.77 -0.5499999999999999 -0.2789473684210526 0.04999999999999977 -0.15000000000000002 -0.031578947368421054 0.09999999999999998
19 30 -0.0625 -0.006000000000000002 0.05500000000000001 -0.16 -0.135 -0.1 0.1916054931234533 0.09 0.33 0.0 0.1631578947368421 0.2 0.0 0.047368421052631574 0.10000000000000002
19 31 -0.6725 -0.49400000000000005 -0.27 -0.125 -0.08499999999999999 -0.0425 0.2256395310154572 0.14 0.59 0.15 0.3105263157894737 0.5499999999999999 0.0 0.031578947368421054 0.10000000000000002
19 32 -0.02 -0.008499999999999999 0.0 -0.1125 -0.1 -0.09 0.17130568380055983 0.17 0.02 0.0 -0.010526315789473684 0.0 -0.20000000000000004 -0.06315789473684211 0.049999999999999975
19 33 -0.5475 -0.46499999999999997 -0.3975000000000001 -0.1525 -0.02 0.02 0.21368042516937816 0.18000000000000002 0.48 -0.4500000000000001 -0.23684210526315794 -0.050000000000000044 -0.15000000000000005 -0.09473684210526317 0.0
19 34 -0.0925 -0.07650000000000001 -0.045000000000000005 -0.1825 -0.1 -0.017499999999999998 0.19471697837640473 0.27 0.12000000000000001 -0.15 0.021052631578947368 0.10000000000000002 -0.10000000000000009 0.1105263157894737 0.35
19 35 -0.2025 -0.091 0.125 -0.14250000000000002 -0.05 0.0675 0.2461194693496694 0.18 0.6900000000000001 -0.6000000000000001 -0.36315789473684223 -0.049999999999999906 -0.2500000000000001 -0.0736842105263158 0.0
19 36 0.08750000000000001 0.09750000000000002 0.1 -0.36250000000000004 -0.345 -0.315 0.20455632277171484 0.5 0.07 0.0 -0.021052631578947375 0.0 -0.10000000000000009 0.23684210526315788 0.24999999999999994
19 37 1.9275 2.047 2.2525 -0.5625 -0.47 -0.395 0.27547968680271 0.22999999999999998 0.6000000000000001 -0.050000000000001155 -0.31578947368421056 0.40000000000000036 -0.20000000000000018 -0.05263157894736842 0.04999999999999949
19 38 0.0 0.0075 0.02 0.03 0.03 0.03 0.15710977321595196 0 0.03 0.0 0.01578947368421053 0.0 0.0 0.0 0.0
19 39 0.052500000000000005 0.084 0.1725 -0.42 -0.4 -0.29 0.216999829607692 0.29 0.3 -0.45 -0.15789473684210525 0.09999999999999995 -0.20000000000000018 -0.15263157894736842 -0.09999999999999967
19 40 -0.495 -0.267 -0.0525 -0.05 -0.02 0.0 0.22396846930909978 0.09999999999999999 0.4 0.0 0.21052631578947367 0.55 -0.1 -0.05263157894736842 0.0
19 41 0.17 0.14950000000000002 0.17 0.16 0.16 0.1625 0.17729801614669966 0.09 0.17 0.0 -0.08947368421052633 0.0 0.0 0.047368421052631574 0.050000000000000044
19 42 0.6875 1.2375000000000003 1.7775 -0.4125 -0.4 -0.235 0.33745238346383233 0.4 1.12 -1.4 -0.5894736842105263 0.4500000000000004 0.0 0.21052631578947367 0.3999999999999999
19 43 0.6124999999999999 0.6659999999999999 0.735 -0.94 -0.725 -0.46249999999999997 0.2566813582701124 0.77 0.19999999999999996 -0.10000000000000009 0.10526315789473682 0.34999999999999976 -0.5000000000000004 -0.4052631578947368 -0.24999999999999967
19 44 -1.4249999999999998 -1.1684999999999999 -1.0625 -0.02 0.0 0.1925 0.29321793176193756 0.27 0.71 -0.3499999999999992 0.3736842105263158 1.2999999999999992 -0.1 0.09473684210526313 0.10000000000000005
19 45 -0.05750000000000001 -0.034 0.0075 -0.16 -0.14 -0.1 0.218506178749645 0.07 0.65 0.04999999999999999 0.34210526315789475 0.5 0.0 0.02105263157894737 0.09999999999999995
19 46 -1.395 -0.6165 -0.009999999999999998 -0.295 -0.215 -0.125 0.4244461763154692 0.85 1.65 -0.9499999999999993 0.5210526315789473 2.6 -0.9000000000000001 -0.4473684210526316 0.0
