20 0 -0.3575 -0.144 0.07 -0.135 0.17 0.19 0.3073728670534302 0.7899999999999999 0.8200000000000001 -0.7499999999999999 -0.0842105263157894 0.0 -0.8500000000000001 -0.41578947368421043 0.0
20 1 -0.3075 -0.191 -0.057499999999999996 0.1175 0.12 0.1525 0.2029838451864173 0.13 0.36 -0.09999999999999976 0.010526315789473691 0.4000000000000001 -0.05000000000000001 0.042105263157894736 0.09999999999999998
20 2 -0.31499999999999995 -0.2285 -0.16 0.0975 0.14 0.17 0.1943315672035377 0.05000000000000002 0.32 -0.35000000000000003 -0.16842105263157894 0.0 -0.09999999999999995 -0.02631578947368421 0.0
20 3 -0.59 -0.2995 0.085 0.09 0.09 0.0925 0.22824653332792408 0.03 0.78 -0.6500000000000004 -0.3157894736842105 0.0 0.0 0.0 0.0
20 4 0.155 0.186 0.23 -0.05 -0.05 -0.03 0.16870638971155016 0.020000000000000004 0.13999999999999999 -0.15 -0.07368421052631577 0.0 0.0 0.0 0.0
20 5 -1.845 -0.95 0.045 -0.14 -0.05 0.03 0.3906089009696134 0.21000000000000002 2.3600000000000003 -1.9500000000000008 -1.231578947368421 -0.5500000000000014 -0.19999999999999996 0.042105263157894764 0.19999999999999993
20 6 -0.675 -0.4065 0.0225 0.2375 0.33999999999999997 0.5 0.3532394336484239 0.38 1.6199999999999999 -1.2499999999999996 -0.8526315789473684 -0.4000000000000001 -0.5499999999999999 -0.06842105263157897 0.44999999999999984
20 7 0.19 0.195 0.2 -0.19 -0.17 -0.16 0.16511050346870057 0.1 0.01999999999999999 0.0 0.0 0.0 0.0 -0.02105263157894737 0.049999999999999906
20 8 -0.6099999999999999 -0.496 0.0375 0.07 0.07 0.275 0.3855596089090836 0.37 1.99 -1.7000000000000002 -1.0473684210526317 0.14999999999999944 0.0 0.09999999999999998 0.050000000000000044
20 9 -2.0125 -0.9695 0.16499999999999998 0.0775 0.115 0.33499999999999996 0.4800804819668144 0.4 2.86 -2.55 -1.5052631578947369 -0.3999999999999999 -0.45 -0.08947368421052629 0.30000000000000016
20 10 -0.1 -0.009 0.07 -0.245 0.01 0.035 0.2082891314049251 0.35 0.21 -0.19999999999999996 -0.1 0.0 -0.39999999999999986 -0.1736842105263158 0.0
20 11 -0.0125 0.048999999999999995 0.12 0.02 0.02 0.04 0.21406847336605944 0.41 0.27 -0.25 -0.14210526315789473 0.0 0.0 0.2157894736842105 0.25
20 12 0.24 0.24299999999999997 0.24 -0.3425 -0.33 -0.33 0.16331002474745426 0.07 0.010000000000000009 0.0 0.005263157894736847 0.0 -0.09999999999999981 -0.0368421052631579 0.0
20 13 -0.3 -0.178 -0.08750000000000001 0.265 0.325 0.4 0.21407841291735974 0.22 0.4 -0.35000000000000014 -0.10526315789473684 0.10000000000000009 -0.20000000000000018 -0.02105263157894738 0.20000000000000018
20 14 -0.05 -0.021500000000000002 0.0025 -0.0675 0.15500000000000003 0.1975 0.20472367235993363 0.45000000000000007 0.1 -0.1 -0.05263157894736843 0.0 -0.3 -0.23684210526315788 -0.10000000000000002
20 15 -0.4825 -0.4074999999999999 -0.395 0.27 0.28500000000000003 0.3125 0.20330089658809689 0.15 0.39 -0.5 -0.18421052631578946 0.09999999999999981 -0.10000000000000009 0.021052631578947368 0.0
20 16 0.16 0.16300000000000003 0.17 0.16 0.16 0.1625 0.15799479897764615 0.03 0.010000000000000009 0.0 -0.005263157894736847 0.0 0.0 -0.015789473684210527 0.0
20 17 0.14 0.13700000000000004 0.14 0.5375000000000001 0.56 0.5925 0.17840617469268535 0.24000000000000005 0.03 0.0 0.010526315789473694 0.0 -0.10000000000000009 0.07368421052631584 0.20000000000000018
20 18 -0.8775 -0.41899999999999993 0.1125 0.2275 0.475 0.7024999999999999 0.37914859832041875 0.64 1.6700000000000002 -1.6000000000000005 -0.8789473684210528 0.09999999999999988 0.10000000000000009 0.17894736842105266 0.4999999999999999
20 19 0.1575 0.3785 0.5475 0.1575 0.16 0.1725 0.25349887622215905 0.06999999999999998 0.99 -0.6999999999999995 -0.5210526315789474 -0.30000000000000004 -0.10000000000000009 -0.026315789473684223 0.09999999999999981
20 20 0.07 0.07850000000000003 0.09 0.03 0.03 0.03 0.15976485050103453 0.020000000000000004 0.03 0.0 -0.005263157894736839 0.0 0.0 0.0 0.0
20 21 -0.08 -0.0915 0.09 0.21 0.225 0.23 0.2532023124670373 0.04999999999999999 1.05 -1.1999999999999997 -0.5526315789473684 0.0 0.0 -0.026315789473684206 0.0
20 22 -0.07250000000000001 -0.076 -0.0675 -0.07 -0.07 -0.07 0.16330495354781127 0 0.09999999999999999 -0.09999999999999995 -0.05263157894736842 0.0 0.0 0.0 0.0
20 23 -0.03 -0.018999999999999996 0.05 0.05 0.05 0.05 0.18277552030508337 0.010000000000000002 0.3 -0.2 -0.15789473684210523 0.0 0.0 0.0 0.0
20 24 -0.35 -0.176 -0.004999999999999999 0.16 0.3 0.37 0.218995650939186 0.29000000000000004 0.44 -0.4000000000000001 -0.20526315789473681 0.0 0.0 0.10526315789473684 0.2999999999999998
20 25 0.16 0.1635 0.19 0.06 0.07 0.07 0.1739556898859994 0.04000000000000001 0.18 -0.15 -0.09473684210526316 0.0 -0.049999999999999975 -0.02105263157894737 0.0
20 26 -0.9424999999999999 -0.677 -0.6025 0.1175 0.16 0.2 0.2780690413404195 0.16 1.14 -0.8499999999999999 -0.46842105263157885 0.14999999999999958 -0.15 -0.01578947368421053 0.20000000000000012
20 27 0.045000000000000005 0.1825 0.2675 0.0975 0.10500000000000001 0.12 0.19538901375309348 0.09000000000000001 0.37 -0.3 -0.19473684210526318 -0.09999999999999976 0.0 0.03684210526315789 0.09999999999999995
20 28 0.46499999999999997 0.7805 1.0825 0.03 0.05 0.185 0.2572012576575114 0.23 0.9099999999999999 0.050000000000000044 0.42105263157894735 0.9500000000000003 0.0 0.12105263157894736 0.2500000000000001
20 29 -0.325 -0.264 -0.1975 0.17 0.2 0.36750000000000005 0.19815565743032174 0.28 0.19999999999999998 0.0 0.07368421052631577 0.1999999999999999 0.0 0.14736842105263157 0.2500000000000001
20 30 -0.115 -0.042 0.035 -0.05 -0.035 -0.0075 0.19263251247515115 0.1 0.25 0.0 0.03157894736842105 0.2 -0.15000000000000002 -0.042105263157894736 0.10000000000000002
20 31 -0.33499999999999996 -0.097 0.10250000000000001 0.1175 0.14 0.2 0.2255709683962838 0.15 0.48 -0.6 -0.06315789473684202 0.14999999999999986 -0.10000000000000009 0.01052631578947369 0.1499999999999999
20 32 -0.2775 -0.097 0.042499999999999996 0.02 0.10500000000000001 0.445 0.22946138991439813 0.5 0.35 -0.34999999999999987 -0.18421052631578946 0.0 0.0 0.2210526315789474 0.5
20 33 -0.6625 -0.516 -0.38500000000000006 0.1875 0.21 0.23 0.20067624650087224 0.09 0.38999999999999996 -0.30000000000000027 -0.20526315789473681 -0.10000000000000009 -0.049999999999999906 0.005263157894736847 0.09999999999999995
20 34 0.0275 0.11849999999999998 0.2225 0.05 0.215 0.36750000000000005 0.2120902998093228 0.41000000000000003 0.23 -0.20000000000000004 -0.12105263157894738 0.0 -0.35000000000000003 0.06842105263157894 0.44999999999999996
20 35 -1.125 -0.7135 -0.3175 0.07 0.155 0.32999999999999996 0.28844573004990065 0.33 0.8300000000000001 -1.0499999999999994 0.15789473684210528 1.3000000000000007 -0.3500000000000002 -0.010526315789473684 0.2500000000000001
20 36 0.04750000000000001 0.04950000000000001 0.05 -0.1525 -0.14 -0.125 0.16422547770700643 0.07 0.020000000000000004 0.0 0.0 0.0 -0.10000000000000002 -0.0368421052631579 0.0
20 37 -0.215 0.30600000000000005 0.99 -0.005 0.05 0.1125 0.35762277577183677 0.22999999999999998 2.08 0.6 0.9894736842105264 1.6999999999999995 -0.2 -0.11052631578947367 -0.049999999999999906
20 38 0.12 0.14000000000000004 0.15 -0.21 -0.21 -0.21 0.15887982473934037 0 0.05000000000000002 -0.049999999999999906 -0.026315789473684223 0.0 0.0 0.0 0.0
20 39 -0.02 -0.018500000000000006 -0.02 -0.12 -0.12 -0.1 0.15887982473934037 0.01999999999999999 0.02 0.0 0.0 0.0 0.0 -0.010526315789473679 0.0
20 40 0.0075 0.1275 0.185 0.02 0.05 0.0625 0.26323415960079505 0.06999999999999999 1.1099999999999999 -0.8500000000000001 -0.5842105263157894 -0.10000000000000006 -0.1 -0.021052631578947368 0.0
20 41 0.49 0.8685 1.3225 0.0675 0.09 0.11 0.3246810742829324 0.06999999999999999 1.06 -0.7499999999999996 -0.3684210526315789 0.8999999999999997 -0.0999999999999999 0.010526315789473687 0.1999999999999999
20 42 -0.28 -0.221 -0.17250000000000001 0.0675 0.12000000000000001 0.525 0.2477349507079395 0.82 0.19 0.09999999999999967 0.1 0.1999999999999999 0.0 0.41052631578947363 0.7499999999999998
20 43 0.235 0.30700000000000005 0.28500000000000003 0.0675 0.575 0.715 0.2724722625664327 0.69 0.5599999999999999 0.0 0.2947368421052632 0.24999999999999994 -0.2000000000000001 0.28421052631578947 0.7999999999999998
20 44 0.26 0.27749999999999997 0.265 0.14 0.16 0.1775 0.18866135745872045 0.26999999999999996 0.12 0.0 0.06315789473684211 0.09999999999999981 0.0 0.14210526315789473 0.20000000000000004
20 45 0.0675 0.06200000000000001 0.1725 0.04750000000000001 0.05 0.07 0.23495147064789657 0.06999999999999999 0.79 -0.35 -0.41578947368421054 0.049999999999999906 -0.1 -0.036842105263157884 0.0
20 46 -0.26 -0.22849999999999998 -0.21 -0.0025 0.05 0.10750000000000001 0.17767328492028078 0.19 0.05000000000000002 0.0 0.0 0.09999999999999995 0.0 0.09473684210526316 0.19999999999999996
20 47 -0.057499999999999996 0.029500000000000005 0.1225 0.1525 0.255 0.26 0.2059078989005639 0.17 0.36 -0.3 -0.1894736842105263 0.0 0.0 0.08947368421052633 0.15
20 48 0.745 1.2055 1.7125 0.1475 0.22 0.6525000000000001 0.4522105886648546 0.81 1.81 -1.8999999999999995 -0.06315789473684218 1.6499999999999992 -0.9499999999999997 -0.4 0.20000000000000004
20 49 0.0775 0.08350000000000002 0.0925 -0.0175 0.065 0.16 0.18317614507687935 0.2 0.04999999999999999 0.0 0.01052631578947368 0.09999999999999995 -0.25 -0.10526315789473684 0.0
