22 0 -1.2125 -1.0365 -0.7999999999999999 -0.7225 -0.5449999999999999 -0.18750000000000003 0.35645863118179233 0.74 1.54 -1.25 -0.8105263157894738 -0.5000000000000004 -0.5500000000000003 -0.3526315789473684 -0.10000000000000009
22 1 -0.5375000000000001 -0.38950000000000007 -0.23 -0.14500000000000002 -0.07500000000000001 -0.05 0.22066407562172893 0.14 0.56 -0.5999999999999996 -0.18421052631578946 0.24999999999999994 -0.1 0.0 0.19999999999999996
22 2 -0.39499999999999996 -0.3845 -0.37 -0.255 -0.20500000000000002 -0.19 0.16876217290762302 0.10999999999999999 0.04999999999999999 0.0 0.0 0.0 0.0 0.05263157894736841 0.10000000000000009
22 3 -0.042499999999999996 -0.019500000000000003 0.01 0.26 0.26 0.26 0.1641899793095055 0.020000000000000018 0.05 0.0 0.0 0.09999999999999999 0.0 -0.010526315789473694 0.0
22 4 -1.19 -0.6445 -0.17250000000000001 -0.12 -0.11 -0.01 0.3019395837559335 0.16999999999999998 1.47 -1.1500000000000008 -0.7736842105263159 -0.39999999999999997 -0.049999999999999906 0.08947368421052632 0.19999999999999998
22 5 -0.195 -0.124 -0.06 -0.042499999999999996 -0.02 -0.017499999999999998 0.19219882348168282 0.07999999999999999 0.3 -0.2 -0.05789473684210524 0.049999999999999975 -0.1 -0.042105263157894736 0.0
22 6 -0.195 -0.1705 -0.1475 -0.19 -0.17 -0.16 0.17840110349304236 0.14 0.13 -0.10000000000000009 -0.06842105263157895 0.0 -0.050000000000000044 -0.03684210526315789 0.09999999999999995
22 7 -0.175 -0.0965 -0.0375 -0.08249999999999999 -0.015 0.0 0.18451007343097084 0.1 0.2 -0.19999999999999993 0.05263157894736842 0.3 -0.09999999999999998 0.03684210526315789 0.1
22 8 -0.6275 -0.30249999999999994 0.05 -0.4525 -0.22999999999999998 -0.11750000000000001 0.28861064546229076 0.45999999999999996 0.6100000000000001 -0.5500000000000003 0.15789473684210528 0.7500000000000001 -0.050000000000000044 0.1789473684210526 0.4999999999999999
22 9 -0.28 -0.2370000000000001 -0.20750000000000002 0.0 0.02 0.02 0.16507500507119968 0.02 0.09000000000000002 0.0 0.047368421052631594 0.09999999999999995 0.0 -0.010526315789473684 0.0
22 10 -0.52 -0.2885 -0.1175 -0.0925 -0.045 -0.03 0.20591804129984984 0.06 0.45999999999999996 -0.3999999999999997 -0.21052631578947367 0.050000000000000044 -0.10000000000000006 -0.031578947368421054 0.0
22 11 -0.23 -0.1955 -0.17 0.01 0.05 0.07 0.17330901050752567 0.09 0.11000000000000001 -0.15 -0.05789473684210527 0.0 -0.05 -0.010526315789473672 0.05
22 12 0.26 0.27149999999999996 0.28 -0.16 -0.16 -0.14 0.15799479897764618 0.01999999999999999 0.020000000000000018 0.0 -0.010526315789473694 0.0 0.0 -0.010526315789473679 0.0
22 13 -0.26 -0.18249999999999997 -0.125 -0.16 -0.14500000000000002 -0.13 0.17961068603188773 0.030000000000000013 0.17 -0.20000000000000012 -0.08947368421052633 0.0 -0.09999999999999988 -0.010526315789473684 0.10000000000000009
22 14 -0.24 -0.16150000000000003 -0.0975 0.14 0.16999999999999998 0.2425 0.184294446022151 0.13 0.19999999999999998 -0.1999999999999999 -0.10526315789473684 0.0 -0.050000000000000044 0.026315789473684206 0.10000000000000009
22 15 -0.14 -0.13000000000000003 -0.12 -0.23 -0.21 -0.21 0.15980542009817844 0.020000000000000018 0.04000000000000001 0.0 -0.02105263157894737 0.0 0.0 0.0 0.0
22 16 -0.14 -0.043000000000000003 0.02 -0.07 -0.06 -0.02 0.17294895533287355 0.039999999999999994 0.16 -0.05 -0.08421052631578947 0.0 0.0 0.021052631578947368 0.0
22 17 -0.2525 -0.18850000000000003 -0.14 -0.1 -0.1 -0.1 0.1844948598320419 0.03 0.31 -0.3 -0.12631578947368421 0.04999999999999977 0.0 0.015789473684210527 0.0
22 18 -0.3325 -0.1955 -0.085 -0.07 0.16 0.315 0.26690124548663247 0.65 0.63 -0.5500000000000003 -0.3105263157894737 0.0 0.20000000000000018 0.3421052631578947 0.4500000000000001
22 19 -0.4725 -0.44000000000000006 -0.4175 -0.315 -0.275 -0.125 0.18784976266785677 0.26 0.06 0.0 0.031578947368421054 0.10000000000000009 -0.2499999999999999 -0.10000000000000002 0.04999999999999977
22 20 -0.175 -0.072 -0.004999999999999999 -0.2025 -0.17 -0.17 0.20587747170270598 0.04000000000000001 0.53 -0.49999999999999994 -0.2789473684210526 0.0 0.0 0.02105263157894737 0.0
22 21 -0.16 -0.1905 -0.1475 0.02 0.02 0.02 0.19398672562781452 0.05 0.39 -0.10000000000000009 -0.20526315789473687 0.0 0.0 -0.02631578947368421 0.0
22 22 -0.5925 -0.177 0.265 0.065 0.10500000000000001 0.14 0.3233850785021706 0.16999999999999998 0.94 -1.7000000000000002 -0.0263157894736842 1.7500000000000004 -0.15 -0.010526315789473698 0.20000000000000004
22 23 -0.16 -0.16050000000000003 -0.14 -0.16 -0.16 -0.16 0.17214506876546717 0.03 0.16999999999999998 0.0 0.07368421052631577 0.0 0.0 0.005263157894736847 0.0
22 24 -0.3425 -0.2475 -0.17 -0.16 -0.07 -0.045000000000000005 0.19589369954156344 0.15000000000000002 0.32 -0.25000000000000017 -0.16842105263157894 0.0 -0.10000000000000009 -0.07894736842105263 0.0
22 25 -0.13 -0.11000000000000001 -0.1 -0.03 -0.02 -0.02 0.1677402247555682 0.019999999999999997 0.13 -0.10000000000000009 -0.04736842105263158 0.09999999999999988 0.0 0.0 0.0
22 26 -0.385 -0.3359999999999999 -0.2875 -0.1825 -0.165 -0.16 0.1739556898859994 0.03 0.15000000000000002 -0.09999999999999981 -0.005263157894736852 0.09999999999999981 0.0 0.010526315789473679 0.049999999999999906
22 27 -0.4525 -0.2899999999999999 -0.14 -0.23 -0.19 -0.0575 0.2219700109537912 0.25 0.22999999999999998 -0.10000000000000009 0.04736842105263159 0.3500000000000003 0.0 0.13157894736842107 0.34999999999999987
22 28 -0.16 -0.13600000000000004 -0.12 -0.1325 -0.12 -0.12 0.16779093675199805 0.04000000000000001 0.11 -0.10000000000000009 -0.05789473684210527 0.0 0.0 0.010526315789473694 0.049999999999999975
22 29 -0.23 -0.1575 -0.065 -0.4225 -0.25 0.05 0.26229030792324237 0.6000000000000001 0.42000000000000004 -0.4 -0.22105263157894733 0.25 -0.7 -0.24736842105263163 0.09999999999999995
22 30 -0.3 -0.26549999999999996 -0.255 -0.19 -0.185 -0.17 0.18618884336078545 0.11000000000000001 0.24999999999999997 -0.3 -0.09999999999999998 0.09999999999999981 0.0 0.05263157894736843 0.10000000000000009
22 31 -0.18 -0.155 -0.1325 -0.042499999999999996 -0.01 0.02 0.17767328492028078 0.07 0.19 -0.10000000000000009 0.04210526315789473 0.09999999999999995 -0.09999999999999999 -0.0368421052631579 0.0
22 32 -0.12 -0.1055 -0.1 -0.52 -0.52 -0.51 0.1606600186620147 0.040000000000000036 0.03 0.0 0.015789473684210527 0.049999999999999975 0.0 -0.02105263157894739 0.0
22 33 0.02 0.020500000000000004 0.03 -0.09 -0.09 -0.07 0.15888996713862633 0.01999999999999999 0.03 0.0 0.010526315789473684 0.0 0.0 0.0 0.0
22 34 -0.7424999999999999 -0.45549999999999996 -0.20750000000000002 -0.195 -0.09 -0.07 0.2548985273236237 0.15 0.8 -0.6500000000000004 -0.23684210526315785 0.15000000000000013 -0.10000000000000002 -0.042105263157894736 0.10000000000000002
22 35 -0.2025 -0.06699999999999999 0.08249999999999999 -0.015 0.06 0.1325 0.2116083329952534 0.19 0.32 -0.40000000000000013 -0.031578947368421054 0.0 -0.20000000000000004 -0.026315789473684216 0.0
22 36 -0.0125 -0.006 0.0 -0.12 -0.11 -0.1 0.15801508377621812 0.01999999999999999 0.01 0.0 -0.005263157894736842 0.0 0.0 -0.010526315789473679 0.0
22 37 -0.1225 -0.091 -0.0675 -0.2225 -0.17 -0.16 0.17300473852894643 0.07 0.14 -0.10000000000000009 -0.0736842105263158 0.0 -0.09999999999999995 -0.0368421052631579 0.0
22 38 -0.3025 -0.24299999999999997 -0.21 0.065 0.115 0.2525 0.22380091687289538 0.23000000000000004 0.45999999999999996 -0.15 0.08947368421052633 0.4000000000000001 -0.20000000000000018 -0.03684210526315789 0.20000000000000012
22 39 -0.3125 -0.2685 -0.20750000000000002 -0.3 -0.24 -0.20750000000000002 0.19301285244837524 0.1 0.27 -0.20000000000000004 -0.12631578947368424 0.0 -0.14999999999999986 -0.010526315789473675 0.10000000000000009
22 40 -0.21 -0.18449999999999997 -0.17250000000000001 -0.19 -0.19 -0.19 0.16596003083289385 0.01999999999999999 0.09 -0.09999999999999995 -0.047368421052631574 0.0 0.0 -0.010526315789473679 0.0
22 41 -0.04 -0.027000000000000003 -0.0075 -0.19 -0.16 -0.14 0.173167016917522 0.08 0.11 -0.10000000000000002 -0.05789473684210527 0.04999999999999999 -0.10000000000000009 -0.042105263157894736 0.0
22 42 -0.46 -0.39399999999999996 -0.2575 -0.08249999999999999 -0.06 -0.04750000000000001 0.21847575155178708 0.14 0.48000000000000004 -0.3 -0.03157894736842107 0.30000000000000027 -0.09999999999999996 0.0368421052631579 0.10000000000000009
22 43 -0.5700000000000001 -0.37649999999999995 -0.20500000000000002 -0.01 0.03 0.05 0.2409030305489067 0.060000000000000005 0.88 -0.5000000000000003 -0.2421052631578947 0.0 -0.09999999999999999 -0.010526315789473679 0.0
22 44 -0.49 -0.41850000000000004 -0.41500000000000004 -0.24 -0.23 -0.23 0.18896055823765667 0.03 0.36000000000000004 -0.20000000000000004 -0.13157894736842105 0.10000000000000009 0.0 0.0 0.0
22 45 -0.065 0.016499999999999997 0.12 -0.4575 -0.33499999999999996 -0.2775 0.21481901091322161 0.35 0.30000000000000004 -0.30000000000000004 -0.13684210526315788 0.0 -0.34999999999999976 -0.18421052631578946 0.0
22 46 0.03 0.053000000000000005 0.07250000000000001 0.1275 0.18 0.19 0.16604624122682463 0.07 0.05 0.0 -0.02631578947368421 0.0 0.0 0.03684210526315789 0.050000000000000044
22 47 -0.39999999999999997 -0.284 -0.1525 0.004999999999999999 0.025 0.0625 0.2451786603919022 0.13999999999999999 0.45000000000000007 -0.9000000000000001 -0.21052631578947364 0.20000000000000018 -0.2 -0.07368421052631578 0.0
22 48 -0.31 -0.21200000000000005 -0.12 -0.06 -0.05 0.0475 0.20310068562619168 0.21 0.31 -0.15000000000000013 0.09473684210526316 0.35000000000000003 -0.15 -0.07894736842105261 0.049999999999999975
22 49 -0.1975 -0.0655 0.05750000000000001 0.09 0.09 0.09 0.1960204795326382 0.01999999999999999 0.45 -0.3 -0.2368421052631578 -0.1999999999999999 0.0 0.010526315789473679 0.0
22 50 -0.3325 0.06900000000000002 -0.010000000000000009 -0.15749999999999997 -0.045 0.05 0.3862551746521158 0.32999999999999996 2.23 -1.6000000000000005 -1.1473684210526316 0.09999999999999953 -0.20000000000000004 0.06842105263157894 0.3
22 51 -0.395 -0.37750000000000006 -0.22 -0.05 0.055 0.095 0.2520687979228367 0.28 0.83 0.050000000000000044 0.3526315789473684 0.4500000000000001 -0.09999999999999995 0.10526315789473684 0.25
