24 0 3.0575 -3.0285 -3.0875000000000004 -0.0525 0.08 0.16749999999999998 0.3177377905797396 0.45999999999999996 1.3500000000000005 -0.5500000000000016 -0.6157894736842112 0.0 -0.4 -0.010526315789473665 0.44999999999999996
24 1 0.1975 0.7429999999999998 1.4024999999999999 0.65 0.79 0.915 0.39918125684611955 0.25 1.6 -1.65 -0.8421052631578947 0.15000000000000013 -0.3999999999999998 -0.10526315789473682 0.2999999999999997
24 2 0.2975 0.32450000000000007 0.355 0.42 0.44 0.4425 0.1741027546756461 0.06 0.15999999999999998 0.0 0.08421052631578946 0.1999999999999999 0.0 0.031578947368421054 0.050000000000000044
24 3 -0.15000000000000002 -0.2205 -0.12 0.54 0.58 0.61 0.23446706965799838 0.08999999999999997 0.78 -0.049999999999999975 0.39473684210526316 0.44999999999999996 -0.10000000000000009 0.02105263157894733 0.10000000000000009
24 4 1.615 1.863 2.2424999999999997 0.045000000000000005 0.225 0.3 0.3033826443263419 0.35 1.35 0.4499999999999993 0.7105263157894737 0.9500000000000008 -0.2999999999999998 -0.18421052631578946 0.0
24 5 0.82 1.3465 1.8225 0.22999999999999998 0.41000000000000003 0.6074999999999999 0.3368945515031035 0.5499999999999999 1.54 0.4500000000000004 0.8105263157894737 1.0999999999999992 -0.3999999999999998 -0.2894736842105263 -0.20000000000000004
24 6 -1.28 -0.9825000000000002 -0.7550000000000001 0.0 0.045 0.25 0.2817052943324272 0.22000000000000003 0.6199999999999999 -0.4500000000000004 0.25263157894736843 1.0999999999999999 -0.09999999999999999 0.11578947368421051 0.20000000000000018
24 7 0.065 0.122 0.2325 0.2525 0.315 0.33 0.24859969167106175 0.21 0.8400000000000001 0.049999999999999906 0.4421052631578948 0.8999999999999998 -0.10000000000000009 0.08947368421052633 0.2500000000000001
24 8 0.16 0.26249999999999996 0.35 0.5599999999999999 0.9299999999999999 1.03 0.24811529068116353 0.77 0.26 0.0 0.13684210526315788 0.3 0.0 0.38421052631578945 0.6000000000000003
24 9 0.19250000000000003 0.40699999999999986 0.9275 0.4 0.42 0.48 0.3674951843888192 0.24999999999999997 2.08 -2.0999999999999996 -1.0947368421052632 -0.09999999999999995 -0.2999999999999997 -0.13157894736842105 0.0
24 10 -0.19 -0.13349999999999998 -0.06 0.2375 0.26 0.26 0.17867494827376368 0.05999999999999997 0.21000000000000002 0.049999999999999906 0.1105263157894737 0.1999999999999999 0.0 -0.005263157894736818 0.049999999999999906
24 11 -0.2625 -0.221 -0.15 0.2975 0.345 0.38250000000000006 0.23688380055986044 0.14 0.75 -0.55 -0.39473684210526316 -0.14999999999999986 -0.04999999999999977 0.06842105263157895 0.10000000000000009
24 12 0.3375 0.40249999999999997 0.445 0.44 0.505 0.54 0.20350638159763076 0.30000000000000004 0.2 -0.20000000000000018 0.026315789473684233 0.1999999999999999 -0.10000000000000009 0.09473684210526315 0.2500000000000002
24 13 0.09250000000000001 0.21150000000000002 0.305 0.2875 0.38 0.42 0.22031172867053414 0.22000000000000003 0.31000000000000005 -0.3 -0.1631578947368421 0.04999999999999977 -0.35000000000000003 -0.11578947368421054 0.10000000000000009
24 14 -0.02 0.0315 0.07 -0.465 -0.37 0.01 0.22966160087630336 0.54 0.13 -0.15000000000000008 -0.06842105263157895 0.0 -0.050000000000000044 0.28421052631578947 0.5
24 15 -0.05 -0.04900000000000001 -0.05 -0.0325 -0.03 -0.03 0.15710977321595196 0.020000000000000004 0.010000000000000002 0.0 0.0 0.0 0.0 0.0 0.0
24 16 0.33 0.33849999999999997 0.35 -0.4025 -0.4 -0.37750000000000006 0.1642204065073633 0.07 0.02999999999999997 0.0 0.005263157894736847 0.0 -0.09999999999999981 0.0 0.10000000000000009
24 17 0.1975 0.22149999999999995 0.2425 -0.1525 -0.095 -0.0024999999999999996 0.1864373321432918 0.27 0.07 0.0 0.0368421052631579 0.10000000000000009 -0.2500000000000001 -0.14210526315789473 -0.049999999999999906
24 18 0.58 0.5994999999999999 0.6224999999999999 -0.28 -0.265 -0.195 0.18213391212625263 0.17 0.06999999999999995 0.0 -0.010526315789473694 0.0 0.0 0.08947368421052633 0.20000000000000018
24 19 -0.61 -0.5275 -0.4275 0.2175 0.31 0.3524999999999999 0.19353782303541722 0.22 0.21999999999999997 -0.1999999999999999 -0.11578947368421051 0.0 0.0 0.07894736842105263 0.15000000000000013
24 20 0.11249999999999999 0.38849999999999996 0.6425 0.4 0.44 0.49 0.25636450971641866 0.12 0.8700000000000001 -0.04999999999999997 0.45789473684210524 0.8999999999999997 -0.10000000000000009 -0.057894736842105256 0.0
24 21 -0.38499999999999995 -0.28650000000000003 -0.17 0.38 0.4 0.42 0.20269235263093835 0.04999999999999999 0.47 -0.4000000000000001 -0.24736842105263154 -0.10000000000000009 -0.09999999999999981 -0.010526315789473694 0.0
24 22 -0.03 0.244 0.5875 0.4475 0.52 0.645 0.3115653292222808 0.38 1.35 0.05 0.6894736842105263 0.7000000000000001 -0.30000000000000027 0.0368421052631579 0.2500000000000002
24 23 0.35750000000000004 0.3625 0.37 0.5075000000000001 0.525 0.54 0.1660360988275387 0.06000000000000005 0.06 0.0 0.026315789473684206 0.050000000000000044 -0.10000000000000009 -0.005263157894736847 0.0
24 24 -1.0525000000000002 -0.6224999999999999 -0.18500000000000003 0.04750000000000001 0.365 0.655 0.32561255223335644 0.67 1.28 -0.9999999999999998 -0.6736842105263158 -0.25000000000000017 -0.6499999999999997 -0.3526315789473684 0.0
24 25 -0.09 -0.077 -0.0325 -0.5675 -0.455 -0.20750000000000002 0.23754285366546316 0.65 0.25 -0.35 -0.13157894736842105 0.049999999999999975 -0.4500000000000001 -0.23684210526315788 0.050000000000000114
24 26 0.21 0.25450000000000006 0.28500000000000003 0.17 0.275 0.355 0.1818600673455313 0.17 0.10999999999999999 -0.14999999999999972 -0.047368421052631574 0.0 -0.1999999999999999 -0.08947368421052633 0.0
24 27 0.09 0.083 0.1 0.47 0.535 0.5925 0.1853798855937361 0.16999999999999998 0.15 -0.050000000000000044 -0.07894736842105263 0.0 -0.14999999999999958 -0.0894736842105263 -0.04999999999999977
24 28 0.3075 0.32649999999999996 0.35 0.56 0.58 0.58 0.1633353807456692 0.019999999999999907 0.07999999999999996 0.0 0.0368421052631579 0.10000000000000009 0.0 0.010526315789473635 0.0
24 29 -0.225 0.041 0.2175 0.1 0.21 0.39499999999999996 0.25236799870177284 0.39 0.71 0.1999999999999999 0.3736842105263158 0.6 -0.35000000000000003 -0.17368421052631577 0.0
24 30 0.1575 0.23100000000000004 0.28 0.0275 0.07 0.14750000000000002 0.21434231814678095 0.33 0.35000000000000003 0.0 0.18421052631578946 0.39999999999999986 -0.3 -0.16842105263157894 0.0
24 31 0.04750000000000001 0.0685 0.09 0.4775 0.56 0.655 0.1988936184023693 0.22999999999999998 0.13 -0.1 -0.06842105263157895 0.0 -0.30000000000000027 -0.07368421052631575 0.2999999999999997
24 32 0.16 0.183 0.2025 -0.0225 0.17 0.19 0.20199496125603472 0.37 0.09000000000000002 -0.10000000000000002 0.047368421052631594 0.24999999999999994 0.0 0.19473684210526315 0.3
24 33 -0.0125 0.06 0.1325 0.31 0.315 0.33 0.17767835611992375 0.07 0.11 -0.04999999999999999 0.05263157894736842 0.19999999999999993 0.0 0.0368421052631579 0.10000000000000009
24 34 0.06 0.09350000000000001 0.1275 0.2975 0.31 0.345 0.18204770173232188 0.12 0.07 -0.15000000000000002 0.0 0.15000000000000002 -0.1999999999999999 -0.026315789473684202 0.19999999999999962
24 35 0.14 0.14000000000000004 0.14 0.03 0.03 0.042499999999999996 0.15887982473934037 0.05 0 0.0 0.0 0.0 0.0 0.02631578947368421 0.1
24 36 -0.045 0.2405 0.2325 0.45 0.515 0.61 0.2870915168972373 0.18 1.26 -1.0999999999999994 -0.5421052631578949 0.1999999999999999 -0.050000000000000044 0.005263157894736847 0.14999999999999986
24 37 -1.5475 -1.3829999999999998 -1.2275 0.20500000000000002 0.28 0.3 0.26799621891354625 0.26 0.98 -1.0499999999999998 -0.5157894736842105 -0.050000000000000044 0.0 0.036842105263157884 0.20000000000000018
24 38 0.99 1.4655 1.9700000000000002 -0.1 0.125 0.215 0.4024400097367035 0.81 1.7400000000000002 0.7499999999999996 0.9157894736842106 1.25 -0.35000000000000003 0.22105263157894742 0.30000000000000016
24 39 -0.6425 -0.5119999999999999 -0.365 -0.05 0.0 0.12 0.21353336037973147 0.19 0.48000000000000004 0.20000000000000018 0.2526315789473685 0.30000000000000027 -0.19999999999999998 -0.08947368421052633 0.0
24 40 0.05 0.20700000000000002 0.36750000000000005 0.03 0.045 0.07 0.2031463264229785 0.12 0.43000000000000005 0.10000000000000002 0.22631578947368425 0.35000000000000003 0.0 0.06315789473684211 0.10000000000000002
24 41 0.085 0.4135 0.7325 0.20750000000000002 0.27 0.3025 0.26201686883849246 0.22 0.89 0.20000000000000004 0.46842105263157896 0.6999999999999997 -0.2999999999999998 -0.11578947368421054 0.10000000000000009
24 42 -0.86 -0.8514999999999999 -0.8474999999999999 0.2175 0.24 0.24 0.16508514747048567 0.07 0.04999999999999993 0.0 0.026315789473684174 0.10000000000000009 -0.09999999999999981 -0.036842105263157905 0.0
24 43 -0.10250000000000001 -0.08650000000000001 -0.07 0.024999999999999998 0.365 0.6375000000000001 0.24224203010264092 0.89 0.04999999999999999 0.0 0.02105263157894737 0.09999999999999995 0.30000000000000027 0.46842105263157907 0.6999999999999997
24 44 -0.03 -0.03000000000000001 -0.0275 0.28 0.33 0.38 0.17575109740760278 0.19999999999999998 0.04 0.0 1.460819769243627e-18 0.0 -0.04999999999999977 0.042105263157894736 0.1999999999999999
24 45 0.0075 0.014000000000000002 0.02 0.1 0.1 0.1 0.15886968234005433 0.020000000000000004 0.03 0.0 0.01578947368421053 0.0 0.0 0.010526315789473686 0.0
24 46 0.3225 0.596 0.87 0.23 0.26 0.3125 0.2574166822183456 0.25 0.89 0.35000000000000003 0.37894736842105264 0.6999999999999995 -0.09999999999999981 0.09473684210526316 0.2500000000000001
24 47 0.49 0.6855 0.9125 0.44 0.445 0.49 0.22306315874883367 0.08000000000000002 0.69 0.0 0.36315789473684207 0.6500000000000006 0.0 0.021052631578947358 0.050000000000000044
24 48 -0.08 0.055499999999999994 0.1875 0.18000000000000002 0.35 0.38250000000000006 0.22138175179520467 0.3 0.38 -0.20000000000000004 0.021052631578947385 0.3 -0.30000000000000027 -0.15789473684210525 0.04999999999999977
24 49 -1.31 -1.183 -1.0425 -0.305 -0.185 -0.0975 0.22852301513245976 0.30000000000000004 0.54 -0.5000000000000004 -0.27368421052631586 0.0 0.10000000000000002 0.15789473684210525 0.20000000000000012
24 50 0.0675 0.09449999999999999 0.125 0.12 0.22999999999999998 0.3524999999999999 0.19702721408576404 0.31999999999999995 0.16 0.0 0.08421052631578947 0.1999999999999999 0.050000000000000044 0.16842105263157894 0.2500000000000001
24 51 -0.7675 -0.585 -0.315 0.060000000000000005 0.21 0.315 0.30430986246906566 0.37 1.25 -0.9500000000000001 -0.6578947368421053 -0.3500000000000001 -0.30000000000000016 -0.03157894736842105 0.3
24 52 -0.3 -0.27749999999999997 -0.26 0.02 0.08499999999999999 0.195 0.19254630208122037 0.38 0.04999999999999999 0.0 -0.021052631578947358 0.0 0.09999999999999995 0.19999999999999998 0.2500000000000001
24 53 0.28 0.363 0.4325 0.2675 0.305 0.3325 0.19348711103898739 0.06 0.32999999999999996 0.0 0.09473684210526317 0.29999999999999943 -0.10000000000000009 -0.010526315789473694 0.10000000000000009
24 54 -0.23500000000000001 0.18950000000000003 0.625 0.7 0.73 0.7825 0.30332361556249743 0.20999999999999996 1.42 -1.0499999999999998 -0.7473684210526315 -0.34999999999999987 -0.15000000000000013 0.03157894736842102 0.050000000000000044
24 55 0.15 0.868 1.655 0.08250000000000002 0.49 0.5125 0.3617180737555278 0.49 1.73 0.09999999999999995 0.9105263157894735 1.4499999999999997 -0.5 -0.2578947368421053 0.14999999999999958
24 56 -0.12 -0.06999999999999999 -0.05 0.17 0.28500000000000003 0.6924999999999999 0.23176128037648583 0.58 0.16999999999999998 0.0 0.08947368421052632 0.050000000000000044 -0.49999999999999994 -0.3052631578947368 0.0
24 57 -0.345 -0.27799999999999997 -0.21500000000000002 -0.0925 -0.055 -0.017499999999999998 0.20190367966246092 0.26 0.26999999999999996 -0.3 -0.10526315789473684 0.09999999999999995 -0.2500000000000001 -0.1368421052631579 0.0
24 58 -0.1825 -0.09400000000000001 -0.01 0.06999999999999999 0.45 0.8 0.25999062030914016 0.84 0.30000000000000004 -0.09999999999999999 0.1 0.35000000000000003 -0.7499999999999998 -0.44210526315789467 -0.10000000000000009
24 59 0.48 0.5744999999999999 0.6725000000000001 0.38 0.38 0.4 0.18737814110105888 0.06 0.18000000000000005 -0.2500000000000002 -0.09473684210526317 0.10000000000000009 -0.04999999999999977 -0.031578947368421054 0.0
24 60 0.05 0.054500000000000014 0.052500000000000005 0.03 0.05 0.052500000000000005 0.16240978538683112 0.06999999999999999 0.020000000000000004 0.0 0.010526315789473686 0.0 0.0 0.03684210526315789 0.09999999999999995
24 61 -0.5225 -0.483 -0.37250000000000005 -0.07 -0.035 0.005 0.269878039677066 0.16999999999999998 1.1099999999999999 -0.9000000000000005 -0.5842105263157894 -0.09999999999999981 -0.09999999999999995 -0.02105263157894737 0.10000000000000006
24 62 0.05 0.07800000000000003 0.0925 0.03 0.045 0.10500000000000001 0.171234687005558 0.12000000000000001 0.07 0.0 0.0368421052631579 0.10000000000000002 -0.09999999999999995 -0.04736842105263158 0.0
24 63 0.024999999999999998 0.0435 0.07250000000000001 0.34 0.365 0.38 0.17145274859020657 0.09999999999999998 0.07 -0.1 -0.03684210526315789 0.0 0.0 0.031578947368421054 0.09999999999999981
24 64 0.5 0.6724999999999999 0.8675 -0.02 0.09 0.175 0.2526037080611789 0.37 0.73 -0.6 0.08947368421052627 0.65 -0.3500000000000001 -0.010526315789473687 0.24999999999999994
24 65 -0.20500000000000002 -0.14400000000000002 -0.07 0.1 0.11499999999999999 0.12 0.18383296685463918 0.14 0.16999999999999998 -0.19999999999999996 -0.021052631578947358 0.10000000000000009 0.0 0.06315789473684211 0.15
24 66 -0.17 -0.15250000000000002 -0.1375 0.14 0.15000000000000002 0.1825 0.18102068238062397 0.18 0.12000000000000001 -0.10000000000000009 -0.02631578947368421 0.10000000000000009 -0.10000000000000009 -0.08421052631578947 0.0
24 67 0.3 0.301 0.3 -0.05 -0.05 -0.05 0.15887982473934031 0.03 0.010000000000000009 0.0 -0.005263157894736847 0.0 0.0 0.0052631578947368385 0.0
24 68 -0.2625 -0.1165 0.005000000000000001 -0.03 0.015 0.28500000000000003 0.2362651142034158 0.39999999999999997 0.53 -0.4 -0.2789473684210526 -0.19999999999999962 0.0 0.21052631578947367 0.2500000000000002
24 69 -0.3325 -0.23450000000000001 -0.1175 -0.09 -0.07 -0.0275 0.20565941011805763 0.12000000000000001 0.46 -0.35000000000000003 -0.2421052631578947 -0.09999999999999995 0.0 0.06315789473684212 0.1
24 70 0.1 0.13150000000000003 0.16 0.42 0.42 0.44 0.16683491419530203 0.06 0.07 -0.049999999999999906 0.010526315789473682 0.050000000000000044 0.0 0.01578947368421051 0.050000000000000044
24 71 0.6075 0.6269999999999999 0.71 0.21 0.24 0.2625 0.19973300336727665 0.06999999999999998 0.38 -0.14999999999999958 0.13157894736842105 0.39999999999999925 -0.14999999999999986 -0.03684210526315788 0.0
24 72 0.2525 0.974 1.6475 0.09 0.195 0.295 0.3375809890867785 0.15 1.73 0.2500000000000001 0.910526315789474 1.4000000000000001 -0.3 -0.047368421052631574 0.19999999999999996
24 73 1.7774999999999999 2.3794999999999993 2.8550000000000004 -0.0925 0.030000000000000002 0.3125 0.33597139032009415 0.41000000000000003 1.6099999999999999 0.29999999999999805 0.8473684210526313 1.1499999999999988 -0.39999999999999997 -0.2157894736842105 0.050000000000000044
24 74 0.755 1.5075 2.365 0.20750000000000002 0.39 0.4675 0.3971195099192664 0.42000000000000004 2.3600000000000003 0.8000000000000005 1.2421052631578948 1.5000000000000002 -0.30000000000000027 -0.22105263157894733 -0.09999999999999995
24 75 -0.6299999999999999 -0.3785 -0.10500000000000001 0.3775 0.44 0.45 0.29702011440626397 0.37 1.26 0.25 0.663157894736842 1.0000000000000004 0.0 0.17894736842105263 0.4000000000000001
24 76 0.6875 0.7289999999999999 0.7825 0.26 0.26 0.28 0.17318223051645096 0.06 0.08000000000000007 -0.15000000000000013 -0.01578947368421054 0.10000000000000009 0.0 0.031578947368421054 0.09999999999999981
24 77 0.017499999999999998 0.11200000000000002 0.22 -0.3524999999999999 -0.325 -0.3 0.19444313359568352 0.07999999999999996 0.30000000000000004 0.0 0.15789473684210525 0.34999999999999987 -0.10000000000000009 0.031578947368421054 0.19999999999999962
24 78 -0.3025 -0.1345 0.0075 0.3 0.305 0.31 0.20310068562619182 0.030000000000000027 0.52 -0.30000000000000016 -0.27368421052631575 -0.19999999999999976 0.0 0.01578947368421054 0.0
24 79 0.19 0.31849999999999995 0.38999999999999996 0.24 0.26 0.3175 0.2204107184875655 0.16000000000000003 0.5800000000000001 0.0 0.3052631578947369 0.6499999999999996 0.0 0.0736842105263158 0.10000000000000009
24 80 0.21500000000000002 0.437 0.665 0.3375 0.38 0.42 0.2619917156882632 0.15999999999999998 1.06 0.5 0.5578947368421052 0.6000000000000001 0.0 0.08421052631578946 0.10000000000000009
24 81 -0.07 -0.04850000000000001 -0.03 -0.8125 -0.775 -0.7475 0.1686252505172624 0.06999999999999995 0.04000000000000001 0.0 -0.02105263157894737 0.0 -0.050000000000000044 0.02105263157894739 0.10000000000000009
24 82 -0.09 0.09100000000000003 0.3025 0.47 0.47 0.4725 0.20576083411091728 0.050000000000000044 0.53 -0.4000000000000001 -0.27894736842105267 -0.10000000000000009 0.0 -0.026315789473684233 0.0
24 83 0.735 1.0079999999999996 1.24 0.365 0.41 0.485 0.26158825104466726 0.32 0.76 0.0 0.38421052631578945 0.6500000000000006 -0.09999999999999981 0.16842105263157894 0.44999999999999984
24 84 0.5025 0.4995000000000001 0.5625 0.5774999999999999 0.61 0.61 0.20957234776258687 0.21000000000000002 0.41999999999999993 0.0 0.19999999999999998 0.2500000000000002 0.0 0.11052631578947371 0.19999999999999962
