52 0 1.5427761999999996 1.7699049599999999 1.9455910999999997 0.1388743500000001 0.15500610000000004 0.1659882499999999 0.23811544363978673 0.037271799999999855 0.8064776000000009 0.1491499999999979 0.4244618947368426 0.7928500000000005 0.009576999999999503 0.019616736842105187 0.05573499999999898
52 1 -2.4737077000000003 -2.0311959780000004 -1.5920428000000002 -0.14259525 -0.08627149999999995 -0.052618549999999986 0.26638208235443633 0.10013459999999985 1.16222076 0.21885800000000177 0.6116951368421053 0.9040059999999983 -0.009419999999999984 0.04605884210526311 0.1061319999999999
52 2 -0.09608400000000006 -0.044233180000000004 0.020880999999999816 -0.0027082499999999676 0.0038778999999999897 0.0056991000000000125 0.17203881027800308 0.02791459999999968 0.10550399999999982 -0.08634999999999726 0.03166442105263173 0.18400399999999983 -0.007536000000000209 0.01113873684210512 0.026846999999999843
52 3 -0.07083839999999997 -0.015373440000000026 0.04267259999999984 -0.40005169999999995 -0.3955929 -0.38836305 0.17318223433787583 0.031525600000000153 0.1792940000000005 -0.04866999999999955 0.0217486315789473 0.11272599999999855 -0.02119500000000052 -0.006709684210526312 0.024492000000000402
52 4 0.09555020000000025 0.11943304000000002 0.1791056000000001 -0.17239385000000002 -0.09642940000000011 -0.036109999999999975 0.1972492766499777 0.17207200000000022 0.14236760000000048 -0.19436599999999915 -0.06630357894736824 0.1293679999999986 -0.15370299999999837 -0.08914294736842109 -0.05228099999999847
52 5 -2.83555816 -2.659352664 -2.4266234000000004 -0.1363309499999999 -0.06911140000000005 -0.0013894499999999588 0.24127934795258918 0.1796393999999999 0.5155314799999999 -0.1709729999999987 0.2713323578947368 0.501144 -0.29641600000000046 -0.018212000000000023 0.2858970000000005
52 6 -0.1768447999999998 -0.07433949999999998 0.03366080000000016 -0.34152210000000005 -0.33105020000000007 -0.3042503000000001 0.1944918202741815 0.06659940000000009 0.3344727999999999 0.0056520000000004345 0.17603831578947363 0.3353519999999999 -0.0810120000000003 0.0024624210526315083 0.08886199999999955
52 7 -0.3825304999999998 -0.07394385999999994 0.12107839999999959 -0.34295079999999994 -0.167833 -0.14879674999999992 0.22550202619137893 0.21455620000000009 0.6037591999999998 -0.026690000000000325 0.29701094736842104 0.2289059999999976 -0.02951599999999943 0.09451400000000004 0.04474500000000048
52 8 -0.1021128 -0.023173200000000005 0.05093079999999994 -0.33817800000000003 -0.2787849 -0.24587770000000003 0.21175912173532802 0.2051989999999999 0.19486839999999983 -0.16296599999999772 0.09846378947368453 0.41353799999999996 -0.16233799999999965 0.1013063157894737 0.10880100000000059
52 9 -2.89833304 -2.8456334780000003 -2.78130053 -0.06063340000000006 -0.05799579999999993 -0.010534700000000008 0.17703761715405406 0.07548559999999971 0.14187775999999985 -0.13476880000000024 -0.06291898947368427 0.000628000000000295 -0.014758000000000271 0.03964663157894723 0.10566100000000134
52 10 -0.1588212000000001 -0.10887322000000003 -0.05802719999999972 -0.10371419999999998 -0.07005339999999993 -0.033888450000000014 0.19054227372959548 0.12406139999999977 0.18657880000000038 -0.17929399999999873 -0.015501684210526235 0.07535999999999987 -0.16720500000000027 -0.0652954736842104 0.057618999999998755
52 11 -0.5276299000000001 -0.27313918 0.02042569999999988 -0.1352633499999999 -0.13158170000000002 -0.10924845 0.24958277084424516 0.044870600000000094 1.0302967999999995 0.004081999999996366 0.48551010526315774 0.7909659999999996 -0.037679999999998826 -0.021385052631579058 -0.00989100000000076
52 12 1.5475176000000004 1.61628046 1.6915180000000007 -0.06485669999999993 -0.05512269999999997 -0.04964339999999989 0.212504882681188 0.04738259999999994 0.6093484000000009 -0.5083659999999979 -0.3207096842105268 -0.14067199999999502 -0.00047100000000077635 0.024938210526315757 0.03705200000000075
52 13 0.024821699999999725 0.10624504000000004 0.17943529999999996 -0.1472346 -0.13366979999999995 -0.06966089999999991 0.1878757007818248 0.13313599999999992 0.24429200000000018 -0.027945999999996474 0.10785073684210532 0.2612480000000006 -0.1285830000000021 -0.06584084210526311 -0.017584000000000488
52 14 -0.8385998 -0.48255206000000006 -0.05201410000000006 -0.2522833 -0.2257032 -0.18277939999999998 0.3125997919009331 0.07768360000000007 1.6387031999999997 0.3469699999999998 0.8624753684210525 1.205132000000002 -0.15229000000000048 -0.018013684210526248 0.1273269999999993
52 15 -0.033660799999999935 0.04684565999999997 0.15148929999999994 -0.1599751499999999 -0.15869560000000005 -0.15542214999999998 0.1917465036372389 0.010833000000000093 0.36907559999999995 -0.33252599999999966 -0.19425031578947366 -0.12245999999999979 -0.016642000000000046 -0.0027764210526314806 0.01727000000000034
52 16 0.35108340000000005 0.51475276 0.7683737000000002 0.02709035000000004 0.0709012 0.14748580000000017 0.275427235649341 0.23440100000000008 0.5787648000000001 -1.0729379999999988 -0.2624048421052634 0.6345939999999994 -0.03077199999999891 0.11560157894736844 0.21760200000000007
52 17 3.0702292000000004 3.0714538 3.0729295999999997 -0.01811779999999996 -0.01810210000000001 -0.016665549999999973 0.1560476725818248 0.0070022000000000695 0.005526399999999931 -0.014130000000003307 -0.00287557894736872 0.0006279999999980745 -0.006750999999999285 0.002214526315789462 0.013973000000000457
52 18 0.2513726999999998 0.28430188000000006 0.3161980000000001 -0.5067175 -0.45724679999999995 -0.39518470000000006 0.18244646253405417 0.172072 0.09514200000000006 -0.07975599999999972 0.012593052631578902 0.06280000000000063 -0.11539500000000036 0.0758557894736842 0.3012830000000011
52 19 0.019310999999999856 0.07954248000000005 0.15175619999999967 -0.30360660000000006 -0.2728189 -0.2437817499999999 0.1875062647729076 0.09018079999999995 0.2526443999999999 0.030772000000003352 0.0970094736842104 0.21760200000000118 -0.009106000000000947 0.04746357894736839 0.10016600000000042
52 20 -0.13674699999999984 -0.11464139999999996 -0.09231600000000006 -0.0946396000000001 -0.0763334 -0.07224354999999999 0.16526188449201598 0.029704400000000186 0.08258200000000038 -0.0763019999999992 -0.012064210526315964 0.0700220000000007 -0.022607999999999517 0.0028425263157894065 0.031399999999999206
52 21 -0.34612220000000005 -0.30687534 -0.2627395000000001 -0.2589793499999999 -0.2550308000000001 -0.24529679999999998 0.1787240307327803 0.053725400000000034 0.1115955999999998 -0.2245100000000022 -0.025714947368420976 0.1811779999999974 -0.01836899999999919 0.02827652631578949 0.07567400000000002
52 22 -2.4511939 -2.1369364200000005 -1.8781125 0.08419910000000008 0.13910199999999984 0.14714824999999998 0.22440817786590117 0.07504600000000017 0.7122776 0.13784600000000036 0.37488294736842104 0.46534799999999876 -0.012089000000001793 0.034887052631578916 0.06311399999999967
52 23 -2.85787571 -2.2781789580000003 -1.8737008 -0.07448864999999999 -0.07057150000000012 -0.059479449999999934 0.2653735889543726 0.04082000000000008 1.20050992 0.07598800000000017 0.6318473263157894 0.6110439999999995 -0.057776000000000494 -0.012064210526315847 0.026376000000000177
52 24 -0.13773609999999992 -0.012340199999999978 0.1013120999999999 -0.3008826500000001 -0.2896807 -0.26420745 0.20450396577227073 0.06477820000000012 0.2826628000000002 -0.07316199999999773 0.1001494736842106 0.22137000000000073 -0.004866999999999511 0.03379631578947372 0.08226799999999979
52 25 -0.48502009999999995 -0.19769125999999992 0.11451579999999972 -0.038818250000000054 -0.025826499999999974 -0.011963399999999902 0.28828321543278035 0.07831160000000015 1.4366128000000007 0.3472839999999966 0.745502105263158 1.0977440000000027 -0.07771500000000042 -0.03959705263157908 0.0028260000000002172
52 26 -0.1632015000000001 0.07702105999999997 0.2638385000000001 0.053081699999999954 0.07308349999999997 0.09824274999999993 0.26403110264042357 0.09454540000000011 1.0827976000000001 -1.1109319999999978 -0.5698934736842106 -0.1208900000000046 -0.0722199999999995 -0.04976073684210532 0.05228099999999958
52 27 -2.79729726 -2.707898006 -2.6757321600000004 0.09481230000000013 0.1070426000000001 0.10840850000000019 0.20243829716698408 0.12349619999999994 0.41857456000000015 -0.4063159999999977 -0.19379418947368424 0.04845019999999867 -0.05730500000000083 -0.06499799999999997 0.0
52 28 -0.2211344999999998 -0.20138390000000003 -0.19557489999999988 -0.28860525000000004 -0.2728817 -0.2641603500000001 0.16764907212386307 0.042170199999999936 0.10688560000000003 -0.12465800000000193 -0.04438968421052625 0.022922000000000775 0.008478000000000652 0.02085621052631577 0.03579600000000016
52 29 -0.00012559999999983695 0.013750059999999963 0.023047599999999502 0.17323380000000005 0.18055 0.1877249000000002 0.16069393006653812 0.031902399999999886 0.034414399999999734 -0.0018839999999986645 0.018112842105263018 0.02825999999999773 -0.020410000000001816 0.00684189473684193 0.03595299999999968
52 30 1.5261499 1.53718386 1.5472978000000008 -0.2461603 -0.2439465999999999 -0.24230595000000005 0.15811523910348083 0.006091599999999975 0.031211599999999784 -0.03202800000000394 -0.015204210526315919 0.00125600000000059 -0.010205000000000908 0.00117336842105254 0.020253000000000076
52 31 0.09244159999999968 0.09035350000000002 0.12330780000000019 -0.1665848499999999 -0.1641749 -0.13934534999999998 0.18067029044424515 0.0763334 0.2199255999999994 -0.056519999999999904 0.07945852631578916 0.1654779999999989 -0.03940700000000019 -0.03644052631578947 0.005965999999999472
52 32 0.11914729999999996 0.13422244000000005 0.16624730000000032 -0.1449502500000001 -0.1358992 -0.12923454999999995 0.17139474802004137 0.03231059999999997 0.14261879999999927 -0.028259999999999952 0.059131157894736684 0.11994800000000083 -0.053693999999999686 0.0028755789473684863 0.06185800000000019
52 33 0.0719059999999998 0.12059798 0.17406589999999977 -0.25910495 -0.24900200000000006 -0.24112060000000013 0.17516387207672926 0.04452520000000004 0.14971519999999972 -0.16673400000000171 -0.020195157894737095 0.10770200000000063 -0.046315000000001216 -0.010229789473684166 0.029359000000001023
52 34 -0.04405420000000004 -0.028825199999999995 -0.004254700000000056 0.010652449999999924 0.01898129999999998 0.028291400000000022 0.17740088246844918 0.0706814 0.18840000000000012 -0.09796800000000161 0.05939557894736839 0.08195399999999964 0.012246000000000201 0.037200736842105266 0.06923699999999977
52 35 -0.14924419999999983 -0.025292699999999946 0.09556589999999987 -0.14271300000000003 -0.06495090000000003 -0.02828354999999999 0.20117360662704767 0.1352084 0.3942584 0.12622799999999934 0.2058517894736839 0.28793800000000314 -0.10267799999999827 -0.07116231578947368 -0.016327999999998788
52 36 -0.0585924000000001 0.002323599999999959 0.07313059999999971 -0.026964749999999982 -0.018730100000000083 -0.00759094999999993 0.1762881648926528 0.03136859999999997 0.21333160000000007 -0.014130000000003307 0.11079242105263126 0.24020999999999848 -0.00015699999999951864 0.015947894736842175 0.0346970000000002
52 37 -0.021948599999999985 -0.01796707999999998 -0.014318400000000064 -0.21725660000000002 -0.21050560000000007 -0.20589764999999993 0.15804234716207957 0.023455800000000027 0.01708160000000003 0.0 0.0089903157894737 0.02857399999999899 -0.00015699999999951864 0.012345157894736856 0.028102999999999323
52 38 -0.9055288999999999 -0.51258302 -0.04524740000000005 -0.4390269500000001 -0.40174730000000003 -0.3744528500000001 0.31019341601621975 0.1127260000000001 1.62652 0.6534339999999994 0.8560631578947369 1.0296060000000007 -0.1328219999999991 -0.05932947368421058 0.01240299999999972
52 39 -2.3479193 -2.0267158259999998 -1.6763675 -0.14146484999999998 -0.11429599999999995 -0.08318644999999997 0.2797795359568568 0.08242500000000019 1.3325155199999998 0.5799580000000015 0.7013239578947368 0.8558697999999998 0.00989099999999965 0.04338157894736852 0.06829500000000044
52 40 -0.12365319999999991 -0.0049612000000000215 0.1154107000000002 -0.32278415000000005 -0.3137331 -0.28386385 0.19521575742386302 0.0789396 0.36455400000000004 -0.005652000000002655 0.1734271578947371 0.3438300000000005 -0.07049299999999925 -0.0333501052631579 0.031242999999999688
52 41 -0.06218770000000018 0.25574672 0.5681987000000001 -0.1292738 -0.04644059999999994 0.021414800000000067 0.24907869682067826 0.26536139999999997 0.5442247999999998 -0.015072000000002639 0.2864341052631578 0.7146639999999982 -0.28825200000000106 0.051297684210526336 0.26250400000000007
52 42 -0.09011800000000003 -0.014299560000000034 0.036424000000000234 -0.02617189999999997 -0.01285829999999999 -5.551115123125783e-17 0.1875699776174936 0.0375858 0.22300279999999972 -0.19122600000000434 0.022806315789473647 0.20786799999999772 -0.10299199999999953 -0.01964978947368415 0.05950299999999853
52 43 0.06389899999999982 0.07558921999999997 0.12693450000000006 -0.30961969999999994 -0.21986280000000002 -0.1908806 0.18669436580539167 0.13109499999999996 0.19549639999999968 -0.022607999999999517 0.09631536842105276 0.19687800000000477 -0.0993809999999995 -0.059560842105263204 0.042703999999998965
52 44 -0.19766299999999992 -0.11172434000000005 -0.04818330000000004 -0.22622130000000007 -0.20981479999999997 -0.18883175000000013 0.1913256518843726 0.06951960000000001 0.3464676 -0.15543000000000085 -0.08458168421052643 0.16170999999999935 -0.05856100000000031 0.016675052631578893 0.07677299999999998
52 45 0.1300745000000002 0.16275562000000005 0.24046120000000015 -0.2657696000000001 -0.2506976000000001 -0.17632669999999995 0.19398057451048725 0.1110618000000001 0.29402959999999956 0.012873999999996055 0.14910042105263138 0.24115200000000003 -0.056363000000000385 0.045678736842105334 0.1761540000000006
52 46 -2.0154560999999998 -1.2182487220000002 -0.4163168999999999 -0.15075139999999998 -0.06491950000000002 -0.036235600000000034 0.3953263694843726 0.15690579999999987 2.52969704 0.806823000000001 1.3314194947368418 1.9624999999999981 -0.21791600000000022 -0.08258199999999993 0.038935999999999416
52 47 -0.13580500000000006 -0.08544881999999994 0.017819499999999877 0.011853499999999906 0.03367649999999989 0.05338784999999996 0.21667296236844913 0.08641279999999973 0.5669584000000003 -0.16704800000000075 0.22237810526315788 0.5523259999999985 -0.0775579999999998 -0.04548042105263144 0.03595299999999968
