54 0 -0.33930839999999984 -0.028900559999999985 -0.0700691000000001 0.17368125 0.24517120000000003 0.28840900000000014 0.342452346323863 0.1876777999999999 1.8435568 -1.3508279999999995 -0.9554524210526316 0.02354999999999885 -0.065468999999998 0.013832526315789484 0.23440099999999964
54 1 -2.1132985 -2.0337623000000002 -2.0465891999999997 -0.00268470000000004 0.0013815999999999828 0.016587050000000048 0.2998537262334171 0.37187020000000004 0.9019336000000002 -0.05369400000000191 0.47470189473684227 0.7291079999999983 -0.020724000000000853 -0.04508378947368412 0.20598399999999906
54 2 1.7203588999999995 1.8756852800000003 2.0758069000000003 0.017521200000000015 0.08919169999999998 0.14232834999999988 0.23440686800730254 0.19273320000000016 0.7142244000000009 0.2816580000000002 0.3695945263157899 0.46628999999999365 -0.1475800000000016 -0.09059726315789475 -0.056520000000002124
54 3 -0.6648322000000001 -0.6411346200000001 -0.6236825000000001 0.037397400000000025 0.07653750000000015 0.08643635 0.20233058003469107 0.14359220000000006 0.3841475999999999 -0.4138520000000012 -0.11009831578947363 0.04458800000000096 -0.04207599999999978 0.048356000000000045 0.11932000000000054
54 4 1.5340312999999997 1.8674804600000001 2.2088958000000005 0.7657282500000002 0.788611 0.8276176500000003 0.28302037466462737 0.39764960000000027 1.0186159999999989 0.03234199999999632 0.4934757894736839 0.9269280000000002 0.00376800000000177 0.19623347368421049 0.3075629999999996
54 5 -0.2286391000000002 0.16978607999999998 0.4882229 0.06252524999999998 0.11398200000000003 0.17155389999999987 0.30688861673086953 0.20428839999999981 0.8288344000000003 -0.9642940000000011 0.3192884210526317 0.9470240000000008 0.009734000000001242 0.040572105263157965 0.1797649999999995
54 6 -0.40937749999999984 -0.35970898 -0.29748359999999996 0.0399800500000001 0.05403940000000007 0.06344369999999988 0.18341033654106054 0.05793300000000001 0.15203880000000014 -0.17332800000000148 -0.060552421052631505 0.07724399999999854 0.006750999999998175 0.030491052631578953 0.061230000000001006
54 7 1.3878957 1.4647503400000002 1.6229561000000006 0.07959114999999983 0.0845916000000001 0.16214960000000006 0.24042501772195227 0.09065179999999984 0.8241871999999995 -0.08163999999999838 0.3954086315789476 0.9451400000000021 -0.131408999999999 -0.043447684210526215 0.01004800000000139
54 8 2.4616344000000003 2.8187214800000007 3.13501211 0.3662260500000001 0.5302989 0.71671285 0.3388354105911242 0.7244922 1.20982944 0.3761719999999924 -2.6840686947368417 0.7600055999999977 -0.481676000000002 0.1429361052631578 0.6358500000000022
54 9 0.6589133 1.19342294 1.6100507 0.008587900000000093 0.042562700000000064 0.06740794999999983 0.3641011940799138 0.1656664000000001 2.1875751999999995 -1.2921099999999974 -1.1513553684210525 -0.779976 -0.0877630000000007 0.07959073684210513 0.19185399999999908
54 10 -1.4631144 -1.12965896 -0.9583594 0.16297385000000014 0.1726529 0.19759235000000008 0.3074494674811879 0.10767059999999984 1.3780203999999998 0.015700000000000713 0.7252738947368421 1.7021940000000002 -0.13925900000000047 -0.0555284210526316 0.013030999999998905
54 11 -1.0867697 -0.8424808400000001 -0.5629706000000001 0.31956565000000015 0.42861000000000005 0.6199380500000001 0.2904488594104874 0.3977438000000002 1.1030192 0.34665600000000074 0.5805364210526316 0.7963039999999988 -0.3510519999999995 -0.20933884210526327 -0.14820799999999967
54 12 0.7082113 1.0757169000000002 1.2168756 0.3709831499999998 0.38388069999999996 0.4535808499999998 0.34079916224488227 0.4710941999999998 1.5985112000000004 -1.6324860000000019 -0.6266448421052634 0.3102319999999992 -0.647781999999999 -0.14781136842105252 0.09074600000000044
54 13 -0.11851930000000022 0.64137012 1.3534813000000008 0.19578685 0.2368188000000001 0.27019700000000013 0.3223501374219523 0.11068500000000014 1.6657699999999998 0.21257799999999882 0.8673341052631576 1.649128000000002 -0.2014309999999997 -0.03525063157894728 0.19436600000000026
54 14 -0.21675420000000012 0.6545047400000004 1.4692845 -0.007269099999999917 0.034869700000000114 0.11811109999999997 0.34100467147481855 0.12717000000000023 1.8433055999999999 -1.4965240000000013 -0.9701608421052632 -0.09200200000000214 -0.062485999999998265 0.06693157894736854 0.13015300000000063
54 15 0.6686787000000001 0.9860856 1.4260624000000002 -0.010456199999999971 0.016170999999999935 0.07681224999999986 0.3189076433741813 0.1074822000000002 1.6689727999999993 0.5890640000000014 0.878406736842105 1.1473560000000038 -0.14444000000000123 0.0008593684210526847 0.11037100000000022
54 16 0.07945770000000019 0.09797428000000011 0.11351100000000025 0.22111880000000017 0.22608000000000006 0.23244634999999997 0.16213644873469102 0.021760199999999896 0.05670839999999977 -0.061229999999998785 -0.02984652631578935 0.0031399999999992545 -0.0021979999999999222 0.011452736842105208 0.035167999999999866
54 17 -1.3043403 -0.71749942 -0.17566729999999997 0.10541764999999997 0.1311264000000001 0.14100170000000012 0.3399828734085766 0.06826359999999987 2.0062087999999996 0.8578480000000033 1.0558993684210527 1.2943079999999996 -0.09121700000000121 -0.03442431578947367 0.010990000000000721
54 18 -2.2150188 -1.65555244 -1.1404009 -0.24133254999999987 -0.030395200000000067 0.06235254999999995 0.3470078030977485 0.6295700000000002 1.5764056000000002 -1.3125200000000004 -0.829687157894737 -0.45435799999999804 -0.5027140000000019 -0.33135263157894745 -0.17741000000000007
54 19 -0.29173740000000004 -0.21066573999999996 -0.05237519999999973 -0.05259500000000006 -0.027584900000000023 0.04553000000000007 0.254462860603481 0.1937694000000001 0.9419372000000004 -0.741668000000002 -0.4957564210526318 -0.2062979999999981 0.04050600000000126 0.10198389473684215 0.14820799999999967
54 20 1.5379562999999998 1.5747288400000001 1.6439313000000002 -0.022882750000000063 -0.008179699999999901 0.0020017500000001354 0.1918115208614427 0.11872340000000015 0.3042032000000008 -0.027004000000006023 0.03797747368421072 0.18274799999999924 -0.035324999999999385 -0.02905326315789483 0.06656799999999907
54 21 -0.4789912999999997 -0.4612628599999999 -0.45771779999999984 0.14151195000000005 0.1556654999999999 0.16386090000000003 0.16717645533405417 0.031745399999999924 0.08967839999999994 0.020723999999998632 0.04719915789473681 0.07724400000000076 -0.04804199999999925 -0.016708105263157854 0.013973000000001567
54 22 -1.6815328 -1.1466620600000001 -0.5747613 0.36301540000000015 0.46093629999999997 0.6551610000000001 0.3606453786009334 0.3587764000000002 1.9537708 0.6860900000000014 1.0283004210526314 1.3128340000000005 -0.31117400000000295 -0.18882968421052643 -0.09231600000000006
54 23 0.28396589999999977 0.9632138400000001 1.6191096000000007 0.13265715 0.19882480000000002 0.47943875000000014 0.4480233622213152 0.7219487999999998 2.6574448 -1.8538560000000048 -1.3986551578947366 -1.0157899999999986 -0.7251830000000004 -0.35576199999999997 -0.012716999999999867
54 24 -1.5217068 -1.1862700199999998 -0.9492848000000002 0.023424400000000123 0.06999060000000012 0.13706100000000004 0.26994768957609244 0.09966359999999996 1.1157047999999998 -0.9799939999999996 -0.5667204210526317 -0.0857220000000003 -0.07567400000000002 -0.03688673684210529 0.09137399999999851
54 25 3.1121953 -3.031248926 -2.92215308 -0.11650970000000005 -0.08098060000000007 0.1793332500000001 0.2680624585578121 0.35733199999999976 0.5294353999999997 -0.5085544000000009 -3.1183934947368424 0.1859194000000004 -0.15213300000000096 0.1359124210526316 0.20504200000000083
54 26 -0.12621229999999994 0.06571077999999994 0.034430099999999686 0.2326896999999999 0.2402571 0.24707874999999996 0.24771763483214332 0.022921999999999887 1.01422 0.03610999999999809 0.5337999999999999 0.7146639999999982 -0.0373660000000009 0.01206421052631573 0.07269100000000028
54 27 1.7145655999999994 2.750024246 -2.52807366 0.12440679999999998 0.2714059 0.3275255500000001 0.5872847791078759 0.3901136000000003 3.076634800000001 -2.761315999999999 -2.025200842105264 -1.5944920000000007 -0.4185620000000001 -0.06932789473684213 0.09420000000000095
54 28 0.6545016000000002 0.8806443999999999 1.2471766000000004 0.17952950000000018 0.18943619999999994 0.1920424000000001 0.3017672406557101 0.09793659999999971 1.5579423999999995 -0.2389539999999979 0.6668698947368419 1.7075320000000005 -0.02496300000000007 0.03520105263157889 0.07693000000000172
54 29 -0.3541762999999999 -0.33227166 -0.20292250000000012 0.3054906 0.3323062 0.3615317500000001 0.21617563489711136 0.14924419999999983 0.5451040000000003 -0.3642399999999979 -0.2868968421052633 -0.04364600000000163 0.05196699999999943 0.07854957894736833 0.10361999999999871
54 30 -0.3491052 -0.09908583999999998 0.12034050000000007 -0.11420964999999994 -0.11041809999999996 -0.10371419999999998 0.243016065603481 0.08308439999999995 0.9195176000000003 -0.721257999999998 -0.47823852631578967 -0.1340779999999997 -0.035482000000000014 -0.037283368421052496 0.012560000000000349
54 31 0.5215068999999999 0.8239736800000003 1.1774058 0.06553965000000006 0.0894429000000001 0.22323830000000006 0.33386399230921343 0.46619579999999994 1.0083795999999996 -1.3944740000000033 -0.21576757894736856 1.0958600000000018 -0.5675550000000007 -0.22019663157894734 0.005808999999998843
54 32 1.0062600999999998 1.01405044 1.0209709999999999 0.17660929999999997 0.17819499999999988 0.18055785000000008 0.15962517222768474 0.028573999999999877 0.01701879999999978 -0.023236000000004253 -0.007767368421052423 0.013815999999997608 -0.026689999999998104 -0.015038947368420989 0.002825999999999107
54 33 -0.1882587000000001 0.2795228 0.8041539999999999 0.10045645000000003 0.2296438999999999 0.28325939999999994 0.35880907866462736 0.4193783999999998 1.8628991999999998 0.10864399999999996 0.6249591578947369 1.568744000000002 -0.33048500000000147 -0.20945452631578956 -0.010362000000000426
54 34 -1.4078032999999999 -0.82514804 -0.26289649999999976 0.2888642999999999 0.30549059999999995 0.34300575000000005 0.32208353814042356 0.0926927999999998 1.8027996000000006 0.6355359999999977 0.9488418947368423 1.2673040000000002 0.004081999999999697 0.04277010526315789 0.09686900000000165
54 35 -0.4466650000000001 -0.3829512600000001 -0.2779842 0.19276460000000017 0.2115418 0.2275165500000001 0.21649294730857618 0.12861440000000002 0.5755619999999997 -0.42076 -0.30292736842105245 -0.20033200000000084 0.028730999999999618 0.06769178947368422 0.11162700000000081
54 36 -0.12214599999999987 -0.11504331999999992 -0.10661869999999996 0.046817400000000176 0.05253219999999981 0.05813710000000011 0.15964479023660194 0.019499399999999723 0.03391199999999994 -0.0009420000000015527 0.017848421052631548 0.030143999999998616 -0.0003140000000001475 0.010262842105263011 0.016484999999999417
54 37 0.2653142999999999 0.73103282 1.1847534000000002 0.28417785000000007 0.3173284000000002 0.3348652999999999 0.302400479035328 0.15593239999999997 1.4858480000000003 0.5086800000000036 0.7820252631578949 1.0126499999999994 -0.09828200000000065 0.041167052631578945 0.1381600000000005
54 38 1.9000139999999996 -3.0465124660000003 -1.5006531 -0.1519681499999999 -0.05703809999999987 0.13925899999999997 0.6034461040985349 0.459225 3.1047064000000004 -2.8627380000000002 -2.1479517052631576 -2.014309999999999 -0.4504330000000001 -0.14030842105263158 0.23298800000000175
54 39 -0.19725479999999995 0.14666626000000002 0.4432895000000001 0.048803449999999915 0.10431080000000015 0.13859175000000012 0.2731540795633536 0.19411479999999992 1.1472304000000002 -0.963666000000003 -0.5928320000000004 -0.18651600000000101 -0.05604900000000024 0.06559294736842107 0.17850900000000003
54 40 -0.31258700000000017 -0.28663176 -0.2641839 0.11289085000000004 0.13483159999999994 0.1535302999999999 0.17322397502131534 0.11187820000000026 0.09765400000000035 -0.03579600000000127 -0.019864631578947467 0.06405600000000122 0.018839999999999968 0.058883263157894876 0.0808550000000019
54 41 -0.35075369999999984 0.1859979 0.7250731 0.1571098999999999 0.20592120000000003 0.2277128 0.31092509733851276 0.21932899999999989 1.5070743999999996 -1.0594360000000025 -0.7931970526315787 -0.4414840000000009 -0.2008029999999994 -0.05009126315789483 0.09953800000000013
54 42 1.6505253000000004 1.91336528 2.1822529000000004 0.10889520000000008 0.12616519999999998 0.18841569999999996 0.2763859335729077 0.22865479999999994 1.0155387999999999 0.32373399999999997 0.5344941052631578 0.7554839999999929 -0.08823400000000148 0.12034463157894733 0.38480700000000034
54 43 -0.6223637000000002 -0.5771979399999999 -0.5256203 0.03978379999999998 0.04640920000000004 0.1263143500000002 0.19236935206590128 0.13178580000000029 0.2962275999999999 -0.19844799999999996 -0.1559092631578947 -0.11555200000000099 -0.015856999999999122 0.05511526315789497 0.09545600000000154
54 44 -1.3406544 -1.0283091800000002 -0.6475150999999998 0.03196520000000014 0.08757460000000017 0.09594270000000005 0.2827840128194044 0.09865880000000016 1.3039792 0.522809999999998 0.6863048421052631 0.8361820000000009 -0.14726600000000034 -0.0519256842105264 0.01726999999999923
54 45 0.9772307999999995 1.51650382 2.1436466000000003 0.08410489999999993 0.20855879999999993 0.5059560500000003 0.37909073449583763 0.5219936000000003 2.0420676000000006 -1.2864580000000014 -1.0747724210526317 -0.7287940000000015 -0.3416320000000006 -0.27473347368421064 -0.10346300000000141
54 46 -0.41713330000000004 -0.3311883600000001 -0.3412865999999999 0.16674185000000008 0.18441220000000003 0.22607215000000014 0.21203773790284405 0.10936620000000019 0.5410848000000006 -0.4191900000000004 -0.23536778947368434 0.08540800000000015 0.009577000000000613 0.056106842105263156 0.09137400000000073
54 47 -1.0314586 -0.6725628800000001 -0.30957259999999986 0.3709360500000001 0.4336968000000001 0.4624435 0.29732617737609207 0.10365139999999995 1.4329075999999998 0.5294040000000011 0.7541618947368421 0.9360339999999989 -0.05589199999999961 -0.009006842105263124 0.09074599999999933
