63 0 -0.63 -0.49904840686274515 -0.3979411764705881 0.29 0.29 0.3 0.1925439156343295 0.010000000000000009 0.41000000000000003 0.023529411764706132 0.2157894736842105 0.3108455882352945 0.0 -0.005263157894736818 0.0
63 1 0.4420588235294119 1.1811218137254904 1.7706250000000001 0.28911764705882337 0.41222222222222227 0.6846176470588238 0.48471790147422533 0.5233333333333339 2.8111764705882356 0.951960784313729 1.4795665634674926 2.005147058823532 -0.40000000000000063 0.031578947368421054 0.7990196078431402
63 2 -0.29 -0.2932011846405228 -0.27 0.12 0.13 0.13 0.1738950861500699 0.030000000000000013 0.19 0.0 0.09473684210526315 0.0888888888888889 -0.011764705882351678 -0.010526315789473694 0.0
63 3 -0.643397074714418 -0.42657974898050605 -0.245 0.1675 0.18 0.1929017857142858 0.20112716062489902 0.04000000000000001 0.441280487804878 0.048240097098092155 0.23225288831835683 0.5002996132227713 -0.09999999999999995 -0.02105263157894737 0.0
63 4 -0.35 -0.33011945362606177 -0.23544642857142858 0.2 0.23 0.275 0.20887102940261182 0.19999999999999998 0.41121212121212114 -0.036309523809523875 0.19334563132914434 0.34238955823293105 -0.10000000000000009 -0.10526315789473684 -0.09999999999999981
63 5 -0.66 -0.6334117647058825 -0.6198529411764707 -0.28250000000000003 -0.2476470588235294 -0.04597426470588231 0.20265145893324985 0.36529411764705866 0.0964705882352942 0.0 0.050773993808049575 0.12352941176470733 -0.3518382352941173 -0.17368421052631583 0.0029411764705879195
63 6 -1.2580459821428571 -0.7992864458886183 -0.3748518668831163 -0.9524999999999999 -0.8810037878787877 -0.6289796122994652 0.3617359188219702 0.33832147742818086 1.3223255813953485 -0.306421949845026 0.6959608323133413 1.5145571095571082 -0.15088757396449604 0.1780639354885163 0.7002768065268083
63 7 -0.31 -0.2701404010057728 -0.23352409638554217 -0.16604907434616525 0.1 0.1 0.21336946504556614 0.5 0.17 0.0 0.08421052631578949 0.11144578313252912 -0.5266254578754588 -0.2631578947368421 0.0
63 8 -0.04 -0.016269209998175493 -0.00402857142857135 0.03 0.03 0.04 0.1659733447543541 0.039999999999999994 0.07 -0.10000000000000002 0.005263157894736847 0.1 -0.04046187106918382 -0.005263157894736842 0.029341317365268633
63 9 -0.32 -0.28670085784313726 -0.2375 0.08 0.1 0.10470588235294113 0.1869037695051674 0.03 0.3152941176470588 0.0 0.14489164086687303 0.2176470588235302 -0.06176470588235297 -1.460819769243627e-18 0.06470588235294089
63 10 0.7882352941176474 1.1039442401960786 1.454705882352941 -0.19735294117647048 -0.11596405228758161 -0.05371323529411791 0.3747933814962989 0.2747058823529412 2.1525000000000003 0.6147058823529417 1.1328947368421054 1.9832720588235258 -0.37665441176470565 -0.09326625386996923 0.1736111111111086
63 11 -0.08418198529411766 0.5187902369281048 0.8367647058823534 -0.01 0.01705882352941181 0.03156250000000002 0.32672449259576775 0.05625000000000009 1.827279411764706 0.32005718954248186 0.9617260061919505 1.371874999999997 -0.031250000000000444 0.012499999999999954 0.03235294117646982
63 12 -0.43310314428445484 0.07102502633059321 0.6096236432279383 0.36749999999999994 0.377439024390244 0.4007680722891567 0.36756233603641264 0.34726190476190477 2.0180952380952384 0.6257737107540523 1.062155388471178 1.5449494767232086 0.01648044692737549 0.18276942355889722 0.2988809784592916
63 13 -1.300625 -1.0511982274485476 -0.7783333333333338 -0.14 -0.1 -0.07 0.27543727304717486 0.21529411764705933 0.82 -0.8117647058823568 0.12012383900928858 0.7260180995475118 -0.10000000000000002 0.11331269349845226 0.1661290322580649
63 14 -0.64 -0.5792555147058823 -0.5372058823529411 -0.06 -0.05 -0.04 0.18080712148565867 0.019999999999999997 0.19999999999999996 0.0 0.10526315789473682 0.24705882352941216 0.0 0.0052631578947368385 0.0
63 15 -0.3254595588235295 0.7904161399208809 1.850735294117648 0.0375 0.08558823529411759 0.14387254901960783 0.4532249988633295 0.21069852941176465 3.0441911764705885 0.9199754901960766 1.6022058823529413 2.5088235294117625 -0.08529411764705908 0.014802631578947461 0.23333333333333428
63 16 -0.053125000000000006 -0.019698529411764698 0.0 -0.13411764705882356 -0.07 0.0 0.18938165854830194 0.21588235294117647 0.1 -0.15000000000000002 0.010526315789473686 0.18529411764705778 0.0 0.10835913312693497 0.26470588235294096
63 17 -0.4745098039215686 -0.38265134803921574 -0.2675 0.0075 0.04 0.08029411764705871 0.20632068465915432 0.06999999999999999 0.22611111111111115 -0.17430555555555644 0.11323099415204683 0.4488970588235294 -0.18235294117647116 -0.031578947368421054 0.10937500000000173
63 18 0.418823529411765 1.1634939542483664 1.8579227941176475 -0.015 0.045 0.0875 0.41001763254707196 0.24 2.6650000000000005 1.1437500000000012 1.4026315789473687 1.6834558823529377 0.0 0.12631578947368421 0.20000000000000004
63 19 0.6062499999999998 1.7184283088235297 2.9439705882352944 0.17779411764705882 0.2647242647058823 0.35499999999999965 0.5063858768324873 0.38 3.1125000000000003 0.9470588235294091 1.667763157894737 2.5500000000000025 -0.49008152173913155 -0.2 0.2970588235294108
63 20 -0.024593373493975848 0.06353521193795413 0.1650449101796408 -0.7225 -0.5216357142857142 -0.21087962962962942 0.2652671855073789 0.4314857142857144 0.5974738095238096 -0.3941176470588241 0.07351978749268363 0.5516023340727744 0.0 0.22709774436090235 0.206053804203246
63 21 -0.86421875 -0.6510623774509803 -0.5130392156862742 0.15 0.175 0.19875000000000015 0.23116608852875295 0.04000000000000001 0.4117647058823535 -0.25833333333333264 0.21671826625387022 0.7958333333333323 -0.06176470588235297 -0.010526315789473694 0.09166666666666767
63 22 -0.41494598765432106 -0.09636626877614411 0.12163352272727271 -0.05421296296296288 0.03453330540427317 0.26627245508982034 0.2589646257630552 0.44 0.6518674698795183 -0.5002324111259848 -0.34308814204185173 0.0 -0.23614457831325186 0.0 0.5311377245508984
63 23 -0.78 -0.7038711192810457 -0.6373437499999999 -0.115 -0.02 -0.01 0.19860986472956124 0.22 0.2464705882352941 0.005882352941177227 0.09318885448916414 0.19999999999999962 -0.25 -0.11578947368421054 0.0
63 24 1.0674391304347828 1.5422560494644562 2.3462907608695653 0.0675 0.0878260869565217 0.13211538461538463 0.3933257516683635 0.1618526315789472 2.3921052631578945 0.3384090909090909 1.2590027700831026 1.7815151515151506 -0.1974999999999991 -0.02686980609418278 0.09999999999999995
63 25 -0.8075000000000001 -0.6531727124183005 -0.51859375 -0.17558823529411755 -0.17 -0.17 0.20180996254483305 0.026470588235294218 0.404666666666667 0.028124999999999956 0.21298245614035102 0.4191176470588229 0.0 0.005263157894736847 0.049999999999999906
63 26 -0.52 -0.47091129333508874 -0.45289855072463764 0.0 0.0 0.01 0.1784478397320218 0.02 0.15228915662650605 -0.08314285714285718 0.04616360177552315 0.10000000000000009 0.0 0.005263157894736842 0.0
63 27 -0.3219736842105263 -0.2892458397832818 -0.26 0.24764705882352933 0.255 0.26 0.17111001839196935 0.04235294117647065 0.11764705882352935 -0.050000000000000044 0.03560371517027859 0.18947368421052602 -0.047058823529413374 0.0015479876160989197 0.050000000000000044
63 28 -0.325 -0.267816265060241 -0.21 -0.12 -0.11 -0.1 0.1721381340527024 0.01999999999999999 0.18 0.0 0.09473684210526316 0.11837349397590374 0.0 0.010526315789473679 0.0
63 29 0.18669117647058825 0.49053145424836586 0.7324999999999999 0.14838235294117638 0.2915257352941175 0.5958823529411763 0.2901873442535051 0.5700000000000001 0.595 -0.5500204248366016 -0.13421052631578959 0.10000000000000009 -0.4441176470588247 0.01517027863777099 0.3378676470588222
