77 0 1.1864696969696968 1.1694390064027789 1.21 -0.08 -0.08 -0.08 0.18519069728263407 0.020000000000000004 0.32738095238095266 -0.12060606060606105 -0.1723057644110277 0.0 0.0 0.010526315789473686 0.0
77 1 1.5741176470588236 1.6214558823529412 1.62 0.13890625 0.16 0.4289705882352942 0.22938173518658714 0.35 0.34499999999999975 -0.09999999999999898 0.18157894736842092 0.13970588235294068 -0.09999999999999995 0.09473684210526317 0.08345588235294105
77 2 0.032058823529411806 0.03499346405228759 0.07 -0.2125 0.008888888888889016 0.14 0.2057403379202905 0.3682352941176472 0.16999999999999998 -0.09999999999999995 -0.01578947368421053 0.05000000000000001 -0.09117647058823619 0.17368421052631577 0.39150326797385704
77 3 -1.0842647058823531 -0.7189422794117648 -0.5539117647058823 -0.28250000000000003 -0.055 0.055999999999999966 0.31923929102312737 0.7764705882352942 1.13375 -0.8599999999999952 -0.5967105263157895 -0.24117647058823466 -0.4764705882352957 -0.3928792569659444 -0.06176470588235228
77 4 -0.014776536312849373 0.04402417441676771 0.1490853658536586 -0.0225 0.05487376074025117 0.08 0.20922920547920695 0.18 0.4208762961881122 -0.47931683802206937 -0.2215138400990064 0.0 0.0 0.09473684210526316 0.2155882352941168
77 5 0.9390210843373493 0.9742308736561809 1.0925000000000002 -0.14340773809523805 -0.06932884231536923 0.013790322580645175 0.23946419264814323 0.293095238095238 0.3955555555555566 -0.37365269461077877 -0.20818713450292453 0.22083333333333233 -0.15 0.05952380952380948 0.26507877102937183
77 6 1.1832077205882352 1.3549170343137256 1.6669607843137255 -0.08296874999999995 -0.045 -0.01 0.3042607769045536 0.17333333333333334 1.5309999999999997 0.4088235294117648 0.8057894736842104 0.6005514705882331 0.0 0.08421052631578947 0.10000000000000006
77 7 -0.37881433823529426 -0.2853180147058825 -0.0975 -0.5539705882352941 -0.23176470588235262 0.04734375000000016 0.3004408795735642 0.62 0.8908823529411769 -0.9441176470588217 -0.4688854489164088 0.0 -0.0617647058823511 0.3157894736842105 0.7470588235294127
77 8 -0.48751909969290697 -0.29151335783096927 -0.07417664670658689 0.01 0.015 0.02622727272727278 0.2223030342031588 0.03 0.73 -0.49785121433518875 -0.38421052631578945 -0.2590889649272885 -0.01592356687898028 7.304098846218135e-19 0.0
77 9 0.01 0.7897940827720559 1.497185628742515 -0.07500000000000001 -0.03 -0.03 0.3228175530657323 0.11000000000000001 1.7252976190476192 0.0 0.7866057358966279 0.8159340125233577 -0.1 -1.460819769243627e-18 0.1251497005988021
77 10 -1.4579411764705883 -1.035598780959752 -0.8129411764705878 -0.07 -0.019705882352941205 0.045 0.3791741112248071 0.17 1.1535294117647066 -0.046874999999998446 0.6071207430340562 1.7852941176470594 -0.19999999999999868 -2.921639538487254e-18 0.19999999999999998
77 11 0.5613152472527461 0.7309030010751145 1.1825 0.05 0.05592948717948715 0.07 0.39285500581144694 0.1975882352941178 2.517941176470589 -2.9106683868560035 -1.325232198142415 -0.09534883720930254 -0.14070512820512862 -0.10399380804953569 0.0
77 12 -1.2025 -0.7135184641535353 -0.4190926123213688 0.07838957055214722 0.11424698795180724 0.1325 0.40231424334274374 0.13 2.60185628742515 0.09722242262462988 1.369398046013237 1.8990348538697783 -0.16652811558427522 -0.06842105263157895 0.09961273666092868
77 13 -0.4457634730538923 -0.28159073884742725 -0.0045949720670390585 -0.05287425149700598 -0.025 -0.02 0.24940625233203376 0.05 0.9818823529411768 -0.7559880239520946 -0.5167801857585141 -0.3382165605095535 -0.09251497005988048 -0.02631578947368421 0.0
77 14 0.6313786764705882 0.8923749999999997 1.18 -0.06 -0.050000000000000135 -0.04 0.24144826747684547 0.020588235294117588 0.9469117647058827 -0.7474264705882359 -0.49837461300309616 -0.1970588235294124 -1.3183898417423734e-15 -0.0036377708978329935 0.0
77 15 0.6836242603550295 0.7434803172184794 0.82 0.09 0.11 0.1416964285714286 0.1924958887310359 0.18101796407185633 0.2510179640718563 0.04999999999999949 0.13211471793255594 0.2026627218934901 0.0 0.09000945477466123 0.1660714285714282
77 16 -1.9020784313725492 -1.6384723813209494 -1.3450000000000002 -0.3196875000000001 -0.16 -0.1207812500000002 0.2764019421628186 0.18999999999999997 1.1118750000000002 -0.7514705882352957 -0.5851973684210527 -0.3479779411764683 -0.16874999999999946 -0.08142414860681102 0.09999999999999981
77 17 -0.37374999999999947 -0.25560294117647053 -0.09794117647058836 -0.25736111111111115 -0.0761764705882353 0.33151960784313694 0.2922618435292095 0.9000000000000004 0.56 -0.24705882352941091 0.11578947368421037 0.33235294117646996 -0.7433823529411758 -0.473684210526316 -0.2972222222222214
77 18 -0.8007352941176475 -0.12227340686274528 0.7176838235294118 -0.1825 -0.155 -0.13 0.3788425742427283 0.09 2.3635294117647057 -1.6066666666666642 -1.2439628482972136 -0.6500000000000004 -0.049999999999999906 0.04736842105263158 0.12187500000000046
77 19 -1.5 -1.4591525735294115 -1.443970588235294 -0.36 -0.22411764705882353 -0.029270833333333288 0.2199331964588571 0.24388888888888896 0.28 -0.023529411764705577 0.1473684210526316 0.28124999999999956 -0.2187500000000007 -0.007309941520467845 0.20000000000000018
77 20 -1.4525 -1.2370786764705881 -1.2591176470588237 -0.06 -0.01697478991596659 0.042499999999999996 0.26075969677920197 0.15 0.756250000000001 -0.3500000000000003 0.33062865497076016 0.5287581699346433 -0.22333333333333205 -0.07894736842105261 0.09999999999999995
77 21 1.5836250000000005 1.591804044117647 1.7125 -0.71 -0.2629411764705885 -0.1468333333333334 0.266869534399174 0.665294117647059 0.5918750000000002 -0.057536764705883314 0.2904605263157895 0.462499999999999 -0.26341911764705905 -0.35015479876161 -0.02187499999999898
77 22 0.8060508447390933 1.1544504038206032 1.5171802571327935 0.1475 0.175 0.22 0.275415593016081 0.12 1.1400000000000001 0.4162832230276303 0.6 0.7983175859983976 -0.07017543859649228 0.03684210526315788 0.12275449101796274
77 23 -0.560048076923077 -0.36197669845582775 -0.15309880239520945 -0.31741620111731866 0.07763811342932692 0.4020454545454546 0.28392617329914294 0.79 0.49 -0.45957723108001086 -0.03690513709423248 0.10000000000000002 -0.808633986495433 -0.39999999999999997 0.0
77 24 -0.18676470588235294 0.4802742647058822 1.281470588235294 -0.15 -0.11676470588235288 -0.032647058823529335 0.3880723993870482 0.19 2.3952941176470586 -2.321875000000002 -0.7304024767801861 -0.30176470588235194 -0.09999999999999995 0.029122807017543988 0.14431372549019678
77 25 1.6117113095238098 1.7820514457208094 1.9953520208604956 -0.04 -0.035 -0.017499999999999998 0.26036592008900317 0.34470238095238115 0.8425748502994013 0.23293413173652633 0.3673012996563263 0.5986692223439194 0.0 0.18142230576441112 0.23409090909090946
77 26 0.2555882352941171 0.7702623491704373 1.3374356617647059 -0.09 -0.07 -0.06234374999999995 0.4104734681590065 0.13999999999999999 2.4677573529411774 -2.8985294117647076 -1.298819659442725 -0.06672794117647096 -0.2737132352941163 -0.07368421052631577 0.08235294117647111
77 27 1.244970238095238 1.4764846313969826 1.7446913445835601 -0.175 -0.09711309523809522 -0.015381275052490975 0.2910935021799506 0.46443786982248514 1.0288757396449704 0.4311377245508974 0.4257240734973527 0.7989345259061698 -0.2747023809523803 -0.24444098411709742 0.0
77 28 -0.5476102941176473 0.16298182189542468 0.9957352941176467 -0.020294117647058792 0.025 0.042499999999999996 0.34503326323925493 0.1 2.0364705882352943 -1.5441176470588216 -1.0718266253869968 -0.5470588235294127 -0.015257352941174824 0.026315789473684206 0.10000000000000006
77 29 -1.2954411764705884 -0.20283455882352963 1.01 0.0074999999999997916 0.03970588235294121 0.06044117647058824 0.40647096376025976 0.07 2.69 -2.2389705882352953 -1.369659442724458 -0.36176470588235365 -0.10294117647058931 -0.01578947368421053 0.055882352941175883
