87 0 -1.02 -0.8328815923167788 -0.658931767532558 -0.22 -0.15169745874105445 -0.018048008030182573 0.22049408209126792 0.17768292682926826 0.42536585365853663 -0.35212932655477536 -0.21335044929396668 0.14971098265895932 -0.20694325683209672 -0.08825417201540436 0.060986563458449106
87 1 -0.987857142857143 -0.5025551400053015 -0.038665096406660535 -0.10061746987951811 -0.09786417748917754 -0.065 0.29469003444832814 0.2759638554216868 1.13 -0.1309523809523805 0.5947368421052631 1.1505070546737186 -0.18765060240963782 -0.12945466074825618 0.0
87 2 -1.9744607843137256 -1.5909843911248713 -1.1949999999999998 -0.10046874999999997 -0.09 0.022794117647059055 0.2965303993999556 0.3506249999999999 1.2677205882352944 -0.8676470588235252 -0.6656733746130029 -0.3725490196078418 0.0 0.17927631578947362 0.3
87 3 -0.11 0.21576919934640532 0.4722058823529417 -0.14 -0.1294117647058823 -0.1100000000000002 0.2501457483062192 0.09000000000000001 0.9775 0.0 0.49868421052631584 0.691176470588236 -0.10000000000000009 -0.015789473684210662 0.09999999999999995
87 4 0.9148529411764702 1.2307485702614378 1.5329411764705885 -0.6792647058823533 -0.3235294117647058 -0.2025 0.3060771034086721 0.8617647058823533 0.7158823529411765 -0.3506535947712419 0.027554179566563218 0.5852941176470566 0.1687500000000003 0.45356037151702805 0.47408088235294077
87 5 -0.8635386029411765 -0.5374301470588236 -0.25562499999999977 0.1375 0.21176470588235313 0.23 0.24814120306367843 0.14705882352941185 0.8305882352941178 -0.649632352941174 -0.4371517027863778 0.0 -0.11819852941176531 -0.024148606811145355 0.13823529411764707
87 6 -0.1625 -0.11127056264813621 -0.06 0.02326298701298709 0.1178947368421054 0.30355263157894735 0.2062496770531494 0.34 0.20229411764705904 -0.24439775910364017 -0.10647058823529423 0.030505952380953175 0.0503759398496241 0.1736842105263158 0.320947368421054
87 7 -0.2925 -0.25512500000000005 -0.2175 0.042031249999999847 0.09 0.114375 0.18737874293313414 0.2 0.1 -0.050000000000000044 0.05263157894736843 0.15 -0.1972426470588239 -0.10526315789473684 0.0
87 8 -0.27 -0.2658823529411765 -0.26 0.35 0.36 0.36 0.15977678273548862 0.03999999999999998 0.011176470588235177 0.0 -0.004643962848297285 0.0 0.0 0.01578947368421051 0.04999999999999977
87 9 -0.6215277777777777 -0.45938676470588247 -0.34526654411764707 0.03111928104575149 0.19294117647058806 0.30546874999999996 0.2712623696631664 0.53 0.8 -0.5869281045751626 -0.42105263157894746 -0.2538888888888874 -0.2906250000000009 -0.2789473684210526 -0.1999999999999999
87 10 -2.356031073446328 -2.102612008912444 -1.9256532738095238 -0.64 -0.44809570208695026 -0.2065902441485068 0.31565216058442613 0.7454375000000001 0.9445454545454548 -0.9472818101675007 -0.2545633971291866 0.3800595238095239 0.10000000000000009 0.3923355263157895 0.695315550166262
87 11 -0.2525 -0.024226768398061326 0.2745089285714287 0.0075 0.02581871345029256 0.0925 0.22955393610434155 0.2 0.6279775280898878 0.050000000000000044 0.33051448846836207 0.4993939393939383 -0.10000000000000005 0.056830277942046224 0.09999999999999995
87 12 -1.286811377245509 -1.162867120035594 -1.23 0.1325 0.27 0.35868343195266283 0.3019551080603168 0.663012048192771 1.0590361445783132 -0.225730994152048 -0.5393603408275394 0.0436351074075636 0.12426900584795203 0.34895370957514266 0.37951807228915735
87 13 0.6025 0.7781268382352942 0.8933823529411766 -0.12 -0.10218750000000004 -0.08750000000000001 0.22848754152066642 0.0552941176470588 0.7441176470588238 0.22058823529411797 0.3916408668730651 0.5472426470588249 -0.17812499999999953 -0.02631578947368421 0.09999999999999995
87 14 -0.24651960784313737 -0.22432230392156857 -0.2 -0.3233823529411764 -0.2223529411764706 -0.017720588235293898 0.20524572220114196 0.45999999999999996 0.1 -0.08235294117647105 -0.002960526315789282 0.10000000000000148 0.13529411764705734 0.24210526315789477 0.3542483660130714
87 15 -1.8939705882352942 -0.7603955430856549 0.3306250000000006 -0.09 -0.039191176470588326 0.05999999999999994 0.48346306545828255 0.21000000000000002 3.0347368421052643 0.0 1.717972950953235 2.6595588235294136 -0.17500000000000096 0.005263157894736844 0.1823529411764703
87 16 -0.233970588235294 -0.23400563725490198 -0.1635294117647059 -0.17 -0.14500000000000002 -0.1275 0.21249397727367908 0.08 0.5352941176470591 -0.42647058823529493 -0.28173374613003116 0.02812499999999829 -0.15 -0.022600619195046544 0.10000000000000009
87 17 0.004999999999999999 0.2405441176470589 0.5492647058823532 -0.042499999999999996 -0.015 0.0025 0.22328534888660323 0.07 0.7100000000000001 0.07500000000000001 0.3736842105263158 0.5485294117647068 -0.1 -0.03684210526315789 0.0
87 18 -0.775 -0.5389411764705884 -0.36 0.0 0.1602941176470588 0.2 0.2164918152522313 0.2276470588235294 0.44000000000000006 -0.41470588235294176 -0.21052631578947373 0.050000000000000044 -0.2500000000000014 -0.1198142414860681 0.0
87 19 -0.22318014705882327 0.025878676470588242 0.05485294117647034 0.07 0.1826470588235294 0.2325 0.27514412517138553 0.2925 0.7577941176470585 -0.014705882352939632 0.39883900928792554 1.0235294117647074 -0.17058823529411682 0.07500000000000001 0.3305147058823524
87 20 -0.37031249999999993 -0.3678639705882353 -0.35 0.11 0.12764705882352928 0.13 0.16956214421059917 0.07 0.08999999999999997 0.0 0.04736842105263156 0.10000000000000009 -0.10000000000000002 -0.036842105263157905 0.0
87 21 -0.2921706586826347 -0.106877597599737 -0.1768088235294119 -0.1492365269461076 -0.125 -0.1193413173652694 0.27205931345113743 0.05 1.230892857142857 -0.7837535287386794 -0.5636278195488721 0.10000000000000009 -0.06317365269461188 0.026315789473684216 0.10000000000000009
87 22 -0.2025 -0.12615992647058827 -0.0325 -0.45558823529411774 -0.41579861111111116 -0.1861764705882354 0.21337826221506642 0.43999999999999995 0.23 -0.20588235294117588 -0.1105263157894737 0.0 -0.4218750000000011 -0.20906432748538006 0.0
87 23 -0.23210526315789473 -0.1797352116526753 -0.11278381642512071 0.22772058823529367 0.3456666666666666 0.4121739130434783 0.26835224288676773 0.6447826086956524 0.23 -0.15191798941798926 0.0038901601830664003 0.3176470588235275 -0.5834850606909412 -0.3393592677345539 0.1529629629629628
87 24 -0.5614705882352942 -0.4242371323529411 -0.29485294117647043 -0.8164705882352942 -0.6457720588235294 -0.20607843137254855 0.2822692321754527 0.8162500000000001 0.21999999999999997 -0.22812500000000097 0.09473684210526315 0.47647058823529403 0.1588235294117638 0.4296052631578948 0.8235294117647035
87 25 0.06178018575851382 0.3392477640178878 0.55 -0.06833333333333372 0.08499999999999999 0.0971875000000001 0.23536369372291346 0.1526315789473684 0.5068421052631579 -0.2825367647058814 -0.04717288577480843 0.2031249999999981 -0.10000000000000002 -0.06980609418282549 0.050000000000000044
87 26 0.40046875 0.62846875 0.9833363970588243 -0.11 -0.10406249999999984 -0.08 0.2413992749313028 0.088235294117647 0.8676470588235292 -0.1588235294117643 0.4074303405572753 0.7630514705882302 -0.020588235294118074 0.01919504643962818 0.15
87 27 -0.3020833333333333 -0.2181864787581699 -0.17 -0.25212500000000027 0.021874999999999933 0.27458333333333335 0.2453060956108808 0.69 0.3418750000000003 0.09999999999999981 0.17993421052631597 0.28055555555555545 -0.5340890522875812 -0.3631578947368421 -0.12499999999999956
87 28 0.1905572289156627 0.2053619316485526 0.2925 -0.09 -0.09 -0.08 0.19516591180633974 0.060000000000000005 0.4 0.0 0.19999999999999998 0.25790960451977474 -0.049999999999999975 -0.021052631578947368 0.0
87 29 -1.2244117647058828 -0.7360473748710012 -0.125 -0.6611764705882353 -0.5486184210526317 -0.2040104166666667 0.3949723013489314 0.9299999999999999 1.762352941176471 -1.4736842105263155 -0.9275541795665635 -0.21470588235294097 -0.7291666666666647 -0.4368421052631579 0.19117647058823517
