9 0 -0.25451889226880453 -0.015291847685182356 0.14632651371438188 -0.27187856726678805 -0.24997032183105808 -0.2328791851308481 0.21241745304893223 0.09642944117299998 0.3429397447249564 -0.2932153143359999 -0.18049460248681914 0.2082177797636 -0.05907939518019989 0.05075233745947367 0.13308135546499983
9 1 0.18220621677466203 0.18662800843460403 0.18845449549682203 0.03870766974399605 0.04032646262522605 0.046256218758896045 0.1578295586984419 0.019652407377520005 0.010402162341920013 -0.019809487010199744 -0.0042163480350947205 0.017889624833000023 -0.022863813201200005 -0.010343372303957897 0.00794124809659999
9 2 0.12483094168393605 0.1737019060691008 0.28076302038057155 -0.2722920648559895 -0.12724647736870404 0.18006673400036957 0.2620711927913927 0.7747342016702801 0.4384441613947454 -0.26302111827639973 -0.23076008494460287 -0.07086036763119974 -0.5664466087366 -0.4077548429843579 -0.10620328498419998
9 3 0.769362902415494 0.8160076993398201 0.879759340927624 0.40555110453589244 0.4671263205464524 0.5198134473412024 0.19298049932181605 0.25136231887304 0.11773991133992001 -0.12156218240179983 -0.0253623898145895 0.016842427281800187 -0.09677850702340007 0.07455311689069473 0.24530602636859994
9 4 -0.045308311049607 -0.020140663235767 -0.015118478313137 -0.10047656882012115 -0.09116523726070117 -0.08611250907616116 0.17151527734358046 0.07115707360404 0.12210323446992 -0.12950343049840005 -0.04190627393486316 0.037960911231000004 -0.0437204977625999 -0.028228404165242107 0.0160570291184
9 5 -0.05871001563654205 -0.019804881280213543 0.016046799549730498 -0.6752144126495796 -0.014288768179264062 0.5509186567885904 0.2936795366941188 1.6887282243576398 0.1240056433546 -0.11519173063199999 0.0011758007592421044 0.06187192198339998 -1.3709561274459987 -0.8888043286092843 -0.3054326190999995
9 6 0.03475110529252585 0.03814664335229185 0.042557090372095846 0.20680968690779303 0.21489056134455303 0.22030980867201305 0.1586318163744479 0.014887658519559976 0.017819811662920005 -0.0008726646259999901 0.00937884824364211 0.021467549799599958 -0.017191493132200086 0.00521761586913685 0.028361600345000043
9 7 0.16948136056874555 0.6305310264355957 1.0341436519484564 0.53073988719807 0.6002912578902699 0.7654866715920701 0.3026783851598427 0.31225685647532 1.3471149298636802 0.37934731292220136 0.7090078578229895 0.889594319747018 0.09093165402919934 0.163776185441621 0.24774948732140034
9 8 0.18102889523229054 0.1971068683017146 0.23848513420826148 -0.4809274146431305 -0.3738601916791905 -0.2682939518719705 0.2048132271287295 0.38657297602548 0.1374097720104836 -0.15751596499299997 -0.07232093263709663 0.04703662334139991 -0.27392942610140014 -0.20345946106604207 -0.13089969389999997
9 9 -0.34117516836995204 -0.16130240832361686 0.0367540645346489 -0.12706937493103293 -0.09396484234372295 -0.08081814975303295 0.21842960622635588 0.23266984258429452 0.47968629161933096 -0.31538099583622536 -0.132498048056911 0.17898351479260013 -0.2014109956808 -0.1224578118864708 -0.0273144027938
9 10 -0.5283476225694135 -0.4432471135711281 -0.4261847748035935 0.13499438176923817 0.14646555827800817 0.15936354145028817 0.20381652634496777 0.0800233462036764 0.4807683957560946 -0.3055198855626001 -0.23279936438659712 0.030543261910000452 -0.03761184538060014 -0.031195463893366523 0.004625122517799979
9 11 -1.452423394237429 -1.2472311427321707 -1.292525054815449 -0.920615753387692 -0.8127151357059221 -0.659200338023132 0.2874927844090154 0.45317474028180005 0.9662666337847599 0.0291469985084003 0.5085613862025052 0.42891466367899866 -0.2946988442002002 -0.2385130212009474 -0.11693705988400027
9 12 -0.48999018222766305 -0.4289516549620931 -0.3598409799060231 -0.8520675591648351 -0.714343627889515 -0.298139324488205 0.286605977043291 1.2323071716671201 0.11873474901355996 -0.022776546738599857 0.0523139478428421 0.19373154697199968 -0.9281660962135997 -0.6485827219300632 -0.1136209343051997
9 13 0.617513633653181 0.787070625155729 0.957935740932651 0.345811199195577 0.45731155845959703 0.594882773425367 0.21992876729393918 0.32740631438268 0.4056145181648001 0.07182029871980078 0.21348132534989475 0.2703515011348001 0.07810348402700007 0.16989402376705262 0.2305579941891997
9 14 0.9107906647705925 0.9101588555813687 0.9369444236118125 0.9400049069369505 0.9672189532987605 0.9783279739877405 0.18496281688351937 0.07253588371311992 0.20587903856591994 -0.13910274138439982 -0.10835738871890523 0.08700466321220013 -0.0687659725288009 0.026795396989915777 0.08491026810979907
9 15 0.7393661709684045 0.7873697067154125 0.8439332097788546 0.4489127432119279 0.619946283261668 0.718640289139138 0.206504826282438 0.39330994693820015 0.17153095888656 -0.1451241273038001 0.0075141017270315795 0.0520108117096002 0.0364773813668004 0.2070052352306317 0.3009820295073995
9 16 0.8366116020484705 0.9753722588994783 1.0433283986553508 0.7694321338097385 0.9081552660818284 0.9484069219560786 0.26515862302965487 0.46691048149504005 0.6339210376189199 0.008813912722600015 0.33364265137837884 0.4204498168067994 -0.5953318078571999 -0.24574235868159996 0.11650072757100005
9 17 -0.8927883692390719 -0.7806448561456899 -0.682947433271112 -0.8209495021550914 -0.7106490567518214 -0.5977437074399414 0.2292689092044816 0.27588419486364 0.40027381065367995 -0.2301216618762003 0.04855689697932636 0.3824016391132007 -0.19303341527120044 -0.14401722112029472 -0.03220132469940018
9 18 0.0658077364094738 0.1475825205184258 0.22500358080822191 -0.29447980537907403 -0.217563145243434 -0.10123258727450402 0.19953493302946096 0.24157102176932002 0.23647466035424794 -0.20001473227919997 -0.11026806495307788 0.025830872929600193 -0.18788469397779992 -0.11367604996578945 -0.0434586983747999
9 19 -1.537569718128562 -1.106167087601534 -0.555398771534952 -0.07778597954718217 -0.03831099519007215 0.020214257952578578 0.36118968206665386 0.5178042824838837 1.7878978324632613 -1.1627383476823994 -0.9409988591911901 -0.5302310267576016 -0.4478514860632 -0.21287505308371366 0.11283553614179993
9 20 0.3211948815000905 0.3510557196725585 0.37510373877124054 -0.08563792496383783 -0.016527249907741667 0.07436077089013216 0.18790805791675344 0.23630012742828 0.09967575358172004 -0.03193952531160005 0.05246092293774739 0.1041088898817999 -0.12452924213020002 -0.020062100454568424 0.1875356281271382
9 21 0.36335922430925405 0.365186584036098 0.36673643641187403 -0.073186891524116 -0.070533991061076 -0.068535589067536 0.15624497076359298 0.010314895879319996 0.00991347015135996 -0.008813912722600015 -0.005217615869136821 0.00017453292519981067 -0.008552113334799952 -0.005428892568063156 -0.0013089969389999678
9 22 0.992770670509807 1.0514137333770073 1.072270417938407 0.6965253191488125 0.7262875462185425 0.7753269348766125 0.1952833354741621 0.14601424522231998 0.23837706923815993 -0.045902159327599334 0.12546161538850523 0.24853488548479907 -0.18701202935180072 0.010545463059452646 0.10437068926960058
9 23 0.5282695675671425 0.5407399450726824 0.5538517310783324 0.045919709582933795 0.1097987602061338 0.22044390813737194 0.19019618661378343 0.3588746007969381 0.04297000618424007 -0.02600540585479927 0.021770685932842065 0.06614797865080013 0.03420845333920005 0.18888136884049372 0.28867745828080005
9 24 0.851899231855529 0.8269122256192709 0.8929144692775289 0.8072304870132679 0.863626438468518 0.943100005958338 0.24840351405510014 0.49823914156844007 0.4391248398032 -0.10873401239960001 -0.23111833673852633 0.03237585762459971 -0.4240277417733995 -0.2622311271412842 0.13299408900240006
9 25 0.6704792374271369 0.7033368059252889 0.7560832739146071 0.5725957915419531 0.5977634393557931 0.606298099398073 0.19084276719166268 0.19142771235935996 0.21731094516651994 -0.1468694565557993 -0.11437418166658943 -0.029059732045800257 -0.006283185307200401 0.08135990097349473 0.14102260356160023
9 26 1.3424136431163836 1.3621690249197715 1.4119693771317134 0.6826259048364416 0.7102413769262115 0.7494545618955215 0.25676675450649056 0.8894372401111964 0.26820474615484 -0.08054694497979908 0.14088481441012632 0.2566506665065993 -0.13648474750640016 0.40633102175218766 0.4879067923965996
9 27 0.5229553308818475 0.7397522765836536 0.9231069684878876 0.0013612598538160214 0.2543161916685381 0.44958362838229804 0.29771406385919896 1.08702596473064 0.3817384139974399 -0.029932396671800143 0.19965648048536835 0.25359634031559997 0.2972295716155998 0.5721189288056001 0.6666285078014
9 28 0.13217485084403904 0.13466194502813028 0.15894383824658906 -0.29854758608965043 -0.2723938272484304 -0.26155533259351044 0.1823319761798689 0.17577210896892 0.13809045041824 -0.07888888219039991 -0.07267918443065263 -0.02207841503779992 -0.14119713648680005 -0.09251163629943158 -0.022078415037800336
9 29 1.1764088329739686 1.2161840139624225 1.2666336286561084 0.6331909566957591 0.704221493929029 0.722700167384579 0.20184868102198372 0.30187214742591995 0.2332283479447601 -0.14241886696319983 -0.12275176207618953 -0.07539822368639926 0.023387411976800165 0.1409674879010105 0.3027273587594001
9 30 0.2633031828758765 0.3485886967748565 0.4577110449330265 -0.7705398845889335 -0.15610108474572537 0.08126369352601286 0.26388440792919793 0.9505935771012766 0.22462387473239992 -0.027838001569400056 0.11822309196442103 0.18631389765099982 0.07531095722379998 0.5003124090006719 0.930260491316
9 31 0.325194594369839 0.34778264554922295 0.3649226514684889 -0.818448590780498 -0.7235506760261281 -0.49123862593866796 0.20438176828879742 0.49069931919980003 0.040561451816479965 -0.07208209810760008 -0.015441570908484187 0.059515727493199555 -0.40596358401519983 -0.2582627995788421 -0.043022366061800654
9 32 0.2573490406144345 0.2635536861052945 0.2737813155220145 -0.07253171431544306 0.057639304621846944 0.11019116839956695 0.18794362277128934 0.2983814889217455 0.07937757438095996 -0.08683013028700004 -0.04177767072682103 0.009250245035599958 -0.23335052099239995 -0.15704288890618182 -0.033248522250600016
9 33 0.4789091352884711 0.671199912962945 0.879392385452391 0.8656034116969651 0.9433752831660851 0.998357517927215 0.2543596951529219 0.34288738484792003 0.76347682799488 0.1760164550641996 0.40182990947098957 0.5372123437656001 -0.11676252695879963 0.09066526166968424 0.23753931119720073
9 34 -0.21296425114616996 0.0005444942450076651 0.17987009357086003 -0.13502153133545797 -0.10364923803075796 0.01229298417961645 0.24775834411265632 0.2912256389885455 0.7143632628436001 -0.4990768996093998 -0.37598066465452634 -0.1946914780605999 0.00794124809659999 0.15327665209923447 0.3053453526373999
9 35 1.174640135702345 1.220111198704701 1.2924498602123453 0.6513540649272436 0.6888219206445535 0.6940797250162035 0.2109863811805218 0.30089476304479995 0.3433237171609199 -0.005148721293398717 0.1747625737857895 0.3146828641356003 -0.027838001569400195 0.13116608625951579 0.19538960976139996
9 36 -0.4363791460010136 -0.42333804583014806 -0.22680873606711355 -0.07214240892960778 0.21264732844166406 0.38968480111828413 0.38904817805255615 1.12367787902264 1.3942562729596766 -1.2165817551066 -0.7338190910314087 -0.06606071218819995 -0.5800601769022001 0.24655990764737798 0.7270168999206004
9 37 -0.17403128848396524 -0.17337242669133526 -0.13012753115003617 -0.7747980516315007 -0.6626693738367606 -0.3803885472645405 0.25928180850382554 0.9493892999173964 0.15515977050227642 -0.24059363738819978 -0.08166303710646126 0.09258971681860004 -0.7426375967259999 -0.49967857890389283 -0.14076080417379955
9 38 0.6372113711094971 0.6569650075836331 0.6754908049289869 0.6740687979209201 0.6840433545961 0.7602880629697201 0.18849654787614442 0.30836477224336 0.052063171587160006 -0.0700749694677999 -0.026933186141389474 0.02792526803200024 0.02295107966379939 0.16149807147058942 0.26974063589660036
9 39 -0.007932715375806143 0.02323886506492521 0.06864360555570695 -0.10860529436726502 -0.09691595170199499 -0.090506230024025 0.18116771887690042 0.15749851170048002 0.14336134475928 -0.10908307824999998 -0.07545333934698947 -0.01954768762240003 -0.02190388211259997 0.0709062973483579 0.11972958668720002
9 40 0.017872559391394833 0.10528824764237103 0.1399845205075661 -0.844865554969969 -0.802292611190559 -0.7518962290390591 0.23640782541579763 0.53017866688004 0.4045324140281761 -0.32122784883060007 -0.16118574939373206 0.07932521450322548 -0.2921681167848006 -0.27904140362107366 -0.05471607205020046
9 41 0.9518320336496165 1.0249107147601086 1.1204482926853365 0.583198327379052 0.6669784947981819 0.7628145240255019 0.26439065428600383 0.773931350214709 0.4889365366552799 0.036651914291999654 0.25733501929225255 0.4049163864639993 0.0652753140248008 0.407332289586689 0.6576400621535998
9 42 0.6050773385498109 0.7886851031955849 0.921056109655021 -0.34565159853253097 0.014038943689368102 0.730064632645149 0.3362515615862557 1.084547597192451 0.6387555996469602 -0.6840818003214 -0.3206077976489685 0.1637991503002001 -0.04756022211700045 0.569923488325269 1.2795881411055454
9 43 0.9727774391158234 1.0157169020381533 1.1386404412565132 0.1825046680768413 0.48994877913968404 0.6220832934854741 0.2821369575108687 0.87348493074844 0.5858372167263202 -0.10070549784039873 0.2598427818490738 0.5068436147808014 0.06431538293620032 0.43572604073351573 0.7824311036733456
9 44 -0.051616367298648 -0.013269738302956 0.021473658451982 -0.011424925283592 -0.005669702075122 0.002969677722278 0.16625212695330585 0.028955012290680003 0.10419615634439999 -0.08412486994640003 -0.054830896343094744 -0.0330739893254 -0.025569073541800005 -0.010315814473663157 0.007243116395800001
9 45 0.2526694250392655 0.26574630445987546 0.2740148017912254 -0.44168184412089184 -0.17566312285383287 0.014237426410428567 0.22864715653226564 0.77129590304384 0.05715953300300003 -0.03577924966599991 0.0066322511575999925 0.05174901232180007 -0.4995132319223998 -0.40594521212833695 -0.21135937241754893
9 46 2.650302734371931 2.9316803205302016 -3.030770160826849 -0.5153106917963209 -0.379196826755971 -0.1577494512618619 0.3262358573028267 0.78682933338664 1.18018283224104 -0.7585200929192015 -0.5603288132085895 -0.33082715971659793 -0.5272639670274546 -0.4112363155449263 -0.20725784867499986
9 47 0.5754140858504134 0.6368697468072115 0.7030805573110834 0.8221678815138065 0.9226988464290065 0.9626145264222464 0.29617106665592674 1.11252522510236 0.20743238160020006 -0.3255911719606 -0.08327976315069471 0.14835298642000005 -0.5911430176524001 -0.585539592159137 0.12505284090580104
9 48 -0.503095471730374 -0.32161002745511935 -0.1943554536979213 -0.9164435438107861 -0.4286589244618261 0.22225725674844396 0.32869178350646855 1.34365917794472 0.6595075644528909 -0.5374741431516545 -0.34710924444888996 -0.10925761117519972 -0.9758135847930258 -0.7071890410235369 -0.18369590377300044
9 49 0.9490143450175303 1.0966552371027143 1.2959159871450505 0.614115865450094 0.7996443649376941 0.815814840457474 0.27554007089878835 0.5540547710474 0.8478984039141199 0.058904862255000356 0.4462623178495368 0.7193374512117989 -0.025045474766199893 0.2650328398879158 0.4831944034162
