13 0 -0.32846892900835756 -0.2307531801768692 -0.15671107731956116 -0.13098623314202015 -0.12573715541663016 -0.12388274308638016 0.17609142975450584 0.012967796342359977 0.19102628663140003 -0.11205013797839988 -0.07872353520863158 0.061173790282600116 -0.016580627894000055 -0.0039407697321473594 0.011257373675399932
13 1 -0.2607035634367785 -0.2300328924913825 -0.19894945117788848 -0.031241732980299204 -0.020782847437689208 -0.00405386655733902 0.16902082561526469 0.03619812868641019 0.07133160652923995 -0.07958701389119999 -0.01873932460042104 0.06649704450119975 -0.026267205242560744 0.009195129374973783 0.04564035993980002
13 2 -0.10642019062516789 -0.0825947010061159 -0.0641875860498979 -0.0007473887708005011 0.01538381684081299 0.018324696630467895 0.1611323688315106 0.0223751210106784 0.0380481776936 -0.05017821599500004 -0.016047843174968417 0.014398966328999993 -0.0028797932657999986 0.010132095605051789 0.021729349187400004
13 3 -0.0881193953091012 -0.01841094498418979 0.08683240891137879 -0.07767602380430616 -0.05513073319159616 -0.04352429366579616 0.18731169981194373 0.07368780101944 0.2826909789457419 -0.26572637861665105 -0.09688414537286316 0.10026916552740003 -0.048345620280400015 -0.008708274373136841 0.02111848394919999
13 4 0.050626329280451 0.057078811525094995 0.06379920180992099 -0.09936542434436321 -0.09721430604127321 -0.09549952005118321 0.15708651760297163 0.00979129710372001 0.016231562043599997 -0.01570796326800003 -0.007063990498884208 0.0034033920413999164 -0.00811578102179987 -0.0005603425493263142 0.00890117918519999
13 5 1.6633834741064781 1.7529345726987422 1.8580487722317889 0.051487358378046154 0.052106950262506155 0.06286690510108617 0.19372850307408113 0.048118727477640004 0.39639917971773064 -0.3380702761123999 -0.20863114721985823 -0.060911990894799706 -0.041451569735000034 -0.02532564604086316 -0.0014835298641999867
13 6 0.15474821216882723 0.15547077847915522 0.1563495517575372 -0.921253622747542 -0.920577307662392 -0.9175447980870421 0.15596583067237613 0.009896016858840007 0.003996803987080022 -0.008377580409600072 -0.001065569438063156 0.004537856055199935 -0.01021017612420072 0.0007808051916841962 0.01125737367540014
13 7 -0.43769352437303743 -0.27422336863660124 -0.026232153213500753 -0.09598370347456706 -0.028334741667047053 0.011642024849999858 0.25058893617538275 0.21141173229493454 0.5186071339392799 -0.6097307741861997 -0.10782460399987366 0.5599888905042 -0.06448991586139997 -0.017242015821073695 0.11527899709451267
13 8 1.604604275557622 2.1027884392570675 2.5252916359298925 0.04128421205226106 0.044779233879391055 0.06608097740005106 0.2959989482611792 0.05408775351948 1.5243705687002906 -1.128093562030199 -0.8023002993159425 -0.32812189937600156 -0.04197516851059995 0.0022689280276000047 0.04162610266020005
13 9 -0.22573225577093192 -0.08919514838654607 0.02862766609311621 -0.11254358134299611 -0.1025821146372061 -0.0842605208143361 0.18339536152692826 0.032759830060040004 0.27084019332605813 -0.2513274122883489 -0.13529976080409375 0.024521875990599906 0.004014257279600017 0.016525512233410523 0.03778637830580009
13 10 0.040108538875586 0.099519546613666 0.14584494828487599 -0.019023943402753846 -0.009023206788741484 -0.007151341165971483 0.1695457776274258 0.01864011641141236 0.1513200461484 -0.11449359893119995 -0.07964212955178948 -0.004276056667400219 -0.012740903539599991 -0.009810587584953874 -0.004014257279600008
13 11 -1.100588433533863 -0.9997284740546611 -0.852865126151243 -0.12121680113535704 -0.10515104537069705 -0.09962707828811705 0.20147130229392574 0.022200588085439996 0.2567204796766801 -0.3674790740085998 -0.1246808101968209 0.19058995431839976 -0.02399827721499999 -0.010802669475536845 0.009599310885999926
13 12 -0.16981166412929385 -0.14489796172172456 -0.11923638572946384 -0.17951981568703296 -0.17745160052341297 -0.1741878348218239 0.16164274071676912 0.013212142437989044 0.0609818040654036 -0.04476769531380001 -0.023470085467684195 0.022165681500400172 -0.01239183769094529 -0.003995885392920544 0.0019198621772001379
13 13 0.03867227834523616 0.05518745639228615 0.06726949813925616 -0.022327172937616897 -0.017911489930056895 -0.01200791373513199 0.15928362967056886 0.017784905077914907 0.03679154063216 -0.029757863746600055 -0.018904671582189475 -0.0050614548307999566 -0.015969762655800007 -0.00926861692248153 -0.002356194490199994
13 14 -0.6161289572987535 -0.2618210104902824 0.04728814467914106 -0.087242027990472 -0.067916869847702 0.002175552912618 0.22800976167069822 0.08990190977052 0.6415655797428544 -0.6222098783380872 -0.3376660946015024 0.037873644768399994 -0.018849555921599884 0.047316794616063154 0.09407324668279997
13 15 -0.21401901179021354 -0.01671303051021438 0.16085589492356195 -0.07330300440078089 -0.0657980886171809 -0.046075868069580896 0.20331886934838175 0.0632332787999949 0.40947169581154547 -0.41556289490207265 -0.11453952864835788 0.23867377521099997 -0.03735004599280001 0.007183407763494732 0.07853981634000001
13 16 -1.0709805711411684 -0.6019599865803034 0.10983502426934516 -0.060847462193882894 -0.0431890934867729 -0.01342686641700799 0.19299984837197798 0.08766788832796 1.5565893466887202 -0.6084217772445821 -0.6216495357886737 0.1970476725508008 -0.07321656212157449 0.04614099385682106 0.14084807063657456
13 17 -1.085487020662689 -0.761893378031003 -0.43487190874838905 -0.0597447534761181 -0.023193195616108102 -0.01738561253008683 0.23566499394134557 0.0593237412754451 0.5985955735584402 -0.7302457590368006 -0.3150503018728633 0.0096865773485999 -0.04572762640222548 0.018785254317578944 0.07688175355060001
13 18 -0.055138053878277894 0.056355324068629385 0.20613773514577302 -0.15172292631734516 -0.14088443166242515 -0.13506812193013518 0.19066618153574547 0.03122394031827999 0.376292986730851 -0.3158173281476548 -0.19804894038465842 -0.05235987755999989 0.0013962634016001507 0.015836566476042105 0.025045474766200032
13 19 -0.035177886775872205 -0.016325712860429116 0.01041011328629798 -0.004843288674300001 -0.00206385184049 0.00098611102738 0.16209583168627473 0.0105592419746 0.07501425125089019 -0.05977752688099993 -0.039481184868889574 -0.01021017612420001 -0.008290313946999993 -0.002241370197305263 0.0070685834706
13 20 -0.07969265479235291 -0.07602048204617981 -0.034139561315152896 -0.019971802630636 -0.018627899106596 -0.017698511279906 0.1808789708423913 0.004817108735520003 0.28246408614402907 -0.2022836603067999 -0.1486653084968574 0.002181661565000062 -0.010035643199000008 -0.00026639235951579084 0.006283185307200002
13 21 0.31293074749187055 0.35787123040161856 0.4012444076430705 -0.16841976405082384 -0.14919496234004384 -0.13131842747643385 0.17782915546391223 0.042289327775960006 0.20532053320528 -0.14189526818760012 0.016204004213305246 0.08796459430079978 -0.026790804018199943 -0.022257540934715794 0.002268928027599898
13 22 -0.4101557679149921 -0.1753601143022537 0.1142938556946598 -0.1439123355077852 -0.1367390322820652 -0.1356002049451352 0.21034085285222784 0.016336281798720015 0.6056816103208619 -0.42786746612780013 -0.22657129473952728 0.12322024519120012 -0.02617993878000019 0.004041815109894749 0.026267205242599956
13 23 -0.04888177573026321 0.09138160960706587 0.20309140838167491 -0.14269007173643294 -0.12258387875339294 -0.11130468846234295 0.18992172200718058 0.05075417464816001 0.3507588197751381 -0.34522612604559993 -0.18460990514480957 -0.027838001569400056 -0.035342917352999895 -0.026712723499031584 -0.01649336143140001
13 24 -0.17945814738563204 -0.1230491059614808 -0.03479653233431021 -0.0815447400168172 -0.07844678059451721 -0.07656182500235721 0.17909813437735464 0.0072954762733599965 0.25745351796182186 -0.25228734337660014 -0.06660727582237896 0.06335545184759997 -0.01876228945899991 0.0007256895310947385 0.026267205242600025
13 25 -0.9425339375048544 -0.6251309777299077 -0.22100609808179444 -0.05346064702288521 -0.04321992763677521 -0.03722472165615521 0.2433302650282376 0.0330739893254 0.78812087703312 -0.8380198403478001 -0.3296835097593684 0.3152937293737998 -0.044069563612999935 0.005410520681200002 0.02722713633119999
13 26 -0.24279682468005956 -0.1307597766712904 0.012235048944747574 0.0758215145114169 0.07932526298480688 0.08494085985311689 0.18138138802359857 0.01279326341716 0.266965562385344 -0.21013764194106171 -0.1159174201627916 0.046251225178000066 -0.025481807079199975 -0.005686098984147373 0.014311699866400088
13 27 -0.028562410171793794 0.050027148051895176 0.11885246177525621 -0.07642418639830915 -0.07519809259877916 -0.07162016763217915 0.16996485128163227 0.007853981634000001 0.16268213957892 -0.13281955607719997 -0.085521133348 -0.022863813201199935 -0.014049900478600025 -0.0022781139710315837 0.004886921905599972
13 28 0.267007401806212 0.418732364341076 0.563451575258412 -0.05771391744736994 -0.04761718772454995 -0.03165615171500995 0.19429097845296986 0.04155628949012 0.29440213822736006 -0.3132866007339996 -0.056805874180884224 0.03342305517579969 -0.020333085785799992 0.009874889188947368 0.03752457891799996
13 29 -0.34301692706312503 0.005835993168078613 0.288142127014505 -0.0940247168332432 -0.08426832631456321 -0.07597364904443321 0.2237368527554042 0.030595621787560007 0.74239325063072 -0.6547602688878 -0.383862204118821 -0.0558505360640002 -0.03464478565219996 -0.004041815109894735 0.02792526803200003
13 30 -0.03475726242614021 0.02208636598222999 0.10591191196192981 -0.1456979527768019 -0.1338297138632019 -0.12111499026238189 0.17837611421021465 0.044907321653960025 0.22083651025556 -0.18064157758234906 -0.10631810927709474 -0.004014257279600017 -0.04302236606179996 -0.022193239330694736 0.010995574287600007
13 31 -0.42094418131742894 -0.20613516563365103 0.020938278703931 0.030620783617667846 0.041241112116087844 0.04834896549485784 0.2018332625587207 0.030281462522199997 0.49549897464279996 -0.3913900847610001 -0.2607889340225263 -0.04878195259339996 -0.030194196059599998 -0.015046575340926314 0.0019198621772000338
13 32 0.26235837797470896 0.583083571980733 0.809113309425619 0.011360929877679515 0.036445674551997154 0.04683038360139716 0.22314155206359354 0.09496336460131999 0.6372720697827601 -0.5491678491418 -0.29125870838507373 0.031764992386399404 -0.09066985464140001 -0.04581029989328421 0.009250245035599958
13 33 -0.4136559772498674 -0.21453572621207656 -0.019486455654520753 -0.020060959866534157 -0.015941982831866514 -0.00041291581220175163 0.2149571770062137 0.08644615785156001 0.32995449509059993 -0.5475097863521383 -0.17366026057399997 0.24085543677599985 -0.03560471674077033 0.0005970863230250694 0.13892820845922624
13 34 -0.355930666680429 -0.22341043456994697 -0.09975996571812899 -0.03322350586471284 -0.028458757006752846 -0.007924958356920486 0.18948039861235666 0.03623303527157829 0.22642156386196 -0.22532200643319983 0.015542616286231561 0.3467969223724 -0.029059732045799997 -0.01851886195809383 -0.0004363323130000124
13 35 -0.3427274448143275 -0.12533621450229493 0.08835579046010794 -0.1805536323800525 -0.1745017031988298 -0.16179570624435705 0.21614438269299732 0.03710569989734547 0.45677011854092 -0.4914847173632875 -0.09570834461362104 0.4810127418511999 -0.06291911953372753 -0.018528047901402868 0.012130038301400164
13 36 -0.3920104038665635 -0.16662382025077502 0.08161086860294016 -0.13642516390497206 -0.10948164357722205 -0.09924092419111205 0.20366053635059922 0.04670501078351999 0.5116956301018837 -0.30560715202520006 -0.25223682068800196 0.01125737367540014 -0.01684242728179998 0.022073822066084204 0.04651302456580006
13 37 -0.0562411019655419 -0.04419047614510266 -0.0305673086686219 -0.04412841999384811 -0.043434651616178106 -0.042138744646568096 0.16020378602236604 0.005567600313879997 0.04022983925863491 -0.030630528372600004 0.01065569438063158 0.08805186076340003 -0.006021385919399991 -0.0002572064160842091 0.005672320068999988
13 38 0.05340935373557879 0.0908527748433608 0.1045605907885688 -0.059781453871817006 -0.051530409832987 -0.042498330953887 0.1665646146183781 0.026930430358360007 0.10953686385552001 -0.0796742803538001 -0.05765098097658948 -0.011606439525800039 -0.0334230551758 -0.014173910714926317 -0.0030543261910000175
13 39 -0.39035263196420855 -0.21440249941185976 -0.028467338208805242 -0.17020654487255885 -0.16696895911009885 -0.16094320986756885 0.2056922132907716 0.016475908139403583 0.4299269546446364 -0.6004805291506001 -0.037965504202440215 0.3579670295851999 -0.030717794835200124 -0.004390880960294736 0.03246312408981794
13 40 1.2051317164741326 1.2986988176738525 1.3488377637606828 -0.08472526320908799 -0.068642054151908 -0.062214879181418 0.21432234501819233 0.053127822430879997 0.6228556501612399 -0.2315179252777988 -0.1789789218208841 0.20280725908239927 -0.05244714402259994 -0.012924622408231575 0.021031217486599946
13 41 -0.843420325385801 -0.406243273027833 0.08791354342017901 -0.210220981412583 -0.201751771217253 -0.193051304896033 0.2632029727713538 0.018517943363720007 1.18296671371308 -0.8059930485736 -0.4677574254794316 -0.01884955592160037 -0.009075712110400008 0.009415592017368418 0.03560471674079982
13 42 -0.24542921752438857 0.27560654206899715 0.6927027087181314 -0.1583564379906518 -0.1432549766377218 -0.1210762051679318 0.2586913040659574 0.056356681547778134 1.0962413031812 -0.6732607589563826 -0.527089434104 0.02207841503780006 -0.06640977803859999 -0.01571714921143157 0.012391837689200158
13 43 -0.1593463305646281 0.03294881043307889 0.18900393484240097 -0.10368501728042395 -0.09367991734333395 -0.07700765966360394 0.194776705806862 0.05155702610407999 0.4039390020832291 -0.3571816314219746 -0.21218610732622584 -0.0616973890582001 0.0004363323130000124 0.027135276896884202 0.06091199089480005
13 44 -0.6410808630246929 -0.486442073303615 -0.31028860989313295 0.0241868212556229 0.034069748145072895 0.04570236760965289 0.2167524490429421 0.10782644118859491 0.381354441562 -0.5794493116640004 -0.20071286398 0.16179202166040005 0.01797689129559993 0.056750758520313103 0.05820673055437453
13 45 -0.10793043372310016 -0.007033822329606154 0.05680683105004984 -0.051843841877767166 -0.05080973429595716 -0.041965278311447154 0.17173910825541563 0.013788101090800003 0.17673204005752002 -0.0947713783836 -0.09301686318816842 0.0013089969390000025 -0.016144295580999973 -0.0009920818906105238 0.00863937979740003
13 46 -1.1642382157674596 -0.404822768942001 0.18832650468545958 -0.04643419386119316 -0.031441815586513155 -0.019259417407553155 0.38741064347760945 0.07667231404030765 2.5347765792646397 -1.9336502782907994 -1.332972251356421 -0.3202679177420009 -0.04398229715013824 -0.0134574071272356 0.05070181477059999
13 47 -0.3830200189642329 0.6236954928989267 1.3973161745077571 -0.29613607435746603 -0.278551882143566 -0.26328461451169605 0.44096656323969546 0.08698720991968001 3.0954810547551785 -2.3355123385638006 -1.6292005551343043 -0.5754350543843976 -0.027227136331200164 0.04578274206298947 0.14102260356160023
13 48 -0.5116032730945266 -0.1814489378047325 0.14598006585785983 -0.12579499368880612 -0.11479941940120611 -0.09742030337441611 0.23840797683460355 0.051609385981639985 0.7085513164339164 -0.6156648936430004 -0.37292174549153495 -0.10183996185419986 -0.0989601685884 -0.022983230465810522 0.08360127117079987
13 49 -0.13358124685165185 -0.07277572104126573 0.009631744921260515 0.19347100809938306 0.20348919800586301 0.21233801731350305 0.1877490392921657 0.03755948550304 0.272236456727536 -0.21039944132886182 -0.14328234564607156 -0.04494222823899997 -0.02923426497099993 0.010168839378757894 0.034382986264400034
