38 0 -2.07 -2.0650238095238094 -2.06 -0.44 -0.43 -0.4140097402597401 0.15894225362180242 0.020000000000000018 0.010476190476189196 0.0 -0.005513784461152208 0.0 0.0 0.005263157894736847 0.015909090909087265
38 1 -1.4224999999999999 -1.3408766233766236 -1.187142857142858 -0.18 -0.18 -0.1755952380952384 0.181883192475876 0.03 0.28 0.0 0.1368421052631579 0.10000000000000009 0.0 0.015789473684210527 0.0
38 2 2.2889069264069257 2.904088744588745 -2.7889285714285688 -0.22011904761904735 -0.20568181818181824 -0.1575 0.31702524360428996 0.09571428571428572 1.6342857142857143 0.3336580086580132 -2.445112781954887 1.1064935064935066 0.0 0.012781954887218045 0.10000000000000009
38 3 -1.69452380952381 -1.66383658008658 -1.5937499999999987 -0.13 -0.13 -0.12142857142857058 0.18101500808446977 0.07 0.22999999999999998 0.0 0.11315789473684297 0.20000000000000018 -0.10000000000000009 -0.03684210526315789 0.0
38 4 -1.53 -1.527654761904762 -1.52 0.07102272727272739 0.08 0.08 0.16548269435548768 0.06 0.044999999999998375 -0.050000000000000044 -0.023684210526314933 0.0 0.0 0.031578947368421054 0.049999999999999975
38 5 -1.41 -1.4059913419913417 -1.4 -0.75 -0.71 -0.71 0.1606827183175595 0.050000000000000044 0.020000000000000018 0.0 0.0 0.0 0.0 0.026315789473684233 0.07142857142857173
38 6 -1.922857142857142 -1.8459209956709954 -1.8044534632034628 -0.48 -0.46 -0.30647727272727265 0.20683285983342412 0.31999999999999995 0.2757142857142858 -0.2119047619047676 -0.14511278195488728 -0.006818181818182278 -0.33365800865801376 -0.16842105263157894 0.0
38 7 -1.58 -1.5735357142857143 -1.57 -0.03 -0.03 -0.02 0.15762310902209883 0.009999999999999998 0.0257142857142858 0.0 -0.010526315789473694 0.0 0.0 0.0 0.0
38 8 -1.48 -1.4759999999999998 -1.47 0.28 0.28 0.28 0.1562247474542578 0.009999999999999953 0.010000000000000009 0.0 0.005263157894736847 0.0 0.0 -0.005263157894736818 0.0
38 9 -1.76 -1.7600000000000002 -1.76 -0.38 -0.37 -0.37 0.1553397216925636 0.010000000000000009 0 0.0 0.0 0.0 0.0 0.0 0.0
38 10 -1.74 -1.7361504329004327 -1.73 -0.33 -0.33 -0.33 0.1566647247352836 0.005000000000001614 0.020000000000000018 -0.003138528138537655 -0.010526315789473694 0.0 0.0 0.0026315789473692706 0.0
38 11 -0.985303030303033 -0.6783170995670991 -0.19477272727272618 -0.1225 -0.08499999999999999 -0.07102272727272739 0.32795654568356014 0.09999999999999999 1.8199999999999998 0.1636363636363647 0.7184210526315814 1.2205627705627893 -0.09318181818181732 -0.015789473684210523 0.08095238095237531
38 12 -1.72 -1.7139761904761905 -1.71 -0.07 -0.07 -0.07 0.15622966498118432 0.009999999999999995 0.010000000000000009 0.0 0.005263157894736847 0.0 0.0 0.0 0.0
38 13 -1.4662500000000012 -1.330667748917749 -1.248809523809524 -0.25 -0.24 -0.24 0.19727956663942706 0.01571428571428571 0.2342857142857142 -0.04047619047619633 0.12330827067669169 0.31904761904762435 0.0 -0.0030075187969924736 0.0
38 14 -2.1 -2.088464285714285 -2.08 -0.47 -0.46 -0.4475 0.16284740093773725 0.03999999999999998 0.044285714285714484 0.0 0.020676691729322533 0.046428571428565046 0.0 -0.005263157894736847 0.0
38 15 -1.62 -1.6153170995670998 -1.61 -0.09 -0.09 -0.08 0.157114844415595 0.009999999999999995 0.019999999999999796 0.0 0.00526315789473673 0.0 0.0 0.005263157894736839 0.0
38 16 -1.6225 -1.6225 -1.62 -0.35 -0.35 -0.35 0.15710977321595201 0.019999999999999962 0.009999999999999787 0.0 0.00526315789473673 0.0 0.0 -0.005263157894736818 0.0
38 17 0.9302380952380964 1.1703127705627703 1.3855465367965374 -0.1525 -0.15 -0.14 0.23461514362787317 0.03 0.8614285714285713 -0.5949134199133987 -0.4533834586466165 -0.3090909090909044 0.0 0.005263157894736847 0.004761904761893532
38 18 -1.63 -1.611154761904762 -1.5989285714285717 0.03 0.04 0.05 0.1628621991812668 0.039999999999999994 0.05499999999999816 0.0 0.028947368421051663 0.06904761904762524 0.0 -0.021052631578947368 0.0
38 19 -1.3722077922077938 -0.36363961038961007 0.56 0.08839285714285758 0.09568181818181826 0.10250000000000001 0.3913194448853532 0.04000000000000001 2.5750000000000015 0.5050865800865861 1.3552631578947378 2.150974025974056 -0.09318181818181746 -0.00526315789473685 0.0
38 20 -1.647857142857142 -1.572551948051948 -1.4939772727272729 -0.00656926406926457 0.16999999999999998 0.2325 0.2488413509282325 0.6371428571428571 0.4414285714285713 -0.29080086580087094 -0.23233082706766908 -0.10681818181818237 0.10000000000000009 0.33533834586466166 0.5303030303030423
38 21 -1.42 -1.4186190476190472 -1.41 -0.16 -0.16 -0.15 0.16027794482148416 0.010000000000000009 0.05571428571428583 0.0 0.02932330827067675 0.07857142857142785 0.0 -0.005263157894736847 0.0
38 22 -1.5125000000000002 -1.5090000000000001 -1.5 -0.1 -0.1 -0.1 0.1588899671386263 0.010000000000000009 0.030000000000000027 0.0 0.010526315789473694 0.0 0.0 -0.005263157894736839 0.0
38 23 -1.7149999999999999 -1.6833896103896104 -1.64 -0.535 -0.475 -0.4379761904761902 0.18843131806374142 0.17999999999999994 0.20499999999999852 -0.20681818181818246 -0.10789473684210449 0.0 -0.10000000000000009 -0.09473684210526312 -0.047294372294378884
38 24 -2.528522727272727 -2.2085757575757574 -1.9630952380952384 0.01 0.02 0.065 0.22325350364293756 0.11 0.6542857142857144 0.02142857142857224 0.3233082706766917 0.588095238095252 -0.09999999999999996 -0.04473684210526401 0.0
38 25 -2.1420238095238098 -2.145309523809524 -2.14 -0.04392857142857058 -0.04 -0.04 0.1586843179188182 0.010000000000000002 0.03761904761904633 0.0 -0.010526315789473694 0.0 0.0 0.0 0.0
38 26 -1.8 -1.7975 -1.7932142857142856 -0.13 -0.12 -0.11 0.16027637516445178 0.025714285714285717 0.030000000000000027 0.0 0.01578947368421054 0.050000000000000044 0.0 -0.013533834586466167 0.0
38 27 2.6138203463203453 3.035648268398268 -2.864761904761906 -0.2 -0.195 -0.18 0.29008335251043355 0.03 0.9400000000000004 -1.1053030303030154 -2.826304397357026 1.329978354978385 -0.002380952380946766 0.0 0.08409090909091255
38 28 -2.152142857142858 -2.112659090909091 -2.04 -0.045 -0.0009523809523803882 0.03 0.18802499060672895 0.07499999999999839 0.22999999999999998 -0.1380952380952305 -0.0684210526315789 0.09761904761905082 -0.14404761904761657 -0.03947368421052546 0.09047619047619611
38 29 -1.67 -1.6527424242424238 -1.63 0.03 0.04785714285714286 0.05624999999999879 0.17257563387486577 0.0643506493506492 0.0949999999999982 -0.12142857142857233 -0.04999999999999905 0.05714285714285672 -0.1 0.004887218045111923 0.1
38 30 -1.48 -1.469258658008658 -1.47 -0.17 -0.05840909090909127 0.13125000000000042 0.18842353268460607 0.3119047619047608 0.050000000000000044 -0.050000000000000044 0.005263157894736847 0.09318181818181781 0.0 0.16052631578947454 0.316666666666678
38 31 -1.64 -1.6123008658008657 -1.5975000000000001 0.152142857142858 0.18 0.19 0.17321119730080625 0.11 0.08999999999999986 -0.09318181818181781 0.018421052631579723 0.10000000000000009 -0.10000000000000009 -0.04736842105263159 0.0
38 32 -1.56 -1.5560681818181816 -1.55 -0.38 -0.38 -0.38 0.15643546787370888 0.00809523809523921 0.014285714285714235 -0.028571428571428914 -0.007518796992481177 0.0 0.0 0.0 0.0
38 33 0.8539772727272725 1.059457792207792 1.000238095238092 0.04875000000000041 0.06 0.07 0.2695537570541313 0.060000000000000005 1.2049999999999983 0.08809523809523268 0.6342105263157886 0.8297619047618682 0.0 -0.007894736842104405 0.05000000000000001
38 34 -1.52 -1.4449361471861473 -1.39 -0.03 -0.025 -0.01 0.1695069263182771 0.019999999999999997 0.14000000000000012 0.0 0.06842105263157901 0.14448051948051654 0.0 0.010526315789473684 0.0
38 35 -1.82 -1.8155714285714282 -1.81 -0.25 -0.25 -0.25 0.15710880727316284 0.010000000000000009 0.020000000000000018 0.0 0.010526315789473694 0.0023809523809470434 0.0 0.005263157894736847 0.0
38 36 -2.1428571428571423 -1.8994989177489177 -1.6884307359307353 -0.27 -0.26 -0.2439772727272726 0.2338850991861189 0.13 0.7643506493506493 -0.6522727272727225 -0.3924812030075189 -0.1476190476190531 -0.1309523809523752 -0.04736842105263159 0.050000000000000044
38 37 0.049999999999999996 0.11556926406926424 0.23 -0.0625 -0.015313852813853742 0.09976190476190364 0.22109639743646184 0.27571428571428575 0.4714285714285714 -0.049999999999999906 0.20601503759398496 0.42857142857142855 0.009523809523803856 0.14511278195488725 0.1928571428571428
38 38 -1.6 -1.588714285714286 -1.58 -0.0225 -0.01 0.0 0.16331074920454605 0.07 0.0257142857142858 0.0 -0.01353383458646621 0.0 -0.09999999999999999 -0.03684210526315789 0.0
38 39 -1.6003679653679646 -1.3213658008658018 -1.0503841991341982 0.12365259740259807 0.13 0.1325 0.23980090662310602 0.08523809523809638 0.8642857142857143 -0.8865800865800677 -0.1496240601503811 0.38809523809523294 -0.07857142857142854 -0.029323308270676692 0.0
38 40 -0.7358928571428527 -0.5429732205778715 -0.30166666666666614 -0.20392857142857057 -0.19119047619047508 -0.19 0.23139535300777153 0.04999999999999999 0.8004761904761893 -0.4285714285714279 0.010648714810282909 0.914285714285748 -0.09999999999999995 0.005263157894736847 0.10952380952380394
38 41 0.41738095238095435 0.5090681818181821 0.7145238095238098 -0.07 -0.065 -0.03428571428571428 0.24804258354018877 0.06 0.9957142857142792 -0.7690476190476079 -0.5240601503759365 -0.1095238095238038 0.0 0.03157894736842106 0.09761904761905321
38 42 -1.63 -1.6215 -1.6175000000000002 -0.12 -0.12 -0.12 0.15622474745425782 0 0.019999999999999796 0.0 0.010526315789473576 0.0 0.0 0.0 0.0
38 43 -1.4703409090909092 -1.4279848484848483 -1.3989285714285713 -0.14 -0.125 -0.1 0.17239400758950033 0.05000000000000002 0.09000000000000008 -0.10000000000000009 0.023684210526316685 0.09761904761905305 -0.09761904761905325 -0.021052631578947358 0.050000000000000044
38 44 -1.7 -1.6974761904761908 -1.697142857142858 -0.06 -0.05023809523809468 -0.05 0.15622613887184694 0.009999999999999995 0.010000000000000009 0.0 -0.005263157894736847 0.0 -0.013636363636365112 -0.00526315789473684 0.0
38 45 -1.99 -1.9131699134199134 -1.8464772727272727 0.03 0.03 0.03 0.18109361531215049 0.010000000000000002 0.29071428571428415 -0.18495670995671287 -0.15300751879699165 -0.1000000000000012 0.0 0.0 0.0
38 46 -1.87 -1.8221904761904764 -1.7774999999999999 0.0 0.0 0.0325 0.17947476075792448 0.12253246753246827 0.1200000000000001 0.0 0.05789473684210531 0.10000000000000009 -0.1 -0.060902255639097735 0.0
38 47 -1.56 -1.5560638528138528 -1.55 -0.07 -0.07 -0.06 0.15799987017728914 0.020000000000000004 0.020000000000000018 -0.009523809523803717 -0.010526315789473694 0.0 0.0 0.010526315789473686 0.0
