47 0 0.1338739000000001 0.18898718000000003 0.17144399999999993 0.1777554 0.17857180000000017 0.18129574999999992 0.18145602741430888 0.024052399999999974 0.2760688 0.0034539999999982918 0.13885410526315778 0.05808999999999731 -0.015386000000002786 -0.012659157894736829 0.008791999999998579
47 1 -2.4776798 -2.038422374 -1.6991168 0.15434670000000006 0.20761679999999993 0.22425095000000006 0.3029959216258376 0.14949540000000017 1.1971564 0.19047240000000132 0.6300823157894736 1.063831999999999 -0.09608399999999961 0.032936947368421156 0.06656800000000129
47 2 -0.20422560000000012 -0.12885304000000003 -0.05892210000000009 0.09785025000000008 0.12718570000000007 0.13238239999999984 0.18924705149838528 0.1406719999999999 0.25327239999999973 0.05557799999999835 0.1333012631578946 0.17615400000000392 -0.016485000000000527 0.07066652631578947 0.15495899999999896
47 3 0.04507469999999991 0.04979412000000005 0.05119770000000001 -0.07963039999999999 -0.07661600000000002 -0.07186675000000003 0.15878453651749352 0.016579200000000016 0.030395199999999623 -0.027003999999999362 -0.01441094736842081 0.0009419999999971118 -0.02088100000000037 -0.0009750526315789964 0.02103799999999989
47 4 0.15791059999999968 0.16419373999999998 0.16781729999999973 0.7102209000000002 0.7311804 0.7487251499999998 0.1609084303334172 0.04549859999999972 0.021791600000000688 -0.027945999999998694 -0.003701894736842208 0.026690000000000325 -0.044117000000001294 -0.023946631578947223 0.00015700000000062886
47 5 -0.31721849999999996 -0.24139377999999997 -0.18422379999999994 0.23060160000000013 0.4048402 0.4639036000000002 0.20819468201367197 0.2139282 0.18444359999999982 -0.20786799999999994 -0.09707557894736833 -0.02951599999999832 0.002983000000000846 0.11259378947368422 0.31337199999999954
47 6 -0.008164000000000282 0.002621899999999866 0.006672499999999859 0.02395035000000001 0.025481100000000034 0.026846999999999843 0.161766357056984 0.007127799999999906 0.07548559999999993 -0.02857399999999899 -0.0397292631578947 0.0 0.00015699999999951864 0.00237978947368416 0.0136589999999992
47 7 0.08911320000000034 0.0942439600000001 0.09859600000000013 -0.2839031000000001 -0.28018220000000005 -0.27898899999999993 0.15724504388437266 0.009734000000000131 0.017207200000000533 -0.014444000000000123 -0.003470526315789585 0.007221999999997841 -0.012560000000000349 0.0023963157894736995 0.015385999999999456
47 8 -0.19125740000000013 -0.19009560000000011 -0.1885884000000002 0.36986845 0.37240400000000007 0.3756460500000001 0.15598734140220696 0.012151800000000046 0.0051496000000001985 -0.000628000000000295 0.002280631578947388 0.006593999999999767 -0.012089000000000683 0.0020162105263158018 0.01617100000000038
47 9 -0.16477149999999996 -0.1634527 -0.1616472 0.3283498000000001 0.33070480000000013 0.33196080000000006 0.1556503253143089 0.008540799999999793 0.004961200000000332 -0.006593999999999767 -0.002214526315789462 0.003454000000000512 -0.0009420000000015527 0.002941684210526295 0.006751000000000396
47 10 -0.4974545 -0.49255609999999994 -0.49164549999999996 0.41685855000000005 0.4322524000000001 0.43850100000000003 0.15925928808819423 0.020661200000000157 0.025685199999999853 -0.018839999999997747 -0.008758947368421076 0.011617999999997686 -0.01617100000000038 0.0016691578947367496 0.011932000000000054
47 11 -0.1475329000000002 -0.14421392000000005 -0.14084469999999993 0.07127015000000003 0.0718432 0.07338964999999992 0.15750847274997773 0.01048759999999982 0.023989600000000166 -0.00031399999999903727 0.010973473684210538 0.027945999999998694 -0.008007000000000986 0.0024293684210525456 0.013972999999999347
47 12 0.10756070000000006 0.21948599999999993 0.3177836999999999 0.23651264999999988 0.24121479999999995 0.24814634999999996 0.1880186630506147 0.013753200000000243 0.3384292000000002 -0.2706680000000006 0.007205473684210405 0.29044999999999765 -0.03108600000000017 -0.0017187368421051356 0.03375499999999976
47 13 -0.5354485 -0.5217486799999999 -0.5089155 0.44939679999999993 0.45602220000000004 0.4664941 0.16208086030348087 0.034194599999999964 0.03102320000000036 0.0003140000000012577 0.01632800000000019 0.04867000000000177 -0.05416499999999824 0.005602421052631581 0.04082000000000141
47 14 -0.054353399999999885 -0.047869300000000004 -0.04226440000000009 0.08504689999999987 0.09143679999999998 0.09317165 0.15900921573150636 0.031023199999999918 0.01783519999999994 0.0 0.00938694736842102 0.026375999999999067 -0.02825999999999773 -0.016327999999999957 0.0
47 15 -0.05662990000000001 -0.05426547999999998 -0.05204550000000019 0.3434453499999999 0.34656180000000003 0.3522923000000001 0.1577786828773663 0.024178000000000033 0.013376399999999844 0.0 0.007040210526315707 0.019154000000003446 -0.013502000000001901 0.007965684210526318 0.016327999999998788
47 16 2.6006108000000006 2.8892942359999996 3.1304653900000003 0.1448482000000002 0.15086129999999975 0.15546925000000011 0.25365090624399034 0.016704800000000075 1.081397159999999 -0.6264300000000067 -0.48846170526315835 -0.39469800000000443 -0.0536940000000008 -0.00827968421052629 0.03815100000000071
47 17 -0.06534340000000005 -0.04968108000000002 -0.032828700000000044 -0.05356054999999993 -0.05075810000000003 -0.03534070000000006 0.1628002093295955 0.031745400000000146 0.059471599999999736 0.02857400000000121 0.031300842105263016 0.057461999999997015 -0.0009420000000004425 0.016708105263157972 0.02841700000000169
47 18 -0.12657340000000006 0.83182054 1.8390038 -0.10560605 -0.09611539999999996 -0.09048694999999995 0.3729645708512514 0.04443099999999989 2.3703232 0.4053740000000028 1.2475385263157894 2.032208 -0.00015699999999951864 -0.0033217894736841933 0.050240000000000284
47 19 -0.00973399999999991 0.09316693999999999 0.11782849999999989 -0.19788279999999997 -0.09209619999999996 0.15644265000000002 0.2857510615945638 0.8478942000000003 0.6621632000000002 -0.3912439999999995 -0.34850694736842114 -0.1334499999999994 -0.5994259999999996 -0.44626010526315807 -0.14742299999999986
47 20 0.12961920000000016 0.14122149999999997 0.15591669999999969 0.1514421999999998 0.1536401999999999 0.15784779999999987 0.16254985086844911 0.018055000000000154 0.07341320000000007 0.014129999999998866 0.03863852631578951 0.07536000000000209 0.00015700000000173908 0.008263157894736866 0.017741000000001117
47 21 -0.21012880000000012 0.659557 1.3023620999999999 0.06774550000000001 0.0838222999999999 0.12243645000000014 0.3293668899971113 0.09360339999999989 1.8365232000000002 0.21352000000000038 0.9665911578947368 1.188176000000003 -0.08305299999999849 0.00570157894736847 0.05463600000000013
47 22 -0.08523530000000001 -0.08539857999999997 -0.0679652999999999 0.4106806000000001 0.4524425999999999 0.4906642499999999 0.1811937875550733 0.1537029999999997 0.13363840000000016 -0.11586600000000002 -0.07033600000000008 -0.011617999999999906 0.02857399999999899 0.08089631578947352 0.1273269999999993
47 23 -0.9468199 -0.7034133800000001 -0.47712299999999996 -0.0840970499999999 -0.030034099999999953 -0.013925900000000102 0.22240378171876743 0.0723142000000001 0.35400359999999953 -0.02951599999999832 0.1564381052631581 0.6637960000000009 -0.0029829999999986256 0.014427473684210467 0.08556499999999967
47 24 -0.5689365999999999 -0.5700607200000001 -0.5643836000000002 0.04019199999999978 0.042578400000000016 0.04437604999999989 0.15867390992449987 0.008226799999999868 0.0384964000000001 -0.010048000000000279 -0.01748484210526331 0.0 0.0 0.0035696842105261226 0.009734000000001242
47 25 -0.23292520000000005 -0.22720726 -0.22451 0.10836139999999994 0.11082629999999982 0.12095279999999997 0.16288147889010507 0.03714620000000002 0.05790160000000011 -0.01632800000000101 -0.011204842105263162 0.030772000000001132 0.005181000000000768 0.01955063157894738 0.03595300000000079
47 26 -2.0937834000000004 -1.68891494 -1.2943864999999999 0.17706459999999996 0.1877877 0.19712919999999995 0.2846286438289586 0.03472839999999988 1.4145699999999999 -1.6645139999999992 -0.1515793684210525 1.0252099999999986 -0.05557799999999946 0.017451789473684226 0.07504599999999972
47 27 -0.5795498000000001 -0.52425754 -0.4451735000000002 -0.03170614999999999 0.00032970000000009936 0.014373350000000007 0.18564007344042358 0.07017899999999999 0.21565520000000005 -0.11555199999999877 -0.06554336842105268 0.0571480000000002 -0.08870499999999781 0.026789157894736862 0.11068500000000037
47 28 -0.09559730000000011 -0.07385280000000008 -0.05592340000000018 -0.05916544999999995 -0.04673889999999992 -0.032985699999999896 0.1684417710219522 0.05633160000000026 0.04854439999999993 -0.10927200000000248 -0.00475957894736832 0.05683400000000116 -0.03799400000000008 0.029648210526315926 0.10880099999999948
47 29 0.09104429999999974 0.09744362 0.09927109999999983 -0.03318194999999996 0.16119190000000005 0.1689477000000001 0.18766752747290766 0.2999955999999999 0.047100000000000364 -0.02103799999999989 0.02478947368421072 0.029201999999999284 -0.34602800000000156 -0.15789242105263154 0.013345000000000162
47 30 -0.0776678999999999 -0.05159020000000005 -0.03281299999999987 -0.20888065 -0.1906922000000001 -0.17156174999999996 0.17598751171621982 0.08879919999999997 0.12019920000000006 -0.025747999999998772 0.05126463157894749 0.12748399999999993 0.01365900000000031 0.04673642105263156 0.07865699999999864
47 31 0.013941599999999887 0.018777199999999983 0.018196300000000165 0.3767372 0.3769099 0.37822084999999994 0.15887211106781204 0.007316199999999773 0.042578400000000016 -0.032970000000003274 -0.022409684210526325 0.0 -0.007535999999999099 -0.0038175789473684028 0.0031399999999992545
47 32 0.04846589999999995 0.05600817999999994 0.06656800000000018 0.09562084999999992 0.09752840000000018 0.10095100000000001 0.15982849619456377 0.008603600000000267 0.04961200000000021 0.0 0.02611157894736853 0.028888000000000247 0.0 0.00452821052631593 0.014600999999999642
47 33 0.047728000000000215 0.10540980000000015 0.17638949999999987 0.016068950000000026 0.027474999999999916 0.030999650000000156 0.16964576437609244 0.015386000000000122 0.14469120000000046 0.0 0.07473199999999992 0.13407799999999526 -0.01491499999999979 -0.00809789473684217 0.013344999999997942
47 34 -0.24849960000000015 -0.24559196000000005 -0.24400939999999993 0.24803644999999996 0.2508703 0.25238535000000006 0.15634907751813062 0.005840399999999857 0.015511600000000403 -0.004081999999998587 0.00789957894736851 0.018211999999999673 -0.0012559999999994798 0.0006610526315787904 0.0062800000000007294
47 35 -0.4382655000000001 -0.18474817999999998 0.0362827 0.19969614999999985 0.25556460000000014 0.27248920000000004 0.2661451366926527 0.16817840000000017 1.0939131999999998 -0.8402640000000017 -0.5751157894736841 -0.2537120000000015 -0.05557800000000057 0.05876757894736856 0.15228999999999715
47 36 1.4609163999999994 1.60381152 1.7964881999999998 -0.039202899999999985 0.05361549999999993 0.07659244999999998 0.2450305112901049 0.31833319999999987 0.7084467999999999 0.06468399999999708 0.357001473684211 0.6449559999999943 -0.22042799999999918 -0.16754378947368415 -0.0598170000000009
47 37 -0.019499399999999834 -0.013994979999999968 -0.007394699999999976 -0.011029250000000046 0.005950299999999964 0.01462455000000018 0.16258171627290766 0.06600280000000014 0.013502000000000347 -0.02825999999999773 -0.007106315789473867 0.0021979999999999222 0.015386000000001676 0.034738315789473756 0.04364599999999941
47 38 -0.03238910000000028 0.29575974 0.6038220000000001 -0.16379809999999995 -0.12903830000000005 -0.12448530000000002 0.24206864202131514 0.08361819999999986 0.6745348 -0.8974120000000019 -0.2728494736842105 0.3830800000000001 -0.017741000000001117 0.0382584210526315 0.09718299999999958
47 39 0.7117281000000001 0.98153574 1.2635831000000004 0.18484395000000015 0.19146150000000006 0.20282830000000013 0.24712227878055104 0.07589380000000001 0.9632264000000004 -0.035482000000000014 0.45070568421052654 0.982192000000004 -0.05840400000000079 0.018674736842105386 0.09090299999999885
47 40 2.156740400000001 2.2242127199999997 2.3069265999999997 0.048057700000000036 0.07251829999999992 0.07577604999999998 0.2298664259283216 0.10390260000000007 0.7502716000000005 -0.5560939999999981 -0.39487978947368446 -0.13187999999999978 -0.10000899999999979 -0.04939715789473696 0.0037680000000006597
47 41 -0.05512269999999975 -0.05225587999999999 -0.04840309999999981 0.12252279999999993 0.12280539999999984 0.12300950000000005 0.15636216312258913 0.003610999999999809 0.016390799999999928 0.0 0.008461473684210527 0.02480600000000166 -0.012716999999999867 -0.001900526315789373 0.001727000000000256
47 42 2.3962282 2.4598351800000007 2.4684482000000005 -0.06385189999999996 -0.05793300000000001 -0.04019984999999998 0.2223709437588949 0.0934149999999998 0.6759164000000002 0.023235999999999812 0.3557454736842106 0.3438300000000005 -0.07080700000000051 -0.04916578947368411 -0.006593999999999767
47 43 0.09732430000000014 0.13652720000000004 0.17177369999999959 0.10212064999999992 0.12382589999999993 0.13527120000000015 0.16908667791621967 0.03840219999999972 0.06405599999999989 -0.08226800000000312 0.015964421052631482 0.07473199999999514 -0.06578300000000037 0.010378526315789557 0.06798100000000029
47 44 -0.12561569999999989 -0.12485581999999991 -0.12274259999999981 0.052218200000000214 0.05429060000000008 0.05518550000000011 0.15563084684806686 0.00427040000000023 0.005965999999999916 -0.001884000000000885 -0.0003305263157893952 0.000628000000000295 -0.014600999999999642 -0.000363578947368475 0.013187999999999533
47 45 -0.3705514000000001 -0.2964003 -0.22760290000000005 -0.034728400000000104 -0.033441000000000054 -0.029947749999999995 0.1799957446652643 0.007033600000000195 0.27776440000000013 -0.18651600000000101 -0.14619178947368427 -0.10958600000000152 -0.0031399999999992545 0.003701894736842208 0.015072000000000418
47 46 -0.3095255 -0.27082814 -0.2315592999999999 -0.07215719999999998 -0.0157157 0.0029986999999999653 0.18724112257609246 0.22413320000000025 0.1379716000000002 0.03234200000000076 0.07261663157894747 0.1259140000000003 0.01491499999999979 0.11667578947368433 0.1918540000000002
47 47 0.013439200000000096 0.016918319999999976 0.021414800000000067 0.06643454999999993 0.07138789999999995 0.07668665000000019 0.15742464952322605 0.02260799999999996 0.010864399999999996 -0.013815999999999828 -0.0040324210526316035 0.000628000000000295 -0.021508999999999556 -0.011898947368421032 0.0
