51 0 -0.06939399999999996 -0.05968512000000006 -0.06374199999999997 0.07303639999999989 0.0751715999999999 0.0819068999999999 0.17127401105571027 0.08380659999999995 0.10632039999999998 -0.0006280000000025154 0.055958105263157885 0.027945999999998694 0.0 0.044108736842105235 0.028103000000001543
51 1 -0.1216278999999999 -0.058089999999999996 -0.06914280000000028 0.021391249999999917 0.022827800000000065 0.023871850000000028 0.2089540334888312 0.08839100000000011 0.5348048000000003 0.00031399999999903727 0.28147621052631594 0.26250399999999896 -0.007692999999997507 0.046521578947368476 0.02088099999999926
51 2 -0.05432199999999998 -0.05243172 -0.051417500000000005 0.050287100000000085 0.051684400000000075 0.05314450000000004 0.15535549093978657 0.005777599999999827 0.002951599999999832 0.0 3.305263157884603e-05 0.00031399999999903727 -0.00015699999999951864 -0.0007271578947368331 0.0006279999999991848
51 3 -0.1717894000000001 -0.16897595999999998 -0.14797249999999984 -0.14983295000000002 -0.027883199999999997 0.11874695000000007 0.19693433358755733 0.2781726 0.11699640000000011 -0.0015700000000018477 0.05450378947368422 0.09922399999999998 -0.38151000000000046 -0.03083810526315789 0.09231600000000006
51 4 -0.19218369999999996 -0.08807386000000002 0.023330199999999857 0.30075704999999997 0.3060244000000002 0.30898385000000006 0.20071666166271657 0.03724039999999995 0.45530000000000026 0.13973000000000013 0.23963157894736856 0.33786400000000105 -0.021980000000001443 -0.019600210526315765 0.03469699999999798
51 5 -0.20281259999999968 -0.1659521399999999 -0.13724939999999974 0.07559549999999998 0.12139240000000007 0.20852740000000003 0.17544584977354452 0.13718659999999994 0.0687660000000001 -0.09891000000000094 -0.01629494736842111 0.03862200000000149 -0.1646930000000002 -0.06641926315789479 0.015228999999998827
51 6 -0.1293837 -0.12818422000000002 -0.12622800000000023 -0.15502965000000002 -0.1532791 -0.15203880000000014 0.15555593406399043 0.005055400000000043 0.00427040000000023 -0.0009420000000015527 0.001222947368420809 0.0021979999999999222 -0.0015699999999996272 0.0018509473684209872 0.009576999999999503
51 7 -0.05239089999999991 -0.05068273999999993 -0.04950209999999988 0.10389474999999998 0.11462570000000005 0.12001080000000014 0.15750397858819426 0.0285740000000001 0.0032656000000002017 0.0 0.000760210526315796 0.0025119999999989595 -0.028259999999999952 -0.014989368421052718 -0.00015699999999951864
51 8 -0.1503432 -0.14633342000000005 -0.14395330000000017 0.06243104999999993 0.06391469999999999 0.06536694999999998 0.15666597833978657 0.010330599999999635 0.009357199999999732 -0.0034539999999982918 0.0027764210526317144 0.025747999999998772 0.0 0.00543715789473665 0.013973000000001567
51 9 -0.14136280000000012 -0.14031404000000008 -0.13833269999999998 0.015543000000000085 0.01981339999999998 0.022812100000000002 0.15604551710093312 0.006154399999999782 0.005777600000000049 -0.0009419999999993323 0.0001652631578946976 0.0015699999999996272 -0.015072000000001529 -0.002181473684210499 0.01475799999999805
51 10 -0.1992330000000001 -0.19210834000000004 -0.18915360000000003 0.17779464999999994 0.17908990000000002 0.18062850000000003 0.15840639497800324 0.0073790000000002465 0.03724039999999995 -0.0003140000000012577 0.019600210526315765 0.03140000000000143 -0.007064999999999433 0.0034870526315791245 0.01491499999999979
51 11 -0.08050960000000007 -0.07599114000000011 -0.07176470000000013 0.026281800000000133 0.026988299999999854 0.02913919999999992 0.1581757361639905 0.0067509999999999515 0.03221639999999981 -0.028888000000000247 0.010841263157894687 0.02982999999999958 -0.014286999999999495 -0.0016030526315790577 0.0012559999999994798
51 12 -0.1973176000000002 -0.1954807 -0.1925448000000003 0.14581375000000008 0.1480980999999999 0.15075140000000015 0.1577820152773662 0.013815999999999828 0.02373840000000005 0.0003140000000012577 0.012493894736842131 0.03077199999999891 -0.025591000000000363 -0.007255052631578908 0.012246000000000201
51 13 -0.08815550000000005 0.09721126 0.3325417000000004 0.005604899999999913 0.17357920000000004 0.22856059999999984 0.22021584384870393 0.23807480000000014 0.5090568000000006 0.004710000000001102 0.2679246315789477 0.3039519999999962 -0.08540800000000015 -0.09877778947368415 0.00989099999999854
51 14 -0.4021083999999999 -0.29404529999999995 -0.15659179999999984 -0.008917600000000026 -0.0011774999999999425 0.0128583000000001 0.20981407149520062 0.024868800000000135 0.5883104000000001 -0.423271999999999 -0.30963705263157904 -0.18306200000000272 -0.02480600000000055 -0.0028259999999999835 0.030457999999998764
51 15 -0.040270499999999876 -0.0007033600000000195 0.06523349999999994 -0.21201279999999995 -0.18725389999999997 -0.13550669999999992 0.1881530672085765 0.10697980000000018 0.17690760000000028 -0.04867000000000177 0.028854947368421167 0.15197600000000255 -0.1157090000000005 -0.04425747368421063 0.125286
51 16 -0.3209550999999998 -0.20922448000000005 -0.11283589999999999 0.09343070000000003 0.10278789999999993 0.10464050000000003 0.1810211993569841 0.027789000000000064 0.19254479999999985 -0.29233400000000076 -0.08673010526315797 0.09922399999999998 -1.1102230246251565e-15 0.014625789473684245 0.02967299999999895
51 17 -0.04355179999999992 -0.029327600000000075 -0.022168399999999977 0.0025826500000000197 0.026925500000000047 0.03479904999999989 0.17662372040093308 0.05686540000000018 0.10022879999999956 -0.02857399999999899 0.0487195789473684 0.05903199999999664 -0.022764999999999036 0.02325252631578947 0.056363000000000385
51 18 0.45214430000000005 0.8928809799999999 1.3255981000000001 -0.2763199999999999 -0.26787339999999993 -0.2542772000000001 0.3503139700225891 0.1408604 2.0695112 -1.4516220000000013 -1.0892164210526316 -0.6967660000000064 -0.004396000000000955 0.07413705263157895 0.12952500000000033
51 19 -0.3289620999999999 0.20022524000000003 0.9047909999999997 -0.8139979 -0.46330700000000014 -0.27063659999999995 0.396601158168449 0.6857446 1.3285339999999999 0.03987799999999986 0.6666385263157893 0.9303820000000029 -0.8468579999999992 0.1509513684210526 1.0647739999999994
51 20 -0.3858275000000001 -0.3272947599999999 -0.26815600000000006 0.05505204999999985 0.06491950000000002 0.12454024999999996 0.18269415329392685 0.09982059999999993 0.2125151999999999 -0.2574799999999988 0.0013551578947368942 0.21100800000000142 0.0026689999999995884 0.04475326315789472 0.06798099999999918
51 21 -0.13734360000000023 -0.13373574000000005 -0.1302158 0.18352515000000003 0.19337689999999996 0.19669744999999988 0.16839919191876754 0.12145520000000021 0.017646800000000074 -0.028260000000002172 0.00928778947368425 0.03705200000000186 -0.02119499999999941 -0.06392378947368432 -0.0015699999999996272
51 22 0.2741691000000003 0.5330935 0.8579578999999998 0.04226439999999998 0.1264478 0.15429960000000004 0.2684840630703598 0.13743780000000028 1.1412016 0.3102320000000014 0.5068951578947367 0.8945860000000017 -0.12481500000000034 -0.06879905263157907 -0.008478000000000652
51 23 0.5353857 0.78566254 1.0372990000000002 -0.14457345000000005 -0.1053784000000001 -0.07862560000000002 0.257141052523863 0.2412776000000001 0.9183872000000002 -0.02103799999999989 0.03308568421052608 0.6810659999999991 -0.1687749999999999 -0.082234947368421 0.03736599999999979
51 24 0.21413230000000005 0.2209492400000001 0.23626930000000035 -0.02227830000000003 -0.01761540000000006 -0.012811199999999967 0.17268144165252547 0.02015879999999992 0.18538560000000004 -0.07661599999999824 0.07522778947368425 0.1259140000000003 -0.029202000000001505 -0.006660105263157926 0.021980000000000333
51 25 -0.09470240000000008 -0.09457052000000002 -0.09181359999999983 0.06540619999999997 0.0673843999999999 0.06833424999999987 0.15576948799265278 0.0058717999999997605 0.0089804 -0.00125600000000059 0.0016195789473683637 0.0018839999999986645 -0.006907999999999914 -0.0014708421052630892 0.0007849999999998136
51 26 -0.2533352 -0.24856554000000006 -0.24546950000000023 0.266429 0.26787340000000004 0.2705738 0.1574706317174936 0.009671200000000102 0.02317319999999956 0.0 0.012196421052631348 0.02606199999999781 -0.009734000000001242 -0.0006279999999999444 0.008164000000001614
51 27 -0.19172840000000013 -0.19140498000000009 -0.1913359 0.0788689500000001 0.08225230000000006 0.08533735000000003 0.15588327330921334 0.011052799999999863 0.003077199999999891 -0.0018839999999986645 0.0 0.0015699999999996272 -0.013187999999999533 -0.000413157894736744 0.015229000000001047
51 28 -0.08645989999999992 0.10069665999999997 0.20034770000000002 -0.1115249499999999 -0.10861259999999995 -0.10427154999999994 0.23755332870666557 0.0384964000000001 0.8848519999999995 0.03108599999999795 0.4657115789473682 0.7105820000000018 -0.02480600000000055 0.02026126315789479 0.02857400000000121
51 29 0.2290473000000003 0.32725708000000014 0.42331909999999995 0.06431504999999998 0.08688379999999984 0.09318734999999984 0.19307446504424533 0.12566280000000019 0.3037008000000001 -0.257166000000002 0.01722042105263137 0.333781999999998 -0.017584000000000488 0.057048842105263196 0.12764099999999945
51 30 -0.19750599999999996 -0.16212762000000008 -0.11198809999999992 -0.0448313500000001 -0.03632980000000008 -0.026925500000000047 0.1728965678518886 0.0455928000000001 0.16290320000000014 -0.04458800000000096 0.08104505263157892 0.20127399999999795 0.00015700000000062886 0.023996210526315842 0.055263999999999314
51 31 -0.04355180000000014 -0.03464047999999995 -0.022843499999999795 0.017301400000000022 0.01912260000000021 0.0208967000000001 0.15985285982258918 0.011335400000000107 0.023424400000000123 -0.04301800000000133 -0.012328631578947433 0.0 -0.013973000000001567 0.0012890526315788517 0.015072000000000418
51 32 -0.12374740000000006 -0.11732610000000002 -0.11059079999999999 -0.013635449999999993 -0.012151800000000046 -0.009474950000000038 0.1575118211308694 0.0134706 0.021038000000000334 -0.0018840000000031054 0.004858736842105091 0.028888000000002467 0.0 0.006627052631578963 0.013972999999999347
51 33 -0.2301148999999999 -0.16012743999999998 -0.06193650000000006 -0.08264480000000002 -0.07890819999999998 -0.07473985000000005 0.18555987878055097 0.026972600000000124 0.32197560000000003 -0.20253000000000076 0.05899894736842107 0.34759799999999785 -0.03877900000000101 0.0075194736842106105 0.0775580000000009
51 34 -0.29390399999999994 -0.29251925999999984 -0.29132919999999984 0.17849330000000013 0.18098960000000008 0.18321900000000002 0.15531416212641083 0.005808999999999953 0.003705199999999742 -0.004081999999998587 -0.001950105263157759 0.0 -0.0014130000000001086 -0.0009254736842104936 0.0
51 35 -0.1807698000000002 -0.16714220000000007 -0.1578792000000001 -0.02979074999999992 -0.027914600000000123 -0.024405650000000056 0.16329772835188847 0.023047600000000168 0.07291080000000028 -0.00031399999999903727 0.03837410526315804 0.06279999999999841 -0.006279999999999619 0.012130315789473772 0.0285740000000001
51 36 -0.09264570000000005 -0.09508861999999993 -0.0777464000000001 0.14159830000000007 0.14282289999999997 0.14372564999999998 0.16605639033023248 0.013093800000000044 0.1149239999999998 -0.04427400000000192 -0.06048631578947358 -0.000628000000000295 -0.020566999999998004 -0.00689147368421055 0.004239000000001436
51 37 -0.02318890000000018 0.002637599999999929 0.026988300000000187 0.023628499999999886 0.03438299999999983 0.03914010000000018 0.1706998115295956 0.016296600000000216 0.1536088000000002 -0.0844659999999986 0.030705894736842154 0.0 -0.03563899999999953 -0.00852757894736857 0.0021979999999999222
51 38 -0.26848569999999994 -0.12091512000000007 0.03362940000000003 -0.0029280499999999043 0.006970800000000055 0.013070250000000116 0.1922571434811879 0.024994400000000194 0.2912663999999996 -0.013815999999999828 0.14047368421052617 0.35073799999999933 -0.021979999999999222 -0.000776736842105219 0.03140000000000032
51 39 -0.3153973000000001 -0.3151931999999999 -0.3146907999999997 0.16502270000000013 0.16764459999999992 0.1678643999999998 0.1557001695703599 0.005589199999999961 0.003956400000000304 -0.00031399999999903727 0.0020823157894738443 0.0018839999999986645 -0.012717000000000978 -0.002941684210526295 0.000941999999998222
51 40 -0.13494149999999983 0.04205088000000001 0.25989780000000007 0.13201344999999987 0.14613560000000003 0.15532009999999996 0.21294226279774847 0.09796799999999983 0.50868 -0.3030099999999991 -0.005420631578947344 0.19154000000000115 -0.05573500000000009 -0.009254736842105286 0.08430900000000019
51 41 -0.2244001000000001 -0.10691071999999999 0.008697799999999867 -0.18044010000000005 -0.15506889999999995 -0.09437270000000003 0.19410235036144266 0.16557219999999995 0.24824840000000004 -0.28102999999999767 -0.11056105263157888 0.08038400000000223 0.042860999999999594 0.08714326315789471 0.11539500000000036
51 42 -0.4067555999999999 -0.17830490000000004 -0.09765400000000002 0.08697015000000013 0.09195490000000006 0.09735569999999999 0.2760084255289586 0.13122060000000002 1.2575072000000005 -0.5717939999999966 -0.660127157894737 -0.19091199999999864 -0.031713999999999354 0.053545263157894644 0.025433999999999735
51 43 -0.13401520000000033 -0.1334688400000001 -0.13370119999999996 -0.04436819999999986 -0.04355179999999992 -0.04286100000000004 0.15532473764997773 0.004238999999999882 0.0028888000000004688 -0.000628000000000295 0.0015204210526318256 0.0018840000000031054 -0.013031000000000015 -0.001569999999999861 0.0007849999999998136
51 44 -0.14784690000000011 -0.12352131999999998 -0.10453060000000003 -0.004874849999999986 0.04323779999999999 0.06340444999999978 0.17404467842641083 0.1503431999999998 0.0713408000000002 -0.059032000000001084 -0.036754526315789675 -0.00376800000000177 -0.09828199999999954 -0.07912799999999989 -0.06075900000000023
51 45 -0.16364109999999998 -0.10324320000000001 -0.0572893000000001 -0.017638950000000042 -0.002370699999999948 0.006923699999999977 0.17162348431621982 0.05030280000000009 0.1148612 -0.10581800000000197 -0.04415831578947362 0.06028799999999945 -0.03328400000000009 0.015055473684210528 0.05039699999999869
51 46 -0.08821830000000008 -0.08525100000000004 -0.08327280000000004 0.07819385000000001 0.08088640000000002 0.08384584999999994 0.15762974980921332 0.008415199999999956 0.022921999999999887 -0.0018839999999986645 0.01206421052631573 0.027946000000000915 -0.00047099999999966613 0.002478947368421165 0.013501999999999681
51 47 -0.18500879999999986 -0.1845629199999999 -0.18456920000000032 0.06116720000000009 0.062454599999999916 0.062454599999999916 0.15523854534233436 0.0027945999999998694 0.0032655999999997576 0.0 0.0017187368421051356 0.0 0.0 -0.0013551578947367776 0.0
