53 0 -2.89640822 -2.848617106 -2.68449904 -0.1318957 -0.053803900000000016 0.3778362000000002 0.29216921810507324 0.6460864000000002 0.5916890399999994 -0.47081160000000066 -0.20335301052631535 0.3065582 -0.42719699999999916 -0.27341136842105274 0.047570999999999586
53 1 0.21953309999999993 0.24202178000000005 0.24842109999999973 -0.12418699999999999 -0.11515949999999997 -0.09786594999999998 0.1798206259206783 0.10170460000000014 0.18456919999999943 -0.12936800000000082 -0.09714168421052602 -0.022607999999995076 -0.10204999999999909 -0.05352873684210534 0.029987000000000208
53 2 0.5535035000000003 0.5555759 0.5581663999999997 -0.059903349999999855 -0.056315899999999974 -0.052500800000000014 0.1568943938729076 0.013596200000000058 0.013941599999999887 -0.020724000000000853 -0.004924842105263017 0.0 -0.009262999999999355 0.0010246315789473822 0.0136589999999992
53 3 0.26040019999999975 1.0808351 2.0404505000000004 -0.3221954 -0.20554440000000007 -0.13109499999999996 0.3923852154436083 0.21377120000000005 2.3660528000000007 -2.1022300000000005 -1.2279383157894737 -0.03862200000000593 -0.2626609999999996 -0.08996926315789469 0.11476700000000117
53 4 0.32142609999999994 0.32498686 0.32954300000000003 -0.06520210000000004 -0.06165389999999993 -0.060405749999999925 0.15881959493086947 0.015071999999999974 0.034226000000000756 -0.0018840000000031054 -0.006280000000000145 0.025120000000002918 -0.011775000000002755 0.004941368421052557 0.01601400000000086
53 5 0.21461900000000023 0.3835039000000001 0.6370274999999999 0.03526220000000008 0.07801330000000006 0.09228459999999994 0.20787624728883117 0.09806219999999999 0.4612660000000002 -0.288565999999999 -0.19669621052631575 0.07441800000000054 -0.07269099999999806 0.007932631578947354 0.09812499999999891
53 6 -3.03665318 -2.928918524 -2.7998139699999998 -0.18726175000000006 -0.1461513000000001 -0.09792090000000003 0.20626578457042366 0.10189300000000001 0.4433052000000002 -0.41042940000000083 -3.252038505263158 0.12402999999999942 -0.09341500000000114 -0.017683157894736852 0.0912170000000001
53 7 0.29894370000000015 0.41008086000000005 0.5138923999999996 -0.3275334000000001 -0.30512950000000005 -0.26618565000000005 0.18080239021876754 0.07049299999999992 0.2290944000000006 -0.12403000000000164 -0.11515536842105296 0.0003140000000012577 0.0 0.032837789473684265 0.03328400000000009
53 8 0.28661919999999996 0.29127268000000006 0.29729519999999987 -0.06761990000000001 -0.06440139999999994 -0.06269794999999989 0.16041639752004133 0.022765000000000146 0.024805999999998996 -0.00376800000000177 0.013055789473683682 0.03830800000000023 -0.021352000000000038 0.000413157894736744 0.04317500000000085
53 9 0.5880277999999998 0.5892712400000001 0.5903513999999997 0.019546499999999967 0.022403900000000032 0.024178000000000033 0.1559013847945636 0.009796800000000161 0.004458800000000096 -0.00125600000000059 -0.0002974736842107829 0.012560000000001459 -0.0012560000000028104 0.004627368421052585 0.017584000000000488
53 10 0.4248105999999999 0.44719565999999994 0.4502132000000001 0.08246425000000013 0.10128070000000011 0.11470419999999987 0.16932403604997767 0.03416319999999984 0.11429599999999995 -0.10613199999999878 -0.06015578947368418 -0.0012560000000028104 -0.03611000000000142 -0.005470210526315612 0.034225999999999424
53 11 0.3196677 0.3238596 0.3334680000000003 -0.06214844999999991 -0.05082089999999995 -0.046150149999999945 0.1642889097066656 0.043991400000000125 0.06236039999999976 -0.07630199999999698 -0.03282126315789461 0.011617999999997686 -0.032813000000000425 -0.022558421052631717 0.013973000000000457
53 12 0.3646010999999997 0.38859698000000004 0.39920390000000006 -0.046966549999999885 0.002464899999999992 0.014169249999999856 0.17807157586717515 0.17813219999999985 0.08233080000000026 -0.06091599999999753 -0.0013882105263157403 0.043960000000002886 -0.18620199999999865 -0.08468084210526308 -0.026376000000000177
53 13 0.46228650000000027 0.46899040000000003 0.484031 0.041479399999999944 0.04826179999999991 0.05113489999999993 0.1726831978219523 0.1236218 0.07617640000000048 -0.04678599999999866 -0.03738252631578962 -0.010362000000001537 -0.05714800000000131 -0.06162663157894727 0.011460999999997057
53 14 0.23187329999999973 0.2363540799999999 0.24058680000000032 -0.22554619999999992 -0.22399190000000002 -0.22133075000000008 0.15945702107864013 0.027192399999999894 0.017081600000000474 -0.013815999999999828 0.008990315789473935 0.004710000000001102 -0.014600999999999642 0.014311789473684155 0.02119499999999941
53 15 2.9185044000000007 2.97054048 3.0303355000000005 -0.1751099499999999 -0.14464410000000005 -0.10055850000000005 0.18851258949902217 0.10927199999999981 0.2251379999999994 -0.27129599999999865 0.008428421052631682 0.22482399999999458 -0.17850900000000003 -0.04533168421052628 0.05479299999999854
53 16 2.6769598999999995 2.8458655239999997 2.9962351 0.2190778 0.2354058000000001 0.2447551500000001 0.21165992767762096 0.03102320000000014 0.3806119599999995 -0.2647020000000033 -3.1049410736842105 0.5253219999999992 -0.01727000000000034 0.009370421052631715 0.034225999999999424
53 17 0.40388250000000003 0.4183076600000001 0.42999160000000014 -0.13702959999999986 -0.11691790000000013 -0.08380659999999995 0.16992139807099682 0.07680439999999988 0.07592520000000036 -0.048984000000003025 -0.02578105263157914 0.014758000000003602 -0.00015700000000062886 0.0400597894736841 0.10770199999999952
53 18 0.2865093000000001 0.34964842000000007 0.3982462000000001 -0.22183314999999992 -0.18522860000000008 -0.17963939999999995 0.1832404145595318 0.06788679999999991 0.19756880000000043 -0.17207199999999867 -0.005420631578947344 0.1871439999999991 -0.1197910000000002 -0.0027433684210526345 0.13109499999999996
53 19 2.8623769000000006 2.7447713400000002 2.9475808000000003 0.0990356 0.10313329999999987 0.10387119999999994 0.2914271772315062 0.09702600000000006 1.4596603999999989 -1.090207999999997 -0.7682423157894731 0.00125600000000059 -0.07127799999999906 -0.05106631578947372 0.006907999999999914
53 20 0.3079397999999999 0.32763388000000004 0.3323376 -0.03386490000000003 -0.027443600000000012 -0.026666450000000064 0.17072069084297128 0.018431799999999887 0.16510119999999961 -0.09702599999999784 -0.061312631578947306 0.027632000000001877 -0.0009419999999993323 0.009700947368420993 0.028887999999999137
53 21 0.31045180000000006 0.31708033999999996 0.3141883999999997 -0.3363882 -0.33334240000000004 -0.30108674999999996 0.17888157940475471 0.19436600000000004 0.08289599999999986 -0.017583999999999378 -0.036027368421052725 0.012246000000000201 -0.17175800000000074 -0.09671199999999996 0.010048000000000279
53 22 2.9504539 2.9675072400000007 2.9785098 0.1714753999999999 0.17805369999999998 0.18004760000000009 0.1605950646971114 0.014695199999999575 0.052563600000000044 -0.030143999999996396 -0.009948842105263273 0.026375999999994626 -0.004238999999998105 0.0068088421052629675 0.015542999999998974
53 23 0.22887459999999982 0.23452973999999988 0.24044549999999965 0.06665435000000003 0.0688759000000001 0.08456020000000003 0.16135642970411773 0.048167599999999755 0.02976719999999977 -0.0037680000000039904 0.01553473684210508 0.025434000000004175 -0.046314999999997886 -0.02369873684210506 0.0037680000000006597
53 24 0.2894766000000003 0.32842516000000005 0.3104361000000001 -0.23594745 -0.22684929999999992 -0.21836345000000001 0.19373422774169746 0.08999240000000008 0.3536267999999998 -0.25088599999999905 -0.16989052631578958 0.03359800000000357 -0.018369000000000302 0.04442273684210533 0.035482000000000014
53 25 0.4009152 0.40510396000000004 0.4091891 0.026862699999999906 0.029563099999999953 0.03541919999999987 0.15941226591813054 0.013690399999999991 0.04075719999999983 -0.024492000000002623 0.006412210526315529 0.03579599999999905 -0.008321000000001133 0.000760210526315796 0.018055000000000154
53 26 0.4644374 0.4672602599999999 0.47118839999999984 0.19438170000000016 0.19895039999999997 0.20007294999999992 0.15986136020348085 0.010142199999999768 0.04527879999999973 -0.021665999999997965 -0.012163368421052735 0.025119999999996256 -0.00737899999999958 0.002611157894736666 0.016327999999998788
53 27 0.3408941000000001 0.3865402800000001 0.4282488999999997 0.12455594999999997 0.1291325000000001 0.13129125000000008 0.17005026750985028 0.007347600000000121 0.16579199999999972 -0.18997000000000153 -0.056486947368420824 0.07127799999999906 -0.0021980000000010325 0.003850631578947249 0.012089000000001793
53 28 0.2456579000000001 0.2611098399999999 0.2641996000000004 -0.11607794999999999 -0.11423320000000003 -0.10979795000000003 0.16595022005634713 0.010173600000000116 0.11605439999999989 -0.04113400000000045 -0.04957894736842074 0.02480599999999944 -0.008006999999999875 0.0018674736842105271 0.012089000000000683
53 29 0.42865710000000024 0.6768301400000001 0.5556858 0.08076080000000002 0.12172209999999994 0.1311264000000002 0.32190461603978665 0.13881940000000004 1.7693272000000002 -1.4073480000000016 -0.9116246315789475 0.01852600000000093 0.013501999999999681 0.07306284210526318 0.11052800000000085
53 30 0.36281129999999995 0.39560545999999996 0.43226810000000027 -0.36789025000000003 -0.3583054000000001 -0.34798265000000006 0.17068866686462741 0.03475980000000023 0.13665280000000024 -0.12905400000000178 0.023698736842105293 0.1136680000000001 -0.017112999999999712 -0.0046108421052632785 0.03862199999999927
53 31 0.25881450000000006 0.33850142000000005 0.36354920000000024 -0.21009740000000016 -0.06534340000000005 -0.04768875000000011 0.22035213688564634 0.2841072 0.4424888 -0.21540399999999904 -0.23288884210526317 -0.044902 -0.22513799999999806 -0.1429361052631579 0.018839999999999968
53 32 0.32290189999999985 0.3374746400000001 0.341475 -0.14448710000000003 -0.13690400000000003 -0.1290697 0.1682867636614426 0.06057060000000014 0.09558160000000049 0.02355000000000329 0.05030610526315815 0.05086799999999725 0.006437000000001358 0.03187926315789481 0.028730999999999618
53 33 0.22987940000000018 0.28821746000000004 0.3314113000000002 -0.16178065000000003 -0.05088370000000009 -0.02657224999999991 0.18819687931558285 0.15112820000000005 0.2265196000000005 -0.2238820000000019 -0.061345684210526386 0.08949000000000096 0.002983000000000846 0.0790123157894737 0.11288299999999918
53 34 0.2573386999999999 0.3443010000000001 0.4073836000000002 0.09623315000000016 0.12216170000000015 0.15788705000000008 0.17589321870157004 0.07130939999999986 0.16453600000000002 -0.08446600000000082 -0.0771448421052634 0.014758000000003602 -0.025277000000000216 -0.03139999999999991 0.013345000000000162
53 35 0.37733379999999994 0.37931514 0.38011269999999997 -0.13819140000000008 -0.13655859999999997 -0.13585209999999998 0.15629093641940442 0.0067509999999999515 0.007096399999999559 -0.021980000000001443 -0.0037349473684208205 0.00125600000000059 -0.0031399999999992545 0.0009585263157894565 0.0010989999999999611
53 36 -1.1991974 -1.027879 -0.8805345000000002 -0.07419035000000002 -0.0152447 0.015480199999999888 0.21906081192895852 0.1472032000000001 0.5858611999999999 -0.46189400000000047 -0.28521115789473694 -0.08415199999999845 0.029359000000001023 0.07747536842105268 0.09890999999999983
53 37 1.2807746000000004 2.13075376 2.9705970000000006 -0.048826999999999954 0.051150600000000046 0.061088699999999885 0.3749828610735444 0.13652720000000018 2.3728351999999995 -2.0601540000000007 -1.248860631578947 -0.36518200000000167 -0.09577000000000058 -0.07185642105263168 -0.013188000000001754
53 38 0.2686898000000002 0.3351667399999999 0.3976966999999998 -0.22730460000000013 -0.21797880000000003 -0.1585700000000001 0.1968492247735446 0.1264164000000001 0.30684080000000025 -0.2807160000000053 -0.07350905263157911 0.10738799999999937 0.009105999999999836 0.0665349473684211 0.1292110000000013
53 39 0.49924429999999986 0.9579292200000001 1.2917489 -0.07763649999999994 -0.01912259999999988 0.007151350000000001 0.3319789313506146 0.12443819999999994 1.7898628000000003 -1.5477059999999998 -0.8786050526315791 -0.3369220000000017 -0.11147000000000129 0.028838421052631628 0.1136680000000001
53 40 0.5466112000000001 0.5487464000000001 0.5513840000000001 -0.0499495499999999 -0.04837170000000002 -0.04513750000000005 0.15607081852895863 0.008823400000000037 0.007347600000000121 -0.012874000000000496 -0.0027103157894737885 0.0028259999999979968 -0.010361999999999316 -0.0005618947368420186 0.010048000000000279
53 41 0.5171580000000002 0.52393098 0.5315392000000005 0.02307899999999985 0.030112600000000045 0.03355089999999994 0.1576523728372389 0.02069260000000006 0.015448800000000151 -0.021666000000000185 -0.007866526315789196 0.00031400000000347816 0.0 0.008560631578947533 0.017898000000000636
53 42 2.7250961 2.73660734 2.7688991 0.10127284999999997 0.11878620000000006 0.1514186500000001 0.17673037809137898 0.07806040000000003 0.17169519999999938 -0.07222000000000062 -0.09036589473684178 -0.047728000000000215 -0.05071100000000106 -0.03961357894736827 -0.008791999999999689
53 43 0.4904052000000002 0.5495471000000002 0.6193806999999999 -0.16608245000000005 -0.15721980000000002 -0.14528780000000002 0.18894667270602872 0.056520000000000126 0.24680400000000002 -0.3102319999999992 -0.12989684210526317 -0.03454000000000068 -0.021352000000000038 0.007007157894736861 0.07049299999999925
53 44 0.2627866 0.33462038000000005 0.3629996999999999 -0.28633660000000005 -0.2813597000000001 -0.27698724999999996 0.18372906045316245 0.03303279999999997 0.29804879999999967 -0.27663400000000005 -0.15362863157894732 -0.023863999999997887 0.005965999999999472 0.017385684210526303 0.03344099999999961
53 45 0.4512179999999999 0.47396101999999996 0.5001706000000002 -0.14718750000000014 -0.14381200000000005 -0.14082115 0.16552405292832167 0.03438300000000005 0.08233079999999982 -0.10613200000000322 0.004131578947368375 0.014444000000000123 -0.005966000000000582 0.01809631578947371 0.02747500000000125
53 46 0.3747119 0.37713283999999997 0.37739659999999997 -0.16434760000000004 -0.1546921 -0.14822370000000012 0.15991012352131526 0.04286100000000004 0.018777199999999716 -0.027003999999999362 -0.00938694736842102 0.0015700000000018477 0.013344999999999052 0.0225584210526316 0.028103000000000433
53 47 0.41562610000000033 0.4256803800000001 0.43346129999999994 0.02668999999999988 0.029484600000000083 0.030536500000000077 0.15897879222258907 0.012936800000000082 0.03818239999999973 -0.027004000000001582 -0.020095999999999857 0.0 -0.016484999999999417 -0.006808842105263201 0.00047099999999966613
