59 0 -0.12831609999999993 -0.07140046 0.013313600000000037 0.34517235 0.40173159999999997 0.44530694999999987 0.20012301918182476 0.29729519999999976 0.18758359999999996 -0.05840399999999857 0.09872821052631577 0.2056699999999978 0.08525100000000063 0.15647115789473673 0.18133499999999914
59 1 0.12010500000000002 0.31086314000000004 0.5649016999999997 -0.1562464 -0.12202040000000003 -0.1132362500000001 0.2605033954493407 0.22896880000000008 0.9355943999999998 0.27443600000000234 0.4893111578947369 0.725654 -0.19232499999999875 -0.12050989473684215 0.040191999999998895
59 2 0.08214239999999995 0.08963130000000004 0.0985646 0.09677479999999994 0.10178310000000002 0.10641459999999997 0.15773393098309874 0.012748400000000215 0.021477599999999875 -0.02731800000000062 -0.011171789473684315 0.000628000000000295 -0.014443999999997903 -0.0066601052631580435 0.0001569999999984084
59 3 0.18488319999999991 0.30021226000000006 0.4697125999999999 -0.18832934999999995 -0.1597945999999999 -0.15024900000000002 0.21961178635125167 0.03218500000000013 0.6648008000000001 -0.21948599999999985 0.15300063157894736 0.7699279999999975 -0.05730499999999972 0.005090105263157832 0.07692999999999839
59 4 0.28928820000000033 0.31358238000000005 0.6138386000000001 0.06137129999999985 0.07548560000000004 0.09183714999999998 0.26781706211048734 0.08970980000000028 0.9117304000000006 -0.6499800000000033 -0.449119157894737 0.2301619999999982 -0.07096399999999892 -0.016939473684210594 0.06625400000000004
59 5 -0.15519450000000012 -0.13259906000000007 -0.11586600000000002 0.34584744999999995 0.3781816 0.3856548000000002 0.16589848294297133 0.07837439999999996 0.046346400000000454 -0.019467999999998042 0.011965052631578958 0.04176199999999852 -0.007065000000001653 0.03591168421052618 0.06531200000000181
59 6 -0.3794532999999999 -0.15618988000000006 0.02383259999999965 0.015645049999999994 0.02450770000000002 0.030261750000000143 0.2276638902002961 0.017929399999999873 0.7931011999999997 0.09294400000000147 0.41742168421052617 0.6980220000000004 -0.02731799999999951 0.002875578947368603 0.004552999999998253
59 7 0.15535149999999998 0.3092743000000001 0.48115790000000014 0.045498600000000056 0.06553180000000003 0.10942115000000019 0.21905064302895866 0.09699460000000037 0.5284619999999998 -0.49109599999999975 -0.01427873684210566 0.47696599999999645 -0.09828199999999954 0.02963168421052627 0.15056300000000022
59 8 -0.0006123000000001211 0.036122559999999984 0.06024090000000015 0.11129730000000004 0.12589830000000002 0.1372023 0.17752020578309863 0.09454539999999989 0.12559999999999993 -0.1789799999999997 -0.020393473684210406 0.08383800000000274 -0.07818600000000009 -0.02098842105263139 0.06358500000000045
59 9 0.02372270000000043 0.046807980000000124 0.06807520000000034 0.06839705000000018 0.07046159999999979 0.07212580000000007 0.16433093159201598 0.02741220000000011 0.06732160000000054 -0.11115600000000336 0.008725894736841997 0.13439200000000318 -0.007064999999999433 0.0111717894736842 0.02088100000000037
59 10 -0.044336799999999954 -0.040995840000000026 -0.0384964000000001 0.19587320000000008 0.19603020000000015 0.2016272500000001 0.15646353381558276 0.011335400000000107 0.011366799999999788 -0.0009420000000015527 0.005982526315789362 0.026690000000000325 -0.0001569999999984084 0.005966000000000056 0.01365900000000142
59 11 2.8751252999999997 3.01347213 -3.02883615 0.07842150000000009 0.11734180000000005 0.12634574999999992 0.2640512351786401 0.106603 0.8493072000000002 -1.1944560000000015 -3.674064421052632 0.3437986000000004 -0.09828200000000065 -0.056106842105263156 -0.009577000000000613
59 12 0.032012299999999994 0.14349172 0.2922712000000003 0.010950750000000009 0.07782489999999997 0.09239449999999994 0.19895411231876745 0.1162742000000001 0.33880599999999994 -0.14161400000000102 0.09823242105263144 0.30677799999999866 -0.061229999999997675 0.04599273684210531 0.1423989999999986
59 13 -0.0963508999999999 -0.03629840000000004 0.0194051999999999 0.04487845000000007 0.0523595 0.08633430000000003 0.18821046673150643 0.10610059999999977 0.22808960000000011 -0.1579419999999998 -0.049149263157895036 0.1340779999999997 -0.1450679999999982 -0.05584242105263146 0.057462000000001456
59 14 0.3035909 0.30470246000000006 0.30748450000000027 0.2866192 0.29035580000000005 0.2911565 0.15810922562258917 0.024178000000000033 0.012560000000000127 -0.02229400000000048 -0.006610526315789541 0.008477999999998431 -0.01601399999999864 0.010857789473684343 0.028887999999999137
59 15 0.13081240000000016 0.19794560000000005 0.2697103000000002 0.16426909999999995 0.17662500000000014 0.23020125000000002 0.19062303633851282 0.13043559999999998 0.27971119999999994 -0.2279640000000005 -0.14721642105263155 -0.08949000000000096 -0.11256899999999903 -0.06810494736842096 -0.029044999999998655
59 16 -0.1357421999999998 0.061810900000000044 0.2653143 0.3826168500000002 0.3883552 0.39583625000000006 0.20832474511813057 0.018149200000000087 0.5888127999999999 0.11680799999999714 0.3003492631578948 0.4703720000000011 -0.01852599999999982 -0.004048947368421143 0.009420000000001094
59 17 3.0926331000000005 -2.649517556 -2.2217227000000004 0.08201680000000011 0.10261520000000013 0.1065087999999999 0.3422959074746273 0.052563600000000266 1.8082066800000003 -0.12308800000000009 -2.2716776210526324 1.7929399999999973 -0.05966000000000249 -0.016691578947368432 -0.003140000000001475
59 18 0.44501650000000004 0.59647754 0.7665054 -0.20795435 -0.1844907 -0.1592922 0.20204797248628348 0.08456020000000009 0.3369848000000002 -0.38904599999999734 -0.15574400000000024 0.06091600000000197 -0.01962499999999978 0.044505368421052675 0.10471899999999978
59 19 -0.1156619000000001 -0.08539544000000002 -0.020394299999999754 -0.01936595000000002 -0.0015072000000000418 0.005534249999999963 0.19599535271430896 0.12465800000000016 0.32612040000000064 -0.2825999999999973 -0.17164231578947403 -0.014444000000000123 -0.14867900000000045 -0.0656094736842106 0.02119499999999941
59 20 -0.1424460999999998 -0.10953262 -0.06184230000000002 0.09460035 0.10688560000000003 0.11724760000000001 0.17742923132322608 0.0622347999999997 0.1905351999999998 -0.11994800000000083 -0.1002816842105262 0.0009419999999971118 -0.04866999999999955 -0.03275515789473669 0.03092900000000065
59 21 2.0837982000000004 2.07989204 2.3199576 0.10767844999999998 0.11878620000000006 0.12749185000000007 0.273528633436602 0.023047600000000168 0.9739652000000003 -1.0597500000000037 -0.5126132631578949 0.31243000000000354 -0.041448000000000595 -0.0013221052631579315 0.048826999999999066
59 22 -0.25708750000000025 0.014217919999999972 0.2597722 0.13702960000000003 0.16415919999999995 0.27120180000000005 0.2616450256455191 0.20937519999999976 0.8104340000000003 -0.006908000000001024 0.426544210526316 1.0079400000000005 -0.19169700000000067 -0.1101974736842104 -0.0026690000000006986
59 23 -0.19665819999999978 -0.13144981999999994 -0.08842240000000012 0.28640725000000017 0.29520709999999994 0.3006392999999999 0.17762725257227066 0.019436600000000137 0.23914239999999953 0.018211999999999673 0.12586442105263132 0.15040599999999849 -0.018212000000000783 -0.009618315789473527 -0.0001569999999984084
59 24 0.03714620000000024 0.11995427999999997 0.2012111999999997 -0.0370284500000001 -0.007677299999999998 0.023550000000000015 0.2010605705837355 0.09090299999999973 0.43633439999999934 -0.35513399999999695 -0.22964968421052598 -0.04113400000000045 0.01993899999999882 0.038489789473684116 0.06688200000000033
59 25 -0.37095960000000006 -0.3253982 -0.2992733999999999 0.23057805000000003 0.23556279999999996 0.24397015 0.17819757867545544 0.016767599999999883 0.1983223999999999 0.032970000000001054 0.10438021052631574 0.12874000000000274 -0.02213699999999874 -0.002974736842105258 0.016956000000000193
59 26 0.008069800000000127 0.03968645999999998 0.08236219999999994 0.4110103000000001 0.41223489999999996 0.41283149999999996 0.17154459834424518 0.007661600000000046 0.09759119999999966 -0.09074600000000155 0.020162105263157783 0.006907999999998804 -0.015228999999999937 -0.0040324210526316035 0.012874000000000496
59 27 -0.3443010000000001 -0.16412151999999997 -0.13728079999999998 0.18361150000000004 0.19409909999999986 0.2625589500000001 0.24395646711749353 0.08418340000000013 0.8820259999999998 -0.6788680000000014 -0.45371347368421056 -0.020723999999998632 -0.07740099999999916 -0.007883052631578851 0.06625399999999892
59 28 -0.2302247999999999 0.03662810000000005 0.3041561000000004 0.0002982999999999736 0.014930699999999963 0.022019249999999824 0.22982596475252548 0.07667879999999982 0.7245235999999999 -0.04804199999999925 0.3616949473684209 0.716234 -0.02088099999999926 0.022145263157894855 0.1422419999999991
59 29 -0.06192080000000022 -0.05760958000000003 -0.050334199999999885 0.19359669999999995 0.20094430000000008 0.21848904999999985 0.15949105220666557 0.027663400000000005 0.01632800000000012 -0.005338000000001397 0.006974105263158015 0.021666000000000185 -0.006751000000000396 0.013832526315789484 0.03673799999999949
59 30 -0.014271299999999765 0.16570722000000007 0.3242207000000005 -0.22806604999999996 -0.22513800000000006 -0.21650299999999995 0.20121762811112415 0.014883600000000108 0.49919720000000023 -0.007221999999995621 0.2128920000000003 0.4606380000000021 -0.0197819999999993 0.002578105263157937 0.026532999999999696
59 31 -0.1536402 -0.12387299999999997 -0.08931730000000004 0.12470510000000007 0.13516130000000004 0.17716665000000004 0.1844544100219523 0.21540399999999993 0.06650519999999993 -0.20818199999999898 -0.010808210526316074 0.16516399999999987 0.03108599999999906 0.11337052631578944 0.1953080000000007
59 32 -0.6494933000000002 -0.49843418000000017 -0.39956500000000006 -0.08019559999999992 -0.0729265 -0.06648165000000006 0.22076988185953195 0.10719960000000017 0.6396180000000005 -0.5375679999999994 -0.1426221052631579 0.2750639999999982 -0.05479299999999965 -0.0441913684210527 0.016956000000000193
59 33 -0.07634910000000017 -0.034536860000000044 0.017113000000000156 0.043214250000000065 0.04614230000000008 0.05178644999999993 0.17026276195443624 0.030457999999999874 0.12239719999999998 -0.1591980000000004 -0.06015578947368418 0.07630200000000142 -0.04867000000000066 -0.01603052631578941 0.01004800000000139
59 34 -0.20700450000000004 -0.11220790000000003 -0.07452790000000009 0.1709102 0.17745710000000015 0.18449855000000004 0.19861587848946813 0.03491679999999975 0.4529135999999996 -0.5152739999999989 -0.1478113684210524 0.19499400000000167 -0.05055399999999932 -0.018377263157894605 0.005809000000001063
59 35 -0.10178310000000002 -0.07183063999999997 -0.027176700000000054 0.12156510000000004 0.12657340000000006 0.13028644999999994 0.16878075655252547 0.012748400000000215 0.14199079999999986 0.027631999999999657 0.07473199999999992 0.08854800000000163 -0.014129999999999976 -0.0034705263157894677 0.019625000000002002
59 36 1.0495607 1.74867856 2.5406839 0.27799205000000005 0.3599382 0.4298267500000001 0.3529580372907419 0.1680841999999998 1.9759392000000005 -1.3743779999999983 -1.0399680000000002 -0.4063159999999977 0.021351999999998927 0.08813484210526312 0.15291800000000078
59 37 -0.029704399999999964 -0.02914233999999998 -0.02681559999999994 0.10478179999999998 0.10804740000000024 0.11078704999999994 0.15767266912258912 0.021320599999999912 0.011241200000000173 -0.0009419999999971118 0.000396631578947321 0.014444000000000123 -0.0003140000000012577 -0.006676631578947233 0.000628000000000295
59 38 0.9731487999999999 1.0748031600000003 1.3204799 0.12707580000000018 0.14186520000000002 0.16778590000000004 0.27202038799392675 0.048293199999999814 0.7870095999999998 -1.3021579999999977 -0.41421557894736827 0.42076000000000224 -0.0381509999999996 0.00837884210526318 0.0769299999999995
59 39 0.029798599999999897 0.04190643999999988 0.05684969999999978 0.1402009999999998 0.1429642000000001 0.14736020000000005 0.16127717277736625 0.019781999999999966 0.045027600000000056 -0.04176199999999852 -0.021880842105262917 0.013816000000002049 -0.02841700000000058 -0.010411578947368404 0.014286999999999495
59 40 -0.4145428000000001 -0.3955677799999999 -0.3732518 0.06125354999999988 0.061905099999999935 0.062478149999999955 0.16040647765825794 0.007504600000000083 0.0488584000000003 0.005965999999999472 0.025714947368421212 0.04333200000000037 -0.016484999999999417 -0.003834105263157943 0.007222000000002282
59 41 -0.09622529999999996 -0.09587989999999999 -0.09520479999999987 0.1673227499999999 0.17009379999999996 0.17332799999999987 0.15580024968246176 0.010173600000000116 0.0030144000000000837 -0.000628000000000295 -0.00042968421052616703 0.003767999999997329 -0.014130000000002196 -0.0035862105263158965 0.0012559999999994798
59 42 -0.39449390000000006 -0.31973991999999996 -0.2396290999999997 -0.04860720000000002 -0.006342799999999982 0.04016844999999991 0.18451282555507328 0.09043199999999985 0.19110040000000028 -0.18211999999999895 -0.0020162105263159184 0.16987399999999653 -0.01993899999999993 0.0035201052631578535 0.07331899999999947
59 43 -0.12068590000000001 -0.09733057999999999 -0.08503120000000008 -0.07064999999999994 -0.0567084000000001 -0.048662150000000126 0.173104149780551 0.07909659999999996 0.13181719999999997 -0.09576999999999947 -0.04706694736842119 0.06060199999999849 -0.08807699999999974 -0.024822526315789448 0.035167999999998756
59 44 -1.4981567999999998 -1.1360582799999999 -0.6929665999999999 -0.07172544999999997 -0.057901599999999886 -0.048528700000000036 0.3000643459811878 0.06490379999999996 1.5580680000000002 -1.0412240000000017 -0.8200357894736844 -0.6678780000000006 -0.06264300000000111 -0.0020823157894736106 0.06578300000000037
59 45 -0.16998389999999997 -0.11319385999999998 0.01945230000000031 -0.07966964999999993 -0.061748100000000083 -0.039281399999999966 0.21093307268182493 0.06339659999999991 0.5690936000000004 0.01632800000000323 0.29516000000000026 0.49706200000000145 0.013815999999999828 0.03336663157894732 0.0536940000000008
59 46 -0.04655050000000016 -0.02889428000000007 -0.0037837000000000565 0.06670930000000014 0.07094830000000008 0.07508524999999988 0.17379355799583748 0.008729199999999881 0.20397439999999945 -0.15542999999999862 -0.08782084210526292 -0.015071999999998198 -0.015543000000000085 0.002214526315789462 0.022608000000000628
59 47 -0.10487599999999997 -0.10343474000000001 -0.10198719999999994 0.09234740000000019 0.09347780000000006 0.09454539999999995 0.15534145823532794 0.0037993999999996753 0.003077199999999891 -0.00125600000000059 -0.001553473684210438 0.0006279999999980745 -0.007849999999997026 -0.0012890526315787348 0.0018839999999997747
