61 0 -1.0732352941176466 -0.6886903594771233 -0.2502941176470598 -0.0014062500000002081 0.0076470588235290436 0.01808823529411746 0.305336644330974 0.15000000000000002 1.5531250000000012 0.6485294117647193 0.8174342105263165 0.9977124183006425 -0.14058823529411643 -0.07894736842105263 0.0
61 1 0.7675000000000001 0.9749981617647061 1.0654411764705873 -0.0225 -0.01 0.005 0.25335871795896747 0.060000000000000005 1.01 0.09999999999999953 0.5315789473684212 1.1996323529411324 0.0 0.03157894736842106 0.1
61 2 2.56 2.5697647058823527 2.58 0.07 0.08 0.09 0.1615538444466188 0.05 0.020000000000000018 0.0 0.005263157894736963 0.0 -0.050000000000000044 -0.01052631578947369 0.0
61 3 0.5113497899159671 0.7942106009487878 1.1081666666666656 0.12 0.13 0.13 0.24465414963339993 0.02964285714285797 0.9812499999999972 -0.6428513071895464 -0.5164473684210512 -0.4599999999999733 -0.05078947368419656 -0.010526315789473694 0.07633928571429395
61 4 1.348125000000001 1.5272101715686268 1.7167187500000005 -0.12 -0.11 -0.0717647058823524 0.22634279232862328 0.08000000000000002 0.7323529411764698 -0.4117647058823648 -0.38544891640866824 -0.3385416666666752 0.0 0.03560371517027903 0.05937500000000151
61 5 3.0092647058823507 -3.067969975490197 -2.858063725490196 0.135 0.16 0.1722058823529418 0.23475861417328897 0.08 0.5364705882352947 -0.6973856209150386 -3.3591331269349936 0.34411764705883474 -0.09999999999999988 -0.042105263157894736 0.0
61 6 2.6195996732026154 2.820888439542483 3.0692187500000006 -0.042499999999999996 -0.015 0.0 0.23266742785041852 0.05 0.8323529411764699 -0.6795138888889052 -0.4380804953560368 -0.15000000000000124 0.0 0.02631578947368421 0.09333333333332543
61 7 2.37 2.3679999999999994 2.37 0.04 0.045 0.05 0.15622474745425785 0.010000000000000002 0.010000000000000231 0.0 0.005263157894736963 0.0 0.0 -0.005263157894736843 0.0
61 8 -0.028676470588236525 0.29255452847805913 0.6251102941176455 -0.04161764705882329 -0.04 -0.03 0.2734394459925208 0.02 1.3070588235294096 0.6470588235293906 0.687925696594426 0.7884716386555044 0.0 -0.0034055727554174408 0.0
61 9 2.37 2.3823235294117646 2.4 0.0 0.02 0.03 0.16986542655948347 0.03 0.12352941176470633 -0.049999999999998934 0.05448916408668753 0.10000000000000231 -0.05000000000000001 -0.010526315789473686 0.0
61 10 0.6659375000000125 1.4341801470588211 2.14 -0.10250000000000001 -0.095 -0.08808823529411827 0.39742276318332886 0.13 2.6038970588235264 -2.661764705882397 -1.3704721362229086 0.0 0.0 0.06842105263157895 0.10000000000000009
61 11 2.2583823529411764 2.322398692810457 2.402205882352942 0.03178308823529397 0.065 0.11 0.190445048691584 0.09625000000000028 0.20999999999999996 -0.2749999999999897 -0.10526315789473693 0.0 -0.08933823529411501 0.040131578947368574 0.19836601307190738
61 12 2.58 2.624142027863777 2.654374999999999 -0.1525 -0.095 -0.09 0.17759700196994174 0.08000000000000002 0.0900000000000003 0.0 0.047368421052631504 0.17476780185756047 -0.10000000000000009 -0.04210526315789474 0.0
61 13 0.41390625000000025 0.8283149509803944 1.148262867647057 -0.060505514705882335 -0.04 -0.0375 0.29085876916814035 0.05 1.49 0.5313112745097448 0.7842105263157895 1.0500000000000393 0.0 0.01578947368421053 0.05238970588234783
61 14 0.3 0.5227497549019604 0.7602757352941145 -0.18029411764705927 -0.16 -0.13 0.21967787512804354 0.07 0.4247058823529429 -0.20882352941176352 -0.10809081527348034 0.35000000000000003 -0.09411764705881481 0.031578947368421054 0.10000000000000009
61 15 -2.941911764705882 -2.8099411764705877 -2.675 -0.195 -0.13 -0.13 0.21470619233835428 0.15764705882352859 0.4723529411764713 -0.03823529411763671 0.24860681114551123 0.4500000000000193 0.0 0.07244582043343609 0.1382352941176429
61 16 2.4766830065359473 2.5203829656862746 2.6169117647058826 0.08 0.08249999999999999 0.09 0.22456405253948436 0.3533333333333307 0.43555555555555747 -0.07500000000000062 0.14269005847953367 0.36470588235294477 0.0 0.18596491228070036 0.075
61 17 1.1291666666666662 1.6811699346405216 2.35734375 0.08 0.09 0.0925 0.33930446876764153 0.020000000000000004 2.0317647058823534 -1.6122549019607302 -1.0693498452012387 -0.4352941176470826 0.0 0.010526315789473686 0.09999999999999995
61 18 -1.6057352941176475 -1.4358823529411748 -1.20875 -0.51375 -0.485 -0.4730882352941174 0.29326061354005356 0.21470588235293975 1.324705882352939 0.40000000000000036 0.6972136222910204 0.7514705882353101 -0.20000000000000018 -0.11300309597523145 0.020588235294116408
61 19 2.5878125 2.637966911764706 2.692499999999999 -0.05500000000000001 -0.04 -0.03 0.17493926378560878 0.08 0.1299999999999999 0.0 -0.00526315789473673 0.10606617647061833 0.0 0.03157894736842106 0.09411764705881738
61 20 0.24985294117647094 0.3222624999999995 0.48852941176470643 -0.015147058823532178 0.015 0.04 0.2480204566705646 0.11374999999999973 0.9308088235294105 -0.7705882352940746 -0.48989938080495304 -0.1999999999999999 -0.05000000000000001 0.023026315789473544 0.1
61 21 2.6 2.605481617647059 2.6325 -0.07 -0.045 0.052500000000000005 0.18272810458842154 0.14 0.17687500000000123 -0.049999999999998934 0.07203947368421115 0.049999999999998934 -0.11176470588236526 -0.05789473684210524 0.0
61 22 0.8933333333333314 0.9271303104575164 0.95 -0.23392156862745117 0.025 0.053676470588235485 0.21102844224164913 0.49374999999999974 0.07000000000000006 -0.07187500000000846 0.036842105263157926 0.19999999999999962 -0.3496323529411909 -0.25986842105263147 -0.1
61 23 -2.6 -2.5227528186274513 -2.453382352941177 -0.40602941176470786 -0.27749999999999886 -0.10147058823529356 0.22554435983515358 0.41 0.3635294117647061 -0.476470588235296 -0.08761609907120815 0.025000000000001688 -0.3735294117647097 -0.20526315789473684 -0.02647058823528059
61 24 -0.002012867647057947 0.14189889705882325 0.26 -0.17 -0.17 -0.17 0.1925705207883388 0.010000000000000009 0.41000000000000003 -0.4352941176470686 -0.2157894736842105 0.0 0.0 -0.0052631578947368324 0.0
61 25 -2.0391176470588226 -1.999088439542484 -1.9760212418300633 -0.18654411764706197 -0.045277777777777126 -0.01 0.2646484470245112 0.92 0.16000000000000014 -0.24999999999998357 0.05882352941176274 0.20882352941176574 -0.08474264705881598 0.47399380804953495 0.5932189542483755
61 26 -0.7201562499999995 -0.6124963235294115 -0.4757352941176452 0.11485294117647095 0.12540441176470707 0.14 0.21914906148413663 0.07588235294117548 0.6476470588235265 0.1264705882353115 0.340866873065014 0.452941176470566 -0.10000000000000009 -0.029411764705881832 0.0696691176470441
61 27 1.0625 1.3976672794117655 1.7836764705882338 0.10750000000000001 0.16 0.18 0.2829595087471875 0.11058823529411643 1.3005882352941165 0.46470588235292765 0.6845201238390087 0.8933823529411666 -0.15000000000000008 -0.05820433436532444 0.0
61 28 2.4175 2.4246985294117644 2.44 -0.12 -0.11 -0.10750000000000001 0.16615339567528084 0.06 0.0724999999999989 0.0 0.03815789473684152 0.09999999999999787 -0.049999999999999975 -0.031578947368421054 0.0
61 29 2.7 2.7007222222222227 2.7 0.1 0.1 0.10558823529411746 0.1579957270403259 0.03 0.009999999999999787 0.0 0.0 0.0 -0.038235294117664256 -0.015789473684210527 0.0
