66 0 -0.14338235294117463 -0.12271700851393172 -0.11 0.2405790441176511 0.4062500000000011 0.45 0.2024595589511464 0.3 0.15000000000000002 -0.15900735294117813 -0.07368421052631578 0.05092879256965721 -0.3000000000000224 -0.15789473684210525 0.08823529411763481
66 1 1.6463235294117644 1.7922794117647058 1.9425000000000001 -0.08249999999999999 -0.06 -0.02 0.19682242711194586 0.09 0.3899999999999999 -0.27647058823531134 -0.2052631578947368 -0.050000000000000044 0.0 0.047368421052631574 0.09999999999999998
66 2 1.2129411764705893 1.486120261437908 1.731892361111111 0.3975000000000001 0.4 0.41 0.25458528180512147 0.20352941176470613 0.9335294117647062 -0.5967116013071749 -0.49133126934984533 -0.4744117647059032 0.0 0.10185758513931902 0.10000000000000009
66 3 -1.1969117647058805 -0.9603006535947717 -0.6732628676470572 0.0375 0.08499999999999999 0.11 0.24616899850913265 0.10124999999999917 0.9275735294117644 -0.6123161764705842 -0.4881965944272444 -0.3472426470588491 -0.09999999999999998 -0.04276315789473642 0.0
66 4 -2.3487499999999994 -1.8403219845513963 -1.3803492647058837 -0.5414062499999992 -0.4967647058823548 -0.4475 0.3064620968840961 0.16999999999999998 0.8506249999999942 -0.3288324420677513 0.2912181020733684 1.4386029411764956 -0.3529411764706031 -0.010526315789473687 0.24834558823530778
66 5 0.4366666666666673 0.8678316523396795 1.2614705882352941 -0.2771874999999996 -0.1664814814814819 -0.02382352941176452 0.3061212965563092 0.31 1.323125000000001 -0.9404411764706044 -0.6963815789473691 -0.4000000000000001 0.17647058823529024 0.16315789473684214 0.3
66 6 1.4404411764705882 2.1176746323529425 2.7660294117647055 -0.3180882352941182 -0.23058823529411826 -0.15281249999999819 0.3946544863445708 0.5229411764705892 2.0341911764705864 0.5323529411764805 -2.2346362229102175 1.4941176470588369 -0.4843749999999757 -0.1327979876161003 0.29411764705882126
66 7 0.7654003267973859 0.7494284547152199 0.84 0.0 0.009642857142855512 0.01 0.19929541100520468 0.03 0.4764705882352946 -0.09950980392154862 0.2139318885448919 0.39485294117648395 0.0 -0.010526315789473684 0.0
66 8 -0.56 -0.5123901960784311 -0.5175000000000001 -0.25 -0.23 -0.19 0.20000447827365503 0.10999999999999999 0.40294117647058925 0.01562500000000966 0.21207430340557332 0.3147058823529464 -0.1147058823529315 -0.04210526315789473 0.0
66 9 0.1375 0.15099999999999997 0.1625 -0.23 -0.22 -0.22 0.1597851352996065 0.010000000000000009 0.04999999999999999 -0.049999999999999906 -0.026315789473684206 0.0 0.0 -0.005263157894736847 0.0
66 10 0.6190349264705894 0.9165109477124179 1.215882352941177 0.036534926470587106 0.04 0.05416666666666568 0.2580297075581687 0.05058823529411642 0.9930514705882332 -0.8382352941176618 -0.05924922600619124 0.9493464052287393 -0.020588235294090595 0.00030959752321916894 0.09999999999999998
66 11 -1.3031862745097977 -1.254855392156863 -1.0304166666666656 -0.10117647058823548 -0.07 -0.04233455882352974 0.27414963290504524 0.1 1.002499999999999 -1.3692810457515558 -0.527631578947368 0.10882352941176343 -0.10000000000000002 0.03157894736842106 0.14568627450979849
66 12 -0.15 -0.14600000000000002 -0.14 -0.34 -0.34 -0.33 0.15711484441559492 0.010000000000000009 0.010000000000000009 0.0 0.005263157894736847 0.0 0.0 0.0 0.0
66 13 -0.2125 -0.04770886437908568 0.06523529411764761 0.1675 0.18593750000000014 0.19 0.2152282718416819 0.06 0.6270588235294123 -0.5961111111111442 -0.3300309597523223 -0.09999999999999995 0.0 0.03157894736842106 0.09999999999999981
66 14 0.17026654411764752 0.22185008169934517 0.4 0.3 0.325 0.3539062500000002 0.22922832288202177 0.06 0.7637500000000006 -0.5989991830065167 -0.40197368421052665 -0.1023897058823639 0.0 0.006250000000000159 0.09062499999999862
66 15 -2.235735294117645 -1.0360365604575184 0.1175 -0.020781249999999377 -0.0038235294117650747 0.03779411764705717 0.4598246093562884 0.10705882352941078 3.132499999999995 -2.2676470588233615 -1.6486842105263129 -0.5676470588235343 0.0 0.03684210526315789 0.21593137254899927
66 16 0.9163235294117646 1.0143680555555559 1.1433823529411762 -0.14 -0.135 -0.1 0.2039517674125107 0.04000000000000001 0.4882352941176449 0.050000000000000044 0.2569659442724446 0.3696078431372568 -0.09999999999999988 0.01052631578947369 0.08437499999999022
66 17 0.28 0.2800000000000001 0.28 -0.18 -0.18 -0.18 0.1544546959308694 0 0 0.0 0.0 0.0 0.0 0.0 0.0
66 18 -1.3399999999999999 -0.7520742647058842 -0.23058823529411931 -0.31 -0.3 -0.28699999999999765 0.376750745726926 0.15764705882352853 2.3405882352941143 -1.6318014705882598 -1.231888544891639 -0.8970588235293975 -0.04999999999999977 0.06718266253869924 0.10000000000000009
66 19 -0.2396813725490191 -0.08203390522875778 0.06 -0.3325 -0.31 -0.3 0.20608082316242923 0.07 0.49 0.0 0.2526315789473684 0.566830065359512 -0.09999999999999981 -0.010526315789473694 0.10000000000000009
66 20 0.25 0.29332986111111076 0.2780555555555562 -0.013823529411764523 -0.0038235294117655665 0.0 0.18791515785882154 0.09 0.29000000000000004 -0.24375000000001423 -0.15263157894736845 0.0 0.0 0.04736842105263158 0.1
66 21 -0.8471176470588262 -0.4410489379084977 0.012205882352939701 0.20705882352941296 0.4352205882352952 0.8270833333333343 0.36904612904392436 0.84 0.9620000000000019 -1.2867647058823872 -0.1686068111455094 0.9410334967320565 -0.6493055555555649 -0.44210526315789467 -0.20000000000000012
66 22 1.240404411764705 1.2988095996732028 1.3925 0.05 0.05 0.06 0.19473866103624252 0.06 0.24 -0.27647058823528914 -0.08105263157894486 0.25294117647058023 0.0 0.031578947368421054 0.09999999999999995
66 23 -0.10125 0.04357598039215702 0.19661764705882367 -0.042499999999998817 -0.027058823529411212 0.01 0.21856983297953023 0.05588235294117758 0.5958823529411743 -0.2500000000000073 0.19473684210526318 0.4238562091503294 -0.2723856209150102 -0.029411764705882925 0.14871323529411629
66 24 -0.645 -0.625235294117647 -0.6075 -0.0011764705882354785 0.017647058823529044 0.021029411764706435 0.16599112483208892 0.03470588235294191 0.04470588235294193 -0.10000000000000009 -0.018575851393188497 0.0 -0.07352941176470956 -0.008049535603714781 0.020588235294128707
66 25 1.4231249999999998 1.5896350834193336 1.7436274509803906 0.25 0.26 0.29 0.21685015731081117 0.04999999999999999 0.646875000000001 0.2852941176470769 0.34046052631579005 0.39761029411763626 -0.037500000000005584 -0.01578947368421051 0.0
66 26 -0.46838235294117464 0.4110377859477093 0.9740808823529442 -0.1131249999999975 -0.06 -0.05808823529411746 0.4637134488467998 0.10117647058823702 3.1217647058823514 -2.271323529411722 -1.7253869969040254 -0.9413398692810029 -0.19999999999999993 -0.01578947368421053 0.0882352941176507
66 27 0.4161764705882355 0.5268370098039213 0.6690073529411749 0.07234375000000043 0.27 0.3524999999999999 0.23101842617293888 0.34117647058823286 0.2666666666666666 -0.4058823529411851 -0.14035087719298242 -0.06250000000001088 0.09742647058824105 0.17956656346749097 0.20000000000000018
66 28 0.8632352941176493 0.9611911764705884 1.13 0.03044117647059026 0.045 0.05 0.23665064428461874 0.18 0.6277205882352945 -0.6441176470588167 -0.33037925696594445 -0.05000000000002336 -0.19999999999999998 -0.09473684210526316 0.0
66 29 -2.641875 -2.5428141830065356 -2.36 -0.01 0.0 0.0025 0.2724416170252996 0.13 1.210686274509798 0.18750000000000488 -2.6680598555211588 0.7747549019608213 0.0 0.06842105263157895 0.11470588235292521
