82 0 -0.2717647058823515 -0.12257553104575217 0.02906250000000208 -0.08 -0.07 -0.06 0.2271597222951412 0.020000000000000004 0.7776102941176445 -0.6055351307189424 -0.40926857585139187 -0.24154411764705852 0.0 0.010526315789473682 0.0
82 1 1.3575 1.5491606467148271 1.7816666666666685 0.10750000000000001 0.18114379084967447 0.2725 0.23186118430910435 0.20058823529411837 0.42000000000000015 -0.25882352941176356 -0.09473684210526312 0.29705882352941804 -0.15000000000003927 -0.1003095975232202 0.0
82 2 0.5335294117647053 0.7524410539215685 0.9588970588235316 0.08 0.09 0.1 0.2291993470581869 0.044374999999999165 0.7543749999999991 -0.6468749999999984 -0.10089912280701792 0.26627450980389405 -0.09999999999999995 0.020153508771929434 0.09999999999999995
82 3 2.05 2.1415898692810456 2.166789215686276 -0.68 -0.645 -0.565 0.22330733999470234 0.2488235294117654 0.5376470588235307 -0.5970588235294372 -0.2829721362229109 0.0 -0.20000000000000018 -0.1309597523219818 0.0
82 4 -0.79 -0.6340594362745102 -0.513235294117647 0.0 0.05 0.07111111111111144 0.21661757397466758 0.1 0.603333333333334 -0.5040441176470742 -0.2500515995872039 -0.04999999999999949 0.0 0.03157894736842106 0.1
82 5 1.6099999999999999 2.210870710784312 2.78125 -0.28 -0.27 -0.26 0.29902571939662465 0.03888888888888514 1.5699999999999998 -1.4416666666667255 -0.8052631578947368 -0.29687499999998535 -0.09166666666667544 -0.015204678362573314 0.002777777777771273
82 6 1.1386764705882344 1.1636974544203644 1.1855882352941163 0.08 0.09 0.09 0.17155450734853273 0.022777777777776245 0.1499999999999999 -0.15000000000000013 -0.026315789473684233 0.10000000000000009 -0.034477124182997615 -0.011988304093566444 0.0
82 7 0.88 0.8959411764705884 0.9025000000000001 -0.1 -0.1 -0.09764705882352911 0.16498609799228225 0.01999999999999999 0.0888235294117653 -0.10000000000000009 -0.04674922600619227 0.0 -0.050000000000000044 -0.010526315789473679 0.0
82 8 -0.6238051470588202 -0.45775367647058873 -0.23296874999999895 -0.15014705882353008 -0.14 -0.13093750000000126 0.2302144421799713 0.06000000000000001 0.7887499999999983 -0.6001838235294112 -0.41513157894736763 -0.24705882352939815 -0.09999999999999981 -0.011184210526316667 0.04374999999999171
82 9 -2.0874999999999964 -1.1903584558823548 -0.28499999999999887 -0.12 -0.095 -0.02 0.4063024561750083 0.09 2.6023529411764685 -1.9749999999999304 -1.3696594427244573 -0.8656249999999802 -0.10000000000000009 -0.036842105263157905 0.024999999999999994
82 10 1.6387500000000015 2.1921470588235277 2.64 -0.0125 0.1 0.1 0.30709062235801915 0.15882352941176767 1.5762499999999995 -1.6279411764704588 -0.8296052631578945 0.0 -0.04687500000000698 -0.07894736842105263 0.0
82 11 1.882205882352948 2.4605513392857126 3.0238235294117644 -0.07 -0.05 -0.05 0.3445155043022523 0.039999999999999994 2.0705882352941165 -1.842725840336119 -1.073664860681113 -0.3498161764705854 -0.049999999999999975 -0.010526315789473686 0.049999999999999975
82 12 1.7825 1.9788274101307182 2.179843749999998 -0.08 -0.07 -0.03 0.22139175821155643 0.05 0.6972426470588198 -0.5501838235294332 -0.3669698142414841 -0.33823529411764586 0.0 0.02631578947368421 0.09999999999999995
82 13 0.62 0.7990160189075637 0.9630422794117652 -0.39 -0.37 -0.36 0.219964356289191 0.06 0.5105042016806729 0.0 0.2686864219371962 0.6968749999999946 -0.07058823529410757 0.010526315789473694 0.09999999999999981
82 14 0.1680330882352951 1.0034856166150647 1.6813235294117677 -0.27 -0.26 -0.25 0.42698898120969025 0.12999999999999998 2.94 -1.597916666666686 -1.5473684210526315 -0.991176470588248 -0.050000000000000044 -0.047368421052631574 0.050000000000000044
82 15 0.9600367647058834 1.2086074346405218 1.4517187499999995 -0.15 -0.15 -0.14859374999999977 0.2207609366069469 0.02529411764705919 0.6099999999999999 -0.6955065359477242 -0.32105263157894737 -0.020588235294116686 0.0 -0.0027863777089785257 0.0
82 16 0.7179411764705882 0.7840110294117647 0.8226011029411777 -0.22 -0.21 -0.21 0.1801556431116404 0.010000000000000009 0.14312499999999906 -0.13823529411766455 0.07532894736842055 0.19999999999999962 0.0 0.0 0.0
82 17 0.7575000000000001 0.886930147058823 0.9554411764705892 -0.13 -0.12 -0.11 0.2139304929549981 0.04999999999999999 0.6223529411764693 -0.4147058823529459 -0.3275541795665628 -0.161764705882379 0.0 0.015789473684210527 0.050000000000000044
82 18 3.0675 3.1027720588235295 3.14 -0.09 -0.07500000000000001 -0.07 0.17383753690043496 0.06 0.15764705882352903 -0.10000000000000009 -3.25882352941176 0.20000000000000018 -0.09705882352941793 -0.021052631578947364 0.0
82 19 -2.1343055555555535 -1.88987397875817 -1.6498437500000003 0.11 0.11 0.16305555555555523 0.26206642412686554 0.09764705882352695 1.1188235294117646 -0.6999999999999995 -0.5888544891640867 -0.46966911764705244 0.0 0.047368421052631574 0.09999999999999995
82 20 -1.2498529411764707 -0.9408339460784301 -0.574558823529413 -0.335147058823527 -0.28794117647058837 -0.2375 0.2920194458148481 0.31 1.2168750000000021 0.49669117647059835 0.6404605263157905 0.7872549019608216 -0.02941176470588336 0.06842105263157894 0.2999999999999945
82 21 1.4297794117647065 1.5466727941176468 1.6742187500000005 0.07 0.07235294117646887 0.09 0.1972411553207026 0.04000000000000001 0.3770588235294108 -0.3529411764705914 -0.19845201238390042 -0.050000000000000044 -0.023529411764688646 0.005263157894736847 0.049999999999999975
82 22 1.781764705882355 1.9365008169934637 2.0092647058823525 -0.14044117647058837 -0.12 -0.0775 0.23843941955512896 0.10058823529411642 0.821176470588233 -0.8617647058823652 -0.2758513931888537 0.3013888888889005 -0.005882352941182639 0.004953560371517675 0.10000000000000002
82 23 0.11808823529411754 0.44818962418300734 0.7824999999999983 -0.2325 -0.21 -0.1975 0.2827081514893949 0.09999999999999998 1.3405882352941183 0.5238766339869322 0.7055727554179568 0.8658088235294294 -0.10000000000000009 -0.05263157894736841 0.0
82 24 -0.04875000000000056 0.1809504751461994 0.5036764705882337 0.15 0.175 0.19 0.27575871367220406 0.12547987616099102 1.2347058823529409 0.499448529411723 0.64984520123839 0.724632352941188 -0.09999999999999995 0.03529411764705909 0.10000000000000009
82 25 1.1478125000000003 1.267394199346405 1.3968749999999992 0.07 0.095 0.11 0.2024701893406963 0.04000000000000001 0.48 -0.29999999999999916 -0.2526315789473685 -0.1647058823529457 -0.09999999999999995 -0.010526315789473686 0.0
82 26 0.13 0.14100000000000001 0.14250000000000002 -0.12 -0.12 -0.11 0.15800494137693213 0.009999999999999995 0.03 -0.049999999999999906 -0.015789473684210527 0.0 0.0 0.0 0.0
82 27 1.1525735294117663 1.24256237745098 1.3680882352941175 -0.1717647058823527 -0.135 -0.1 0.20303355578542462 0.08705882352941077 0.40705882352941103 -0.3249999999999975 -0.21424148606811108 -0.1470588235294168 0.0 0.045820433436531985 0.10000000000000002
82 28 2.860416666666671 3.063295051353874 -2.965 -0.0025 0.04 0.07 0.24778923972309785 0.10647058823529312 0.9500000000000002 -0.7059844771241752 -0.44853801169590524 -0.19411764705883794 -0.1 -0.05603715170278585 0.0
82 29 -2.4836877828054287 -2.208988087606836 -1.9783529411764709 -0.3518333333333325 -0.3108006535947714 -0.22184374999999812 0.26535736769173507 0.2213333333333346 0.6713333333333342 -0.6966666666666721 0.18567595459236164 0.8800653594771113 -0.06254901960785542 0.0008462332301340145 0.17457264957266044
