33 0 -1.914659090909086 -1.5994339826839792 -1.2170941558441535 -0.05738636363636224 -0.00809523809523753 0.015 0.3031502773152571 0.1876190476190499 1.4727272727272829 0.309523809523804 0.7751196172248858 1.0871212121212237 -0.05952380952383762 0.08947368421052633 0.26590909090908726
33 1 -0.88 -0.8519480519480525 -0.835 0.04 0.05 0.05 0.16805152660232778 0.019999999999999997 0.1331818181818174 -0.14090909090909542 -0.0595693779904302 0.0 0.0 0.005263157894736843 0.03095238095239223
33 2 -2.052272727272731 -1.947715367965369 -1.676130952380949 -0.225 -0.16 -0.1589285714285706 0.2557767524014149 0.15681818181818252 0.783528138528137 -1.265909090909072 -0.41238323080428263 0.16190476190476755 -0.15313852813853723 -0.07852586010480668 0.0
33 3 -1.3885714285714268 -1.3676504329004326 -1.345113636363637 -0.19 -0.16 -0.1575 0.16719355507917422 0.07318181818181746 0.05318181818181733 0.0 0.008851674641148688 0.09047619047617972 -0.10000000000000009 -0.0174641148325355 0.02738095238093874
33 4 -1.4272619047619035 -1.3599307359307349 -1.271953463203463 0.09976190476190447 0.13 0.17 0.20608503974068432 0.15318181818181745 0.42000000000000015 -0.04318181818183331 0.13558897243107887 0.3702380952380968 -0.11590909090910331 0.013454089769877667 0.11190476190475071
33 5 -1.33 -1.3049761904761903 -1.28 -0.22 -0.2 -0.19 0.1687418881090511 0.04000000000000001 0.10000000000000009 -0.10000000000000009 0.01578947368421054 0.10000000000000009 -0.09318181818183349 -0.010526315789473679 0.0
33 6 -1.58 -1.4818452380952385 -1.3575 -0.11 -0.08931818181818335 -0.07 0.18097792194939571 0.06 0.24 -0.1404761904761953 -0.0802005012531316 0.0 -0.07413419913422578 -0.015789473684210523 0.0
33 7 -1.3425000000000002 -1.328590909090909 -1.3075 0.08750000000000001 0.1 0.11 0.17038718183461082 0.05 0.11999999999999988 -0.10000000000000009 -0.0578947368421052 0.0 -0.09999999999999995 -0.021052631578947364 0.0
33 8 -2.875 -2.7998246753246763 -2.7350000000000003 -0.31 -0.2893181818181817 -0.2076136363636345 0.2074198853080132 0.2868181818181825 0.3031818181818178 -0.29080086580087094 -0.12272727272727237 0.0 -0.009199134199146183 0.14168375484164877 0.20000000000000018
33 9 -1.28 -1.2730000000000001 -1.27 -0.05 -0.05 -0.04 0.15710977321595201 0.010000000000000002 0.020000000000000018 0.0 -0.010526315789473694 0.0 0.0 0.005263157894736843 0.0
33 10 -1.08 -1.0766352813852809 -1.07 0.012386363636363086 0.02 0.02 0.15711581035838412 0.01681818181818255 0.0068181818181825005 0.0 -0.0035885167464118424 0.0 0.0 0.00358851674641187 0.009523809523803873
33 11 -1.6105032467532414 -1.582073593073591 -1.3345183982683986 -0.0625 -0.03 -0.02 0.2672264786119065 0.07681818181818255 1.18 -0.050000000000000044 0.5631578947368421 0.7202380952381149 -0.09999999999999999 0.008851674641148704 0.09999999999999998
33 12 -2.37 -2.3158722943722947 -2.325 -0.08 -0.08 -0.08 0.19204496284544953 0.039999999999999994 0.3863636363636347 -0.15000000000000124 -0.19808612440191312 0.0 0.0 0.017042606516289537 0.011904761904750621
33 13 -1.61 -1.5911417748917753 -1.58 -0.28 -0.26 -0.2070941558441568 0.18318962192321805 0.18 0.1331818181818174 -0.17499999999999072 -0.03851674641148293 0.14556277056278155 -0.10000000000000002 -0.07368421052631578 0.030952380952375333
33 14 -2.277272727272731 -1.9443365800865824 -1.633327922077925 -0.11 -0.07500000000000001 -0.06 0.2825318032381396 0.12000000000000001 1.3099999999999998 -1.0721861471861793 -0.6894736842105262 -0.2186147186147258 -0.10919913419913002 -0.026315789473684216 0.049999999999999975
33 15 -1.4393831168831157 -1.3186818181818172 -1.2 0.008522727272727383 0.08931818181818335 0.1 0.20459205091800492 0.16 0.41000000000000014 0.0 0.20526315789473693 0.3693722943722988 0.0 0.08421052631578947 0.14047619047619533
33 16 -1.15 -1.1424448051948048 -1.14 0.13 0.14 0.14 0.15888650950250607 0.01999999999999999 0.020000000000000018 -0.06590909090908759 -0.005263157894736847 0.037337662337676436 0.0 0.005263157894736847 0.0
33 17 1.3902597402597432 1.5969686147186188 1.9448863636363654 -0.54 -0.39435064935065245 -0.06784090909090913 0.39684542337154277 0.52 2.054783549783552 0.5809523809523931 1.0814650262018697 1.2207792207791712 -0.6187229437229331 -0.27368421052631575 -0.10000000000000009
33 18 1.5 1.5267857142857144 1.5525000000000002 -0.23 -0.21068181818181664 -0.2 0.1633347697136776 0.03 0.040000000000000036 0.0 0.02105263157894739 0.0833333333333397 0.0 0.015789473684210527 0.002380952380946766
33 19 -2.4848863636363654 -2.1390454545454567 -1.7687337662337683 -0.19 -0.16563852813852836 -0.0775 0.28667730330044555 0.18 1.2476190476190498 -0.9613636363636568 -0.6566416040100262 -0.2523809523809639 -0.15 0.005263157894736835 0.18571428571426893
33 20 -1.3025000000000002 -1.3017499999999997 -1.29 0.07 0.07500000000000001 0.08285714285714116 0.17119484186550601 0.11000000000000001 0.08000000000000007 0.0 0.036842105263157926 0.10000000000000009 0.0 -0.04736842105263159 0.0
33 21 -1.8125 -1.5236969696969709 -1.2575 -0.095 -0.08 -0.017499999999999998 0.23801730891533668 0.2163636363636349 0.6976190476190498 -0.4880952380952486 -0.36716791979949986 -0.10000000000000009 -0.22857142857141166 -0.04545454545454468 0.049999999999999975
33 22 -1.84 -1.7328311688311693 -1.5806168831168843 -0.31 -0.305 -0.1745941558441568 0.202165741406605 0.19681818181817934 0.3500000000000001 -0.22261904761906148 -0.17894736842105266 0.0 -0.10000000000000009 -0.1 0.0
33 23 -1.3125 -1.316904761904762 -1.31 -0.1 -0.1 -0.1 0.1624300701854031 0.009999999999999995 0.07999999999999985 -0.08095238095237489 -0.04210526315789466 0.0 0.0 -0.005263157894736839 0.0
33 24 -2.9519047619047627 -2.8954675324675327 -2.8326136363636345 -0.21 -0.2 -0.1675 0.1750553964325801 0.06999999999999998 0.0868181818181828 -0.01190476190475076 0.04043062200956977 0.13409090909089816 -0.09999999999999981 -0.027568922305763216 0.0
33 25 -1.69 -1.503353896103897 -1.2731168831168844 -0.11 -0.1 -0.09 0.20314932304094954 0.05 0.5 -0.4629870129869662 -0.2526315789473684 -0.050000000000000044 -0.050000000000000044 -0.010526315789473682 0.0
33 26 -0.1255519480519434 0.531653679653684 1.3098863636363656 -0.08 -0.055 -0.026250000000000405 0.36903236333023887 0.11863636363636348 2.2263636363636348 0.8840909090909144 1.1717703349282287 1.5095238095238546 -0.10000000000000006 -0.010526315789473684 0.09318181818181741
33 27 -1.8891666666666582 -1.7031937229437215 -1.4639448051948052 -0.2829058441558432 -0.27 -0.26 0.2522052154883445 0.06 1.0227272727272696 -0.5047619047619101 0.22775119617224715 0.7047619047618436 0.0 0.026315789473684206 0.050000000000000044
33 28 -1.9825 -1.6885108225108234 -1.3974999999999997 0.12275974025974301 0.3700324675324691 0.999772727272731 0.3455232272935633 1.3644372294372322 0.7400000000000002 -0.6373376623376792 -0.3894736842105264 -0.08538961038959347 0.2880952380952495 0.7181248575985433 1.1874458874458664
33 29 -3.1197619047619067 -2.943371212121212 -2.79 -0.11107142857142942 -0.11 -0.08829545454545437 0.20632850727240812 0.03 0.4200000000000008 -0.14285714285717788 -3.134085213032583 0.5190476190476256 -0.015909090909087265 0.015789473684210527 0.06352813852814047
33 30 -3.126428571428571 -2.9430400432900425 -2.765113636363634 -0.5325 -0.5 -0.48 0.23458925142687126 0.1276190476190498 0.7808008658008676 0.3619047619047677 -2.894315333789017 0.46742424242423697 0.01190476190475076 0.06716791979949989 0.10000000000000009
33 31 -1.2825 -1.2710952380952385 -1.26 0.19 0.19 0.2 0.16228842433480356 0.04000000000000001 0.04857142857142871 0.0 0.025563909774436164 0.050000000000000044 0.0 0.02105263157894737 0.004761904761910463
33 32 -1.3801190476190472 -1.3403322510822513 -1.3 0.17750000000000002 0.18976190476190363 0.2 0.16871653054274716 0.03 0.09318181818181737 -0.09999999999999898 -0.04377990430621966 0.024999999999991696 -0.049999999999999906 0.010526315789473696 0.06904761904762469
33 33 -1.4904058441558432 -1.0880800865800844 -0.650227272727269 -0.1925 -0.05785714285714286 0.01 0.275550189112743 0.25 1.13 0.28571428571428636 0.5854636591478685 0.8428571428571563 0.0 0.13157894736842105 0.18809523809524936
33 34 -2.8021428571428584 -2.7473051948051954 -2.7049999999999996 -0.7133766233766239 -0.6240476190476196 -0.48857142857143027 0.2381265554802347 0.46318181818181753 0.3563636363636351 -0.4071428571428237 -0.08755980861243956 0.19047619047619646 -0.4142857142857148 -0.004180906812483001 0.10000000000000009
33 35 -1.5846590909090965 -1.406405844155845 -1.2167857142857144 -0.1225 -0.04 -0.02 0.23610330463161913 0.20318181818181746 0.39080086580086726 -0.5159090909090869 -0.20568466621098278 0.0833333333333397 -0.11190476190476761 -0.10693779904306182 0.0
33 36 -2.67 -2.6111017316017326 -2.581071428571429 -0.15 -0.15 -0.1475 0.18259599033795373 0.02080086580086732 0.29636363636363505 -0.21547619047618705 -0.15071770334928172 0.0 0.0 -0.010947824105719641 0.0
33 37 -0.07500000000000001 0.01796753246753287 0.08249999999999999 -0.24965909090909086 -0.18 -0.1675 0.1961805428387722 0.1468181818181825 0.22 0.0 0.11052631578947367 0.20000000000000004 -0.01190476190475076 0.07727272727272765 0.10000000000000009
33 38 -1.6125 -1.5559718614718616 -1.4874999999999998 -0.2073863636363655 -0.17 -0.1546428571428563 0.18116726669356295 0.11000000000000001 0.16999999999999993 -0.19999999999999907 -0.05789473684210531 0.10000000000000009 -0.10000000000000009 -0.05789473684210528 0.0
33 39 -2.7821590909090963 -2.293312770562774 -1.8295941558441569 -1.1034090909090897 -1.0215909090909088 -0.9671428571428554 0.2387099663342592 0.25238095238095337 1.694458874458884 -0.9922077922077777 -0.7163818637502853 -0.59610389610389 -0.2119047619047676 0.002756892230578792 0.26829004329005146
33 40 -2.658214285714288 -2.240821428571427 -1.7752272727272689 -0.1625 -0.14 -0.10750000000000001 0.29169390953912266 0.1 1.2744372294372321 -0.16190476190474978 0.6707564365459117 1.4221861471861308 0.0 0.042105263157894736 0.1095238095238038
33 41 -1.53 -1.510556277056277 -1.49 -0.08 -0.08 -0.07 0.1642293524547855 0.05 0.046818181818182536 -0.07218614718612959 -0.015367965367964564 0.0 0.0 0.015789473684210527 0.049999999999999975
33 42 -0.6875 -0.36420562770562925 -0.07785714285714454 0.12 0.155 0.21869047619047505 0.2586568669746831 0.21999999999999997 0.9276190476190498 -0.9238095238095182 -0.4882205513784473 -0.011904761904750621 -0.13809523809524904 0.04862155388471055 0.2523809523809636
33 43 -1.2 -1.170194805194805 -1.135119047619048 0.0728571428571437 0.09 0.09 0.1704912701293801 0.07 0.056818181818182545 -0.10000000000000009 -0.02464114832535923 0.0 0.0 0.02105263157894737 0.0
33 44 -2.439886363636366 -2.19893722943723 -2.0360227272727274 -0.08 -0.07 -0.06321428571428572 0.20731232759269758 0.049999999999999996 0.5431818181818175 -0.34448051948051783 -0.2858851674641145 -0.10000000000000009 -0.07142857142858841 -0.01578947368421053 0.002380952380946731
33 45 -2.6823863636363656 -2.4689610389610404 -2.3556655844155863 -0.10488636363636308 -0.09309523809523754 -0.07 0.22397288203683366 0.04318181818181746 0.7231818181818177 -0.4904761904762145 -0.36483253588516706 -0.2654761904761882 0.0 0.0174641148325355 0.09318181818183363
33 46 -1.7219318181818275 -1.5808290043290052 -1.3292857142857153 -0.277272727272731 -0.135 -0.12 0.261383804003574 0.2931818181818175 0.6208008658008675 -0.919047619047626 -0.32673729778993027 0.2523809523809639 -0.23095238095237558 -0.15430622009569342 0.0
33 47 -1.15 -1.1421666666666668 -1.1298809523809517 -0.05 -0.04 -0.04 0.16224224490991868 0.03 0.039999999999999813 0.0 0.01177944862155272 0.019047619047624087 0.0 -0.009273182957394674 0.002380952380963662
