34 0 -0.4 -0.3967272727272728 -0.39 -0.37 -0.36 -0.36 0.157114844415595 0.020000000000000018 0.010000000000000009 0.0 0.0 0.0 0.0 -0.005263157894736847 0.0
34 1 -0.53 -0.48658008658008656 -0.44814935064935224 -0.63 -0.63 -0.63 0.16507450214230948 0.010000000000000009 0.10000000000000003 -0.08095238095240764 -0.052631578947368446 0.0 0.0 0.0009569377990423087 0.0
34 2 -1.0925000000000002 -0.8915670995671003 -0.6077380952380951 -0.59 -0.5447619047619053 -0.48 0.21350930351944714 0.12 0.5400000000000001 -0.5047619047618934 -0.25789473684210534 0.0 -0.050000000000000044 -0.057894736842105256 0.0
34 3 -0.53 -0.5046948051948053 -0.4875 -0.52 -0.51 -0.51 0.16888084099402575 0.050000000000000044 0.11238095238095358 -0.10000000000000009 -0.02230576441102817 0.10000000000000009 0.0 0.026315789473684233 0.04393939393939117
34 4 -0.6916666666666667 -0.17168398268398505 -0.11000000000000024 -0.19431818181818114 -0.08952380952381049 0.02416666666666558 0.21896258883871245 0.74 2.3123809523809533 -1.5878787878787266 -0.9256550467076804 0.4729437229437308 -0.6 -0.2684210526315789 0.3010822510822549
34 5 -0.84 -0.8164567099567102 -0.7961363636363648 -0.51 -0.5 -0.49857142857142855 0.17651581411677988 0.16056277056277318 0.04999999999999993 -0.009090909090901933 0.02105263157894739 0.0 0.0 0.084506721348828 0.07857142857142868
34 6 -0.430909090909091 -0.41162337662337667 -0.39 -0.41 -0.37 -0.35 0.16889262260316665 0.07 0.062380952380953536 -0.10000000000000009 -0.02230576441102817 0.050000000000000044 -0.10000000000000009 -0.031578947368421054 0.0071428571428572285
34 7 -1.1907142857142856 -1.092075757575757 -1.0043181818181812 -0.23 -0.22119047619047677 -0.18409090909090953 0.19594802887779542 0.07238095238095352 0.34532467532468025 0.14047619047619642 0.022556390977441765 0.30216450216453694 -0.08333333333333331 -0.004010025062656052 0.0
34 8 -0.9310714285714294 -0.5971320346320341 -0.2997077922077951 -0.6572619047619049 -0.521818181818182 -0.3394155844155824 0.2752568705176896 0.5381818181818196 0.8290909090909082 0.08549783549781184 0.3684210526315789 0.8041125541125569 0.17142857142857126 0.28325358851674715 0.3742424242424218
34 9 -1.0738961038961083 -0.8473398268398278 -0.63 -0.39 -0.37 -0.2475 0.2467179190108086 0.23 0.7999999999999999 -0.5619047619047546 -0.4210526315789473 0.0 0.0 0.12105263157894736 0.17727272727272134
34 10 -0.6224999999999999 -0.6212445887445885 -0.62 -0.4 -0.4 -0.4 0.1571902301033788 0.010000000000000009 0.020000000000000018 0.0 0.005263157894736847 0.01363636363637677 0.0 0.005263157894736847 0.0
34 11 -0.85 -0.8423203463203462 -0.84 -0.43 -0.413181818181818 -0.38 0.16599552923039482 0.06 0.06999999999999995 0.0 -0.026315789473684174 0.0 -0.08181818181818012 -0.031578947368421054 0.0
34 12 -0.43058441558441757 -0.08705844155844286 0.19928571428571462 -0.23558441558441762 -0.20318181818181805 -0.1425 0.2947401254828038 0.2123809523809535 1.3853246753246804 -1.214285714285758 -0.7291182501708844 -0.30714285714287415 -0.10000000000000009 -0.11177944862155446 -0.05086580086581152
34 13 -0.8925 -0.8201861471861467 -0.7240909090909082 -0.5755844155844176 -0.515 -0.49 0.21642262597794493 0.19999999999999996 0.43761904761904646 -0.3149350649350513 0.05664160401002447 0.15000000000000013 -0.15238095238096439 -0.10526315789473682 -0.016666666666666496
34 14 -0.92 -0.8900367965367962 -0.8925000000000001 -0.28 -0.265 -0.25 0.1750117006933187 0.06999999999999998 0.1623809523809535 -0.15000000000000013 -0.07493734335839658 0.0 -0.09999999999999967 -0.01578947368421053 0.004545454545459016
34 15 -0.3280952380952392 -0.321725108225108 -0.20500000000000002 -0.17 -0.16 -0.15 0.20971461428369803 0.03238095238095351 0.5823809523809534 -0.18095238095236887 0.23283208020050183 0.7248917748917888 -0.05714285714287254 -0.011779448621554488 0.0
34 16 -0.36750000000000005 -0.3049372294372298 -0.24 -0.4 -0.35794372294372334 -0.3046428571428571 0.1915223823148659 0.07999999999999996 0.26818181818181963 -0.1999999999999999 -0.14114832535885244 -0.09999999999999995 -0.16904761904761367 -0.042105263157894715 0.0590909090909017
34 17 -0.2885714285714294 -0.2832380952380956 -0.28 -0.3 -0.3 -0.3 0.1553397216925636 0 0.009999999999999953 -0.04047619047619605 -0.005263157894736818 0.0 0.0 0.0 0.0
34 18 -0.47 -0.46690909090909105 -0.46 -0.11 -0.11 -0.1 0.15622474745425782 0.009999999999999995 0.009999999999999953 0.0 0.0009569377990422795 0.0 0.0 -0.005263157894736839 0.0
34 19 -0.69 -0.6591103896103899 -0.6738095238095245 -0.29931818181818115 -0.25818181818181807 -0.11523809523809511 0.19596319600807152 0.28 0.18999999999999995 -0.16320346320346568 -0.09473684210526312 0.0 -0.2670995670995543 -0.14210526315789473 0.0
34 20 -0.7353571428571395 0.10909090909091165 0.9030194805194893 -0.44142857142857145 -0.3938744588744586 -0.0007467532467471498 0.4167272050472619 0.7205627705627732 2.1686580086580056 0.4606060606060758 1.1413989519252663 1.6777056277055986 0.12619047619048196 0.3792435634540911 0.6404761904761759
34 21 -0.48 -0.47577272727272735 -0.47 -0.6125 -0.61 -0.61 0.15711484441559495 0.010000000000000009 0.020000000000000018 0.0 0.0 0.0 0.0 0.0 0.0
34 22 1.8982142857142823 2.102954545454546 2.24 0.46797619047619016 0.4927272727272721 0.5 0.20215304816377241 0.04999999999999999 0.4099999999999999 0.0 0.21052631578947378 0.21818181818180404 -0.050000000000000044 0.010526315789473694 0.03095238095238595
34 23 0.6852380952380951 0.8120649350649348 0.9806818181818164 -0.10500000000000001 -0.055 0.02136363636363607 0.22670972944676934 0.2 0.6147619047619071 0.050000000000000044 0.19820004556846707 0.5450216450216516 0.0 0.06842105263157894 0.19999999999999996
34 24 -0.985227272727273 -0.9113376623376628 -0.8513095238095245 -0.51 -0.5 -0.5 0.19208879212506652 0.010000000000000009 0.4047619047619071 -0.23809523809524502 -0.2130325814536353 -0.10000000000000009 0.0 0.005263157894736847 0.0
34 25 -3.078441558441562 -2.571928571428573 -2.081904761904761 0.06392857142857059 0.14500000000000002 0.19 0.3278013827751196 0.2423809523809535 1.7311255411255457 -1.1277056277056452 -0.8670995670995696 -0.7127705627705327 0.09285714285714276 0.127568922305765 0.1999999999999999
34 26 -0.34 -0.33849999999999997 -0.34 -0.4125 -0.41 -0.4 0.15799479897764612 0.02999999999999997 0.010000000000000009 0.0 0.0 0.0 0.0 -0.01578947368421051 0.0
34 27 -0.16 -0.1544826839826839 -0.15 -0.28 -0.28 -0.27 0.15643546787370888 0.010000000000000009 0.01238095238095352 0.0 0.006516290726817642 0.0 0.0 0.005263157894736847 0.0
34 28 -1.0804545454545451 -0.9368030303030308 -0.9004761904761903 -0.5411904761904756 -0.53 -0.51 0.21550597826006512 0.07999999999999996 0.6123809523809536 -0.48095238095232473 -0.30747322852586 -0.03636363636363993 0.0 0.03684210526315787 0.08095238095236879
34 29 -0.6553571428571447 -0.6243982683982685 -0.5974999999999999 -0.2 -0.19 -0.18 0.16845226245754477 0.020000000000000018 0.13818181818181952 -0.10000000000000009 -0.07272727272727343 -0.05367965367963856 0.0 0.010526315789473694 0.0
34 30 -0.8511904761904754 -0.8568203463203463 -0.82 -0.4725 -0.4609523809523804 -0.46 0.18175947757598937 0.07999999999999996 0.22999999999999998 -0.011904761904754646 0.10526315789473689 0.17380952380950943 -0.10000000000000009 -0.042105263157894715 0.0
34 31 -0.75 -0.7129632034632036 -0.6652380952380952 -0.375 -0.2702380952380947 -0.23 0.19045861361083333 0.22818181818181965 0.18000000000000005 -0.13095238095238604 -0.09473684210526319 -0.04999999999999116 0.07662337662340077 0.12009569377990507 0.18614718614720305
34 32 -1.8071428571428572 -1.633742424242423 -1.4947077922077838 -0.19808441558441764 -0.14 -0.1162878787878768 0.24583814729363077 0.1523809523809535 0.8871428571428603 0.050000000000000044 0.4669172932330844 0.842857142857173 -0.17835497835497072 -0.08020050125313342 0.0
34 33 -1.625227272727273 -1.3856709956709965 -1.2277380952380952 -0.05 -0.035 -0.01 0.23380659685598562 0.05 0.8223809523809534 -0.6582251082251117 -0.43283208020050185 -0.19502164502165464 -0.04999999999999999 0.021052631578947368 0.09999999999999999
34 34 -0.7373376623376615 -0.4660476190476167 -0.3770779220779201 -0.49 -0.49 -0.464772727272727 0.2950070295369251 0.21636363636363926 0.984891774891784 -0.32380952380950956 0.5183640920483074 1.2512987012986891 0.0 0.11387559808612592 0.16883116883115612
34 35 -0.5077272727272729 -0.3541904761904767 -0.1639285714285706 -0.3425 -0.25770562770562866 -0.018809523809524532 0.2351394075066896 0.45 0.47 -0.36839826839827255 -0.2473684210526316 -0.10000000000000009 -0.3699134199133977 -0.23684210526315788 -0.10000000000000002
34 36 2.67 2.7416233766233766 2.839761904761905 0.3 0.32 0.34 0.18045393999491469 0.050000000000000044 0.2176190476190465 -0.12619047619049306 -0.11453634085212973 0.0 -0.050000000000000044 0.0 0.0
34 37 -1.082142857142859 -0.9479004329004335 -0.8402272727272755 -0.6425 -0.605 -0.5580952380952378 0.2068020311610802 0.14 0.4390909090909082 0.007142857142856673 0.058851674641147544 0.3651515151515089 0.03333333333332633 0.0736842105263158 0.10000000000000009
34 38 -0.8328571428571446 -0.6052510822510834 -0.36523809523809514 -0.51 -0.4852380952380947 -0.45 0.2180507735984144 0.07 0.6499999999999999 -0.5181818181818193 -0.34210526315789475 -0.18376623376622409 0.0 0.031578947368421054 0.0954545454545408
34 39 -0.9157034632034631 -0.8264177489177488 -0.7386363636363634 -0.39499999999999996 -0.3420562770562766 -0.22 0.1974245427612111 0.22999999999999998 0.24 -0.2071428571428574 -0.005263157894736847 0.2651515151514955 0.004761904761895197 0.12105263157894734 0.1699134199134296
34 40 -0.58 -0.5277251082251081 -0.47 -0.5325 -0.505 -0.46749999999999997 0.1815188656178633 0.14285714285713946 0.1623809523809535 -0.19999999999999962 -0.08020050125313342 0.0 -0.10238095238094658 -0.04736842105263156 0.014285714285697249
34 41 -0.6886363636363647 -0.6135432900432901 -0.5175000000000001 -0.4525 -0.45 -0.44 0.18908691864234312 0.07818181818181968 0.28 -0.20000000000000018 0.04306220095693707 0.2999999999999997 0.0 0.04114832535885247 0.10000000000000009
34 42 -0.59 -0.5854999999999999 -0.58 -0.44 -0.43 -0.43 0.157109773215952 0.010000000000000009 0.020000000000000018 0.0 -0.010526315789473694 0.0 0.0 -0.005263157894736847 0.0
34 43 2.3133333333333335 2.436733766233767 2.545357142857145 0.2239285714285706 0.3597619047619053 0.40499999999999997 0.23037033078873917 0.24 0.506363636363639 0.07857142857142785 0.2665071770334942 0.47056277056278795 0.0 0.12105263157894736 0.20238095238094694
34 44 -0.67 -0.6720714285714288 -0.66 -0.21 -0.21 -0.2 0.1624249989857601 0.009999999999999981 0.07999999999999996 -0.10000000000000009 -0.042105263157894715 0.0 0.0 0.0 0.0
34 45 -0.6380844155844176 -0.418320346320347 -0.2213528138528148 -0.41785714285714465 -0.36 -0.3325 0.22334510323164397 0.09238095238095351 0.5276190476190465 -0.5703463203463142 -0.2776942355889718 -0.049999999999999906 -0.18095238095236887 -0.04085213032581394 0.09999999999999981
34 46 -0.44 -0.42407142857142893 -0.4075 -0.37249999999999994 -0.355 -0.2946428571428553 0.17288570769890466 0.11238095238095352 0.09238095238095351 -0.10000000000000009 0.0012531328320808095 0.10000000000000009 0.0 0.05388471177944925 0.10000000000000009
34 47 -0.4 -0.3946190476190476 -0.38 -0.21 -0.195 -0.18 0.16247063978254694 0.01999999999999999 0.06 0.0 0.026315789473684206 0.10000000000000009 0.0 0.005263157894736847 0.0
