41 0 -1.5725 -1.563337662337662 -1.55 -0.41 -0.4002380952380947 -0.4 0.15816585515178577 0.0095238095238106 0.020000000000000018 -0.0019480519480608027 -0.005263157894736847 0.0 0.0 -0.005012531328321368 0.0
41 1 -1.4635930735930742 -1.4418051948051942 -1.45 -0.530909090909091 -0.53 -0.5257142857142842 0.18087318014167972 0.08999999999999997 0.1499999999999999 0.0 0.07894736842105259 0.07857142857139454 -0.08181818181818068 -0.04736842105263156 0.011904761904771854
41 2 -1.5164285714285723 -1.5057424242424242 -1.5 -0.38250000000000006 -0.37 -0.36 0.161536394845097 0.040000000000000036 0.040000000000000036 0.0 0.01578947368421054 0.030952380952374847 0.0 -0.02105263157894739 0.0
41 3 -1.18 -1.1777619047619046 -1.178809523809524 -0.39 -0.39 -0.38 0.15622474745425774 0.010000000000000009 0.010000000000000009 0.0 -0.005263157894736847 0.0 0.0 -0.005263157894736847 0.0
41 4 -1.43 -1.419768398268398 -1.41 -0.21 -0.2 -0.1625 0.1764909777623331 0.20952380952381064 0.03666666666667018 -0.015151515151531347 0.01578947368421054 0.08073593073593455 -0.14761904761905326 -0.11027568922305823 0.0
41 5 -1.5628571428571427 -1.5224588744588747 -1.508181818181818 -0.41 -0.41 -0.4 0.18775613614077222 0.09952380952381062 0.27904761904762143 -0.050000000000000044 -0.0731829573934849 0.15000000000000013 -0.04999999999999977 -0.05238095238095296 0.0
41 6 -1.7516233766233762 -1.5340194805194798 -1.3065909090909014 -0.6425 -0.615476190476191 -0.5974999999999999 0.2261134715976319 0.07952380952381077 0.514978354978358 -0.5777056277056403 0.10025062656641556 0.6999999999999995 -0.10000000000000009 -0.020802005012531967 0.0
41 7 -1.682261904761907 -1.3387575757575765 -0.985238095238093 -0.24 -0.185 -0.15 0.24536939177526393 0.13 0.9 -0.7867965367965252 -0.44686716791979875 -0.19761904761903648 -0.10000000000000009 -0.04686716791979874 0.0
41 8 -0.95 -0.9469999999999998 -0.94 -0.21 -0.20272727272727376 -0.19 0.16245542618361797 0.06 0.019999999999999907 -0.04999999999999949 -0.005263157894736847 0.0 -0.07727272727273735 2.921639538487254e-18 0.09999999999999981
41 9 -1.3 -1.2995 -1.3 -0.37 -0.37 -0.36749999999999994 0.15622474745425777 0.010000000000000009 0.010000000000000009 0.0 0.005263157894736847 0.0 0.0 -0.005263157894736847 0.0
41 10 -1.4592857142857125 -1.4155714285714285 -1.3867857142857132 -0.4 -0.39 -0.39 0.17214923988205663 0.02999999999999997 0.16999999999999993 -0.13030303030301504 -0.02581453634085129 0.0 0.0 -0.005263157894736847 0.0
41 11 -1.46 -1.4574999999999998 -1.45 -0.24 -0.23 -0.23 0.16499191283258696 0.059523809523810645 0.059523809523810645 0.0 -0.015538847117795062 0.0023809523809636968 0.0 -0.02606516290726877 0.0
41 12 -1.23 -1.2251428571428573 -1.22 -0.27 -0.26 -0.25 0.15800494137693216 0.030000000000000027 0.010000000000000009 0.0 0.005263157894736847 0.0 0.0 -0.01578947368421054 0.0
41 13 -1.6407142857142856 -1.6163116883116886 -1.5921428571428586 -0.53 -0.52 -0.5035714285714277 0.16654153805138433 0.040000000000000036 0.09636363636363598 -0.10000000000000009 -0.03157894736842096 0.050000000000000044 -0.04047619047616802 -0.010526315789473694 0.0
41 14 -1.54 -1.5385714285714285 -1.5310714285714286 -0.5 -0.49 -0.49 0.1588885840841782 0.030000000000000027 0.010000000000000009 0.0 0.0 0.0 0.0 -0.010526315789473694 0.0
41 15 -1.6402272727272713 -1.3910043290043292 -1.0560714285714279 -0.7 -0.6207359307359313 -0.5 0.2376804365690996 0.21999999999999997 0.72 -0.6525974025974568 -0.273182957393483 0.23333333333332318 -0.20454545454545892 -0.10526315789473682 0.0
41 16 -1.467727272727273 -1.3624112554112553 -1.3453571428571427 -0.37047619047619085 -0.3371428571428572 -0.32 0.20529586762763805 0.06134199134199425 0.4945454545454524 -0.412337662337654 -0.16791979949874616 0.13939393939394473 -0.06904761904762469 0.00025062656641544904 0.09999999999999981
41 17 -1.347370129870131 -1.2647251082251096 -1.0990476190476195 -0.6302380952380956 -0.63 -0.62 0.21318570038366524 0.030000000000000027 0.37238095238095403 -0.7367965367965446 -0.19598997493734424 0.27380952380953394 -1.609823385706477e-14 0.004761904761904021 0.004545454545458738
41 18 -1.78297619047619 -1.7002359307359307 -1.6465909090909088 -0.26 -0.25 -0.2175 0.18196925248912688 0.060000000000000026 0.25095238095238237 0.08095238095236934 0.13208020050125388 0.18571428571428572 -0.05454545454544282 -0.021052631578947375 0.0
41 19 -1.3434090909090912 -1.346824675324675 -1.3 -0.11 -0.1 -0.09 0.1774234130833262 0.07 0.1499999999999999 -0.08571428571428563 -0.07894736842105259 0.0 -0.09999999999999995 -0.0368421052631579 0.0
41 20 -1.4603571428571427 -1.4619285714285717 -1.46 -0.1720454545454541 -0.17 -0.17 0.1562253684174794 0.009999999999999981 0.010000000000000009 0.0 0.0 0.0 0.0 0.0 0.0
41 21 -1.0966233766233762 -0.9951493506493507 -0.8735714285714222 -0.44 -0.36261904761904573 -0.26 0.2209720317654083 0.22 0.27 -0.40476190476191 0.0626566416040093 0.5911255411255018 0.0 0.11578947368421051 0.19999999999998408
41 22 -1.16 -1.1555476190476188 -1.15 -0.35 -0.34 -0.34 0.16344112480266043 0.06095238095238242 0.040952380952382406 0.0 -0.021553884711780213 0.0 0.0 -0.03208020050125391 0.0
41 23 -1.37 -1.3700000000000003 -1.37 -0.93 -0.93 -0.93 0.1553397216925636 0.009999999999999898 0 0.0 0.0 0.0 0.0 0.0 0.0
41 24 -1.5945454545454543 -1.5514891774891777 -1.5360714285714294 -0.4075000000000025 -0.3845454545454541 -0.34 0.19080689925348024 0.12 0.2895238095238106 -0.209090909090901 -0.10501253132832133 0.10000000000000009 -0.10000000000000009 -0.057894736842105256 -0.018398268398271134
41 25 -1.62 -1.6135000000000002 -1.61 -0.17 -0.17 -0.17 0.15622981865390081 0.009999999999999981 0.010000000000000009 0.0 -0.005263157894736847 0.0 0.0 0.0 0.0
41 26 -1.4425000000000001 -1.4330000000000003 -1.4275 -0.38 -0.38 -0.38 0.15888489593898336 0.010000000000000009 0.040000000000000036 0.0 0.02105263157894739 0.0 0.0 0.0 0.0
41 27 -1.17 -1.171309523809524 -1.17 -0.36 -0.36 -0.36 0.1562241034923981 0.00999999999999679 0.010000000000000009 0.0 0.0 0.0 0.0 0.0 0.0
41 28 -1.59 -1.579357142857143 -1.57 -0.48090909090909095 -0.48 -0.4740909090909106 0.16241670065907154 0.019999999999999962 0.050000000000000044 0.0 0.026315789473684233 0.08571428571428563 -0.018181818181819687 -0.005263157894736847 0.0
41 29 -1.8094047619047624 -1.7080757575757572 -1.6154761904761887 -0.25522727272727297 -0.1945454545454541 -0.11107142857142774 0.21663931262419361 0.32952380952381066 0.3699999999999999 0.04761904761903635 0.16215538847117636 0.36861471861473927 -0.24523809523809623 -0.17343358395990036 -0.09285714285714286
41 30 -1.53 -1.5256190476190477 -1.52 -0.16 -0.1523809523809518 -0.15 0.1579998701772892 0.03 0.010000000000000009 0.0 0.005263157894736847 0.0 -0.04523809523808958 -0.015789473684210527 0.0
41 31 -1.61 -1.5745714285714285 -1.5749999999999973 0.01 0.02 0.02 0.1741000954476925 0.0209523809523824 0.17999999999999994 -0.15000000000000013 -0.09473684210526312 0.019047619047614095 -0.004761904761912015 -0.01102756892230653 0.0
41 32 -1.49 -1.4625259740259742 -1.4447727272727269 -0.53 -0.53 -0.5195238095238098 0.16771287101203936 0.06000000000000005 0.09000000000000008 0.0 0.04736842105263162 0.10000000000000009 -0.05952380952380376 -0.03157894736842108 0.0
41 33 -1.56 -1.5503636363636364 -1.54 -0.39333333333333476 -0.28500000000000003 -0.2775 0.1811993879435237 0.2495238095238107 0.030000000000000027 -0.10000000000000009 -0.01578947368421054 0.013636363636365667 0.0 0.1260651629072688 0.1547619047619106
41 34 -1.55 -1.2748874458874464 -1.0475 -0.57 -0.5476190476190482 -0.53 0.2140373603488212 0.04999999999999993 0.5999999999999999 -0.5999999999999672 -0.26842105263157895 0.050000000000000044 -0.050000000000000044 0.02105263157894733 0.10000000000000009
41 35 -1.5 -1.486331168831169 -1.4874999999999998 -0.49 -0.49 -0.4835714285714277 0.16203314497448915 0.020000000000000018 0.06571428571428228 -0.10000000000000009 -0.03157894736842108 0.0 0.0 -0.010526315789473694 0.0
41 36 -1.61 -1.5926103896103896 -1.4975 -0.41 -0.4 -0.365 0.20579782532909238 0.16999999999999998 0.41000000000000014 -0.10714285714285676 0.15789473684210528 0.22619047619048205 -0.14999999999999986 -0.0894736842105263 0.0
41 37 -1.15 -1.1284523809523808 -1.1190909090909091 -0.25 -0.24 -0.2391666666666675 0.16244157368589188 0.01999999999999999 0.05999999999999983 0.0 0.026817042606516944 0.050000000000000044 0.0 -0.005263157894736847 0.0
41 38 -1.15 -1.145365800865801 -1.14 -0.34 -0.33 -0.33 0.15710977321595196 0.010000000000000009 0.020000000000000018 0.0 -0.005263157894736847 0.0 0.0 0.0 0.0
41 39 -1.62 -1.5993571428571427 -1.5775000000000001 0.04 0.06 0.07047619047619019 0.1659116081208743 0.049999999999999996 0.07952380952381044 0.0 0.04185463659147918 0.09999999999999898 -0.049999999999999975 -0.02631578947368421 0.0
41 40 -1.68 -1.660160173160173 -1.6327272727272728 -0.3225 -0.31 -0.28107142857142775 0.16950909080371535 0.11000000000000001 0.05047619047618945 0.0 0.02656641604009971 0.10000000000000009 -0.10000000000000009 -0.05789473684210527 0.0
41 41 -0.7625000000000001 -0.7381666666666666 -0.7175 -0.08 -0.07 -0.06107142857142772 0.16947103002343392 0.09952380952381065 0.06000000000000005 0.0 0.026315789473684233 0.10000000000000009 -0.0642857142857143 -0.047117794486216134 0.0
41 42 -1.595670995670994 -1.5741796536796533 -1.5475 -0.19 -0.18119047619047715 -0.18 0.16467721402429497 0.03 0.06047619047618946 -0.0928571428571423 0.010776942355889172 0.0833333333333175 -0.09999999999999981 -0.015789473684210527 0.049999999999999906
41 43 -1.47 -1.4699999999999998 -1.47 -0.33 -0.33 -0.33 0.15533972169256358 0.010000000000000009 0 0.0 0.0 0.0 0.0 -0.005263157894736847 0.0
41 44 -1.43 -1.426090909090909 -1.42 -0.21 -0.2 -0.2 0.15710977321595193 0.01999999999999999 0.010000000000000009 0.0 0.0 0.0 0.0 -0.005263157894736847 0.0
41 45 -1.57 -1.57 -1.57 -0.2 -0.2 -0.2 0.1544546959308694 0 0 0.0 0.0 0.0 0.0 0.0 0.0
41 46 -1.41 -1.404642857142857 -1.4 -0.4025 -0.4 -0.39797619047619026 0.15795265489375607 0.019999999999999962 0.01952380952381061 0.0 -0.010275689223058215 0.0 0.0 -0.010526315789473665 0.0
41 47 -1.43 -1.4315476190476186 -1.42 -0.3524999999999999 -0.35 -0.34 0.16503022659788466 0.059523809523810645 0.06000000000000005 0.0 0.03157894736842108 0.050000000000000044 0.0 0.0313283208020056 0.06666666666664933
