50 0 0.10431080000000015 0.10573950000000001 0.11203520000000011 0.5245684 0.5270490000000001 0.52795175 0.1602575682665382 0.03183960000000008 0.027757600000000604 -0.022922000000002996 -0.007271578947368798 0.020410000000001816 -0.021352000000001148 0.0008428421052632617 0.007221999999997841
50 1 0.04348900000000022 0.05872741999999993 0.07499889999999998 0.35669615 0.3643185 0.3722627 0.16291429430348078 0.027255199999999924 0.0584039999999999 -0.005337999999999177 0.028359157894737076 0.048984000000000805 0.013344999999999052 0.014344842105263118 0.030143999999999727
50 2 0.3889832000000002 0.3949178000000001 0.4010564999999999 0.37652525000000003 0.38345680000000004 0.38632205000000014 0.1573458741582579 0.018463200000000013 0.011994799999999639 -0.015386000000003897 -0.004660421052631781 0.0037679999999995495 0.0007849999999998136 0.009717473684210533 0.01240300000000194
50 3 0.13144040000000023 0.14266903999999994 0.15481770000000006 0.01572355000000003 0.18650029999999984 0.2030794999999998 0.17884844581685677 0.22272020000000037 0.04728840000000023 -0.007222000000000062 0.02488863157894749 0.054007999999998724 0.014130000000003307 0.11722115789473704 0.1538599999999979
50 4 0.012465799999999971 0.07882342000000006 0.14541340000000003 0.36069965000000015 0.402548 0.40795665000000003 0.19342911572322616 0.09501640000000022 0.27110760000000056 -0.10927200000000026 -0.09317536842105281 0.14695200000000463 -0.008477999999999541 0.04984336842105279 0.058875000000000455
50 5 -0.20359760000000016 -0.0011806399999999995 0.20577990000000002 0.5925886499999999 0.6191138 0.64521505 0.2203907721302325 0.07225139999999985 0.5179744 -0.5592339999999996 0.07301326315789455 0.6279999999999974 -0.06641099999999955 0.008213578947368363 0.08116900000000093
50 6 0.15007630000000005 0.3904338800000003 0.7140831000000001 0.1336462499999999 0.15042169999999988 0.1944131 0.24018263912258922 0.10974299999999992 0.8626208000000006 -0.7363299999999984 -0.45401094736842135 -0.14349799999999746 -0.002354999999999441 0.05566063157894734 0.1326649999999996
50 7 0.613399 0.5740704999999999 0.6269794999999998 0.1800397499999999 0.20488499999999998 0.21051345000000016 0.20852282705443637 0.19191680000000022 0.42936359999999985 -0.011931999999996723 0.21824652631578925 0.08823400000000259 -0.018996999999999487 0.09335715789473693 0.11115600000000003
50 8 0.2726619 0.27410944000000015 0.27515820000000024 0.36455400000000004 0.3663438 0.36712880000000014 0.15586653712386303 0.011806399999999995 0.0041447999999997265 -0.004395999999995404 -0.0021484210526317702 0.0 0.0 0.006213894736842102 0.012874000000000496
50 9 0.1609250000000002 0.17560764 0.2211344999999999 0.3828366500000001 0.38540360000000007 0.38760160000000005 0.1725132642932898 0.027223799999999798 0.17697039999999964 -0.10644600000000004 -0.09314231578947349 -0.01475799999999916 -0.003611000000000031 0.014196105263157843 0.025277000000000216
50 10 0.00427040000000023 0.012456380000000022 0.021351999999999927 0.4022261499999999 0.4046832 0.4062375000000002 0.1598095678856465 0.016422200000000053 0.03736600000000001 -0.04050599999999793 -0.01807978947368417 0.007222000000002282 -0.021509000000001777 -0.002280631578947388 0.015072000000001529
50 11 0.34290370000000003 0.34485678 0.3457140000000001 0.24484935000000002 0.2553291000000001 0.26237840000000007 0.157785583758258 0.027506400000000042 0.007912800000000164 -0.00251200000000118 -0.001917052631578913 0.012246000000000201 0.012873999999998276 0.014477052631578969 0.018996999999998376
50 12 -0.04779079999999991 -0.03523708000000003 -0.012120400000000031 0.5037816000000002 0.5076124000000002 0.52253525 0.16561385955379937 0.03152559999999971 0.0739156000000003 -0.09953800000000124 -0.03853936842105274 0.028259999999999952 0.00047099999999966613 0.016592421052631427 0.029986999999997987
50 13 0.03058359999999971 0.03291661999999995 0.03574889999999986 0.48195860000000024 0.48748500000000017 0.49416535000000006 0.15884198167800317 0.02383259999999998 0.015009199999999723 -0.02983000000000402 -0.00588336842105259 0.010047999999998058 0.0 0.012543473684210516 0.025591000000002584
50 14 -0.07011619999999996 0.27262422 0.5515410000000001 0.5000606999999998 0.5135312999999999 0.6473738000000001 0.2375602828544366 0.21644020000000008 0.6418788000000002 -0.5193559999999997 -0.29697789473684216 0.12999599999999667 0.010518999999999945 0.11391589473684215 0.18887100000000157
50 15 0.11759299999999984 0.2692989600000001 0.5166869999999999 0.31965984999999986 0.33525779999999994 0.36977425000000014 0.2070898903155828 0.08286459999999995 0.49674799999999975 -0.36863599999999996 -0.1857227368421052 0.11837799999999676 -0.08996099999999951 0.0024293684210527793 0.07379000000000024
50 16 0.2429731999999999 0.34532463999999996 0.46847229999999984 0.6177243500000001 0.6271051000000001 0.6361012000000003 0.19190155855252547 0.05648859999999978 0.3661240000000001 -0.12465799999999749 0.02475642105263164 0.33503800000000306 -0.042861000000000704 -0.018112842105263018 0.0050240000000001395
50 17 -0.24988120000000025 -0.17539725999999997 -0.09779530000000014 0.2099325500000001 0.22308130000000015 0.25637315 0.1792380697410606 0.06939400000000018 0.20761679999999982 0.05714800000000242 0.10927199999999991 0.14192799999999783 0.018839999999999968 0.03599431578947353 0.04568700000000092
50 18 0.2302248 0.24814164 0.2665546000000001 0.06966874999999983 0.09528330000000007 0.09805435000000012 0.1651061049945636 0.05027140000000019 0.050051600000000196 -0.04867000000000177 -0.010279368421052435 0.04835600000000051 0.010832999999998982 0.026458631578947466 0.043960000000000665
50 19 0.10594360000000025 0.10570496000000011 0.10616340000000013 0.17060405000000012 0.1720092000000002 0.17350070000000012 0.15546386669456363 0.004333200000000259 0.0030144000000000837 -0.0009420000000015527 0.0014212631578945864 0.0015699999999996272 -0.013344999999997942 -4.957894736838591e-05 0.013031000000000015
50 20 0.41835790000000017 0.5246657399999999 0.5674294000000001 0.3271095000000001 0.42498329999999995 0.4413819499999999 0.21836966077227052 0.14208500000000002 0.4063159999999999 -0.2081820000000012 0.2138505263157894 0.6361640000000013 -0.1409859999999996 -0.07478157894736844 0.03108600000000017
50 21 0.1092092 0.12911994 0.12048179999999986 0.20395869999999988 0.2327210999999999 0.2350839500000001 0.17555698889201587 0.10955459999999984 0.12961920000000005 -0.08509399999999667 -0.056619157894736906 0.0273179999999984 0.0 0.057660315789473594 0.08069800000000238
50 22 0.19888760000000016 0.20028490000000013 0.20146240000000026 0.9334592000000002 0.9341814000000002 0.9356572000000003 0.15522481923787582 0.004239000000000548 0.002449199999999596 -0.00125600000000059 0.0001322105263158516 0.00251200000000118 0.0 0.0019005263157896067 0.0161710000000026
50 23 -0.02414660000000013 0.08835018000000003 0.15282379999999995 0.31811339999999994 0.3501885 0.3895955 0.21367016345061457 0.17832059999999994 0.49423600000000034 -0.45372999999999886 -0.26012421052631596 -0.06217200000000034 0.04694300000000262 0.09385294736842102 0.12214600000000075
50 24 -0.04306509999999997 -0.04287984 -0.04023910000000008 0.16837465000000007 0.1713498 0.1745290499999999 0.15693279600539176 0.012246000000000201 0.014506800000000375 -0.02731800000000284 -0.00763515789473704 0.0 0.0 0.006445263157894843 0.01475799999999916
50 25 0.11993230000000044 0.13098823999999992 0.1411429999999999 0.3750494499999998 0.37650170000000016 0.37858194999999994 0.15884307089711144 0.014538200000000057 0.029704399999999964 0.0015699999999996272 0.015633894736842086 0.03987799999999764 -0.008007000000002096 0.007205473684210522 0.029045000000000876
50 26 0.39786940000000015 0.39908457999999997 0.40072680000000016 0.36341575 0.363455 0.3637611500000001 0.15533346579265275 0.0012246000000000201 0.003956399999999416 -0.011932000000001164 -0.0017848421052630613 0.004395999999997624 -0.002825999999999107 0.0005618947368421354 0.010205000000000908
50 27 -0.023581399999999975 -0.017794380000000044 -0.017474099999999937 0.46496335 0.47695029999999994 0.4793759499999999 0.15969243074997772 0.024617600000000017 0.0212264000000002 -0.007222000000000062 0.011171789473684315 0.02857399999999677 -0.010362000000001537 0.012956631578947378 0.05793300000000112
50 28 -0.2940295999999999 -0.19778545999999997 -0.11731039999999981 0.04944714999999994 0.13823850000000015 0.22198230000000013 0.21353332690411791 0.22011400000000014 0.2968556000000002 0.04615800000000059 0.15623978947368433 0.3532500000000005 0.02370699999999837 0.1158494736842106 0.28746699999999903
50 29 0.04206030000000016 0.043083940000000064 0.04441530000000016 0.13198989999999994 0.14982510000000004 0.15432315000000008 0.15930968058692033 0.04574979999999984 0.004961200000000332 -0.0015700000000040681 0.002611157894737017 0.0028260000000024377 -0.013972999999999347 0.01778231578947374 0.028888000000001357
50 30 -0.03559190000000012 0.01937694000000003 0.08333559999999973 -0.020135249999999993 -0.017866599999999955 -0.01333715000000002 0.17700824096526438 0.07743239999999996 0.11831520000000006 -0.07379000000000024 -0.044092210526315935 0.08634999999999948 -0.035482000000000014 -0.03434168421052632 0.015072000000000418
50 31 0.0735545000000003 0.09515770000000005 0.11421749999999964 0.48097734999999997 0.5244584999999999 0.5292470000000001 0.1646884307741815 0.05545240000000007 0.05413359999999967 -0.015700000000002934 0.027863368421052515 0.07850000000000135 0.0026689999999995884 0.027632000000000125 0.020567000000000224
50 32 0.41697629999999986 0.4175697600000001 0.41944119999999996 0.3399364000000002 0.3429507999999999 0.3463263000000001 0.15704520642195227 0.01946800000000004 0.009231599999999673 -0.00502400000000236 -0.004858736842105091 0.000628000000000295 0.0 0.010246315789473706 0.0175840000000016
50 33 0.3082537999999997 0.39850682 0.5341297000000003 0.5333133 0.5588415 0.5705694000000001 0.2151930756213153 0.03912439999999995 0.6227876000000001 -0.6999060000000035 -0.3277829473684211 -0.05086799999999503 -0.05604900000000024 0.012725263157894753 0.07975599999999972
50 34 0.07620779999999994 0.09677480000000002 0.12150229999999984 0.4773349499999999 0.48549109999999995 0.4885683000000003 0.16264707756144264 0.025622400000000045 0.06700760000000017 -0.07755800000000201 -0.030044842105263363 0.0062800000000007294 0.0014129999999989984 0.012725263157894753 0.02119500000000052
50 35 -0.23025620000000002 -0.062159440000000024 0.06744720000000015 0.28904484999999996 0.37464910000000007 0.4035057000000001 0.21174597459902222 0.19132020000000005 0.33428440000000004 -0.18054999999999932 0.09998421052631566 0.13973000000000013 0.016955999999997973 0.09762094736842115 0.14648100000000053
50 36 0.4182323000000002 0.4315113600000001 0.4439803000000003 0.2384908500000002 0.24371110000000007 0.24622309999999997 0.15968478660730243 0.01971920000000016 0.037177599999999256 0.00125600000000059 0.01956715789473645 0.02480599999999722 -0.017584000000000488 -0.0039993684210527574 0.0015699999999996272
50 37 0.4228323999999998 0.43045945999999996 0.4319069999999998 0.3271644500000001 0.33196079999999994 0.3358387 0.16208111902131533 0.043583200000000044 0.042704000000000075 -0.03925000000000178 -0.01913747368421075 0.0 -0.04945499999999936 -0.01806326315789475 0.007222000000000062
50 38 -0.05948729999999991 -0.04393174000000004 -0.029296199999999883 -0.08449740000000006 -0.07135650000000004 -0.05541315000000002 0.16628872059137897 0.050742400000000076 0.07598799999999972 0.030143999999996396 0.03999368421052617 0.047728000000000215 0.02606200000000003 0.026640421052631588 0.04191899999999915
50 39 -0.11635269999999998 -0.10179252000000003 -0.09193919999999978 0.24343635000000008 0.2945477000000001 0.3141491500000001 0.1711407587856465 0.1094917999999998 0.07498320000000014 -0.005338000000001397 0.03784526315789487 0.06656800000000018 0.008949000000001428 0.05762726315789463 0.0857220000000003
50 40 0.7944828000000003 0.8240773000000001 0.8592767000000003 0.019036249999999977 0.07138789999999995 0.07893175000000019 0.17557754185188842 0.16296599999999994 0.0731619999999995 -0.031714000000002684 0.02806168421052629 0.07222000000000284 -0.0036109999999989206 0.0857715789473684 0.16767599999999994
50 41 -0.02504149999999994 -0.011005700000000007 -0.009765400000000035 0.17722945 0.1807698000000001 0.18511084999999994 0.16279400603978664 0.017929399999999873 0.05501280000000053 -0.02229400000000048 0.0268056842105264 0.06468400000000152 -0.015700000000001824 0.004148105263157915 0.028260000000002172
50 42 0.02048850000000013 0.025013240000000027 0.03626700000000016 0.27873780000000004 0.3407684999999999 0.5077537000000002 0.18129510390857642 0.25233039999999995 0.04220159999999984 -0.058717999999997605 -0.00446210526315777 0.016642000000002266 -0.16485000000000083 -0.132474947368421 -0.02606199999999892
50 43 0.09710450000000037 0.09860855999999987 0.0995379999999998 0.32727435000000005 0.33032799999999995 0.33312260000000005 0.15580654264424523 0.008477999999999764 0.005400799999999872 -0.00376800000000177 -0.0022475789473680743 0.00031400000000347816 -0.013972999999999347 -8.26315789473488e-05 0.012559999999999238
50 44 0.1441260000000002 0.14534432000000008 0.1468263999999997 0.19396564999999988 0.2009757000000001 0.20578775000000005 0.1571585332385127 0.017175799999999963 0.0133763999999994 -0.0043959999999998445 -0.00664357894736862 0.0 -0.00047099999999966613 0.008130947368421132 0.015385999999999456
50 45 0.0020724000000003073 0.0030834800000001605 0.004710000000000214 0.20234160000000023 0.2024986000000002 0.2024986000000002 0.1549577300722707 0.0014130000000003307 0.0028887999999995806 0.0 0.00013221052631561783 0.0012559999999983695 -0.0007849999999998136 -0.0007436842105264898 0.0
50 46 0.1616000999999999 0.16847984 0.17061190000000015 0.39182489999999986 0.39830900000000014 0.40350570000000013 0.15866419488182487 0.02176020000000012 0.025810800000000356 -0.025747999999998772 -0.012361684210526512 0.0 0.004709999999998882 0.011452736842105326 0.01617100000000038
50 47 0.11338539999999997 0.12994262 0.14119009999999999 0.34645190000000003 0.35114619999999996 0.3612098999999999 0.16451456549711144 0.0468173999999999 0.03780559999999955 -0.028887999999998026 0.014344842105263352 0.030143999999998616 -0.04081999999999808 -0.005751157894736856 0.014286999999999495
