51 0 -0.31140950000000023 -0.281972 -0.2448886 0.007174900000000151 0.01163370000000008 0.01537030000000017 0.16485855784233444 0.015071999999999974 0.0687032000000003 -0.02982999999999958 0.03272210526315784 0.08007000000000097 -0.027631999999999657 -0.0013221052631579315 0.02354999999999885
51 1 -0.5910579000000002 -0.5412826200000002 -0.5072199 -0.1272485 -0.12106269999999997 -0.1140761999999999 0.17353578255061464 0.028731000000000062 0.17527479999999995 -0.13627600000000184 -0.02036042105263156 0.10330599999999857 -0.02606200000000003 -0.003982842105263101 0.036424000000000456
51 2 -0.1963128000000003 -0.19314454000000017 -0.19040960000000018 0.004521599999999848 0.005086799999999947 0.005526399999999987 0.15528863489838535 0.0016327999999998788 0.006217200000000034 0.0 0.003272210526315807 0.0015699999999996272 -0.00047100000000077635 -0.00019831578947377735 0.00015699999999951864
51 3 -0.8657765 -0.60022356 -0.3425111999999999 -0.2809357999999999 -0.27891050000000006 -0.27408275000000004 0.23940340793023235 0.03504239999999981 0.9192035999999999 -0.7674160000000008 -0.3869141052631578 0.16453599999999957 -0.029044999999999765 -0.0048091578947368225 0.03736599999999979
51 4 -0.26487470000000024 -0.15662006 -0.06495089999999992 -0.10660300000000006 -0.09520479999999998 -0.04023124999999994 0.193872057635328 0.12001079999999997 0.31889840000000014 0.047728000000000215 0.08537494736842106 0.20598400000000128 -0.12041899999999939 -0.007783894736842197 0.034225999999999424
51 5 -0.39887419999999996 -0.29808334 -0.22727319999999984 -0.07348384999999996 -0.0431279 -0.029311900000000057 0.1856183965499778 0.06399320000000008 0.17232320000000012 -0.14695200000000241 0.059164210526316 0.18745800000000035 -0.03862200000000038 -0.0032226315789474214 0.06908000000000025
51 6 -0.2927265 -0.27715210000000007 -0.2595995000000001 -0.26186814999999997 -0.23039750000000003 -0.22462774999999996 0.16438232095698402 0.06182659999999984 0.05036560000000012 0.00125600000000059 0.026309894736842077 0.046471999999997404 -0.0062800000000007294 0.02626031578947369 0.04976899999999951
51 7 -0.5606155999999999 -0.56026392 -0.5463757000000002 0.02417015 0.028259999999999952 0.03574104999999983 0.16439979286144266 0.03083480000000005 0.08151439999999965 0.0043959999999998445 0.042902315789473504 0.04741399999999896 -0.027789000000002506 -0.015650421052631508 0.0
51 8 -0.2368188000000001 -0.23006152000000002 -0.22045939999999997 -0.018361149999999937 -0.014820799999999967 -0.012465799999999971 0.1579696912780031 0.010110799999999864 0.0281971999999997 -0.03108600000000239 -0.014840631578947211 0.0 -0.014758000000000271 -0.004561263157894659 0.011775000000000535
51 9 -0.15285520000000008 -0.14938236000000005 -0.1466537000000001 0.012418700000000116 0.016045399999999987 0.018667299999999887 0.15677630767545545 0.011115600000000114 0.011492399999999847 -0.015071999999998198 -0.004561263157894776 0.000628000000000295 -0.013031000000000015 0.0001322105263157347 0.014758000000000271
51 10 -0.3576459999999998 -0.34951340000000014 -0.3462164000000003 -0.0013502000000000236 0.0006751000000000396 0.005918899999999949 0.16034234984042367 0.017301400000000022 0.04923520000000048 -0.03862199999999927 -0.016592421052631895 0.019154000000003446 -0.010519000000001055 -0.0031895789473684586 0.015699999999998493
51 11 -0.3430607 -0.30546861999999997 -0.24773029999999985 -0.09204124999999991 -0.08881490000000003 -0.08634215 0.16652683143023245 0.008666399999999852 0.12038759999999993 0.0009419999999993323 0.056619157894736906 0.08321000000000023 -0.016484999999999417 -0.0034540000000000447 0.015542999999998974
51 12 -0.3559818000000001 -0.3358481200000001 -0.32602620000000015 0.005620600000000198 0.02628179999999991 0.028456250000000016 0.16549044953723888 0.04581259999999987 0.06367920000000016 0.00502400000000236 0.03348231578947364 0.05086799999999947 -0.008948999999999208 0.024111894736842037 0.047728000000001325
51 13 -0.33786399999999994 -0.25428347999999995 -0.14489530000000017 -0.006711750000000016 -0.0019310999999999634 0.004600100000000162 0.18689482426016873 0.015009199999999945 0.3426996 0.05086799999999947 0.16304863157894717 0.2810300000000021 -0.024021000000000736 -0.0003305263157893952 0.025590999999999253
51 14 -0.4683467000000002 -0.34765766000000003 -0.20490069999999994 -0.1459472 -0.11143860000000017 -0.07160770000000005 0.19903383942195224 0.1332930000000001 0.3643027999999999 0.07253400000000187 0.19130863157894726 0.26219000000000214 -0.08164000000000171 0.028706210526315775 0.07331900000000058
51 15 -0.32985699999999984 -0.30192041999999997 -0.27985250000000017 -0.19127310000000003 -0.17676630000000004 -0.1571884 0.1702311497614427 0.05237520000000018 0.058843599999999885 -0.04081999999999919 0.028425263157894766 0.09043199999999807 -0.04851300000000003 0.00928778947368425 0.06044500000000119
51 16 -0.42242420000000025 -0.33120092 -0.25559599999999993 0.0815065499999999 0.0861145000000001 0.09279484999999993 0.1868034939805509 0.011900600000000372 0.34671879999999966 -0.33503800000000084 -0.052322315789473606 0.27192400000000116 -0.014758000000000271 -0.005040526315789679 0.005651999999999324
51 17 -0.20403720000000014 -0.15807702 -0.10606920000000009 -0.138003 -0.05138609999999999 -0.03088975000000005 0.18032284156207962 0.12070160000000008 0.1425559999999999 -0.03202800000000172 0.01629494736842111 0.07253399999999743 -0.12450099999999908 -0.062386842105263185 0.029201999999999284
51 18 -0.5155566000000003 -0.4859401200000001 -0.4661801000000001 -0.39387375 -0.3903491 -0.38605515 0.1633534993372389 0.010550399999999849 0.07931640000000018 0.007850000000004798 0.04174547368421062 0.052437999999996876 -0.020410000000000705 -0.003057368421052724 0.01726999999999923
51 19 -0.3952789000000001 -0.3206850599999999 -0.2540888 -0.3524571499999999 -0.34978029999999993 -0.3457454000000001 0.18071482654424526 0.03425739999999999 0.2620016000000005 -0.014444000000000123 0.11181705263157923 0.21917200000000303 -0.012874000000000496 0.01389863157894741 0.03249899999999917
51 20 -0.34006199999999986 -0.32880824 -0.31522459999999997 -0.05139395000000013 -0.05111920000000003 -0.05000450000000001 0.1594322004270477 0.004835599999999829 0.051370399999999705 -0.0006279999999980745 0.021847789473684306 0.03862199999999927 -0.009577000000000613 -0.0016856842105261727 0.0014130000000012188
51 21 -0.6266184000000001 -0.25084518000000006 0.3982462 -0.10210495000000008 -0.07834299999999994 -0.06816940000000005 0.3679502204467929 0.14801960000000003 2.2716643999999997 0.5893780000000004 1.1956128421052632 1.7241739999999994 -0.02464899999999992 0.07514515789473679 0.17599699999999885
51 22 -0.4104451000000001 -0.4078891400000001 -0.4041494 -0.03632979999999997 -0.028024499999999897 -0.02138339999999994 0.15897258736080566 0.034414399999999956 0.014820799999999856 0.0 0.007800421052631503 0.006908000000001024 0.003140000000001475 0.018112842105263136 0.03328400000000009
51 23 -0.5780426000000002 -0.49368964000000004 -0.30640119999999993 -0.0747948 -0.07135649999999993 -0.058160649999999925 0.24732485258118783 0.020661199999999935 0.8858568 -0.5834119999999987 -0.4662404210526316 -0.019153999999999005 -0.024178000000000255 -0.006594 0.0259049999999994
51 24 -0.4123604999999999 -0.37037242000000004 -0.3484143999999999 -0.14293280000000003 -0.13844260000000008 -0.13432135 0.1734476336225892 0.016013999999999973 0.1881488 -0.18808600000000064 -0.05645389473684198 0.07347600000000121 -0.02370699999999948 0.005073578947368525 0.028730999999999618
51 25 -0.3151775000000002 -0.30930884 -0.3031512999999998 0.02847195000000008 0.03410040000000003 0.03529360000000015 0.1571489591149458 0.009200199999999992 0.020347199999999788 0.0 0.010709052631578836 0.02700399999999714 -0.014129999999999976 -0.004230736842105264 0.0021979999999999222
51 26 -0.2786436000000001 -0.2758427200000001 -0.27424760000000004 0.2671747499999999 0.2685485000000001 0.27283460000000015 0.1561287910276848 0.01149240000000007 0.007410400000000372 -0.0028259999999979968 0.0002974736842105492 0.005023999999997919 -0.013502000000000791 -0.0016361052631577867 0.013345000000000162
51 27 -0.2221864 -0.21946088000000002 -0.2157808 0.050946499999999895 0.05477729999999992 0.05711660000000007 0.15658221251303503 0.007316199999999995 0.016390799999999928 -0.016956000000001303 -0.008626736842105225 0.0 -0.0017270000000013663 0.003850631578947366 0.008164000000000504
51 28 -0.25349220000000006 -0.20859961999999993 -0.14827080000000004 -0.2968242 -0.2046966 -0.19438955000000002 0.2089943357493407 0.2089356 0.4065044000000002 0.17364200000000052 0.21394968421052643 0.311488000000002 -0.1373750000000007 -0.10996610526315789 0.004709999999999992
51 29 0.09777959999999997 0.10447722000000008 0.11178400000000022 0.04300230000000016 0.043598899999999996 0.04458800000000007 0.1568495096786401 0.005495000000000028 0.021540399999999682 -0.02700399999999714 -0.009849684210526267 0.0 -0.000628000000000295 0.0018509473684209872 0.012873999999999386
51 30 -0.5189320999999999 -0.4525273800000001 -0.37270230000000004 -0.38435169999999996 -0.3537838 -0.33842135000000007 0.18204675121813055 0.07222000000000017 0.24002159999999995 0.05840400000000079 0.12497199999999992 0.15857000000000232 0.015543000000000085 0.03703547368421069 0.056362999999999275
51 31 -0.2777643999999999 -0.26645412 -0.21976859999999976 -0.09222964999999994 -0.08879919999999997 -0.08028980000000002 0.18944627499965924 0.024397800000000025 0.36888719999999964 -0.15856999999999788 0.12021242105263137 0.12434399999999846 -0.03987799999999986 0.0024458947368420857 0.01617099999999927
51 32 -0.23210879999999978 -0.22695920000000003 -0.22551480000000002 -0.08035260000000011 -0.07912800000000009 -0.07755800000000002 0.16207710336399045 0.022451 0.06393040000000028 0.0 -0.02343431578947359 0.00376800000000177 -0.007535999999999099 -0.007949157894736778 0.0020409999999992934
51 33 -0.2456893 -0.22175622 -0.19555920000000016 -0.29127425000000007 -0.2809201 -0.27434179999999997 0.1656192085359649 0.04980040000000008 0.06989639999999975 -0.05934600000000012 0.03678757894736829 0.16139600000000032 -0.0043959999999998445 0.0227732631578948 0.036423999999999346
51 34 -0.21546680000000018 -0.2142453400000001 -0.2136456 0.1810681 0.18547979999999997 0.18704980000000004 0.15600356138755733 0.012214599999999853 0.0052752000000002575 -0.0031399999999992545 -0.0022475789473685418 0.0 0.0 0.0035035789473684305 0.012873999999999386
51 35 -0.34676590000000007 -0.34769534 -0.34401839999999995 -0.22911010000000004 -0.22615850000000004 -0.22357585000000002 0.1589742047799141 0.012497200000000097 0.02819720000000059 -0.009733999999999021 0.013749894736842487 0.028259999999999952 -0.015700000000000713 0.006577473684210577 0.017741000000001117
51 36 -0.1234019999999999 -0.11146999999999999 -0.10071549999999996 0.060123150000000014 0.06151259999999992 0.06309045000000019 0.1588148849881943 0.004835600000000051 0.042076000000000224 -0.030143999999998616 -0.022145263157894855 -0.0009419999999993323 -0.013188000000000644 -0.0004957894736840928 0.014287000000001715
51 37 -0.3059772999999999 -0.25232725999999994 -0.19621860000000002 -0.08443459999999992 -0.07388419999999996 -0.0671175 0.169083647068449 0.026846999999999843 0.13847400000000043 -0.07975600000000194 0.007271578947368565 0.11743599999999965 -0.018055000000000154 0.003933263157894715 0.022765000000000146
51 38 -0.29786040000000014 -0.13871578 -0.018290499999999987 -0.10436575000000009 -0.08452879999999996 -0.0705950500000001 0.20359005576207964 0.038213800000000075 0.40857679999999963 -0.34288799999999897 0.047761052631579294 0.4873280000000024 -0.0373660000000009 0.00826315789473675 0.030457999999999874
51 39 -0.7381668999999998 -0.33370350000000004 0.023314500000000127 0.0051417500000000005 0.046189399999999936 0.06713319999999989 0.2657386563729076 0.06995919999999978 1.1345448 0.5783880000000008 0.5971288421052632 0.7937919999999954 0.003925000000001289 0.03644052631578947 0.06546900000000022
51 40 -0.34466209999999975 -0.29768456 -0.2564438000000001 0.033692199999999894 0.10537839999999998 0.3067152000000001 0.223608042448704 0.4171803999999999 0.12673040000000046 -0.18117800000000184 -0.045711789473684296 0.08854800000000163 -0.40474599999999916 -0.09231600000000012 0.32279200000000285
51 41 0.05377249999999989 0.21703052000000006 0.34447369999999977 -0.14107235 -0.13635449999999993 -0.13194279999999997 0.2193313574200414 0.022702200000000117 0.7023552 0.21289200000000452 0.36966063157894735 0.5950300000000031 -0.02857399999999899 0.006643578947368503 0.04113399999999934
51 42 -0.5697373 -0.42476664 -0.30301 -0.08305300000000004 -0.07382140000000004 -0.06992779999999993 0.2062410962525256 0.03557620000000017 0.5393892 0.18557400000000168 0.28388905263157893 0.3827659999999966 -0.024021000000000736 0.00237978947368416 0.038936000000001636
51 43 -0.11974390000000024 -0.11751136 -0.11385639999999997 -0.09502424999999998 -0.09250439999999993 -0.08836745000000001 0.15677145151367197 0.008195399999999964 0.008854800000000385 0.0 0.004660421052631781 0.015072000000000418 -0.014129999999998866 -0.0002313684210526234 0.013345000000000162
51 44 -0.4663527999999999 -0.4619348199999999 -0.4526937999999999 -0.18328179999999983 -0.17425429999999997 -0.16382165000000004 0.1603042514270478 0.02464899999999992 0.0398780000000003 -0.001884000000000885 0.019633263157894845 0.03830800000000245 -0.021666000000000185 -0.012973157894736801 -0.0007850000000009238
51 45 -0.32070390000000015 -0.31541614000000007 -0.3130109000000002 -0.12502695000000008 -0.12344909999999998 -0.12282110000000007 0.15669371694870382 0.0045216000000001255 0.02015879999999992 0.0 0.010609894736842063 0.029201999999999284 -0.00628000000000184 -0.0007436842105263729 0.0026690000000006986
51 46 -0.27680670000000007 -0.21064375999999996 -0.16926170000000018 -0.12439110000000003 -0.12228729999999999 -0.11351099999999997 0.17629566474233443 0.037742799999999965 0.13991840000000044 -0.1469520000000002 0.02951599999999996 0.033911999999998166 -0.004082000000000807 0.016922947368421055 0.04725699999999944
51 47 -0.21380260000000018 -0.21318716000000001 -0.21270360000000021 0.05617459999999985 0.05697530000000006 0.06208564999999999 0.15573916190284387 0.008477999999999764 0.006028799999999723 -0.0021979999999999222 -0.001553473684210438 0.00031399999999903727 -0.006437000000000248 -0.0031234736842105327 0.00015699999999951864
