53 0 0.5599091000000002 0.6243105 0.6874402000000002 0.011343250000000082 0.08771590000000018 0.11479839999999991 0.20677784225252543 0.3568610000000001 0.19317280000000014 -0.2577940000000001 -0.07955768421052617 0.06374200000000219 -0.35717499999999847 -0.18782157894736848 -0.032970000000002164
53 1 0.6649107000000001 1.23301834 2.2036206000000007 -0.17653865000000007 -0.15817750000000008 -0.13640944999999993 0.367021708779914 0.14230480000000023 2.2302791999999996 -1.8309339999999974 -1.1738311578947367 -0.11052800000000085 -0.07331900000000058 -0.060321052631579115 0.01601399999999975
53 2 0.5527341999999996 0.5661765399999998 0.5795026999999998 -0.07817030000000014 -0.0768044000000001 -0.07532859999999991 0.1591305730289585 0.006908000000000136 0.044022799999999584 -0.020410000000001816 0.015898315789473556 0.02606200000000003 -0.004867000000000621 0.0013716842105263173 0.01742699999999875
53 3 0.43551800000000007 0.44966684000000007 0.44124850000000015 -0.2963375 -0.28864449999999997 -0.2836676 0.1678643015334172 0.026156199999999963 0.12534879999999982 -0.03924999999999956 -0.0637254736842103 0.0015699999999996272 -0.00047099999999966613 0.012940105263157838 0.022607999999999517
53 4 0.3448348000000001 0.47453564000000004 0.5931460000000001 -0.09651574999999996 -0.07291079999999994 -0.06507650000000004 0.19016454479838538 0.03956399999999993 0.2927736000000003 -0.2747500000000014 -0.1525709473684212 0.000628000000000295 -0.04238999999999993 -0.013997789473684182 0.027945999999999804
53 5 0.6164762000000004 0.6060294199999999 0.6412664999999999 0.11055939999999997 0.11371510000000007 0.1160387 0.1792959345143088 0.020441399999999943 0.23066439999999933 -0.12277400000000327 -0.12140231578947333 0.053693999999999686 -0.009419999999999984 0.007288105263157871 0.03077200000000002
53 6 2.0040421999999998 2.3565857 2.8013353 -0.14570384999999997 -0.1349572 -0.0904163 0.3024699982971113 0.07639620000000003 1.5632175999999998 0.3215360000000045 0.8227461052631577 1.2833180000000022 -0.029987000000000208 0.029317684210526298 0.11743599999999965
53 7 0.3410040000000003 0.34335271999999994 0.34426960000000006 -0.2857086 -0.28470380000000006 -0.2838638499999999 0.15602537473469114 0.002857399999999899 0.013313600000000037 0.0 0.007007157894736861 0.02354999999999885 -0.0014130000000001086 0.001503894736842052 0.010989999999998501
53 8 0.4529607000000001 0.5047550000000001 0.5617302999999999 -0.14431440000000006 -0.13732789999999995 -0.13224894999999987 0.17633229029711142 0.052846200000000065 0.1912259999999999 -0.16704799999999853 -0.10064526315789468 -0.023235999999999812 -0.06939399999999929 -0.022657578947368372 0.03453999999999957
53 9 0.44096590000000024 0.5078887200000001 0.5133115 0.014577449999999936 0.020237299999999903 0.025645950000000084 0.1866500581321433 0.04016059999999988 0.32398519999999964 -0.34822599999999815 -0.16916336842105262 0.03799399999999897 -0.03626700000000205 -0.014609263157894703 0.017898000000000636
53 10 0.40261080000000027 0.4312633 0.45231699999999975 0.14802745000000006 0.1624793000000001 0.16837465000000001 0.1637823065372388 0.02804019999999996 0.06694479999999992 -0.05023999999999473 -0.012196421052631348 0.014129999999996645 -0.011932000000000054 0.01475799999999998 0.05055400000000043
53 11 0.6234784000000002 0.63262836 0.6655857999999999 -0.09000024999999995 -0.08589469999999999 -0.08409705 0.17385015586526437 0.01491499999999979 0.1927960000000004 -0.12497200000000319 -0.10147157894736863 -0.02480600000000166 -0.014600999999999642 0.00784999999999989 0.029987000000000208
53 12 0.6736084999999996 0.88236198 1.1132556000000005 -0.17405805000000002 -0.11919439999999992 -0.09810145000000009 0.22857787609583757 0.17722159999999998 0.6420044000000003 -0.5388240000000022 0.014080421052631648 0.6003679999999956 -0.13847399999999954 -0.014361368421052657 0.08477999999999875
53 13 0.45649319999999993 0.45810715999999996 0.4601198999999998 -0.026532999999999918 -0.022576599999999836 -0.01708160000000003 0.1574069174378758 0.019028399999999834 0.007535999999999987 -0.0025120000000034004 0.0028755789473682526 0.013816000000002049 0.0 0.010014947368420965 0.010989999999999611
53 14 0.6012786000000001 0.5979470600000001 0.6066637000000004 -0.17103580000000002 -0.16912039999999995 -0.16766029999999998 0.16221088897609243 0.007316199999999995 0.08007000000000053 -0.035168000000000976 -0.042142105263158175 0.0018840000000031054 -0.009419999999998874 0.0020162105263158018 0.01365900000000031
53 15 3.0999022000000003 -3.1201442100000003 -3.0876970200000002 0.010597500000000204 0.027270899999999987 0.04365384999999994 0.17562501144940443 0.030520800000000126 0.1814291999999993 -0.15721980000000135 -0.02744029473684244 0.06170100000000289 -0.07033600000000195 -0.007883052631578851 0.027946000000000915
53 16 2.5220793999999995 2.71869992 2.8825357 0.23606520000000009 0.24182710000000007 0.26944340000000006 0.21319596868373566 0.03158839999999974 0.3966447999999998 -0.3912440000000039 0.10811515789473702 0.7325619999999988 -0.023864000000000107 0.012907052631578875 0.026532999999999696
53 17 0.4266318000000001 0.4300449800000001 0.4330060000000001 -0.09602120000000003 -0.09369760000000005 -0.09034565000000006 0.15667138410157005 0.007598799999999795 0.01048759999999982 -0.025433999999999735 -0.005519789473684115 0.022922000000002996 -0.01350199999999857 0.0006114736842104046 0.014130000000002196
53 18 0.4121093 0.51265524 0.5949358 -0.16346840000000007 -0.1438277 -0.1408447 0.18503766671176114 0.05265779999999998 0.2676535999999996 -0.25716599999999756 -0.14087031578947348 -0.03862199999999927 -0.031713999999999354 -0.01026284210526313 0.03752299999999931
53 19 0.5363590999999998 1.42589284 2.3392372 -0.00105190000000005 0.010189300000000068 0.037130500000000066 0.3417057957678122 0.07780920000000013 2.0278120000000004 -1.0647739999999928 -1.0672694736842105 -0.15574399999999988 -0.028260000000002172 -0.019501052631578992 0.03501100000000035
53 20 0.34646760000000043 0.34851488 0.34935639999999957 -0.02285920000000008 -0.02273360000000002 -0.021438350000000106 0.15530566878373575 0.003987799999999986 0.0052752000000007016 -0.00031400000000347816 -0.0012229473684215101 0.0 0.0 0.0012725263157894286 0.006437000000000248
53 21 0.35806990000000005 0.3946132200000001 0.4204616999999997 -0.16809205 -0.16415919999999995 -0.1523920499999999 0.1714465379041178 0.021477599999999875 0.15191320000000053 -0.18494599999999917 -0.007965684210525967 0.03611000000000253 -0.015228999999999937 0.007833473684210583 0.01962499999999867
53 22 2.9730147999999996 3.118161928 -3.04093928 0.19888759999999994 0.20193339999999993 0.20547375 0.20628983065061465 0.013721800000000117 0.5634416 0.001255999999996149 -3.0087149473684214 0.25609840000000217 -0.015699999999999603 -0.0024789473684210485 0.010833000000000093
53 23 0.2561140999999999 0.2569399199999999 0.2581707999999998 0.09036920000000004 0.09328939999999997 0.09923969999999988 0.15616717746016884 0.016579200000000238 0.002072399999999419 -0.0018839999999986645 0.000826315789473488 0.0 0.0 0.008725894736842231 0.014444000000000123
53 24 0.5826584000000001 0.60299304 0.6320819999999999 -0.16635720000000004 -0.1637039 -0.15732970000000007 0.18599797035953178 0.04709999999999992 0.16585479999999952 -0.1591980000000004 -0.08729199999999974 0.11775000000000313 -0.034225999999999424 -0.024789473684210483 0.01962499999999978
53 25 0.4010408000000001 0.403647 0.4081999999999999 0.033849200000000135 0.03551340000000014 0.0392186000000001 0.15638443676972297 0.011932000000000054 0.009671199999999658 -0.0006280000000047359 0.005057052631578635 0.013502000000000791 -0.016642000000000046 -0.00545368421052619 0.0
53 26 0.4629458999999999 0.46654434 0.4716593999999996 0.21098445000000005 0.2127036 0.2151606499999999 0.15741281803787582 0.01149240000000007 0.020975200000000083 -0.021665999999997965 -0.0016195789473683637 0.025119999999998477 -0.01742700000000208 -0.006048631578947405 0.0
53 27 0.7522498 0.7693314000000001 0.7884383000000001 0.12971339999999998 0.13247660000000006 0.13372475000000006 0.1646751208079394 0.011460999999999721 0.10393399999999975 -0.04584400000000155 0.05470210526315776 0.129054000000004 -0.006279999999998509 0.0027929473684210207 0.019154000000000115
53 28 0.33202359999999986 0.35812956 0.3917307000000002 -0.09230029999999995 -0.08999239999999997 -0.0852431500000001 0.1671776504487039 0.0071278000000001285 0.09821919999999995 -0.09545599999999821 -0.01454315789473713 0.086978000000002 -0.00863500000000017 8.263157894746567e-05 0.006123000000000101
53 29 0.5327952000000001 0.5384001 0.5519492000000001 0.1519053500000001 0.1572355000000002 0.15809114999999996 0.1594547172550733 0.008603600000000267 0.04584400000000066 0.0 0.023103789473684428 0.035168000000000976 -0.008949000000001428 -0.00452821052631593 0.0029829999999986256
53 30 0.48227259999999994 0.4833841600000001 0.4851614000000002 -0.3373694499999999 -0.335823 -0.33340520000000007 0.15565848875698407 0.007630200000000142 0.005965999999999916 -0.0031399999999992545 0.0028755789473684863 0.004082000000000807 -0.0009419999999993323 0.0038671578947369056 0.006437000000000248
53 31 0.46260049999999964 0.6013225600000002 0.7627373999999998 -0.23069580000000006 -0.19020550000000003 -0.18030665 0.204548872990742 0.07375860000000012 0.48079679999999936 -0.1139819999999947 0.09730694736842119 0.291391999999997 -0.06531199999999959 -0.03234200000000006 0.024020999999999626
53 32 0.5415087000000001 0.5411036399999999 0.5434711999999995 -0.017034500000000008 -0.004615800000000059 0.0028338499999999156 0.15783775927609237 0.02524560000000009 0.009043199999999807 -0.0006279999999980745 -0.00475957894736832 0.0006279999999958541 -0.027003999999999362 -0.01328715789473689 -0.005180999999999658
53 33 0.43949009999999955 0.5457131599999999 0.6497759 -0.16873575000000007 -0.1576907999999999 -0.15042955000000008 0.1882802680423343 0.023518600000000056 0.3241107999999997 -0.3190240000000055 -0.16480042105263185 0.007222000000002282 -0.05934599999999901 0.004065473684210566 0.046314999999998996
53 34 0.39670760000000005 0.41334645999999997 0.4333984999999997 0.11090480000000014 0.12636930000000013 0.15364020000000006 0.16348557202895866 0.05403939999999974 0.03466559999999985 -0.023236000000002033 0.017881473684210628 0.022607999999997297 0.002982999999999736 0.022690631578947334 0.040192000000000005
53 35 -0.02411519999999978 0.28666944 0.5946061 0.0034461499999998146 0.0051496000000000874 0.013431350000000064 0.25014617778564646 0.020849600000000246 1.0600011999999999 0.4386579999999962 0.5578953684210526 0.644956000000001 -0.02354999999999996 -0.008444947368421104 0.00612299999999788
53 36 0.4829791000000001 0.5152174800000001 0.5587001999999999 0.02235680000000001 0.025088600000000016 0.03165904999999991 0.1656290763964745 0.011523800000000195 0.10952319999999993 0.0009420000000015527 0.055230947368420935 0.07190599999999936 -0.009263000000001576 0.004792631578947399 0.015542999999998974
53 37 2.8394078 2.85326462 2.8697402000000003 0.10556680000000018 0.1062732999999999 0.10866755000000006 0.1653390097735446 0.026627200000000295 0.09671200000000013 -0.05337999999999621 0.019831578947368388 0.0006279999999980745 -0.008164000000002725 0.010824736842105264 0.008949000000000318
53 38 1.8457390999999999 2.2429114199999995 2.7815376000000005 -0.1114621500000001 -0.001617100000000038 0.04530235000000005 0.3570056918894681 0.29585079999999997 2.0204016000000005 0.062486000000001596 1.0311760000000003 1.8233979999999983 0.05918899999999727 0.15053821052631586 0.23392999999999997
53 39 0.3464047999999996 0.37747509999999995 0.3990311999999997 -0.07926929999999999 -0.06939400000000007 -0.05348989999999998 0.17246045204424526 0.035419199999999984 0.13765760000000027 -0.12874000000000052 -0.06405600000000017 0.02606200000000003 -0.045059000000000626 0.018641684210526307 0.05573500000000009
53 40 0.5786862999999999 0.58671214 0.5915916999999998 -0.06648165 -0.05983270000000007 -0.05771320000000002 0.15949019036399045 0.015542999999999862 0.04125960000000006 -0.03579600000000127 -0.02039347368421064 0.0 -0.008478000000000652 0.002065789473684071 0.008791999999999689
53 41 0.5397031999999999 0.54120098 0.5417442000000001 0.04598530000000017 0.04615800000000014 0.047107849999999896 0.15536938914424522 0.003611000000000031 0.004710000000000214 -0.012246000000000201 -0.0009254736842104936 0.003767999999997329 -0.0015699999999996272 0.0019005263157894899 0.006908000000002135
53 42 0.28782810000000014 0.33086494 0.3962836999999998 -0.012834750000000006 -0.0058874999999999345 0.08146730000000002 0.17850428409328972 0.1103396000000001 0.16158439999999974 -0.09514200000000361 -0.0784338947368419 0.0034539999999982918 -0.067353 -0.04827336842105258 0.019311000000000744
53 43 1.5073570000000003 1.70129596 1.921366 -0.16006150000000008 -0.15141079999999996 -0.14839640000000004 0.22588382563596485 0.021885799999999955 0.7716235999999999 0.28354199999999885 0.40611768421052624 0.552640000000002 -0.05966000000000138 0.007436842105263145 0.0579329999999989
53 44 0.4529135999999996 0.4558400799999999 0.45843999999999985 -0.26454500000000003 -0.2630064000000001 -0.2609418499999999 0.15612024518500958 0.005620600000000087 0.0048984000000000805 -0.004081999999998587 -0.0024458947368420857 0.0025119999999989595 -0.001098999999998851 0.0008263157894737217 0.013031000000000015
53 45 0.5287602999999998 0.5899023800000001 0.6386132000000002 -0.14760354999999992 -0.14067200000000002 -0.13603264999999998 0.17287727942195225 0.039438400000000096 0.12440680000000004 -0.2675280000000013 -0.035068842105263155 0.12748399999999993 -0.03720900000000138 -0.020757052631579 -0.011304000000000869
53 46 0.4105236000000002 0.43880244 0.4673890000000004 -0.07814675000000004 -0.06788680000000002 -0.06451915000000003 0.166318201169086 0.033252599999999966 0.09294399999999925 -0.1526039999999984 -0.042571789473684105 0.07378999999999802 0.0014130000000001086 0.015138105263157876 0.036580999999999975
53 47 0.40322310000000006 0.40548704 0.40648870000000015 0.012622800000000156 0.01645360000000018 0.01809425000000009 0.1558118822060287 0.006028799999999945 0.007159200000000254 -0.024492000000000402 -0.0037680000000001337 0.0021979999999999222 -0.010832999999998982 -0.0016856842105262896 0.0003140000000001475
