54 0 1.5520706 1.5902247400000002 1.6142112000000002 0.19643839999999996 0.24215680000000006 0.26717475 0.18948448617609223 0.17078460000000018 0.22237479999999987 -0.12245999999999313 0.05172736842105227 0.23895400000000677 0.013973000000001567 0.08851494736842114 0.15809900000000043
54 1 -0.4388307 -0.4234133000000001 -0.4094717000000001 -0.029453200000000124 -0.017662499999999914 0.04713139999999988 0.17192900969074196 0.13492579999999998 0.06085319999999994 -0.056519999999999904 -0.012890526315789451 0.04709999999999992 -0.11162700000000192 -0.05696621052631573 0.03077200000000002
54 2 1.0425741999999996 1.0452432 1.0466876 0.22414890000000004 0.2413875000000001 0.24638009999999988 0.1589458059901051 0.023989599999999944 0.02166600000000063 -0.016955999999996862 -0.010180210526316364 0.004709999999996661 -0.026689999999999214 -0.011237894736842126 0.003454000000000512
54 3 1.3514089 1.5536625800000003 1.7237658000000002 -0.23298015 -0.19453870000000006 -0.13545174999999993 0.21085196246590118 0.12629080000000004 0.5137039999999997 0.10110799999999642 0.27037052631578934 0.4260980000000014 -0.08321000000000134 -0.05450378947368422 -0.012245999999999091
54 4 1.7640206000000003 1.85770564 1.9807119999999996 0.03446149999999992 0.07074419999999992 0.11596020000000001 0.22195097005634698 0.13404660000000024 0.6082179999999999 0.0885479999999994 0.32011473684210523 0.37460199999999944 -0.07724399999999854 0.001966631578947182 0.12371599999999927
54 5 1.0791238000000003 1.2376592600000003 1.4145072000000005 -0.05958935000000004 0.000125600000000059 0.08284104999999997 0.24307414738309882 0.21135340000000014 0.39947079999999957 -0.38119600000000364 -0.1883999999999999 0.2581079999999947 -0.21320600000000023 -0.06613831578947378 0.013345000000000162
54 6 1.4143345000000003 1.54498362 1.7209712000000006 -0.13663710000000007 -0.09917690000000001 -0.07938704999999985 0.21059784236717516 0.14403179999999982 0.4277936000000011 -0.35010999999999903 -0.03034231578947368 0.217915999999998 -0.12701299999999915 -0.045579578947368325 0.030143999999999727
54 7 -0.14313690000000012 -0.12946534 -0.11539500000000003 0.14305055000000005 0.14999779999999996 0.15797340000000015 0.16176396133787574 0.03491680000000019 0.047728000000000215 -0.032970000000001054 -0.023533473684210594 -0.0009420000000015527 -0.02857400000000121 -0.0178153684210527 -0.007692999999998618
54 8 1.1971564 1.21672174 1.2200784000000005 0.16876715000000003 0.17290410000000012 0.17967080000000024 0.17462376954169745 0.09649220000000014 0.13206839999999964 -0.1218319999999995 -0.06950968421052613 0.00125600000000059 -0.004238999999999216 0.050785368421052704 0.07017900000000021
54 9 0.01646930000000002 0.4548823800000001 0.9033936999999999 0.06990425 0.13062399999999985 0.1424460999999999 0.2664525900206785 0.11125019999999997 1.1089852000000007 -0.7030460000000027 -0.03549852631579002 0.9872159999999996 -0.03579600000000127 0.03886989473684213 0.08776299999999959
54 10 -0.2745459000000001 -0.19694394000000007 -0.16441040000000018 0.2091397000000001 0.21609480000000014 0.2372584000000002 0.19743752973596498 0.04832460000000016 0.4150452000000002 0.03454000000000068 0.21844484210526327 0.26030600000000126 -0.04568700000000203 -0.01880694736842124 -0.006436999999998028
54 11 0.4425515999999998 0.77159534 1.0656689 0.26203300000000007 0.3603621 0.3629682999999999 0.2719947615620796 0.25273860000000004 1.0947296 -0.8562780000000059 -0.5761734736842105 -0.02323599999999537 -0.1803929999999998 -0.1330203157894737 0.0036109999999989206
54 12 1.4341949999999999 1.6278356600000001 1.8341838999999998 0.06806735000000008 0.12682459999999995 0.129054 0.22344072394169734 0.13668419999999992 0.5380703999999996 0.07096400000000003 0.2831949473684208 0.32090799999999753 -0.051495999999998654 0.0719390526315789 0.10942899999999867
54 13 0.07382140000000004 0.07929127999999999 0.08548649999999991 0.17824995000000016 0.18292069999999994 0.18609995000000001 0.15843606692513687 0.016861800000000038 0.024554799999999766 -0.03296999999999661 0.008924210526315774 0.05055400000000043 -0.01601400000000086 0.0030904210526316866 0.016642000000001156
54 14 0.10842420000000019 0.61262028 1.1071326000000001 -0.16162365000000012 -0.1492285 -0.09985984999999997 0.32547732329520057 0.2611224000000001 1.6701031999999993 0.491410000000001 0.8790016842105258 1.2522319999999998 -0.2183869999999999 -0.1343754736842107 -0.019153999999999005
54 15 -0.11021400000000003 -0.10197464000000005 -0.09843900000000005 0.01408290000000001 0.019232499999999986 0.02703539999999993 0.161254385834691 0.016861800000000038 0.05275199999999991 0.0 0.027764210526315742 0.029516000000000542 0.0 0.00887463157894739 0.0149150000000009
54 16 -0.6680507 -0.5421932199999999 -0.4507941 0.37541840000000015 0.3810076 0.3899487500000001 0.19335194393914973 0.01516620000000013 0.3995964000000001 -0.4094560000000014 0.004131578947368375 0.41353799999999996 -0.03202800000000172 -0.007536000000000034 0.01491499999999868
54 17 0.12870860000000006 0.47532692 0.8489146999999998 0.06897010000000009 0.07642759999999993 0.0844581499999999 0.26473733652895864 0.020064599999999988 1.1974704000000003 0.28102999999999767 0.6302475789473686 0.8386939999999998 -0.055107000000000905 -0.005156210526315874 0.030300999999999245
54 18 -0.3781816000000001 -0.3715562 -0.3567353999999997 -0.07402550000000008 -0.04782220000000004 -0.03152559999999993 0.1695615020875573 0.08339839999999987 0.06273719999999994 -0.09890999999999872 -0.033019578947368386 0.02857399999999899 -0.08525100000000063 -0.04181157894736843 0.011461000000000388
54 19 1.5482869000000004 1.7779653400000002 2.0362429 -0.13098510000000008 -0.09859600000000002 -0.09151530000000002 0.23774862677290762 0.08317859999999988 0.8514423999999998 0.33849200000000135 0.4481275789473683 0.5482439999999977 -0.06028800000000056 -0.019897684210526314 0.026846999999999843
54 20 -0.7497535 0.10308933999999999 0.9070047000000003 0.5496884 0.8709104000000001 1.06071555 0.46083394329392663 0.8243756000000002 2.6887820000000002 -1.7926259999999972 -1.4151484210526317 -0.7523440000000026 -0.6020950000000025 -0.4311220000000002 -0.2254519999999982
54 21 -0.2014781 -0.12670842000000007 -0.1345961000000001 0.10488385 0.1234805000000001 0.15590100000000007 0.21696933025953175 0.040537399999999835 0.6362896 -0.3381780000000001 -0.3220978947368421 0.014130000000001086 -0.046471999999997404 -0.016096631578947217 0.03940700000000241
54 22 1.0459497 1.0560291 1.1201636 0.18907509999999983 0.20373889999999983 0.2077502500000002 0.2123252442977482 0.13696680000000017 0.5111291999999996 -0.13533399999999585 -0.26901536842105245 -0.013816000000002049 -0.003924999999999068 0.0720877894736843 0.0442739999999997
54 23 1.3600910000000002 1.3850791199999999 1.4037683999999997 0.22382705000000008 0.2258131 0.2369051499999999 0.18469728331112417 0.10779620000000034 0.13081239999999994 -0.07818600000000231 0.06884863157894734 -0.010362000000001537 -0.03453999999999957 -0.05673484210526334 0.0014130000000001086
54 24 1.1896518000000005 1.2330623 1.2726263000000004 -0.057163699999999984 -0.0462051 -0.02756920000000007 0.16672967681494572 0.034759799999999785 0.10186159999999944 -0.08038400000000223 -0.053578315789473724 -0.0006279999999980745 -0.030300999999999245 -0.018096315789473596 -0.00015699999999951864
54 25 -0.028118700000000052 0.61672112 1.2381805000000001 0.0031400000000000317 0.11721619999999988 0.14158260000000011 0.33313734926144256 0.19486839999999983 1.8302432 0.5749339999999981 0.9632858947368419 1.3762620000000014 -0.18620200000000198 -0.09874473684210532 0.002197999999998812
54 26 0.9991479999999997 1.0306422000000002 1.0591377 0.4759690499999999 0.4793681000000001 0.4809067 0.1710233379073025 0.026627200000000073 0.16020279999999953 -0.13062399999999919 -0.08431726315789449 -0.04333200000000037 -0.009420000000002204 0.012279052631579046 0.028102999999999323
54 27 0.5200781999999999 1.01609144 1.5940838000000004 0.19343970000000021 0.23009920000000006 0.2563025000000001 0.35737595851685666 0.1600771999999997 2.1296736 0.5570360000000019 1.1208808421052632 1.4167679999999971 -0.12575699999999634 -0.07702915789473674 0.03987799999999986
54 28 0.7538826000000002 0.8386312 1.2151329000000002 0.11007270000000008 0.12886560000000014 0.13380324999999998 0.2968255193404235 0.07806040000000003 1.5216440000000002 -0.41824799999999884 0.5165465263157895 1.2076440000000033 -0.034226000000000534 0.01728652631578953 0.06154400000000115
54 29 -0.14822369999999996 -0.14725344 -0.14800390000000008 0.18055 0.18186879999999994 0.1834073999999999 0.1565134659716337 0.013156599999999852 0.007096400000000003 0.0 0.0037349473684210543 0.00251200000000118 -0.014600999999999642 -0.006924526315789396 0.00031399999999903727
54 30 0.8507045000000001 0.83515208 0.8855427999999999 -0.2414189 -0.21493299999999993 -0.20460240000000002 0.20451766423660206 0.05752479999999993 0.4050600000000002 -0.173013999999998 -0.21318947368421062 0.07127800000000128 -0.0728479999999998 -0.030276210526315753 0.02119499999999941
54 31 -0.3576930999999999 -0.3377635199999999 -0.3196049000000001 0.17303754999999993 0.18262239999999996 0.19362809999999991 0.1658099798894682 0.04270399999999985 0.07203159999999986 -0.04835599999999829 -0.00829621052631583 0.02103799999999767 -0.06829500000000044 -0.022475789473684133 0.018054999999999044
54 32 0.9933704000000001 1.1094405000000003 1.225071 0.026218999999999937 0.05801149999999988 0.07039095000000001 0.21675915790157002 0.08845380000000014 0.5282736000000003 -0.5959720000000002 -0.27803873684210545 0.02103799999999989 -0.06923700000000088 -0.046372842105263205 -0.02088099999999926
54 33 -0.32461320000000016 -0.05554345999999997 0.05184140000000015 0.07697709999999996 0.08883060000000009 0.11544995000000002 0.2783782533983854 0.054698799999999936 1.3173556000000004 -1.249720000000003 -0.6632341052631582 0.025120000000000697 -0.06028799999999945 0.010114105263157855 0.08399500000000115
54 34 1.7273454000000004 1.9455942400000001 2.1854871 0.21860680000000005 0.22383489999999995 0.2992498500000002 0.26241602948373577 0.2118557999999997 1.0154132000000002 0.4154219999999986 0.5344280000000001 0.6999060000000012 0.00863500000000017 0.1115030526315788 0.22906300000000046
54 35 1.3091916 1.4830848 1.6450145999999997 0.10961739999999998 0.1324923 0.20263989999999982 0.19519718584233442 0.09708879999999964 0.35563640000000074 -0.09106000000000058 0.017617052631579394 0.13721799999999895 -0.03815099999999849 -0.034936631578947185 0.018211999999998563
54 36 -0.06760419999999989 -0.06424754000000006 -0.05997399999999997 0.25505435 0.25905 0.2603059999999999 0.15623918226335354 0.0067509999999999515 0.013250800000000229 -0.00125600000000059 0.006610526315789541 0.01475799999999916 -0.001569999999998517 0.003338315789473733 0.012089000000000683
54 37 -0.16089359999999964 -0.15735796000000002 -0.15517880000000028 0.25459120000000013 0.2557844 0.25719740000000013 0.15590067059456367 0.004082000000000141 0.011931999999999388 0.0 0.006279999999999677 0.015386000000003897 -0.0014130000000001086 0.001057684210526462 0.006594000000001987
54 38 0.2740435000000002 0.6533837600000001 1.0327774000000003 -0.09978920000000013 -0.0712623 -0.039155800000000074 0.2714648201289586 0.08883060000000009 1.2281795999999998 0.5039699999999936 0.6464103157894736 0.8556500000000011 -0.08744899999999944 -0.04595968421052634 -0.0073790000000006906
54 39 0.010911500000000074 0.022501239999999957 0.029453199999999846 0.19940570000000013 0.20388019999999996 0.20745979999999986 0.15867462512449998 0.016076800000000224 0.025559600000000238 -0.026376000000001287 0.009519157894736873 0.028888000000000247 -0.0006280000000014052 0.008461473684210644 0.014758000000003602
54 40 -0.054086499999999815 0.42696778 1.1018103000000004 0.020323650000000193 0.23939359999999998 0.27047959999999993 0.2964972176264108 0.29148620000000003 1.3450504000000003 -1.333244 -0.6958901052631576 -0.05338000000000287 0.028102999999999323 0.14572905263157893 0.22717899999999958
54 41 1.3067894999999998 1.3116094 1.3169002999999997 0.13442340000000014 0.1358991999999999 0.13655075000000017 0.1571696999811879 0.009168800000000088 0.015009199999999723 -0.029829999999995138 0.0016526315789474435 0.02951599999999832 -0.003140000000001475 0.004544736842105353 0.01978200000000152
54 42 1.2670685000000002 1.3021548600000001 1.3290049999999998 0.128583 0.1306868 0.13198205000000007 0.16215351855825796 0.010267800000000049 0.06807520000000089 -0.06782400000000077 -0.035829052631579414 0.0006280000000025154 -0.01978200000000041 -0.002974736842105375 0.005966000000002802
54 43 -0.18891809999999976 -0.06457410000000004 0.02924910000000014 -0.0035089500000000107 0.005086800000000058 0.009985200000000194 0.19275870240348095 0.019091200000000086 0.4040551999999997 -0.2756920000000007 -0.21256147368421044 -0.16547799999999668 -0.0285740000000001 -0.00399936842105264 0.024492000000000402
54 44 1.0714622 1.05134422 1.1635426999999998 0.023330200000000023 0.03271880000000016 0.041958249999999864 0.22327310322959543 0.04330060000000002 0.7264075999999999 -0.11241199999999285 0.31730526315789465 0.5385099999999987 -0.04411699999999796 0.001966631578947299 0.01962500000000089
54 45 -0.07407260000000015 -0.06232272000000001 -0.03634550000000003 0.022050650000000005 0.025276999999999994 0.03439084999999992 0.17005132758500954 0.0208495999999998 0.08760600000000007 -0.08603600000000045 -0.025450526315789507 0.10016599999999931 -0.027945999999998694 0.010973473684210422 0.015857000000000232
54 46 1.2186497000000003 1.2952657000000003 1.3711908999999998 -0.06584580000000001 -0.04888979999999998 -0.02388754999999998 0.1837981985506146 0.09049480000000032 0.24165439999999982 -0.1830620000000005 -0.1271865263157894 -0.05997400000000486 0.021352000000000038 0.04762884210526332 0.06437000000000026
54 47 0.12068590000000012 0.44488148 0.7584513000000003 0.17391674999999995 0.19786710000000018 0.24515549999999997 0.2619760918850096 0.07083840000000019 1.1271972 0.3764860000000003 0.5932616842105262 0.7931640000000018 -0.04804200000000036 0.02440936842105282 0.025434000000000845
