64 0 1.1160294117647063 1.9927832107843186 2.7277022058823555 -0.0325 0.045 0.054264705882352694 0.4771753160730577 0.14 3.0435294117646854 0.8461192810457524 -1.4782120743034026 2.4043709150325765 -0.1352941176470539 -0.036184210526314924 0.049999999999999975
64 1 1.607628676470589 2.2947778186274532 2.92294117647059 0.13 0.155 0.17859374999999644 0.3381629072571054 0.05000000000000002 1.9752941176470582 0.5000000000000093 -2.265634674922601 1.2209068627451236 -0.08235294117645217 0.004276315789471197 0.10000000000000009
64 2 -1.48 -1.4729375 -1.47 0.04 0.04 0.04 0.15799479897764618 0.020000000000000004 0.010000000000000009 0.0 0.005263157894736847 0.0 0.0 -0.010526315789473686 0.0
64 3 2.5069117647058827 3.020452701914101 -2.656470588235287 0.0 0.01 0.01 0.31209269537705864 0.115 1.1900000000000004 -0.3781249999999825 -2.6789473684210527 1.0793300653595161 -0.1 -0.018421052631578942 0.0
64 4 -1.2901562499999997 -1.1288124999999996 -0.9650000000000001 -0.49031250000000026 -0.4762500000000016 -0.43 0.20720599251729585 0.06 0.5062499999999993 0.16562500000000258 0.26644736842105227 0.31764705882354694 -0.081249999999978 -0.031578947368421054 0.0
64 5 1.0875000000000001 1.322304125816991 1.3139246323529385 -0.02 -0.015 0.0 0.2708940508795782 0.03 1.259411764705884 -0.9140727124183146 -0.6628482972136231 -0.09999999999999898 -0.04999999999999999 0.005263157894736842 0.04999999999999999
64 6 -0.9898529411764803 0.11140955882352518 1.0550000000000002 -0.1594117647058807 -0.11 -0.11 0.4135290305578914 0.09000000000000001 2.789411764705888 -2.3768382352939854 -1.468111455108362 -0.2500000000000002 -0.051838235294135795 -0.01578947368421053 0.10000000000000002
64 7 1.1357352941176466 1.1670882352941179 1.2 -0.13676470588235345 -0.09937500000000139 -0.05985294117647089 0.19068400166363425 0.27999999999999997 0.1299999999999999 0.0 0.0684210526315789 0.10000000000000009 -0.050000000000000044 0.10526315789473684 0.20000000000000004
64 8 -0.22279411764706122 0.17323917483659979 0.6230790441176434 0.057499999999999996 0.08 0.08 0.27320325924694744 0.049999999999999996 1.29 -0.7044117647059281 -0.6789473684210526 -0.2735294117646887 0.0 0.02631578947368421 0.09999999999999995
64 9 -1.467794117647061 -1.4285700571895432 -1.3675000000000002 0.057499999999999996 0.0934374999999982 0.11 0.20223807264157928 0.09333333333333332 0.43333333333333335 -0.40000000000000036 -0.22807017543859653 -0.0634191176470722 -0.13125000000000556 -0.03333333333333333 0.09803921568626466
64 10 -2.285 -2.124680147058823 -2.0528125 -0.014264705882351649 0.005 0.02 0.2371390779502702 0.06 0.5211764705882409 -0.24999999999997913 0.2743034055727584 0.3494485294117644 -0.09999999999999999 -0.0012383900928783585 0.0
64 11 0.7368402777777774 0.9403347159376567 1.1588235294117601 0.06 0.11 0.14 0.21893062489197623 0.12000000000000001 0.5288888888888876 -0.19999999999999962 0.14090127278981193 0.5938316993464188 -0.11470588235293129 -0.05263157894736842 0.0
64 12 -1.0725 -1.0538449432404537 -0.9474999999999999 0.16617647058823598 0.19 0.2025 0.21194236362587465 0.1 0.5494117647058837 -0.1852941176470546 0.2102167182662546 0.4459150326797273 0.0 0.031578947368421054 0.10000000000000009
64 13 -1.0088125000000006 -0.5452700980392129 -0.06995098039215127 -0.03 -0.016176470588234924 0.061764705882353735 0.3340632689350128 0.1294117647058836 1.8976470588235301 0.6999999999999997 0.9987616099071212 1.2316176470588571 -0.002941176470582091 0.047058823529412416 0.1117647058823493
64 14 0.9 0.8999999999999998 0.9 -0.11 -0.11 -0.11 0.1544546959308694 0 0 0.0 0.0 0.0 0.0 0.0 0.0
64 15 -0.5687581699346406 -0.12785273692810598 0.40779411764705825 -0.20093750000000016 -0.1617647058823548 0.0975 0.3091984036278812 0.4 1.375 -1.2499999999999722 -0.6277089783281715 -0.2823529411764525 -0.34999999999999987 -0.19473684210526318 0.01470588235294612
64 16 -1.26 -1.2051691176470594 -1.1817922794117657 -0.24029411764705913 -0.23 -0.21132352941176452 0.18461978063183587 0.08117647058823652 0.2575000000000012 -0.28198529411762596 -0.1250000000000006 0.0 -0.11176470588236509 -0.010526315789473679 0.10000000000000009
64 17 -1.5321875000000063 -0.40928390522876174 0.7832465277777761 -0.1004166666666657 -0.07583333333333334 -0.04 0.39111879901935426 0.09 2.56 -2.7382352941176182 -1.2752321981424133 -0.15882352941176792 -0.008333333333313611 0.04736842105263159 0.08750000000001104
64 18 -1.21 -1.1449227941176463 -1.0962499999999984 0.0775 0.09205882352940956 0.10314338235293874 0.18624665354518652 0.05 0.30764705882353294 0.044117647058830034 0.1619195046439647 0.2987132352941002 -0.09816176470588509 -0.010526315789473686 0.06470588235293132
64 19 -2.284583333333334 -2.006444240196079 -1.6974999999999998 -0.06 -0.005 0.01 0.2333379104622364 0.1 0.7893750000000019 -0.49738562091503735 -0.41546052631579045 -0.15000000000000013 0.0 0.03157894736842105 0.005555555555562149
64 20 2.1708823529411774 2.302677696078432 2.5025 0.05573529411764522 0.08343749999999903 0.1166176470588226 0.2398615021649199 0.18562500000000084 0.7812500000000018 0.21562500000000817 0.38951238390092885 0.5999999999999939 -0.19613003095975964 -0.07664473684210571 0.0
64 21 -2.0083823529411804 -1.0447258986928145 -0.3511764705882328 0.0275 0.045000000000002094 0.05958333333333432 0.4941313228712369 0.1217647058823527 3.124705882352946 -2.3577205882354098 -1.946130030959751 -1.344444444444458 0.0 0.058823529411764566 0.1
64 22 0.6920220588235273 0.8340403186274497 1.018823529411765 -0.0125 -0.006470588235292519 0.01 0.2326602257360004 0.04 0.7953333333333376 -0.7500000000000093 -0.4185964912280723 -0.24613970588234113 -0.1 -0.021052631578947368 0.0
64 23 0.9564062500000036 1.37558598856209 1.812500000000003 -0.07109374999999751 0.03588235294117672 0.18455882352940972 0.29681229262517406 0.32 1.0424999999999989 -0.35294117647058143 -0.1355263157894896 1.0494485294117428 -0.09999999999999995 0.010526315789471496 0.3093750000000236
64 24 -1.45514705882353 -1.3621433823529414 -1.2650000000000001 -0.07 -0.06777777777777713 -0.06 0.18112306965282768 0.020000000000000004 0.28 -0.24411764705882688 -0.09318885448916289 0.0 0.0 0.0 0.0
64 25 -1.6624999999999999 -1.6004093137254896 -1.5383333333333313 -0.04 -0.01 0.0 0.18362838651977686 0.06 0.27 -0.24374999999999147 -0.05964912280701343 0.0 0.0 0.01578947368421053 0.049999999999999975
64 26 0.68 0.6799999999999999 0.68 0.14 0.14 0.14 0.1544546959308694 0 0 0.0 0.0 0.0 0.0 0.0 0.0
64 27 0.94 1.0256748366013073 1.0791176470588253 -0.09 -0.08 -0.07 0.17730248395828963 0.03944444444444575 0.21888888888889158 -0.1470588235294179 0.020467836257311273 0.005882352941164459 0.0 0.010233918128655664 0.0
64 28 1.449411764705884 1.8495382761437917 2.257254901960784 0.02 0.04 0.09 0.2614117323677724 0.12000000000000001 1.08 -0.050000000000001155 0.41414473684210423 1.0722222222222721 0.0 0.06315789473684211 0.10000000000000009
64 29 1.1451470588235302 1.1359889705882356 1.2225000000000001 0.1 0.12 0.13 0.19697847836566576 0.04000000000000001 0.3137500000000033 0.0 0.15986842105263332 0.20000000000000018 0.0 0.021052631578947375 0.049999999999999975
