66 0 0.9295588235294108 0.9293658088235294 0.9524999999999999 -0.2 -0.185 -0.17750000000000002 0.20328128297771306 0.24000000000000002 0.31562500000000093 -0.10000000000000009 0.11255804953560213 0.0 -0.1411764705882329 -0.11578947368421054 0.0
66 1 0.7016544117647 0.906906372549018 1.1549999999999998 0.04 0.065 0.09 0.23189828490039396 0.07 0.8046666666666697 -0.6373039215685707 -0.42350877192982617 -0.23235294117647298 0.0 0.03157894736842106 0.09999999999999995
66 2 1.0727941176470583 1.1216176470588242 1.1669117647058855 -0.51 -0.503823529411765 -0.5 0.16778156643847086 0.02235294117646991 0.1176470588235301 0.0 0.06191950464396321 0.10000000000000009 0.0 0.004024767801857956 0.0
66 3 -1.0925000000000002 -1.0508198529411765 -1.0075 0.04 0.04 0.05 0.16957755021680895 0.010000000000000002 0.11058823529412054 -0.15330882352940667 -0.0582043343653266 0.03749999999998366 0.0 -0.005263157894736843 0.0
66 4 -0.18124999999999947 0.09301642156862926 0.39850000000000235 -0.18531250000000044 -0.15 -0.12 0.2597572000460066 0.1 1.083750000000005 0.4797794117647064 0.5703947368421078 0.6235294117647072 -0.03235294117647308 0.026315789473684223 0.09999999999999995
66 5 0.19 0.21385294117647077 0.2325 0.39889705882352705 0.4408823529411764 0.4632812499999994 0.1804676330086175 0.1717647058823527 0.08176470588235268 -0.10000000000000009 -0.029721362229100226 0.0 -0.17499999999999988 -0.09040247678018565 0.0
66 6 1.3451562499999985 1.6716568627450972 1.9933180147058813 -0.36 -0.35 -0.22277573529411926 0.29123230043071746 0.615 0.9450000000000001 -0.7774509803921503 -0.45928792569659255 -0.30000000000000027 -0.7702205882353167 -0.3131578947368421 0.0
66 7 -0.02 -0.0205 -0.02 0.0 0.0 0.0 0.15622474745425777 0 0.01 0.0 0.005263157894736842 0.0 0.0 0.0 0.0
66 8 -0.1108823529411774 -0.09784705882352987 -0.0822058823529419 -0.35 -0.3117647058823548 -0.3 0.16924621770862514 0.08999999999999997 0.05352941176470957 -0.03137254901962677 -1.460819769243627e-18 0.08431372549020093 -0.10000000000000009 -0.04736842105263156 0.0
66 9 -0.7505882352941204 -0.7127738970588258 -0.5275000000000001 -0.18 -0.18 -0.17750000000000002 0.24762348609073578 0.04999999999999999 0.9970588235294241 -1.1556985294117306 -0.5247678018575916 -0.10000000000000009 0.0 0.026315789473684206 0.0529411764706017
66 10 -2.285 -2.1961371323529395 -2.151479779411765 -0.03 -0.02 -0.02 0.20169403558487276 0.04882352941176348 0.387647058823527 -0.3029411764706036 0.04965944272446951 0.2499999999999991 -0.044117647058817405 -0.009907120743033413 0.09999999999999998
66 11 0.9175000000000001 0.9465643382352941 0.9725 -0.12 -0.11 -0.1 0.1695505091852937 0.05 0.06999999999999995 -0.10000000000000009 -0.03684210526315787 0.0 -0.10000000000000002 -0.015789473684210523 0.049999999999999975
66 12 0.3330882352941162 0.35320588235294104 0.37 -0.2 -0.16999999999999998 -0.14 0.16827219886233907 0.06588235294118089 0.06 -0.09999999999999981 -0.031578947368421054 0.0 -0.10000000000000009 -0.03467492260062153 0.0
66 13 -0.555 -0.4270588235294113 -0.32691176470588257 0.1675 0.225 0.2425 0.19238040892750138 0.11000000000000001 0.31999999999999995 0.10000000000000009 0.16842105263157894 0.19999999999999962 0.0 0.05789473684210527 0.10000000000000009
66 14 0.04750000000000001 0.048588235294117633 0.07 0.4 0.435 0.48 0.1695102762789566 0.07999999999999996 0.08 -0.09999999999999998 -0.042105263157894736 0.0 0.0 0.042105263157894715 0.04999999999999977
66 15 -0.24242647058823444 -0.07347977941176365 0.21102941176470644 0.0275 0.06 0.06 0.2810676143592368 0.05 1.3564705882352932 0.07941176470587133 0.6981424148606807 0.7437499999999819 -0.04999999999999999 0.021052631578947368 0.07352941176471946
66 16 0.21500000000000002 0.28685477941176507 0.37 -0.12 -0.1 -0.1 0.18354662703573874 0.04000000000000001 0.27794117647058925 0.025000000000000022 0.13312693498452063 0.22941176470587749 -0.09999999999999995 -0.015789473684210527 0.0
66 17 0.28 0.2800000000000001 0.28 -0.2 -0.2 -0.1975 0.1553397216925636 0.010000000000000009 0 0.0 0.0 0.0 0.0 -0.005263157894736847 0.0
66 18 0.18044117647058952 0.29546691176470674 0.45 -0.17735294117646982 -0.135 -0.12 0.2192387656977319 0.06999999999999999 0.6064705882352946 0.0 0.3086687306501551 0.5992647058823541 -0.10000000000000002 -0.02105263157894737 0.058823529411749995
66 19 0.0 0.0 0.0 -0.98 -0.98 -0.98 0.15533972169256358 0.010000000000000009 0 0.0 0.0 0.0 0.0 0.005263157894736847 0.0
66 20 -0.9695588235294118 -0.6806531862745111 -0.35583333333333317 0.01 0.015 0.05 0.23677196900694902 0.049999999999999996 0.8700000000000001 -0.7473856209150187 -0.4578947368421053 -0.2500000000000002 0.0 0.02631578947368421 0.09999999999999996
66 21 0.38632352941175885 0.7558627042483647 1.0232352941176444 0.5728125000000004 0.61 0.703300653594771 0.27579865090618005 0.32 0.9010000000000009 -0.9941176470588556 -0.45842105263157956 0.10000000000000009 -0.17058823529411682 0.08421052631578946 0.2125000000000024
66 22 1.0917279411764724 1.503931617647061 1.9673529411764752 -0.2425 -0.23 -0.2175 0.2798657462936493 0.08000000000000002 1.3371372549019622 0.5621568627450646 0.7037564499484011 0.9536764705882084 0.0 0.04210526315789474 0.10000000000000009
66 23 -1.6310294117647013 -1.0513498654725024 -0.384285714285711 -0.07852941176470472 -0.022105263157893754 0.0010294117647047759 0.3210600142161605 0.18000000000000002 1.692941176470589 0.10000000000000009 0.891021671826626 1.6387254901961397 0.0 0.09473684210526315 0.2
66 24 -0.4725 -0.07290461601307045 0.3170098039215711 0.03 0.037812500000000415 0.1225 0.26030984045079114 0.15 1.0341176470588276 0.2500000000000002 0.5442724458204357 0.5957720588235165 0.0 0.07894736842105263 0.1281250000000042
66 25 0.12187500000000029 0.20273856209150223 0.2964705882352931 -0.06 -0.06 -0.0375 0.1994505368428294 0.051666666666670615 0.45722222222222486 -0.3093750000000014 -0.24064327485380255 -0.13125000000001955 -0.05833333333335307 -0.027192982456142427 0.0
66 26 -0.6124999999999999 -0.41784313725490224 -0.25359375000000206 -0.18156249999999874 -0.15 -0.14 0.20755962386410204 0.12 0.48000000000000004 -0.4849264705882067 0.025657894736841255 0.43235294117645234 0.0 0.04210526315789473 0.09999999999999995
66 27 0.06 0.06400000000000002 0.07 0.51 0.51 0.51 0.16150447482656502 0.050000000000000044 0.030000000000000006 0.0 -0.01578947368421053 0.0 0.0 0.026315789473684233 0.0
66 28 -1.24 -1.2171176470588236 -1.21 -0.0225 -0.02 0.06794117647059045 0.17930939711192198 0.18 0.10000000000000009 -0.050000000000000044 -0.036842105263157926 0.0 0.0 0.08947368421052632 0.19333333333332545
66 29 -0.5004411764705882 -0.42156048976608196 -0.3504687499999989 0.01 0.055 0.09 0.18109699689191813 0.08 0.18 -0.09736842105263765 0.0631578947368421 0.20868055555555515 -0.1 -0.042105263157894736 0.0
