72 0 -1.9257077205882343 -1.393718954248364 -0.8361764705882286 0.3895588235294095 0.5344117647058815 0.6770312499999989 0.35881894907684186 0.46 1.8776470588235346 0.6968749999999824 0.9882352941176498 1.3029411764706023 -0.3000000000000014 -0.24210526315789477 -0.1999999999999999
72 1 -0.855 -0.16950204248365752 0.39631433823529605 -0.29 -0.13236111111110793 0.26307904411764876 0.36948593419233394 0.6499999999999999 1.834705882352948 0.2694444444444455 0.9656346749226042 1.2843749999999903 0.0 0.34210526315789475 0.6183006535947866
72 2 -0.0651470588235291 -0.055617647058824105 -0.017499999999999998 0.085 0.1294117647058815 0.1825 0.19671189601661376 0.19250000000000309 0.24000000000000418 -0.1529411764705821 -0.12631578947368644 0.0 -0.1852941176470478 -0.10131578947368584 -0.09062499999997628
72 3 -0.18062500000000084 0.03909456699346492 0.28250000000000003 0.16812500000000086 0.18569444444444322 0.22 0.245488266917117 0.22 0.8064705882352946 0.1916666666666665 0.4139318885448919 0.6102941176470366 -0.050000000000000044 0.08421052631578947 0.1861111111111046
72 4 0.016093749999999792 0.04933039860681092 0.08 0.17750000000000002 0.215 0.25720588235294284 0.19558965117599095 0.34588235294117675 0.11588235294117671 -0.0906249999999986 0.012693498452010446 0.049999999999999975 -0.09999999999999995 0.12414860681114566 0.18666666666665097
72 5 -0.21321691176470378 0.16259040032680047 0.6007352941176527 0.32421875000000394 0.5007720588235298 0.6074999999999999 0.377994338840003 0.34 1.9557916666666675 0.6694444444444867 1.0293640350877198 1.1231617647058183 -0.4000000000000084 -0.0357894736842155 0.3750122549019147
72 6 1.541658496732023 2.0502803531500295 2.5703768382352954 -0.02 0.01 0.06632352941176403 0.31778426764959355 0.40470588235294186 1.3176470588235318 -1.1243034055728007 -0.6934984520123851 -0.22187499999999583 -0.22797434763376434 -0.2024767801857589 0.0
72 7 -0.91 -0.8835312500000001 -0.86 -0.2217647058823524 -0.21 -0.2 0.1665804317022768 0.046470588235294596 0.09062500000000318 -0.10000000000000009 -0.0476973684210543 0.0 0.0 0.019195046439628743 0.04705882352942531
72 8 1.04 1.0979650735294115 1.1539705882352935 -0.24720588235294283 -0.215 -0.17579044117646553 0.19642556954836315 0.16999999999999998 0.2617647058823569 -0.20000000000000018 -0.13777089783281943 -0.09062499999999862 -0.15110294117646889 0.01764705882353355 0.15
72 9 2.582500000000001 2.657354575163399 2.732205882352942 -0.44 -0.08225490196078283 0.07073529411765075 0.2282044183504415 0.56 0.2599999999999998 0.0 0.11052631578947367 0.20866013071895395 -0.10000000000000002 0.24736842105263154 0.5588235294117474
72 10 0.2925 0.3841507352941171 0.4954411764705863 -0.07294117647058732 -0.07 -0.057499999999999996 0.18645491464170802 0.04000000000000001 0.30999999999999994 -0.15000000000002123 -0.1052631578947368 0.09999999999999981 0.0 0.02105263157894737 0.09705882352941786
72 11 -0.2675 0.363370119539042 1.01 -0.1125 -0.1 -0.08014705882352598 0.30646440963718047 0.11 1.5582352941176514 -1.4474264705883049 -0.8201238390092902 -0.1470588235294193 -0.007894736842106315 0.057894736842105256 0.10294117647058215
72 12 -1.4947058823529398 -1.4531768790849673 -1.4129166666666655 0.06906250000000028 0.12 0.16194444444444478 0.18756203555867368 0.1 0.24 -0.10000000000000009 0.07058823529411538 0.29771241830065853 -0.13055555555556222 -0.021052631578947368 0.050000000000000044
72 13 -1.4314705882352932 -1.4004479166666668 -1.3250000000000002 -0.10833333333333135 -0.08499999999999999 -0.0675 0.20965869969332615 0.13 0.4705882352941162 -0.017647058823526685 0.15096749226005615 0.3468749999999843 -0.09999999999999995 0.06842105263157895 0.15941176470585988
72 14 -1.3667647058823527 -0.9487699638188628 -0.34882352941176453 -0.0375 -0.02 0.0275 0.30944437877406633 0.16 1.47 -1.0898704481793289 -0.7736842105263158 -0.33529411764705364 0.0 0.08421052631578947 0.25
72 15 -0.28500000000000003 -0.1764333333333334 -0.09500000000000001 -0.08 0.105 0.13 0.22015965865948234 0.27 0.4576470588235302 -0.1999999999999999 -0.10402476780185797 0.20666666666667444 -0.2382352941176347 -0.13684210526315788 0.0
72 16 1.1419117647058796 1.095394607843136 1.37 0.20750000000000002 0.225 0.2504411764705884 0.3026579039386185 0.08000000000000002 1.5411764705882371 -1.0241830065359303 -0.8111455108359141 -0.049999999999998934 -0.10000000000000009 -0.010526315789473696 0.049999999999999906
72 17 -1.6925000000000001 -1.6351835784313717 -1.5875000000000001 0.28086397058823204 0.3362500000000017 0.4025 0.218309419435208 0.34624999999999945 0.37624999999999953 0.050000000000000044 0.19802631578947344 0.2963480392156992 -0.3088235294117847 -0.18223684210526286 -0.09889705882353134
72 18 2.3 2.308420343137255 2.31 -0.6404411764705882 -0.63 -0.63 0.16488978281874955 0.030000000000000027 0.06742647058824014 0.0 0.035487616099073756 0.09999999999999787 -0.10000000000000009 -0.005263157894736847 0.07728758169934125
72 19 -2.75 -2.694900735294116 -2.702794117647058 -0.01 -0.01 0.0 0.19501620442360268 0.025294117647056115 0.36117647058824254 -0.049999999999998934 0.19009287925696974 0.2235294117646891 -0.04999999999999016 -0.013312693498450587 0.0
72 20 1.66 1.668404605263158 1.69 0.04867647058823493 0.07 0.09808823529411617 0.176911286628164 0.09 0.1623529411764697 -0.08124999999999716 0.053869969040247184 0.10000000000000009 -0.05000000000000001 0.005263157894736841 0.09999999999999995
72 21 -1.82935294117647 -1.6052986928104573 -1.397794117647059 -0.1325 0.027647058823529042 0.11470588235294087 0.26371636308763763 0.42888888888889154 0.7644444444444458 -0.5985294117647222 -0.12536549707602207 0.4694852941176686 -0.34297385620916715 -0.21520467836257448 -0.039522058823543704
72 22 0.18393749999999737 0.46925058909528505 0.7727941176470576 -0.08249999999999999 -0.037499999999998895 0.015 0.304869961993094 0.2294117647058838 1.3897058823529487 -0.871904024767797 -0.7314241486068149 -0.5985294117647083 -0.2 0.004953560371517799 0.14999999999999997
72 23 0.0336764705882391 0.26714182361541333 0.4724448529411772 -0.3647058823529401 -0.2847058823529419 -0.27 0.2851891053652046 0.13999999999999996 1.3194117647058956 0.29477124183005715 0.6944272445820504 1.3055147058823406 -0.09393382352942597 5.843279076974508e-18 0.09999999999999981
72 24 -0.9010294117647049 -0.864868872549019 -0.7580882352941163 0.12485294117647096 0.22264705882352903 0.30132352941176554 0.21627779527331908 0.19 0.4872058823529407 -0.20000000000000018 0.15921052631578883 0.4676470588235271 0.0 0.1 0.23823529411763467
72 25 -2.689062500000219 -1.9226020016340266 -1.267463235294116 0.21687499999999832 0.4 0.6675 0.4069518335597347 0.6 2.2870588235294154 0.6117647058823406 -2.1015479876160974 1.654444444444394 -0.40960784313725296 -0.31578947368421045 -0.19485294117646185
72 26 0.8346691176470586 1.0463952205882356 1.275 0.1 0.10500000000000001 0.1625 0.22479886258958154 0.10588235294117845 0.6918750000000004 0.020588235294107804 0.3220394736842107 0.5483455882353194 -0.10000000000000009 -0.05263157894736842 0.0
72 27 -0.48473345588235134 -0.4401518534587744 -0.354285714285717 0.041029411764703365 0.12214285714285533 0.15 0.22049784269088385 0.23 0.481333333333335 0.09705882352941897 0.25333333333333424 0.40937499999997934 -0.2527821939586675 -0.12105263157894736 0.049999999999999906
72 28 -0.29784375000000146 0.09767555039559439 0.4989062499999979 0.08750000000000001 0.14333333333333254 0.29640624999999793 0.33476706778763776 0.37 1.6847058823529482 -0.976666666666627 -0.8866873065015516 -0.8009803921568479 -0.1833333333333255 -0.1894736842105263 -0.09999999999999995
72 29 -0.2351470588235291 -0.282110294117646 -0.18 -0.6 -0.5906250000000008 -0.59 0.22872806299230095 0.05999999999999994 0.7811764705882323 0.0 0.400619195046438 0.5382352941176299 -0.050000000000000044 -0.03157894736842102 0.0
