9 0 0.9314846943427554 1.0532240276636333 1.1938076809183555 -0.4445178102283681 -0.4375146766047181 -0.41766155636321806 0.19464767764539345 0.04221951460587997 0.3984412149390798 0.0630936524597997 0.2097059025995157 0.28902652413119956 0.00637045176979989 0.02222079716098946 0.04398229715039975
9 1 0.574036997171792 0.5736425527608401 0.583103982635932 0.3618422907822315 0.3695042861985115 0.3900031782632515 0.16552653384564336 0.059655353833360014 0.06288421294956004 -0.06422811647360027 -0.03309695418397897 0.005759586531600136 -0.05000368306980002 -0.022505561407368403 0.009075712110400147
9 2 0.5155403480364815 0.5250899170387995 0.5319726229440616 -0.46304346213019953 -0.4158453958329895 -0.2617284595582595 0.20556990807008854 0.4894950420157455 0.033370695298239994 -0.02033308578579973 0.015827380532610524 0.03726277953019996 -0.0794124809659999 0.25762896948197134 0.5729915934316
9 3 0.5901917647283039 0.755605344586604 0.874361910215814 -0.45596523086695756 -0.26460296835454755 0.19537855601005244 0.2551423679975595 0.8292931940878 0.31309461451628007 -0.1925970829581991 -0.15502198135132642 0.03621558197899999 0.0918915851178001 0.42872635183865276 0.614792229017
9 4 1.7418913897058728 2.0180862531763695 2.3247746366731827 -0.5887804236210276 -0.43962022242197757 -0.20844699967144759 0.2610067740333669 0.5160065933532765 0.5557826470068803 -0.5209807817219991 -0.2758263234200213 0.09180431865519867 -0.4888667234825821 -0.26798152772917705 -0.0008726646260004411
9 5 -0.06462231847769205 0.015682898400722525 0.11775149838691795 -0.9825930738655595 -0.8869795741178695 -0.7417812703208596 0.23130942488854547 0.41884411389496 0.29558896211872 -0.35831609543551274 -0.07457148877746604 0.2872811948791999 -0.33213615665559915 -0.03317044173143159 0.36084682285100034
9 6 -0.19669264349154056 -0.19010053490681508 -0.18391683336690054 -1.037780239370277 -1.0320162895155471 -1.0258160073478169 0.1615470917636927 0.014224433403799974 0.055763269600876436 -0.044680428851199966 0.013319617975789488 0.06876597252879993 -0.030717794835199985 -0.004666459263242127 0.021729349187400437
9 7 -0.3129014647451436 -0.13061491434326447 0.06645893814592285 -0.9502810662021801 -0.7944711605530101 -0.7009782358465001 0.23816270667096248 0.38400734202503994 0.57093210491424 -0.44095743551518196 -0.28338635486421054 -0.08002334620420021 0.10245082709239905 0.2021091273816 0.2790781473947995
9 8 -1.4174658067968184 -1.2840589474263207 -1.1323488201900986 -0.6007835377011005 -0.5767721705167106 -0.4851860180180105 0.2312483626014233 0.15175637846140005 0.6504842122204 -0.43493604959840004 -0.3423601116949473 -0.1912880860192001 -0.12723450247080048 0.02462751434006317 0.18945549030460002
9 9 -0.21782838680798203 -0.13198349488393327 0.00336155262072399 -0.6568509794064175 -0.37338332894283754 -0.20974125827531748 0.2419377558310909 0.6033952290016145 0.36055011687777605 -0.2909463863084 -0.18976321940935584 -0.056897733613454626 -0.3771656513571994 -0.31757643631663923 -0.12103858362707262
9 10 -2.371074973479019 -2.2853304379867625 -2.2176736221976086 0.07301337670758816 0.09770105897712815 0.11435150004120816 0.19171085677027536 0.07976154681639999 0.3311762255669999 -0.24766222085879974 -0.11231653033791594 0.11397000015559655 -0.06614797865080002 0.0030956629364421086 0.08927359123980003
9 11 -0.9294005772905889 -0.8933481835966509 -0.865333903772799 -0.250548946959852 0.24549544307419796 0.26105505335577794 0.22498621471300165 0.68535589067536 0.10770426814092016 -0.10437068926960114 -0.05668645691627377 0.0054105206811999595 -0.43659411238780005 -0.36071362667124207 -0.005148721293399827
9 12 0.8244478207154469 0.9406378796795909 1.077250036221387 -0.9813964567380349 -0.951638592991435 -0.751536594249635 0.24660453436617683 0.69389055071764 0.19247490991055993 -0.18413223608599982 -0.07553601283787366 0.1637118838375995 0.032637657012399846 0.3652055530092842 0.4361577800748001
9 13 1.107920610203271 1.131813294998525 1.1568465524599612 -1.050343119326173 -1.020066020127103 -0.989016612734023 0.17022181549450358 0.08946557745752004 0.04689699700123984 -0.06894050545399932 -0.021651268668231714 -0.0017453292520008823 0.02338741197680072 0.047087146030273704 0.054716072050199904
9 14 0.4826613992549925 0.4864766889998645 0.5264691634801925 0.4299280697168205 0.45452848552376046 0.4783740464292105 0.18908969788881078 0.10526080718811998 0.28796187328747996 -0.09834930335019976 -0.15155888067762105 -0.03063052837259994 0.016406094968800244 0.05540042483585263 0.07068583470599993
9 15 0.9884421085213245 1.0962816396792745 1.1106282461307146 -0.41983798194046207 -0.2367834866675721 -0.20911565470024207 0.24285780166964516 0.42156682752808006 0.5830097833380802 -0.513999464714 -0.23696059676101056 0.11702432634659976 0.05148721293399994 0.22187727764635792 0.3394665395140001
9 16 0.22136558742590684 0.27712798436267994 0.4512036332987005 -0.6843355033205316 -0.5334779694239116 -0.23894929482578153 0.2536584008257563 0.5129522671628 0.35210272329865455 -0.2645919146032001 -0.18531722278876553 0.20699604928720028 -0.0869173967496005 0.005667727097284213 0.3921754829243995
9 17 1.7351582488204582 1.837081986473867 1.9822663276347667 -0.3628965666139515 -0.35531747433714145 -0.32513200492380145 0.213230389595087 0.15870278888436 0.5037369287052587 0.1332558883902013 0.2617626440225993 0.35883969421120043 -0.05323254218599971 0.055648445308505254 0.1548107046524
9 18 1.6785399618126018 1.843554733941009 2.0394696878100533 -0.7688515694264141 -0.715226328158714 -0.605357851745314 0.22763967107112468 0.26888542456312 0.4908563988394614 0.12836896648459883 0.2583454730734007 0.35447637111610697 0.010471975511999743 0.14151864450690524 0.24940755011079951
9 19 -1.7880550090594531 -1.6979951469874386 -1.6277901504875718 -0.6591769700035086 -0.6186067915407685 -0.5833555039734986 0.19964009755488377 0.22837633262419993 0.2582912760104614 -0.17592918860160012 -0.08977422516049552 0.04092797095939904 -0.16615534479040017 -0.06764528743014736 0.0874409955251998
9 20 1.3936909802078306 1.5614328292879494 1.7170088608177005 -0.2923678115406314 -0.2600966736711514 -0.18058819959629147 0.2317175629645074 0.16065755764712358 0.6585999932404547 -0.5258677036276005 -0.34663157538971295 -0.05480333851280106 -0.055676003138799834 -0.02010803017172631 0.14634585778281806
9 21 2.507858366211044 2.6431964323988804 2.7826517302921845 -0.726040388204106 -0.719325233907036 -0.716065831528926 0.2030936172130659 0.07353072138675998 0.43830453505475964 -0.2703515011347979 -0.23068659739724193 -0.13683381335680034 -0.03909537524479978 -0.034263568999789495 0.0022689280275994816
9 22 0.1931524370293116 0.5293168135985311 0.8445267671680572 -0.31930430206961746 -0.018104106405534223 0.29299646944015256 0.34664682610893754 0.695077374609 1.076466722755272 -0.8267624666724003 -0.5665614330290906 -0.37524578917999957 -0.6563310652146004 -0.10178943916532626 0.5708099318666002
9 23 -1.1044248611550376 -0.8593666715402215 -0.6348047559962676 -0.739177384520398 -0.7074342087496481 -0.684003163541548 0.23190739461323617 0.08450884238183998 0.7313802230506 -0.5513495107068003 -0.37738611399955796 -0.11458086539379964 -0.11414453308080053 -0.04447833809570525 0.043022366061799544
9 24 2.1952573405112608 2.28163368519274 2.3672377216802105 -0.287906895416042 -0.243592985707762 -0.228871133467142 0.19722069867625644 0.10768681484839998 0.3758566544181998 0.11178833859060155 0.19781929179905253 0.2636319835145984 0.004188790204799897 0.04784957933509473 0.08560839981059998
9 25 0.30221912857826694 0.6594775544870817 1.0131353661491669 -0.33490560632796695 -0.20436370492462697 -0.14623987750954792 0.34106801931250563 0.47329838655770906 1.61257950909288 -1.085158462431 -0.8487260574173054 -0.3872012945562009 -0.10777408131274535 0.18696150666292632 0.4787438138235999
9 26 0.5758519456685935 0.5981808154540557 0.6189703048392534 0.5840584353297416 0.6181665322369516 0.6299955012423816 0.1706999825121027 0.05560618996872002 0.11114256676736001 -0.13552481641779912 -0.05849608777229474 0.02879793265799957 -0.05506513790060008 -0.029266415773010538 -0.0037524578918002316
9 27 -0.7929443853098124 -0.4864218080918311 -0.10290228559230885 -0.7259436193941319 -0.4874661937239819 -0.4302324842277719 0.334775617536293 0.6132912458602799 1.45741973859008 -1.077479013724818 -0.7670630203105685 -0.38528143237900025 0.146607657168 0.32278486624225267 0.42839106490340007
9 28 0.2625902158764345 0.3445482595564765 0.4106072264154246 -0.05957274158215685 0.09421258213469316 0.18962973234100955 0.22021554695415274 0.5455026577126 0.169296937444 -0.16275195274899984 -0.08293988324372632 -0.01649336143140029 0.13107422682520006 0.287106661954 0.3920882164646798
9 29 1.824113608358813 2.062159937703981 2.319372600229463 -0.6754700064232309 -0.6419160515535309 -0.5465381712548609 0.260611738353743 0.33733723782656 0.8731707714813348 0.2845759345298726 0.4492110056901548 0.5586798935651993 0.05471607205019935 0.17754591464555788 0.22314034486819956
9 30 -0.5624993527079234 -0.4415401815626894 -0.32614250207895346 -0.6493180413912736 -0.6187093296343236 -0.5733744023136236 0.20785458173037555 0.22752112129072 0.37379716590084 -0.21842795588779995 -0.1279601920018947 0.03857177646920007 -0.1676388746545998 -0.11974795857406316 -0.06352998477279992
9 31 -1.8736104672044402 -1.8136758606918075 -1.741602489232911 -0.9553958505386779 -0.929229001728068 -0.723184156883208 0.22406890788784126 0.49864056729639994 0.15559610281579994 -0.20429078894659947 -0.08189268569252628 0.10122909661599899 -0.033248522250600154 0.26244240384021045 0.5258677036276005
9 32 1.6970362340041945 1.7268351129889148 1.7605793087481298 -0.15549157698613306 -0.04444500332763305 0.021860054955846947 0.19153882508093936 0.25394540616582545 0.08236208740188022 -0.18805922690300014 -0.04334846705362117 0.06562437987519987 -0.041887902048000095 0.12435011623318315 0.2719222974616873
9 33 -1.5356720604175689 -1.511324717352169 -1.466382489113169 -0.330318008389085 -0.28911514807249494 -0.272595606702315 0.17745886712767367 0.1067268837598 0.09730210579899978 -0.07696902001319894 0.014109609110905266 0.08787732783820057 -0.16423548261320003 -0.05617204408410526 0.07225663103280017
9 34 -0.29746873020487996 -0.022830700427042293 0.24883241564051 -0.2880825434129025 -0.23415623284923248 -0.20380495715695246 0.24568573771488217 0.18971728969257456 0.81396920325524 0.24783675378400005 0.4284048438185474 0.6042329870424001 -0.08054694497979992 0.033648110789873675 0.11501719770680013
9 35 -0.712911633720005 -0.20886229107160287 0.28944404567298504 -0.4962871847253565 -0.46422112304298657 -0.37899233234469654 0.34603493762743553 0.38297759776618545 1.78150992739396 -1.2145746264669743 -0.937636803891558 -0.5468116546516011 -0.28256880589880046 -0.1759475604883713 0.049916416607199976
9 36 1.9941140104618624 2.1565151520306878 2.3885802380295122 -0.9840202198996157 -0.8709665176013159 -0.7697679642472259 0.2772774946386702 0.42427208786868 0.850027705606796 0.2495820830360007 0.44738300295094535 0.4660029102840013 0.07792895110179998 0.22330109887825264 0.3469714552976
9 37 -0.5770059961547226 -0.27619500891417564 -0.12416286843132616 -0.8008252741019506 -0.7273250959771005 -0.6645935993370905 0.2615964742827985 0.26857126529776 0.9563182570483599 -0.9608037532260001 -0.5003583387181052 -0.04782202150479947 0.05035274892019992 0.14077458308894736 0.19373154697199968
9 38 2.2603632121428765 2.5095229254998923 2.773681998448596 -0.5061664755127799 -0.48335502218913995 -0.38590892672685 0.2597490079010541 0.27598891461875996 0.9095259798022397 0.2933898472611962 0.47869788410644193 0.6131341662276002 0.016318828506199923 0.14525732348355788 0.23090706003960002
9 39 -0.6746528529627485 -0.4572136260962327 -0.20299071257913853 0.670924199422885 0.7191040134243449 0.7781528653426351 0.2487040359814848 0.17861699564968003 0.8691041543257454 -0.6291911953459994 -0.45742323911881333 -0.17392205996179994 -0.16598081186520008 -0.040555940250421044 0.03220132469940018
9 40 -0.16276029154444116 -0.10784437929492033 -0.03925643034969517 -0.9686530321680689 -0.7575947290468389 -0.615402754886399 0.2775217093710759 0.7412587866169199 0.66495299171948 -0.5259549700902 -0.3499752587997263 -0.11414453308080004 0.17654005383979987 0.3901362034825894 0.6305001922849995
9 41 -1.5517598752049135 -1.3727458171504034 -1.2074544103397435 0.319042745088852 0.36899843160422197 0.38377700704553197 0.2791567511339059 0.58531361795072 0.6776066287964799 -0.35325464060479983 -0.34422485821155785 0.09416051314539986 -0.1489638516581998 -0.3080597989214316 0.11615166172059987
9 42 1.004173051958391 1.2258874628277072 1.353993757259881 -0.7607956144132509 -0.660399912515081 -0.632653540731411 0.22508720805164673 0.17807594358155987 0.6257005368419999 -0.05663593422740143 0.32931607202210517 0.6365215782043993 -0.014835298642000283 0.09372418083239993 0.14110987002420028
9 43 1.1828496312096735 1.5415854783324738 1.8925266850168894 -0.5211422731595658 -0.44357547787755597 -0.24627036926208595 0.2787284591630087 0.41509165600350917 0.997054241795276 0.2351831167070001 0.48838905442951375 0.7228281097158007 0.09485864484620021 0.21846929263342588 0.26127578902439985
9 44 2.4232692386836123 2.4886178565369956 2.4659992620957016 -0.34814693454882195 -0.179137976431402 -0.066036277578672 0.23664795171161626 0.4704534998766 0.38385026239235964 -0.12173671532700103 0.2020264538907156 0.2675589743315987 -0.2857103985524 -0.2462751434006316 -0.13177235852600022
9 45 0.6090089350969754 0.7251317988849174 0.8239593224501656 -0.6100493937382019 -0.1496402637061638 0.3389690237136681 0.29598719661851103 1.18495638906036 0.36391860233452 -0.4283910649034006 -0.19153610649185265 0.024085543677599963 0.08787732783819946 0.6154306520854946 1.0999064946138906
9 46 -0.9081530844202635 -0.5524959981000496 -0.24964472096379348 -0.919219150617291 -0.8528966390412911 -0.772380237323401 0.2710927081391279 0.22321015803828004 1.1035542327472545 -0.7867944268024727 -0.5808180172353972 -0.39627700666659993 0.05148721293399994 0.1172585679041053 0.16135568934739997
9 47 2.80728877343918 2.9702466425138763 -3.12497627103057 -0.45801803485880355 -0.44002805359381353 -0.3956268774229335 0.21286571651947614 0.17352063423384 0.49156317586443965 -0.2264564704470029 -0.07513646709602102 0.06475171524920276 -0.09302604913160012 -0.08934248581553687 0.006719517620199789
9 48 2.7882987915722763 2.9873631758107426 3.1396117533842265 -0.22435068222270604 -0.20228099383116604 -0.18875032880503603 0.2077287033395394 0.05909684847272001 0.48227802424379984 -0.5026548245759987 -3.252646159513495 0.3475382807290024 -0.11536626355720003 0.0024434609527999905 0.12007865253759992
9 49 0.9270362864117204 1.0500209121539004 1.1537763728621706 -0.21667394847129595 0.048498288108543106 0.19159347015654402 0.25624808097162627 0.6971717697113999 0.4660203635765201 -0.34129913522859934 -0.24527387556658944 -0.14093533709900075 0.2026327261554546 0.36693251037442104 0.5347688828128003
