25 0 1.4849999999999999 1.6535 1.8125 -1.275 -0.825 -0.575 0.2812618686356444 0.82 0.52 -0.30000000000000027 -0.0578947368421052 0.40000000000000036 -0.5499999999999988 0.01578947368421047 0.4999999999999999
25 1 1.6524999999999999 1.9550000000000005 2.3175 0.0675 0.12 0.12 0.28433298713943767 0.29000000000000004 1.19 -0.7500000000000018 -0.6263157894736843 -0.40000000000000036 0.0 0.15263157894736845 0.15000000000000008
25 2 0.75 0.8845000000000001 0.985 -0.06 -0.05 -0.05 0.19991049535478114 0.010000000000000009 0.48 0.0 0.2526315789473685 0.30000000000000027 0.0 0.0 0.0
25 3 -0.7225 -0.43200000000000005 -0.24250000000000002 0.84 0.87 0.88 0.2768821777759747 0.13 1.23 0.3499999999999992 0.6473684210526315 0.8499999999999999 -0.050000000000000044 0.06842105263157895 0.20000000000000018
25 4 0.02 0.1515 0.29000000000000004 0.1975 0.425 0.505 0.24391836585662702 0.6100000000000001 0.30000000000000004 -0.1 0.15789473684210528 0.3999999999999998 -0.40000000000000024 -0.3210526315789474 -0.20000000000000004
25 5 -1.2925 -0.6639999999999999 0.0325 0.5574999999999999 0.9750000000000001 1.225 0.40751425209947645 1.1300000000000001 1.7799999999999998 -1.4 -0.9 -0.30000000000000004 -0.8499999999999999 -0.5947368421052632 -0.30000000000000027
25 6 -1.66 -1.6629999999999998 -1.66 -0.12 -0.12 -0.12 0.15799479897764618 0.020000000000000018 0.020000000000000018 0.0 0.010526315789473694 0.0 0.0 0.010526315789473694 0.0
25 7 0.11 0.1015 0.14 0.16 0.17 0.17 0.2325197289950912 0.6799999999999999 0.22000000000000003 0.0 0.10526315789473684 0.20000000000000018 0.0 0.3473684210526316 0.15
25 8 -0.385 -0.1035 0.31499999999999995 0.7825 0.9 0.9325 0.28186534139315994 0.33999999999999997 1.0 0.0 0.4263157894736842 0.6999999999999997 -0.30000000000000027 -0.1789473684210526 0.04999999999999949
25 9 -1.9000000000000001 -1.358 -0.715 0.4375 0.52 0.5725 0.4407231043855736 0.22999999999999998 2.52 1.050000000000001 1.3263157894736841 1.7500000000000004 -0.15000000000000013 0.04210526315789475 0.0
25 10 -0.075 0.03749999999999999 0.16 0.012499999999999999 0.02 0.04 0.21635578725303262 0.17 0.52 0.10000000000000009 0.2736842105263158 0.45 -0.15000000000000002 -0.08947368421052632 0.0
25 11 -2.145 -1.7549999999999997 -1.375 0.9650000000000001 1.03 1.125 0.2998646517100086 0.22999999999999998 1.25 -0.7499999999999996 -0.6578947368421053 -0.4500000000000004 -0.30000000000000027 -0.057894736842105256 0.30000000000000027
25 12 -0.395 0.05499999999999999 0.47000000000000003 0.7475 0.77 0.79 0.2935913749036472 0.12 1.45 0.4999999999999999 0.7631578947368421 0.95 0.0 0.057894736842105256 0.10000000000000009
25 13 -0.14 -0.1135 -0.1175 -0.33 -0.33 -0.33 0.16951027627895657 0.010000000000000009 0.16 0.0 0.08421052631578947 0.10000000000000009 0.0 0.0 0.0
25 14 0.055 0.336 0.6275000000000001 0.1375 0.17 0.17 0.23161421558683926 0.04999999999999999 0.8 -0.6500000000000004 -0.42105263157894735 -0.19999999999999996 0.0 0.015789473684210527 0.09999999999999995
25 15 -1.075 -0.7224999999999999 -0.41500000000000004 -0.0025000000000000005 0.1 0.12 0.3665314536086658 0.37 2.0500000000000003 -1.3999999999999995 -1.0789473684210524 -0.6499999999999995 -0.39999999999999997 -0.19473684210526318 0.0
25 16 0.34 0.368 0.38 -1.26 -1.25 -1.225 0.19335525984826973 0.29000000000000004 0.14999999999999997 -0.10000000000000009 -0.05789473684210527 0.0 -0.20000000000000018 -0.15263157894736845 0.0
25 17 1.04 1.2125 1.28 0.87 0.875 0.9125 0.24247530528621847 0.05999999999999994 0.8999999999999999 -0.6499999999999995 -0.4473684210526316 0.0 -0.10000000000000009 -0.005263157894736847 0.0
25 18 1.9 1.9195000000000004 1.94 -0.38250000000000006 -0.35 -0.3475 0.1747595764534058 0.12 0.1100000000000001 -0.10000000000000009 -0.05789473684210531 0.0 0.0 0.052631578947368446 0.10000000000000009
25 19 0.255 0.5609999999999999 0.775 -0.15 -0.14 -0.1275 0.2186988843360786 0.030000000000000013 0.45 -0.6000000000000004 -0.23684210526315788 0.30000000000000027 -0.09999999999999988 -0.010526315789473679 0.049999999999999906
25 20 1.9225 2.1304999999999996 2.4124999999999996 0.46499999999999997 0.79 0.99 0.3240654306462736 0.8 1.1400000000000001 -0.7500000000000007 -0.6000000000000001 -0.39999999999999813 0.050000000000000044 0.42105263157894735 0.6500000000000004
25 21 0.49 0.48950000000000005 0.49 -0.21 -0.21 -0.21 0.15976485050103453 0.020000000000000018 0.040000000000000036 0.0 -0.02105263157894739 0.0 0.0 0.010526315789473694 0.0
25 22 -1.1225 -0.7404999999999999 -0.2675 0.4225 0.485 0.56 0.265526747535397 0.35 0.8999999999999999 -0.6000000000000003 -0.4736842105263156 0.0 0.04999999999999949 0.18421052631578946 0.30000000000000027
25 23 -0.89 -0.8699999999999999 -0.87 0.3975000000000001 0.485 0.5225 0.19528758976023372 0.2700000000000001 0.19000000000000006 -0.10000000000000009 -0.07894736842105264 0.050000000000000044 0.10000000000000009 0.14210526315789476 0.20000000000000018
25 24 1.45 1.5705000000000002 1.6925 -0.035 0.12 0.36499999999999994 0.25689434865511784 0.76 0.3800000000000001 -0.40000000000000036 -0.12105263157894736 0.0 -0.6 -0.4 -0.2
25 25 -1.66 -1.569 -1.4674999999999998 -0.10500000000000001 -0.035 0.025 0.21551640228812521 0.28 0.4099999999999999 -0.3500000000000003 -0.18421052631578952 0.0 0.10000000000000006 0.1473684210526316 0.19999999999999998
25 26 -1.1625 -0.018999999999999972 1.4725000000000001 0.17750000000000002 0.215 0.275 0.5557233072335594 0.13 3.13 -2.5 -2.163157894736842 -1.0000000000000004 -0.24999999999999994 -0.05789473684210527 -0.049999999999999906
25 27 -1.975 -1.0145000000000002 -0.0425 -0.09 -0.07 -0.05 0.44844816422572925 0.039999999999999994 3.08 1.2000000000000002 1.705263157894737 2.1499999999999986 -0.049999999999999975 -0.005263157894736847 0.0
25 28 -1.3275000000000001 -1.0795 -0.9724999999999999 0.1 0.12 0.12 0.2588141019919672 0.12 1.0399999999999998 -0.7000000000000001 -0.5157894736842106 -0.15000000000000013 0.0 0.06315789473684211 0.09999999999999995
25 29 -2.0025 -1.816 -1.64 0.0 0.045000000000000005 0.385 0.2675732808633209 0.8200000000000001 0.47 0.0 0.24736842105263154 0.40000000000000036 -0.7500000000000001 -0.41052631578947374 0.0
25 30 -1.19 -0.7695 -0.395 0.1 0.10500000000000001 0.12 0.2642206093553491 0.03 1.2000000000000002 -0.9000000000000001 -0.6315789473684211 -0.3500000000000002 0.0 0.0 0.0
25 31 -0.14 0.049 0.0925 0.30500000000000005 0.875 0.96 0.36123879264878905 1.53 0.8500000000000001 -0.7 -0.34736842105263155 0.15 0.10000000000000009 0.768421052631579 1.25
25 32 -0.93 -0.721 -0.5425 -0.4325 0.385 0.5924999999999999 0.3729885593736054 1.18 0.83 -0.15000000000000013 0.4368421052631579 0.5000000000000002 -1.6999999999999997 -0.6210526315789473 0.15000000000000013
25 33 0.037500000000000006 0.21199999999999997 0.405 -0.03 -0.005 0.2 0.2797013590815043 0.77 0.33 -0.55 -0.11578947368421051 0.1999999999999999 -0.75 -0.37894736842105264 0.0
25 34 -0.7575 -0.663 -0.5275000000000001 0.6775 0.79 0.83 0.2552078705018459 0.20999999999999996 0.7 -0.5500000000000003 -0.3578947368421052 -0.20000000000000018 -0.3999999999999998 -0.10526315789473684 0.24999999999999967
25 35 -0.35 -0.33849999999999997 -0.33 0.82 0.82 0.82 0.15622474745425782 0 0.019999999999999962 0.0 0.010526315789473665 0.0 0.0 0.0 0.0
25 36 -0.6525000000000001 0.7210000000000001 2.055 0.3375 1.2850000000000001 1.3550000000000002 0.7651260659661652 1.23 3.06 -1.4000000000000012 -1.2789473684210528 2.799999999999999 -1.1499999999999992 -0.6052631578947368 0.30000000000000027
25 37 0.385 0.7985 1.2275 -0.5775 -0.22499999999999998 -0.17 0.3448851393565663 0.57 1.61 0.7000000000000006 0.8473684210526317 0.9000000000000008 -0.4999999999999999 -0.3 -0.0999999999999994
25 38 -1.7125 -1.5079999999999998 -1.3575 0.6325 0.755 0.865 0.25613894275629845 0.56 0.55 0.10000000000000009 0.2894736842105263 0.40000000000000036 -0.30000000000000027 -0.29473684210526313 -0.10000000000000009
25 39 -0.82 -0.7785000000000001 -0.7850000000000001 0.45 0.46499999999999997 0.5075000000000001 0.18877292385086616 0.15999999999999998 0.22999999999999998 -0.24999999999999967 -0.10526315789473686 0.0 -0.15000000000000013 -0.08421052631578946 0.0
25 40 2.0175 2.257 2.4924999999999997 0.10750000000000001 0.12 0.14 0.2471566311006532 0.05000000000000002 0.99 0.4999999999999982 0.5210526315789474 0.6000000000000005 -0.09999999999999995 -0.026315789473684223 0.0
25 41 -0.1875 0.012500000000000028 0.37 -0.23000000000000004 -0.025 0.15749999999999997 0.3515689804860238 0.64 1.17 -1.0000000000000002 -0.6157894736842106 -0.3 -0.8499999999999999 -0.3368421052631579 0.2500000000000001
25 42 2.0275 2.215 2.4725 0.17250000000000001 0.625 0.91 0.2832146861941661 0.84 0.6300000000000001 -0.4499999999999993 -0.3315789473684211 -0.15000000000000124 0.09999999999999995 0.44210526315789467 0.7499999999999998
25 43 -0.17 -0.15000000000000005 -0.14 0.12 0.12 0.1325 0.16241485658647406 0.04000000000000001 0.05000000000000002 0.0 0.026315789473684223 0.0 0.0 -0.02105263157894737 0.0
25 44 1.1325 1.143 1.45 -0.07 -0.02 0.045 0.3271132216317092 0.25 1.35 -1.5999999999999996 -0.7105263157894737 0.0 -0.20000000000000004 0.06842105263157897 0.3999999999999999
25 45 1.3275000000000001 1.6134999999999997 1.855 -0.10750000000000001 0.025 0.12 0.31169028358148404 0.55 1.25 -0.8500000000000008 -0.6578947368421053 -0.5000000000000004 0.10000000000000009 0.27894736842105256 0.35
25 46 -0.7024999999999999 -0.5045 -0.7 0.94 0.96 0.98 0.3541769970384194 0.15000000000000013 2.01 0.0 -1.0315789473684212 0.0 -0.10000000000000009 -0.0789473684210527 0.0
25 47 0.34249999999999997 0.42299999999999993 0.5375000000000001 -0.32 -0.29 -0.2275 0.22106997444115378 0.14999999999999997 0.56 0.20000000000000018 0.29473684210526313 0.30000000000000027 0.0 0.07894736842105261 0.1999999999999999
25 48 1.83 1.9814999999999998 2.17 -0.485 -0.22999999999999998 -0.16 0.2618091525011158 0.38 0.69 -0.7500000000000018 -0.3631578947368421 0.14999999999999902 -0.34999999999999987 -0.2 0.0
25 49 0.15 0.3929999999999999 0.605 0.435 0.72 0.9475 0.27372282039839346 0.6699999999999999 0.55 -0.6 -0.28947368421052627 0.10000000000000009 -0.40000000000000036 -0.3526315789473684 -0.14999999999999958
25 50 -2.1875 -1.9259999999999997 -1.7425000000000002 -0.26 -0.235 -0.19 0.26812604162440673 0.26 1.03 -0.7000000000000017 -0.5421052631578948 -0.3500000000000003 0.0 0.1368421052631579 0.1999999999999999
25 51 2.1975000000000002 2.4155 2.6725000000000003 -0.35 -0.325 -0.2575 0.22582229705059026 0.12999999999999998 0.6699999999999999 -0.5499999999999994 -0.3526315789473684 -0.10000000000000009 -0.10000000000000009 -0.06842105263157894 0.0
25 52 1.9874999999999998 1.9449999999999998 2.0425 -0.3225 -0.22499999999999998 -0.17500000000000002 0.2586621688506632 0.32 0.7 -0.29999999999999805 -0.3684210526315789 0.0 0.0 0.16842105263157894 0.2500000000000001
25 53 -1.92 -1.848 -1.86 -0.03 0.0 0.015 0.2156052497058705 0.24 0.45999999999999996 -0.4499999999999993 -0.2052631578947369 0.09999999999999898 -0.19999999999999998 -0.12631578947368421 0.0
25 54 0.51 0.5365 0.5625 0.33749999999999997 0.755 0.7925 0.2263494989654753 0.66 0.07999999999999996 -0.050000000000000044 -0.021052631578947358 0.10000000000000009 -0.6000000000000003 -0.34736842105263155 0.0
25 55 1.87 1.9369999999999998 2.1325000000000003 -0.315 -0.3 -0.28 0.25207873747413695 0.08000000000000002 0.8300000000000001 -0.8999999999999997 -0.4368421052631579 0.10000000000000009 -0.09999999999999981 0.0 0.09999999999999995
25 56 1.7950000000000002 1.842 1.8625 0.21500000000000002 0.255 0.28250000000000003 0.19870091281593574 0.15 0.21999999999999975 -0.050000000000000044 0.1157894736842104 0.20000000000000018 -0.15 -0.02105263157894738 0.050000000000000044
25 57 1.1824999999999999 1.577 1.9725000000000001 -0.10500000000000001 -0.07 -0.045000000000000005 0.25986384031806564 0.12000000000000001 0.9199999999999999 -0.8500000000000008 -0.4842105263157894 -0.10000000000000009 0.0 0.06315789473684211 0.19999999999999996
25 58 -0.07500000000000001 0.04500000000000002 0.27 0.125 0.22999999999999998 0.3025 0.2646291451985882 0.43999999999999995 0.78 -0.6 -0.4105263157894737 -0.19999999999999976 0.09999999999999981 0.23157894736842108 0.30000000000000027
25 59 0.055 0.538 1.2 0.315 0.86 1.105 0.38711727859142364 0.8 1.23 -0.6999999999999995 -0.2894736842105264 0.35 -0.15000000000000013 -0.12631578947368427 0.0
25 60 -0.6699999999999999 -0.41899999999999993 -0.26 0.4925 0.77 0.8 0.29073365248083116 0.6299999999999999 0.93 -0.7500000000000002 -0.48947368421052617 -0.20000000000000018 -0.44999999999999957 -0.33157894736842103 -0.24999999999999994
25 61 1.4774999999999998 1.6585 1.6624999999999999 -0.38 -0.095 0.15749999999999997 0.2964215100004058 0.66 0.9100000000000001 0.10000000000000009 0.47894736842105273 0.40000000000000036 0.050000000000000044 0.32631578947368417 0.6000000000000001
25 62 0.445 0.7679999999999999 1.03 0.1475 0.17 0.215 0.23750735526796218 0.10999999999999999 0.6900000000000001 0.0 0.3368421052631579 0.4500000000000001 -0.09999999999999995 0.05789473684210527 0.0
