31 0 2.7225 3.052 -2.9825 -0.0125 0.0 0.02 0.2590524483751876 0.08 1.0900000000000007 -0.8000000000000007 -0.4684210526315787 -0.050000000000001155 -0.05 0.031578947368421054 0.14999999999999997
31 1 -0.2425 -0.07400000000000001 0.05 -0.37249999999999994 -0.29000000000000004 -0.2175 0.2420237656700068 0.16 0.69 -0.55 -0.363157894736842 -0.10000000000000009 -0.24999999999999994 -0.057894736842105256 1.3877787807814457e-16
31 2 0.0775 0.15399999999999997 0.23 -0.28 -0.18 -0.14 0.1808989735891923 0.14 0.16 -0.15 -0.08421052631578947 0.0 0.0 0.0736842105263158 0.15
31 3 0.08750000000000001 0.1655 0.2125 0.14 0.14 0.16 0.19256658687979228 0.07 0.36 -0.25 -0.10526315789473684 0.0 0.0 0.0368421052631579 0.09999999999999988
31 4 -0.1925 -0.151 -0.1475 -0.54 -0.435 -0.31 0.21238442938861618 0.17000000000000004 0.38 -0.24999999999999994 -0.18947368421052635 0.09999999999999981 -0.15000000000000013 -0.06842105263157895 0.050000000000000044
31 5 -0.42 -0.13749999999999998 0.0275 -0.405 -0.305 -0.24 0.26690875086210386 0.16999999999999998 1.06 -0.95 -0.5578947368421052 -0.05 -0.20000000000000018 -0.0894736842105263 0.0
31 6 -0.1 0.014500000000000002 -0.017499999999999998 -0.355 -0.23 -0.21 0.23484497545539376 0.21000000000000002 0.7 -0.6499999999999999 -0.36315789473684207 0.0 -0.20000000000000004 -0.1105263157894737 0.0
31 7 -0.31 -0.16 -0.1275 -0.47 -0.345 -0.2375 0.2418691955048887 0.19999999999999996 0.6599999999999999 -0.40000000000000024 -0.34736842105263155 -0.049999999999999906 -0.30000000000000016 -0.10526315789473684 0.0
31 8 -0.31 -0.146 -0.11750000000000001 -0.39249999999999996 -0.35 -0.2275 0.24967478599537513 0.18 0.8400000000000001 -0.6000000000000001 -0.4315789473684211 0.0 -0.14999999999999986 -0.07894736842105263 0.0
31 9 -0.4275 -0.3005 -0.16 -0.4275 -0.185 -0.17 0.236815440788673 0.55 0.33999999999999997 -0.30000000000000027 -0.17894736842105263 0.0 -0.4999999999999996 -0.2894736842105263 0.0
31 10 -0.21500000000000002 0.031500000000000014 0.23750000000000002 -0.2725 -0.24 -0.21 0.2428252180615846 0.22999999999999998 0.59 -0.65 -0.31052631578947365 0.15 -0.09999999999999995 0.08947368421052632 0.24999999999999994
31 11 -0.54 -0.5195000000000001 -0.49 -0.175 -0.10500000000000001 -0.0075 0.1902512799707899 0.3 0.050000000000000044 -0.10000000000000009 -0.026315789473684174 0.0 -0.2 -0.15789473684210523 -0.1
31 12 0.08750000000000001 0.2165 0.375 -0.5 -0.27 -0.19250000000000003 0.23635132459734673 0.41000000000000003 0.46 -0.4500000000000002 -0.21052631578947367 0.049999999999999975 0.10000000000000009 0.2157894736842105 0.35000000000000003
31 13 -0.28250000000000003 -0.06800000000000002 -0.0075 -0.38250000000000006 -0.305 -0.28 0.2676209501399651 0.13 1.03 -0.8499999999999999 -0.5263157894736842 0.0 -0.1999999999999999 -0.04210526315789475 0.04999999999999977
31 14 0.165 0.2645 0.36249999999999993 0.1275 0.15 0.16 0.19526223376201876 0.04999999999999999 0.4 -0.35000000000000003 -0.1631578947368421 -0.04999999999999977 -0.049999999999999975 -0.005263157894736835 0.09999999999999995
31 15 -0.23 -0.2105 -0.2275 -0.5125 -0.48 -0.45 0.18349319647855897 0.12999999999999995 0.2 -0.050000000000000044 -0.10526315789473684 0.0 -0.09999999999999981 0.03157894736842102 0.14999999999999958
31 16 0.6375 0.6405000000000001 0.6525000000000001 0.045000000000000005 0.07 0.07 0.17670204876465578 0.05 0.19000000000000006 -0.10000000000000009 -0.10000000000000003 0.0 0.0 0.0 0.0
31 17 -0.195 0.12899999999999995 0.6024999999999999 -0.1975 -0.12 -0.09 0.2723834151486876 0.19999999999999998 0.92 -0.7500000000000002 -0.48421052631578954 -0.049999999999999906 -0.3 -0.10526315789473684 0.0
31 18 -0.28250000000000003 0.0024999999999999996 0.255 -0.28250000000000003 -0.16 -0.1575 0.27356804738528945 0.29000000000000004 1.02 -0.6 -0.5368421052631579 -0.44999999999999957 -0.30000000000000027 -0.15263157894736845 0.0
31 19 -0.15749999999999997 0.026500000000000003 0.2325 -0.5650000000000001 -0.51 -0.455 0.22716109375633908 0.29000000000000004 0.52 -0.35 -0.2736842105263158 -0.09999999999999995 -0.14999999999999986 0.07894736842105263 0.20000000000000018
31 20 -0.03 -0.024999999999999998 -0.02 -0.17 -0.16 -0.16 0.16684505659458804 0.010000000000000009 0.13 -0.15 -0.06842105263157894 0.0 0.0 -0.005263157894736847 0.0
31 21 -0.2525 -0.22749999999999995 -0.18 -0.36499999999999994 -0.215 -0.19 0.20678785346261513 0.22999999999999998 0.27999999999999997 -0.30000000000000016 -0.14736842105263157 0.0 -0.15000000000000013 -0.12105263157894738 0.049999999999999906
31 22 -0.555 -0.23500000000000001 0.135 -0.0925 -0.07 -0.07 0.2683516085845267 0.10999999999999999 1.15 -1.2 -0.5526315789473685 -0.050000000000000044 -0.10000000000000002 -0.057894736842105256 0.0
31 23 -0.28250000000000003 -0.1285 0.0175 -0.4525 -0.415 -0.3975000000000001 0.20891796016065567 0.08000000000000002 0.5 -0.3999999999999999 -0.2631578947368421 -0.10000000000000009 -0.04999999999999977 0.010526315789473694 0.10000000000000009
31 24 -0.6675 -0.414 -0.2525 -0.175 -0.12 -0.09 0.2844873544565702 0.19 1.22 -0.8000000000000005 -0.6421052631578947 -0.2499999999999994 -0.20000000000000012 -0.02631578947368421 0.10000000000000009
31 25 -0.425 -0.189 -0.0049999999999999975 -0.16749999999999998 -0.04 0.0625 0.276793736054201 0.32 1.07 -0.8 -0.5631578947368421 -0.20000000000000018 -0.2 -0.14210526315789476 -0.09999999999999988
31 26 -0.3524999999999999 -0.07349999999999998 -0.027499999999999997 -0.1625 -0.07500000000000001 -0.05 0.28947802344922713 0.16999999999999998 1.3 -0.8000000000000005 -0.6842105263157894 -0.10000000000000009 -0.19999999999999996 -0.08947368421052633 0.0
31 27 0.1975 0.6984999999999999 1.29 -0.07 -0.03 -0.02 0.3295500344841575 0.13 1.1 -1.5499999999999998 -0.5789473684210527 0.55 -0.14999999999999997 -0.06842105263157894 0.09999999999999999
31 28 0.91 1.0870000000000002 1.335 0.17 0.30000000000000004 0.525 0.29591134731632107 0.5299999999999999 0.6600000000000001 -0.8999999999999997 -0.34736842105263166 0.3500000000000003 0.0 0.18421052631578946 0.5000000000000003
31 29 -0.46 -0.0955 0.18 -0.39749999999999996 0.055 0.08 0.33745461479167504 0.7100000000000001 1.31 -1.0000000000000004 -0.6894736842105263 -0.24999999999999994 -0.7500000000000001 -0.36842105263157904 0.0
31 30 -0.5375000000000001 -0.45550000000000007 -0.4175 -0.645 -0.5700000000000001 -0.3275 0.2755734025721125 0.59 0.6000000000000001 -0.5499999999999996 -0.1526315789473684 0.34999999999999976 0.0 0.31052631578947365 0.7499999999999997
31 31 -0.41500000000000004 -0.4225 -0.2975 -0.9750000000000001 -0.92 -0.855 0.23825302446346702 0.25 0.45 -0.2500000000000002 0.03157894736842106 0.4500000000000001 0.0 0.005263157894736847 0.20000000000000018
31 32 -0.23500000000000001 -0.1335 -0.10250000000000001 -0.45 -0.4 -0.3275 0.2294865430646274 0.12 0.64 -0.3500000000000001 -0.33684210526315794 -0.09999999999999995 -0.14999999999999986 -0.06315789473684211 0.050000000000000044
31 33 -0.30499999999999994 -0.2945 -0.20750000000000002 -0.135 -0.10500000000000001 -0.1 0.20781730699014164 0.08000000000000002 0.49 0.0 0.23157894736842108 0.4000000000000001 -0.10000000000000009 -0.010526315789473675 0.09999999999999995
31 34 -0.9925 -0.7815000000000001 -0.63 -0.865 -0.795 -0.74 0.2562856018499736 0.22999999999999998 0.8599999999999999 -0.9000000000000002 -0.1842105263157895 0.4500000000000004 0.0 0.12105263157894736 0.29999999999999916
31 35 -0.3325 0.42400000000000004 1.0675000000000001 -0.98 -0.915 -0.7875000000000001 0.4068233518601161 0.68 2.0 -1.4500000000000002 -1.0263157894736843 -0.15000000000000013 -0.5499999999999999 -0.21052631578947367 0.10000000000000009
31 36 -0.1725 -0.13399999999999998 -0.17 -0.4425 -0.43 -0.2775 0.2044471905553978 0.16999999999999998 0.36 -0.09999999999999995 -0.17894736842105263 0.0 -0.14999999999999986 -0.08947368421052633 0.0
31 37 -0.6425 -0.509 -0.405 -0.675 -0.6 -0.49 0.2514772931964786 0.62 0.24 -0.30000000000000027 -0.07368421052631581 0.15000000000000013 -0.6499999999999997 -0.26842105263157895 0.24999999999999967
31 38 -0.10250000000000001 -0.06600000000000002 -0.04750000000000001 -0.38 -0.33999999999999997 -0.31 0.17776963771349755 0.12 0.13999999999999999 -0.10000000000000002 -0.07368421052631578 0.0 -0.10000000000000009 0.010526315789473665 0.050000000000000044
31 39 -0.4225 0.07250000000000001 0.61 -0.275 -0.23 -0.22 0.27628134204227356 0.18000000000000002 1.19 -1.2 -0.6263157894736843 -0.14999999999999958 -0.14999999999999986 -0.09473684210526317 0.0
31 40 -0.38 -0.13199999999999998 0.0525 -0.095 -0.06 -0.0275 0.2591287192178183 0.45 0.74 -0.6 -0.38947368421052636 -0.09999999999999995 0.0 0.23157894736842108 0.35000000000000003
31 41 -0.045 0.10350000000000001 0.1225 -0.3 -0.135 0.41500000000000004 0.3121813785549109 1.0 0.72 -0.8499999999999999 -0.27894736842105267 0.1999999999999999 0.0 0.5 0.9999999999999999
31 42 -0.195 -0.072 0.02 -0.835 -0.765 -0.7 0.2131960241794799 0.20999999999999996 0.42000000000000004 -0.3 -0.21052631578947364 -0.10000000000000009 -0.10000000000000009 0.06315789473684211 0.09999999999999953
31 43 -0.3325 -0.207 -0.1625 -0.2275 -0.165 -0.12 0.2328566594993713 0.13999999999999999 0.61 -0.5000000000000001 -0.32105263157894737 -0.10000000000000009 -0.24999999999999994 -0.07368421052631578 0.10000000000000009
31 44 -0.19 -0.06849999999999999 -0.0225 -0.385 -0.37 -0.365 0.21478858371536363 0.13999999999999996 0.54 -0.3 -0.28421052631578947 0.0 0.0 0.042105263157894715 0.09999999999999981
31 45 -0.1375 -0.0505 0.05500000000000001 -1.21 -1.13 -1.03 0.243104134041949 0.22999999999999998 0.59 -0.6 -0.3105263157894737 0.3 -0.40000000000000036 0.08421052631578949 0.44999999999999984
31 46 -0.8524999999999999 -0.6779999999999998 -0.5325 -0.2425 -0.24 -0.225 0.21193572964420462 0.1 0.55 -0.44999999999999984 -0.28421052631578947 -0.10000000000000009 -0.09999999999999995 -0.04210526315789473 0.0
31 47 -0.19 -0.16949999999999998 -0.17750000000000002 -0.425 -0.38 -0.335 0.18852179804454544 0.16999999999999998 0.21000000000000002 -0.10000000000000009 -0.10526315789473684 0.0 -0.10000000000000009 0.010526315789473665 0.0
31 48 -0.0625 -0.03949999999999999 -0.03 -0.515 -0.445 -0.3975000000000001 0.18831895005882593 0.10999999999999999 0.19 -0.15 -0.1 0.0 -0.14999999999999986 -0.04210526315789478 0.050000000000000044
31 49 0.0275 0.094 0.1325 0.057499999999999996 0.07 0.08249999999999999 0.19691057649397542 0.039999999999999994 0.23 -0.2 0.09473684210526313 0.0 -0.049999999999999975 -0.021052631578947368 0.0
31 50 -0.3 -0.258 -0.2175 -0.87 -0.7250000000000001 -0.425 0.2186556777151203 0.27 0.18999999999999997 -0.20000000000000004 -0.09999999999999999 0.0 -0.3 -0.14210526315789473 0.0
31 51 -0.22 -0.10400000000000001 -0.02 -0.7324999999999999 -0.7 -0.67 0.2255001744492677 0.08000000000000007 0.6799999999999999 -0.4 -0.3578947368421052 -0.20000000000000004 -0.10000000000000009 -0.04210526315789478 0.0
31 52 -0.12 -0.014499999999999994 0.12 -0.57 -0.455 -0.38749999999999996 0.23637627489959023 0.22999999999999998 0.64 -0.4000000000000001 -0.3368421052631579 -0.2499999999999999 -0.1999999999999999 -0.010526315789473694 0.24999999999999994
31 53 -0.315 0.143 0.5925 -0.1625 -0.14 -0.10750000000000001 0.25961555438354494 0.05000000000000002 0.86 -1.2 -0.431578947368421 0.09999999999999981 -0.09999999999999995 -0.021052631578947375 0.0
31 54 -0.042499999999999996 0.017000000000000005 0.060000000000000005 -0.28750000000000003 -0.255 -0.2175 0.18625984015578723 0.14 0.22000000000000003 -0.15 -0.11578947368421054 0.0 -0.09999999999999995 0.036842105263157905 0.050000000000000044
31 55 0.35000000000000003 1.3715000000000002 2.3975 -0.25 -0.09 -0.0675 0.4165111688100937 0.26999999999999996 2.5 0.0 1.3105263157894735 2.3 -0.34999999999999987 -0.12631578947368421 0.0
31 56 -0.6525 -0.37 -0.0825 -0.3925 -0.12000000000000001 -0.0625 0.30813719826362135 0.7100000000000001 1.0 -0.8999999999999999 -0.3473684210526316 0.30000000000000027 -0.5500000000000003 -0.3736842105263158 -0.15
31 57 -0.2125 -0.059 0.1 -0.31 -0.295 -0.245 0.2230554505253763 0.14 0.6 -0.4 -0.3157894736842105 -0.1999999999999999 -0.10000000000000009 -0.005263157894736847 0.14999999999999986
31 58 -0.585 -0.4255000000000001 -0.35 -0.8925 -0.825 -0.40249999999999997 0.31121521359892895 0.6000000000000001 1.1099999999999999 -0.9499999999999997 -0.5315789473684212 0.2500000000000002 -0.050000000000000044 0.3157894736842105 0.6999999999999997
31 59 0.060000000000000005 0.257 0.45 -0.86 -0.785 -0.61 0.2585248407643312 0.17999999999999994 0.78 -0.5000000000000001 -0.41052631578947374 -0.3999999999999998 -0.050000000000000044 0.09473684210526312 0.24999999999999967
