32 0 1.9 1.9404999999999997 1.95 -0.02 0.195 0.505 0.2395869528175584 0.67 0.26 0.0 0.1368421052631579 0.20000000000000018 0.0 0.35263157894736846 0.5500000000000003
32 1 -0.9724999999999999 -0.4374999999999999 0.0925 -0.3125 -0.21000000000000002 -0.1 0.34342057689967137 0.19999999999999998 1.73 -1.35 -0.8210526315789475 -0.2500000000000002 -0.34999999999999987 -0.03157894736842105 0.3999999999999999
32 2 -1.05 -1.0455 -1.05 -0.05 -0.035 -0.03 0.16423054890664937 0.020000000000000004 0.09000000000000008 0.0 0.04736842105263162 0.10000000000000009 0.0 0.0 0.0
32 3 -0.72 -0.6570000000000001 -0.61 0.1975 0.23 0.2325 0.19522673536451784 0.1 0.27999999999999997 -0.19999999999999962 -0.04210526315789478 0.2499999999999991 -0.10000000000000009 -0.047368421052631574 0.0
32 4 -1.31 -1.3034999999999999 -1.31 -0.03 -0.03 -0.03 0.1606498762627287 0 0.07000000000000006 0.0 0.036842105263157926 0.0 0.0 0.0 0.0
32 5 -0.93 -0.9199999999999999 -0.91 -0.1 -0.1 -0.1 0.15710977321595196 0 0.030000000000000027 0.0 0.01578947368421054 0.0 0.0 0.0 0.0
32 6 0.58 0.5835 0.59 -0.26 -0.26 -0.26 0.15533972169256363 0 0.010000000000000009 0.0 -0.005263157894736847 0.0 0.0 0.0 0.0
32 7 -1.08 -1.0404999999999998 -0.99 0.05 0.05 0.07 0.16416969451093352 0.020000000000000004 0.09000000000000008 0.0 0.04736842105263162 0.050000000000000044 0.0 0.010526315789473686 0.0
32 8 -1.8825 -1.5775000000000001 -1.1824999999999999 -0.13 -0.12 -0.0975 0.278282031725425 0.04000000000000001 1.3 -0.8999999999999997 -0.6842105263157895 -0.40000000000000036 -0.10000000000000002 -0.005263157894736839 0.10000000000000009
32 9 -1.2225000000000001 -1.2075 -1.18 0.05 0.11 0.1325 0.17842645949125727 0.16 0.1100000000000001 0.0 0.05789473684210531 0.10000000000000009 -0.10000000000000009 -0.08421052631578947 0.0
32 10 -2.6825 -2.3225000000000002 -2.11 -0.04 0.5 0.8150000000000001 0.4092013387967058 1.04 1.54 0.20000000000000018 0.8105263157894738 1.0499999999999998 -0.10000000000000009 0.3526315789473684 1.2
32 11 -2.3249999999999997 -1.7974999999999999 -1.34 -1.26 -1.1099999999999999 -0.7475 0.3813318268489595 0.7000000000000001 1.3 0.30000000000000027 0.6842105263157895 0.9500000000000008 0.10000000000000009 0.368421052631579 0.5499999999999994
32 12 -1.37 -1.2479999999999998 -1.1325 -0.0025 0.02 0.035 0.21420275873260575 0.12000000000000001 0.55 -0.39999999999999925 -0.2894736842105263 -0.2499999999999991 -0.10000000000000005 -0.0368421052631579 0.0
32 13 -0.9750000000000001 -0.8985 -0.8300000000000001 -0.28 -0.245 -0.23249999999999998 0.1995250841819141 0.19999999999999998 0.30000000000000004 0.10000000000000009 0.15789473684210528 0.20000000000000018 -0.20000000000000018 -0.10526315789473684 0.0
32 14 -0.9725 -0.9450000000000001 -0.93 0.26 0.305 0.3325 0.16877231530690895 0.08000000000000002 0.06999999999999995 -0.04999999999999949 0.03684210526315787 0.10000000000000009 -0.09999999999999981 -0.005263157894736847 0.04999999999999977
32 15 -1.2125 -1.1809999999999998 -1.1675 -0.3 -0.3 -0.3 0.1748914276441235 0.010000000000000009 0.21999999999999997 0.10000000000000009 0.11578947368421051 0.20000000000000018 0.0 0.0 0.0
32 16 0.8175000000000001 1.0975000000000001 1.52 0.24 0.255 0.26 0.31889686397014066 0.10000000000000003 1.65 -1.2999999999999994 -0.8684210526315788 0.0 -0.10000000000000009 0.031578947368421054 0.10000000000000009
32 17 -0.9025000000000001 0.13349999999999995 1.31 -0.0325 0.03 0.12 0.46652151405736525 0.18 3.12 -3.0000000000000004 -1.7473684210526315 -0.500000000000001 -0.2 -0.07368421052631578 0.09999999999999995
32 18 -1.6949999999999998 -1.193 -0.8049999999999999 -0.14 -0.07 0.042499999999999996 0.37530787455880554 0.34 2.15 -1.2499999999999996 -1.1315789473684208 -0.8500000000000008 -0.3 -0.12631578947368424 -0.049999999999999906
32 19 -1.13 -1.1314999999999997 -1.13 -0.1 -0.095 -0.09 0.16239457178790215 0.03 0.05999999999999983 0.0 0.026315789473684233 0.0 0.0 -0.015789473684210527 0.0
32 20 -0.21500000000000002 -0.06249999999999998 0.2325 -0.4025 -0.23 -0.18 0.33913845592113273 0.29999999999999993 1.77 0.3 0.9315789473684211 1.2 -0.24999999999999967 -0.10526315789473684 0.09999999999999995
32 21 -1.22 -1.2214999999999996 -1.22 -0.03 -0.03 -0.03 0.15798972777800316 0.020000000000000004 0.020000000000000018 0.0 0.010526315789473694 0.0 0.0 0.010526315789473686 0.0
32 22 -1.1825 -1.0539999999999998 -0.9975 0.18500000000000003 0.245 0.265 0.20586732930342 0.12999999999999998 0.24 -0.10000000000000009 0.12631578947368421 0.3500000000000003 -0.15 -0.021052631578947358 0.0
32 23 -0.8524999999999999 -0.8309999999999998 -0.82 -0.35 -0.35 -0.35 0.16243007018540304 0.019999999999999962 0.050000000000000044 -0.10000000000000009 -0.026315789473684233 0.0 0.0 0.0 0.0
32 24 -1.1475 -1.049 -0.9474999999999999 0.0 0.0 0.0625 0.19506445697594216 0.13999999999999999 0.31999999999999995 0.10000000000000009 0.16842105263157892 0.20000000000000018 0.0 0.0736842105263158 0.15
32 25 -3.0325 -1.8284999999999996 -0.8350000000000001 0.2 0.3 0.3275 0.438958124061828 0.25 2.71 0.049999999999998934 1.0473684210526315 2.8500000000000005 -0.35000000000000003 -0.13157894736842105 0.09999999999999981
32 26 -1.08 -1.0560000000000003 -1.0175 -0.28 -0.28 -0.26 0.1816876465576697 0.12 0.19000000000000006 0.0 0.10000000000000003 0.15000000000000013 0.0 0.06315789473684211 0.09999999999999981
32 27 -1.0925000000000002 -1.0859999999999999 -1.08 -0.1 -0.1 -0.1 0.16153490202442292 0.01999999999999999 0.06000000000000005 0.0 0.03157894736842108 0.050000000000000044 0.0 -0.010526315789473679 0.0
32 28 -1.2125 -1.1804999999999999 -1.1574999999999998 -0.14 -0.14 -0.14 0.17566488701367192 0.1 0.1399999999999999 0.0 0.07368421052631574 0.10000000000000009 -0.09999999999999995 -0.05263157894736842 0.0
32 29 -1.33 -1.3085 -1.2875 -0.1 -0.1 -0.09 0.1650648626719137 0.03 0.09000000000000008 0.0 0.04736842105263162 0.10000000000000009 0.0 -0.015789473684210527 0.0
32 30 -2.4775000000000005 -1.5760000000000014 -0.6174999999999997 0.755 0.91 0.9949999999999999 0.523918365856627 0.5400000000000001 3.1199999999999997 0.6500000000000004 -1.6157894736842107 1.5999999999999996 -0.40000000000000036 -0.010526315789473623 0.65
32 31 -1.08 -1.0755 -1.06 -0.16 -0.16 -0.14 0.16067523226094366 0.01999999999999999 0.050000000000000044 0.0 0.026315789473684233 0.10000000000000009 0.0 0.0 0.0
32 32 -1.6324999999999998 -1.523 -1.41 -0.05 -0.05 -0.0024999999999999996 0.20011070631668634 0.09000000000000001 0.3700000000000001 -0.10000000000000009 0.005263157894736847 0.2500000000000002 0.0 -0.0368421052631579 0.0
32 33 0.37250000000000005 0.49849999999999994 0.6024999999999999 0.055 0.10500000000000001 0.2575 0.22781284433445576 0.48 0.34 -0.14999999999999958 0.1105263157894737 0.30000000000000027 0.19999999999999993 0.25263157894736843 0.35000000000000003
32 34 -1.31 -1.2224999999999997 -1.1574999999999998 -0.7049999999999998 -0.64 -0.46499999999999997 0.2234940078705018 0.42000000000000004 0.32999999999999985 -0.29999999999999916 0.0578947368421052 0.2499999999999991 -0.2500000000000002 -0.06842105263157895 0.30000000000000027
32 35 -2.0025 -1.7254999999999998 -1.425 -0.07500000000000001 0.065 0.11750000000000001 0.2421024706884661 0.35 0.6200000000000001 -0.5999999999999994 -0.31578947368421056 0.0 -0.24999999999999997 0.06842105263157895 0.15
32 36 -1.915 -1.6439999999999997 -1.33 -0.09 -0.09 -0.03 0.2799762181021543 0.06999999999999999 1.3499999999999999 -1.4500000000000002 -0.7105263157894735 0.0 0.0 0.031578947368421054 0.04999999999999999
32 37 -0.4625 -0.43 -0.36749999999999994 -0.07750000000000001 0.045 0.09 0.21281548135827005 0.16 0.26999999999999996 -0.4999999999999996 -0.07894736842105263 0.14999999999999986 -0.25 -0.08421052631578947 0.0
32 38 -0.84 -0.711 -0.59 -0.5575 -0.235 0.065 0.3116570165118261 1.33 0.43999999999999995 -0.49999999999999933 -0.23157894736842097 0.0 0.09999999999999995 0.6526315789473683 1.25
32 39 -0.9725 -0.932 -0.9175 -0.05 -0.05 0.08 0.1931828390604081 0.28 0.16000000000000003 -0.10000000000000009 -0.06842105263157895 0.0 -0.25 -0.14736842105263157 0.0
32 40 -1.15 -1.145 -1.1475 -0.12 -0.12 -0.12 0.1588798247393403 0.020000000000000018 0.029999999999999805 0.0 0.015789473684210423 0.0 0.0 -0.010526315789473694 0.0
32 41 -0.8775 -0.6645000000000001 -0.5025000000000001 0.5675 0.66 0.77 0.3071221469430808 0.51 0.87 -0.7000000000000001 -0.3578947368421053 -0.2500000000000002 -0.7000000000000001 -0.26842105263157895 0.2500000000000002
32 42 -1.05 -1.0005 -0.9375 -0.1 -0.04 -0.0024999999999999996 0.20797208000324555 0.27 0.22000000000000008 -0.30000000000000027 -0.0578947368421052 0.15000000000000013 -0.20000000000000004 -0.14210526315789473 0.0
32 43 -0.8474999999999999 -0.327 0.15000000000000002 -0.02 0.015 0.07 0.3362091281593572 0.56 1.37 0.3999999999999998 0.7210526315789474 0.95 -0.05 0.29473684210526324 0.4500000000000002
32 44 -1.2475 -1.1869999999999998 -1.15 -0.10250000000000001 -0.065 -0.0275 0.18279073390401232 0.14 0.17999999999999994 0.0 0.09473684210526312 0.20000000000000018 -0.10000000000000009 -0.0736842105263158 0.0
32 45 -1.22 -1.2185 -1.2075 -0.14 -0.14 -0.12 0.16424069130593535 0.04000000000000001 0.07000000000000006 0.0 0.036842105263157926 0.10000000000000009 0.0 1.460819769243627e-18 0.0
32 46 -1.2925 -1.0594999999999999 -0.875 -0.14 -0.14 -0.12 0.234213509675849 0.09999999999999998 0.74 0.10000000000000009 0.38947368421052636 0.7500000000000001 -0.10000000000000009 -0.05263157894736841 0.0
32 47 -1.2825 -1.1235 -1.0150000000000001 -0.09 -0.07 -0.0375 0.19962650817477384 0.07 0.44000000000000006 0.0 0.23157894736842108 0.40000000000000036 0.0 -0.021052631578947368 0.0
32 48 -1.15 -1.1409999999999996 -1.13 -0.14 -0.125 -0.12 0.1597902064992495 0.020000000000000018 0.040000000000000036 0.0 0.02105263157894739 0.0 0.0 -0.005263157894736847 0.0
32 49 -1.3125 -0.7375 -0.2175 -0.42 -0.405 -0.325 0.29323862225648106 0.2 1.29 -0.15000000000000013 0.44210526315789483 1.25 -0.20000000000000018 -0.06842105263157894 0.04999999999999977
32 50 -2.2875 -1.488 -0.645 -0.4225 -0.32 -0.06 0.41646329668546395 0.41 2.58 0.20000000000000018 1.3578947368421053 2.4 0.0 0.19473684210526312 0.3500000000000003
32 51 -1.3025000000000002 -1.2525 -1.17 -0.02 -0.005 0.0 0.20399585378717192 0.04 0.5199999999999998 0.0 0.2736842105263157 0.3500000000000003 -0.05 -0.021052631578947368 0.0
32 52 -0.87 -0.8639999999999999 -0.86 -0.05 -0.05 -0.05 0.157109773215952 0.020000000000000004 0.010000000000000009 0.0 0.005263157894736847 0.0 0.0 -0.010526315789473686 0.0
32 53 -1.24 -1.2334999999999998 -1.22 0.12 0.14 0.1525 0.15980034889853548 0.04000000000000001 0.020000000000000018 0.0 0.0 0.0 0.0 -0.02105263157894737 0.0
32 54 -0.3524999999999999 -0.3329999999999999 -0.31 0.017499999999999998 0.06 0.0925 0.1749573532394823 0.08 0.04999999999999999 -0.10000000000000009 0.01578947368421054 0.10000000000000009 -0.1 -0.042105263157894736 0.09999999999999995
32 55 -1.03 -1.0014999999999996 -0.98 0.12 0.135 0.21 0.17216535356403911 0.15000000000000002 0.040000000000000036 0.0 0.01578947368421054 0.0 -0.10000000000000009 -0.07894736842105264 0.0
32 56 -0.8250000000000001 -0.5950000000000001 -0.3325 -0.09 -0.07 -0.07 0.2587455393727941 0.26 0.8799999999999999 0.0 0.33684210526315783 0.8000000000000002 -0.15 -0.13684210526315793 0.0
32 57 -1.19 -1.1680000000000001 -1.15 -0.05 -0.05 -0.04750000000000001 0.16421026410807743 0.020000000000000004 0.08999999999999986 0.0 0.047368421052631504 0.14999999999999902 0.0 0.0 0.0
