33 0 -2.479642857142857 -2.025072510822511 -1.5150000000000006 -0.07 -0.06 0.0075 0.3335288482494141 0.31000000000000005 1.7199999999999998 0.20000000000000018 -2.410526315789474 1.3009740259740066 0.049999999999999975 0.16315789473684214 0.25
33 1 -0.10976190476190523 0.3648647186147186 0.7586147186147189 -0.03 -0.01404761904761945 -0.01 0.32445002852838467 0.11 1.802857142857143 -1.34772727272727 -0.948872180451128 -0.5476190476190524 -0.040476190476194496 0.03947368421052589 0.1
33 2 -1.38 -1.3527261904761905 -1.328095238095238 0.33 0.35 0.3524999999999999 0.17168066348126323 0.028095238095237507 0.14142857142857124 0.0 0.07180451127819498 0.10000000000000009 -0.050000000000000044 -0.012781954887218052 0.0
33 3 -1.722516233766233 -1.7107175324675326 -1.7 -0.05821428571428583 -0.045 0.0 0.16944025094641688 0.0914285714285707 0.07571428571428584 -0.13365800865800526 -0.03984962406015045 0.040476190476186336 -0.09999999999999998 -0.04511278195488721 0.0
33 4 -0.06680194805194797 0.1521363636363637 0.49380952380952386 -0.04976190476190522 0.027142857142856337 0.14750000000000002 0.3917544546725359 0.6707142857142881 2.051428571428573 0.19209956709957426 1.0796992481203018 2.113095238095249 -0.5476190476190523 -0.35300751879699377 -0.15476190476191004
33 5 -2.9471428571428566 -2.560025974025974 -1.9883333333333328 -0.11 -0.1 -0.06071428571428572 0.2973028829616297 0.16142857142857142 0.9635714285714276 -0.8187229437229404 -2.7374686716791983 0.7020562770562695 -0.09999999999999995 0.03233082706766916 0.10270562770562978
33 6 -1.421569264069264 -1.430972943722944 -1.36 0.49 0.5 0.51 0.20085748451791194 0.1725324675324672 0.35571428571428565 0.0 0.18721804511278192 0.27759740259740373 0.0 0.08721804511278194 0.15000000000000013
33 7 -1.3280465367965368 -1.2868961038961035 -1.2463636363636363 0.4451136363636361 0.4856818181818182 0.5035227272727274 0.18414792854306355 0.06571428571428573 0.19999999999999996 0.0 0.09210526315789429 0.18495670995670954 -0.1404761904761878 -0.002255639097744359 0.1431818181818173
33 8 1.1796428571428565 1.7125357142857145 2.173522727272727 -0.29452380952380935 -0.245 0.4770238095238127 0.37974169804412644 1.3842857142857143 1.114285714285714 -0.916017316017318 -0.5864661654135336 -0.19999999999999796 0.15952380952380413 0.7285714285714286 1.0970779220778997
33 9 -1.31 -1.280305194805195 -1.2475 0.26250541125541127 0.27 0.28 0.1668255659247252 0.020000000000000018 0.11142857142857077 -0.024999999999999467 0.034586466165413596 0.10000000000000009 -0.050000000000000044 0.0 0.050000000000000044
33 10 1.2225054112554117 1.338095238095238 1.4935227272727274 0.0 0.01 0.01857142857142815 0.18971086785026114 0.01 0.3757142857142859 -0.36818181818181417 -0.19774436090225572 -0.009523809523812599 -0.09318181818181745 -0.005263157894736845 0.016341991341993788
33 11 -1.4510714285714283 -1.4007738095238098 -1.3651190476190478 0.3 0.3902380952380955 0.4414772727272726 0.1920169456748509 0.17952380952381058 0.1492857142857149 0.0 0.0785714285714289 0.20000000000000018 -0.10681818181818264 0.026315789473684206 0.1999999999999999
33 12 -1.4980465367965368 -1.451806277056277 -1.4074999999999998 0.1675 0.2 0.21285714285714327 0.18984508415531928 0.17142857142857143 0.22999999999999998 0.08095238095237933 0.12105263157894736 0.20000000000000018 0.0023809523809552313 0.09022556390977443 0.10000000000000009
33 13 -2.2204761904761905 -1.9478409090909092 -1.62 0.08 0.165 0.34105519480519486 0.24161896570459 0.2642857142857143 0.6399999999999997 -0.4849567099567098 -0.29473684210526224 0.07499999999999951 -0.23095238095238063 -0.13383458646616542 0.0
33 14 0.6944534632034632 0.8673571428571428 1.01 -0.16079545454545463 -0.14217532467532434 -0.10797619047619061 0.21443170371839598 0.18000000000000002 0.49571428571428566 0.0 0.18721804511278103 0.436038961038952 -0.17619047619048145 -0.06315789473684212 0.03733766233766783
33 15 -1.4730465367965369 -1.3121829004329004 -1.17 0.4039772727272726 0.45 0.501904761904762 0.20622254643329757 0.1657142857142857 0.41000000000000014 0.0 0.20526315789473693 0.3869047619047594 0.0 0.08721804511278194 0.16634199134199196
33 16 0.8875 1.042128787878788 1.18 -0.3592857142857139 -0.30527056277056297 -0.20071428571428435 0.26115254342749356 0.6200000000000017 0.47571428571428565 0.19318181818181623 0.2503759398496241 0.34318181818181914 -0.12857142857142845 0.3263157894736851 0.7795454545454639
33 17 -0.6895941558441556 -0.4716699134199132 -0.17355519480519413 -0.24440476190476196 -0.19440476190476197 -0.1575 0.28777717958362575 0.09999999999999998 1.2814285714285714 0.34686147186148153 0.5270676691729331 1.1482683982683843 -0.12857142857142484 -0.042105263157894736 0.09999999999999981
33 18 1.61 1.6280952380952383 1.64 -0.07440476190476195 -0.04 -0.03 0.16684578105167985 0.08 0.05999999999999983 -0.09047619047618749 -0.03157894736842096 0.0 -0.1 -0.042105263157894736 0.0
33 19 -2.282386363636363 -2.2370335497835496 -2.1975000000000002 -0.5319318181818179 -0.4225 -0.385 0.235841768216278 0.37571428571428733 0.2007142857142865 -0.049999999999998934 0.10563909774436132 0.3146103896103969 -0.1619047619047595 0.19774436090225647 0.46904761904761616
33 20 -1.36 -1.323754329004329 -1.282738095238095 0.37 0.4025000000000004 0.42 0.17691849678578148 0.07 0.15000000000000013 0.0 0.0789473684210527 0.18409090909090708 -0.09999999999999981 -0.007894736842104831 0.05681818181818149
33 21 0.4619534632034632 0.6487911255411257 0.78 -0.10793831168831221 -0.09 -0.07428571428571429 0.2474686666248677 0.09000000000000001 0.9157142857142857 0.0 0.4819548872180451 0.9622294372294427 -0.06904761904761622 0.04736842105263158 0.13809523809523888
33 22 0.8957142857142844 1.3780075757575754 1.8825703463203463 -0.06678571428571428 -0.03690476190476162 0.05 0.34939226309872423 0.3200000000000016 1.8957142857142875 -1.0773809523809696 -0.9977443609022567 -0.8409090909090899 0.0 0.1684210526315798 0.24686147186147656
33 23 -2.9131168831168828 -2.4833971861471857 -2.0560714285714283 -0.013522727272727384 0.06159090909090928 0.14726190476190523 0.3269008198445694 0.28 1.6500000000000004 0.5865800865800952 -2.436842105263158 1.0204545454545366 0.08809523809524084 0.1473684210526316 0.26266233766233227
33 24 2.2920238095238084 2.5791969696969694 2.8855465367965367 -0.10500000000000001 0.045 0.1530465367965368 0.30551252784065874 0.5914285714285714 1.1370779220779221 -0.7380952380952377 -0.5951127819548876 -0.43928571428571317 -0.38409090909090726 -0.3112781954887217 -0.18809523809524087
33 25 -1.4835930735930734 -1.3676515151515152 -1.19 0.17945346320346323 0.215 0.2225 0.22600505044882735 0.1 0.6700000000000002 0.09047619047619415 0.35263157894736846 0.663636363636364 -0.09999999999999995 0.031578947368421054 0.11547619047618772
33 26 -1.26 -0.7603365800865799 -0.4718614718614717 0.0275 0.15559523809523798 0.21420454545454537 0.3638529335430849 0.31 2.0685714285714285 -1.5880952380952327 -1.0755639097744365 -0.10595238095238435 -0.08333333333333609 0.09210526315789432 0.2380952380952409
33 27 -1.3824999999999998 -1.3724036796536798 -1.35 0.057857142857142066 0.1571428571428575 0.2085227272727274 0.19377303874616844 0.2542857142857143 0.17952380952380875 -0.10000000000000009 0.048120300751879695 0.03409090909090695 -0.25 -0.01804511278195488 0.11904761904761949
33 28 -1.408230519480519 -1.3717651515151514 -1.34 0.22892857142857184 0.28 0.2989772727272726 0.2101146807160426 0.5271428571428571 0.09999999999999987 0.0 0.047368421052631504 0.10000000000000009 -0.10000000000000009 0.2195488721804511 0.6258658008658071
33 29 -1.507981601731602 -1.4875551948051946 -1.4685714285714286 0.1675 0.17523809523809553 0.18624999999999997 0.1696318946439259 0.05000000000000002 0.06571428571428584 -0.050000000000000044 0.034586466165413596 0.07857142857142896 -0.07499999999999993 0.002631578947368847 0.0817099567099519
33 30 -1.676022727272727 -1.616417748917749 -1.55 0.2575 0.33159090909090927 0.39249999999999996 0.18266369546336914 0.15000000000000002 0.15999999999999992 0.0 0.08421052631578943 0.14999999999999902 0.0 0.0736842105263158 0.13409090909090732
33 31 -1.52 -1.4939902597402595 -1.485503246753246 0.48916666666666697 0.515 0.5464285714285724 0.1844128247343706 0.20954545454545564 0.11859307359307536 0.0 0.06241740715425019 0.10000000000000009 0.03712121212120861 0.11028708133971349 0.1929653679653759
33 32 -1.2170238095238093 -0.7571287878787872 -0.24821428571428433 -0.14 -0.035 0.11404761904761791 0.3308584957205 0.24761904761904818 1.6050000000000024 0.28095238095237507 0.8447368421052645 1.3933982683982773 -0.20162337662338659 -0.047368421052631574 0.2568181818181825
33 33 -1.8405465367965368 -1.7450411255411258 -1.66 0.18 0.19 0.19 0.18655086335088364 0.03428571428571428 0.30000000000000004 -0.10000000000000009 0.10789473684210484 0.27261904761905265 -0.050000000000000044 -0.018045112781954885 0.0
33 34 1.06 1.0715476190476192 1.0820238095238095 -0.015178571428572053 0.0 0.0 0.16512946009593746 0.07 0.030000000000000027 0.0 0.010526315789473694 0.03095238095238817 -0.0880952380952389 0.013157894736841676 0.1
33 35 0.06195346320346323 0.15890476190476202 0.3147619047619052 0.04 0.05 0.09 0.22206704168983013 0.06 0.6707142857142865 0.11190476190476112 0.3530075187969929 0.5607142857142879 -0.05000000000000001 0.013157894736842535 0.1
33 36 -2.81 -2.809 -2.81 -0.17 -0.16 -0.16 0.15622981865390076 0.010000000000000009 0.010000000000000231 0.0 0.0 0.0 0.0 -0.005263157894736847 0.0
33 37 -1.2060227272727273 -0.7036212121212115 -0.32023809523809477 -0.51 -0.47 -0.3646428571428567 0.29158507008216045 0.24571428571428566 1.3150000000000024 0.1931818181818179 0.6921052631578959 0.9633116883116853 0.011904761904759087 0.12932330827067665 0.1999999999999999
33 38 -1.4930465367965366 -1.4356634199134202 -1.3575 0.31 0.335 0.35 0.182509802323028 0.040000000000000036 0.26 0.0 0.13157894736842105 0.20000000000000018 -0.028571428571428636 -0.010526315789473694 0.0
33 39 -0.016190476190477622 0.49227380952380884 1.0931168831168834 0.53 0.5753138528138524 0.6480465367965368 0.3402950012071778 0.3007142857142865 1.7592857142857152 -1.3785714285714348 -0.9259398496240606 -0.5976190476190435 -0.2336580086580048 -0.15827067669172973 -0.08809523809523878
33 40 -1.5280465367965368 -1.3749015151515152 -1.2275 0.17892857142857144 0.215 0.25 0.21114745798770213 0.26 0.3800000000000001 0.050000000000000044 0.18947368421052638 0.2699134199134223 0.05400432900433377 0.13684210526315788 0.24047619047619456
33 41 -1.3624999999999998 -1.2201244588744589 -1.0448376623376632 0.38857142857142873 0.41568181818181815 0.4707142857142861 0.22445109896386917 0.08571428571428569 0.6146103896103899 -0.3467532467532386 0.1323308270676691 0.628896103896095 -0.16666666666666635 0.003007518796992459 0.09318181818181864
33 42 -0.028333333333335063 0.5450963203463199 1.1324999999999998 -0.01 0.0 0.015595238095238901 0.2916695046676322 0.04 1.4780952380952388 -1.3054112554112696 -0.7684210526315789 -0.028571428571427804 -0.09047619047618766 0.01578947368421053 0.1
33 43 -1.12 -1.116 -1.11 0.25 0.2684090909090907 0.28 0.1597664640645573 0.025714285714285745 0.020000000000000018 0.0 0.005263157894736847 0.0 0.0 -0.013533834586466181 0.0
33 44 -1.3125 -1.28 -1.2464772727272726 0.19 0.25318181818181856 0.32 0.18799272746942836 0.1886363636363637 0.18000000000000016 -0.15000000000000013 -0.0894736842105264 -0.043181818181817766 0.0 0.06578947368421008 0.17857142857142863
33 45 -1.4064285714285711 -1.3517305194805196 -1.2875 0.17 0.18190476190476162 0.26107142857142857 0.1880972315339525 0.07428571428571429 0.1661904761904751 -0.23409090909090713 -0.028571428571428564 0.1750000000000007 -0.1499999999999968 -0.028571428571428564 0.10000000000000009
33 46 -1.8146645021645018 -1.7124556277056282 -1.410595238095238 -0.3770941558441555 0.12246753246753368 0.3025 0.360860276323243 1.0857142857142856 1.244285714285714 0.21829004329004809 0.6548872180451127 0.6517316017316033 0.10000000000000009 0.5714285714285715 0.7527056277056123
33 47 -1.5655465367965367 -1.4897770562770563 -1.379659090909091 -0.0325 -0.03 -0.01 0.19791892461062408 0.07 0.3999999999999999 0.1380952380952405 0.21052631578947364 0.2669913419913361 0.0 0.03684210526315789 0.1
