40 0 -2.959047619047619 -2.447502164502163 -1.9842857142857095 -0.1625 -0.10095238095238124 -0.07 0.3031173136489506 0.163181818181818 1.4974458874458891 0.4996753246753305 -2.5171337434495316 1.0680735930736085 -0.19999999999999996 -0.08588516746411475 0.0
40 1 -1.666547619047619 -1.3910952380952386 -1.1741666666666672 -0.1217045454545455 -0.12 -0.11 0.2936249896480852 0.17443722943723186 1.3944372294372318 -0.9389610389610414 -0.7339143312827535 -0.27456709956709624 0.0 0.09180906812485888 0.13095238095237527
40 2 -2.1125 -1.9615844155844158 -1.8341666666666672 -0.24 -0.2 -0.19 0.22835087854503833 0.09000000000000002 0.726818181818182 -0.626190476190478 -0.2963203463203457 0.09761904761904638 -0.10000000000000009 -0.047368421052631594 0.0
40 3 -1.9024999999999999 -1.8282976190476188 -1.757857142857143 -0.2203409090909091 -0.2 -0.18 0.176920917350598 0.05000000000000002 0.15999999999999992 -0.023809523809509292 -0.01578947368421054 0.19047619047619313 -0.050000000000000044 0.0 0.0
40 4 0.41851190476190225 0.8133744588744589 1.2971428571428572 0.08702380952381022 0.195 0.3004761904761907 0.2860469300132193 0.226818181818182 1.08 -0.564285714285726 -0.17944862155388175 0.6309523809523837 -0.17727272727272564 0.11286169970380622 0.5349567099567142
40 5 2.61 2.699920995670996 2.805833333333335 -0.16 -0.1361904761904761 -0.11 0.20195229797409403 0.1 0.43062770562770725 0.0 0.226646160856688 0.3626623376623406 -0.08409090909090457 0.021052631578947375 0.10000000000000002
40 6 -1.6709523809523812 -1.5705303030303033 -1.4976190476190478 -0.22 -0.215 -0.1820616883116893 0.20601858181049107 0.09 0.48681818181818204 -0.4321428571428543 -0.22664616085668787 0.012229437229435147 -0.08495670995671181 0.024310776942355308 0.10000000000000009
40 7 0.7947619047619037 1.0014512987012982 1.3410714285714285 0.03285714285714243 0.045 0.11928571428571416 0.2632763537399854 0.13 1.0844372294372318 -0.893506493506504 -0.5707564365459116 -0.2840909090909105 -0.1523809523809524 -0.06842105263157895 0.0
40 8 -2.0702380952380954 -1.9965476190476186 -1.9449999999999998 0.0 0.011590909090909275 0.02 0.1934851962132665 0.09681818181818201 0.34363636363636396 -0.2880952380952395 -0.07359307359307314 0.25238095238095726 -0.047619047619044806 -0.019377990430622112 0.09999999999999999
40 9 -2.1425 -2.0963365800865796 -2.0684523809523805 -0.05678571428571374 0.0030952380952375316 0.035 0.21608252293702263 0.15000000000000002 0.49761904761904985 0.05714285714286671 0.26190476190476314 0.5650432900432933 -0.049999999999999975 0.024310776942355294 0.13170995670995161
40 10 -2.354107142857142 -2.2729166666666663 -2.1941666666666677 -0.0625 -0.04 -0.023333333333333595 0.194072828848093 0.14 0.30000000000000027 -0.27023809523810005 -0.01177944862155272 0.2976190476190532 -0.13809523809523888 -0.0736842105263158 0.0
40 11 -0.36488095238095225 -0.19799242424242375 -0.10928571428571048 -0.13 -0.09 -0.017499999999999998 0.258505791034427 0.09 1.0276190476190499 0.028571428571428636 0.5408521303258157 1.3413419913419775 -0.1 0.031578947368421054 0.05
40 12 -2.2181655844155843 -2.098255411255411 -2.035 0.01 0.05 0.06 0.2146042165302704 0.06491341991342091 0.32142857142857495 -0.2721861471861464 0.16917293233082892 0.6706709956709889 -0.09999999999999996 -0.006937799043062106 0.03409090909091001
40 13 -2.170833333333333 -1.9167272727272724 -1.5914285714285716 -0.2125 -0.19404761904761877 -0.18 0.26825822420363726 0.09999999999999998 1.126818181818182 0.019047619047616315 0.49105718842560886 0.9377705627705557 -0.1840909090909046 -0.05263157894736842 0.049999999999999906
40 14 -0.2786904761904772 0.0769956709956705 0.31571428571428506 -0.10535714285714291 -0.1 -0.0851136363636365 0.3021202015586329 0.06318181818181799 1.5648917748917777 -1.0047619047619043 -0.8236272499430409 -0.5949134199134221 -0.050000000000000044 0.003588516746411584 0.1159090909090954
40 15 1.7551190476190492 2.283372294372295 2.941190476190477 -0.14 -0.10241341991341939 -0.025297619047620058 0.42640750234930713 0.196818181818182 2.7113636363636378 0.31190476190476213 1.4217703349282305 2.6918831168831114 -0.24318181818181864 0.010856687172477337 0.19686147186147307
40 16 0.8422619047619035 0.9031753246753242 1.0009523809523806 -0.1825 -0.17 -0.13607142857142876 0.25337547218022494 0.06 0.9914285714285749 -0.8824675324675413 -0.5218045112781973 -0.10952380952380547 -0.09999999999999995 -0.02832080200501312 0.030952380952375264
40 17 -1.4810714285714315 -0.9211709956709966 -0.3032142857142859 -0.4325 -0.36 -0.33 0.31980214802115076 0.10999999999999999 1.686991341991343 -1.295238095238107 -0.8878901799954437 -0.5889610389610384 -0.09999999999999981 0.0368421052631579 0.10000000000000009
40 18 3.13 -3.0825638528138524 -3.03 0.08 0.09 0.10250000000000001 0.18530669925808574 0.12634199134199098 0.21999999999999975 0.0 -3.189473684210526 0.15000000000000124 -0.09999999999999995 0.02990430622009579 0.10000000000000002
40 19 0.96 1.0321634199134198 1.1075 0.10940476190476195 0.12595238095238123 0.13 0.18726670531076473 0.03 0.33062770562770694 -0.28495670995671074 -0.17401458190931943 -0.10000000000000009 -0.009523809523812321 -0.015789473684210527 0.0
40 20 -2.9 -2.7238311688311687 -2.6447619047619035 0.08535714285714201 0.11 0.11 0.24424146657100976 0.133181818181818 0.8738095238095251 0.015909090909094203 0.4598997493734343 0.9271645021644881 -0.11590909090908721 -0.07009569377990421 0.0
40 21 -0.3524999999999999 -0.32827813852813825 -0.33 -0.33 -0.32 -0.32 0.1835506176585267 0.08380952380952494 0.2376190476190499 0.0 0.1250626566416052 0.10000000000000009 0.0 0.044110275689223655 0.0
40 22 -2.63 -2.5178777056277055 -2.3663095238095226 -0.2125 -0.10818181818181855 -0.09 0.2027620536826845 0.19 0.33000000000000007 0.0 0.17368421052631583 0.3027056277056217 -0.10000000000000009 -0.1 0.0
40 23 -1.514642857142858 -1.4958809523809522 -1.47 -0.63 -0.63 -0.5194047619047617 0.1992491428662754 0.39 0.1200000000000001 -0.10000000000000009 -0.06315789473684216 0.0 0.0 0.20526315789473687 0.4000000000000001
40 24 -2.25 -2.2246038961038956 -2.2350000000000003 -0.18 -0.17 -0.17 0.18100146319257457 0.04681818181818201 0.25380952380952504 0.0 0.13358395989975003 0.20000000000000018 -0.034090909090910004 -0.024641148325358953 0.0
40 25 1.0223863636363633 1.0400194805194807 1.0789772727272728 -0.02 -0.0019047619047624688 0.0 0.17571137091961408 0.08 0.16000000000000003 -0.09318181818181892 0.04736842105263156 0.14999999999999958 0.0 0.03483709273182898 0.1
40 26 -1.0827380952380963 -1.0314372294372296 -0.9232142857142862 -0.1925 -0.19 -0.18 0.19098145851741133 0.020000000000000018 0.37 -0.3677489177489257 -0.19473684210526318 -0.021428571428575016 0.0 -0.010526315789473679 0.0
40 27 -1.87 -1.8148225108225104 -1.7730952380952387 -0.3524999999999999 -0.35 -0.35 0.18180589771298122 0.06 0.22681818181818225 -0.05952380952380487 0.11937799043062224 0.31590909090908115 -0.09999999999999953 -0.031578947368421054 0.0
40 28 2.4766666666666675 2.617245670995671 2.6805952380952385 -0.21059523809523806 -0.19 -0.16761904761904733 0.2595542999997017 0.06 1.0776190476190504 0.09999999999999787 -2.7380952380952372 0.9969696969697095 -0.10000000000000009 -0.02105263157894738 0.08571428571429215
40 29 -1.7 -1.6569686147186147 -1.6 -0.04 -0.035 -0.006190476190475787 0.17813761975832632 0.11681818181818202 0.1399999999999999 -0.11904761904761862 -0.05263157894736835 0.0 -0.019047619047624677 0.0542150831624511 0.10000000000000002
40 30 -0.59 -0.589 -0.59 0.06 0.06 0.06 0.15887475353969738 0.04000000000000001 0.010000000000000009 0.0 0.005263157894736847 0.0 0.0 -0.02105263157894737 0.0
40 31 -2.1248809523809524 -2.062595238095238 -1.9641666666666648 0.19 0.21272727272727232 0.26 0.19557446379198584 0.1 0.3600000000000001 0.009523809523812599 0.18947368421052638 0.29523809523809064 -0.15000000000000804 -0.05263157894736842 0.0
40 32 -0.41130952380952784 -0.43816017316017375 -0.28102272727272726 -0.22 -0.22 -0.2159523809523808 0.23842050409852897 0.04000000000000001 0.8714285714285748 -1.1635281385281742 -0.45864661654135513 0.04999999999999977 0.0 0.015789473684210527 0.0
40 33 -2.0791666666666666 -1.8917272727272727 -1.6884523809523808 -0.08428571428571416 -0.07 -0.04750000000000001 0.2225216190440566 0.06999999999999999 0.6906277056277073 0.16904761904762533 0.36348826611984597 0.5467532467532388 -0.09047619047618763 1.460819769243627e-18 0.0
40 34 2.715 2.9423051948051953 3.139523809523812 -0.11404761904761919 -0.09 -0.07 0.2404083251172129 0.06363636363636455 0.873809523809526 0.15909090909091317 -2.8453634085213024 0.5690476190476268 -0.10000000000000009 -0.029904306220095784 0.03409090909091278
40 35 -2.204886363636363 -2.044964285714286 -1.8882142857142858 -0.06 -0.052142857142857504 -0.05 0.20064617359322884 0.020000000000000004 0.5000000000000002 -0.3726190476190472 -0.22230576441102623 -0.15000000000000124 -0.015909090909087265 -0.010526315789473686 0.0
40 36 2.02 2.0453809523809525 2.062380952380952 -0.46 -0.445 -0.4275 0.17160267300957402 0.0969913419913429 0.07000000000000028 -0.10000000000000231 -0.036842105263158044 0.0 0.0 0.05104807473228574 0.09999999999999981
40 37 1.56 1.591254329004329 1.6148809523809522 0.07 0.11499999999999999 0.1325 0.18859227366950604 0.08 0.27380952380952506 -0.20000000000000018 -0.14411027568922372 0.0 -0.10000000000000002 -0.042105263157894736 0.0
40 38 1.8076190476190463 2.356813852813852 2.726547619047618 -0.11 -0.07500000000000001 -0.06 0.3982063926183122 0.136818181818182 2.5880735930735965 -1.1390692640692746 -1.0550125313283214 -0.8072510822510948 -0.049999999999999975 0.045693779904306314 0.030952380952380606
40 39 -1.284047619047619 -1.2665238095238096 -1.2376190476190476 0.245 0.29555194805194784 0.32 0.18972681957716658 0.11000000000000001 0.18999999999999995 -0.16428571428571903 -0.09999999999999998 0.0 -0.1999999999999999 -0.05789473684210528 0.09999999999999981
40 40 1.1897619047619037 1.5327229437229433 1.860119047619047 -0.09 -0.08 -0.06965909090909093 0.2878641624856457 0.043809523809524936 1.444264069264071 -0.8437229437229576 -0.7601389838231952 -0.669047619047618 -0.09318181818181857 -0.023057644110276287 0.016666666666667468
40 41 -1.61 -1.6008095238095237 -1.5975000000000001 0.1175 0.12 0.14 0.1630660644803693 0.066818181818182 0.020000000000000018 0.0 0.0020050125313289683 0.0 -0.10000000000000002 -0.03516746411483263 0.0
40 42 -1.83 -1.7781190476190474 -1.788809523809523 -0.06 -0.05068181818181815 -0.04 0.1858284779269061 0.026818181818181998 0.2938095238095251 0.0 0.1546365914786974 0.2825757575757659 -0.08409090909091269 -0.0069377990430621065 0.040909090909088675
40 43 -1.7467857142857144 -1.740285714285714 -1.7323863636363641 -0.0925 -0.08 -0.06 0.17195475125304735 0.12 0.07681818181818212 -0.050000000000000044 0.029904306220095843 0.10000000000000009 -0.10000000000000009 -0.06315789473684211 0.0
40 44 -2.86 -2.8455 -2.8484523809523807 0.01 0.01468614718614791 0.02 0.16453651948764042 0.01 0.10380952380952513 0.0 0.054636591478697434 0.06590909090909536 0.0 0.005263157894736842 0.0
40 45 -0.7635714285714311 -0.6202889610389616 -0.4071428571428567 -0.08059523809523805 -0.0474999999999996 0.03 0.24436285367232086 0.12681818181818094 0.746991341991343 -0.9062770562770617 -0.3931533378901805 0.08495670995671223 0.0 0.05789473684210524 0.10000000000000002
40 46 -2.0 -1.992659090909091 -1.99 -0.15714285714285758 -0.15 -0.15 0.15888296405340505 0.03 0.020000000000000018 0.0 -0.005263157894736847 0.0 -0.019047619047616177 -0.015789473684210527 0.0
40 47 -0.9261904761904773 -0.9357196466324375 -0.89 0.10845238095238081 0.12 0.12 0.1881082969811371 0.06 0.3018604651162796 -0.23095238095238335 -0.15887392900856823 0.0 -0.09999999999999995 -0.031578947368421054 0.0
