50 0 -1.6793191 -1.3065885400000001 -1.0325890000000002 0.11658035000000017 0.1231507999999999 0.13059260000000011 0.3110507077518885 0.09184499999999995 1.5905356 -0.9821919999999995 -0.6459475789473684 -0.590634000000001 -0.06342799999999871 0.023417789473684284 0.05165300000000039
50 1 0.3201700999999999 0.33611187999999986 0.33397039999999967 0.5549793000000002 0.5864734999999999 0.6143802500000003 0.17279882009328984 0.09724580000000005 0.10154759999999952 0.015386000000003897 0.05344610526315764 0.08572199999999919 -0.0810120000000003 -0.013320210526315853 -0.027945999999998694
50 2 2.671355 2.895702348 -3.12147871 -0.12754680000000002 0.031823900000000016 0.053128799999999976 0.3135926220301688 0.5418383999999998 1.2017470799999996 -0.15847579999999972 -2.734999494736843 1.2798640000000017 -0.5623739999999999 -0.2851781052631578 -0.006437000000000248
50 3 -1.7117867 -1.2266598400000002 -0.8575497000000001 -0.08217379999999996 -0.06038219999999994 -0.04166780000000003 0.354430159037239 0.1750864000000001 1.6047911999999998 -0.6245460000000003 0.8446269473684209 1.9898180000000032 -0.03375499999999976 0.09215073684210531 0.20582700000000065
50 4 -1.7900041 -1.4354353 -1.0584469 0.3875858999999999 0.5275042999999999 0.5481262499999998 0.35846929688118806 1.2125110000000003 1.0809136000000001 -0.7557980000000009 -0.5689018947368423 -0.17678199999999977 -0.04301800000000133 0.555085894736842 0.7741669999999989
50 5 0.7783432000000002 0.8112001600000001 0.8428859 0.4665098 0.4773270999999999 0.4828456500000001 0.17022386142322607 0.07909659999999974 0.07021039999999967 -0.040192000000003336 0.011601473684210483 0.08948999999999874 -0.007535999999999099 0.03691978947368414 0.05463600000000124
50 6 0.44677489999999975 0.50228068 0.5804918000000002 0.3298883999999999 0.4190644000000001 0.42201600000000006 0.18661305022832164 0.1564348000000002 0.2003320000000004 -0.15825600000000106 -0.10543789473684231 0.020409999999999595 -0.007849999999997026 0.08040052631578967 0.13313599999999814
50 7 0.5275042999999997 0.54191062 0.5574284999999997 -0.6675247500000001 -0.5734896 -0.5001549000000001 0.1959786638601688 0.413381 0.02939040000000004 -0.04050599999999571 0.012328631578947433 0.07159200000000032 -0.32184999999999964 -0.21274326315789488 -0.05290900000000043
50 8 0.5915445999999999 0.60706876 0.6208722000000002 0.5208396500000002 0.5273944000000002 0.52956885 0.16345429100093314 0.03614139999999999 0.0656260000000004 -0.01381600000000427 0.029681263157895123 0.06154399999999782 -0.006279999999998509 0.016460210526316042 0.03830800000000245
50 9 -0.42766800000000016 -0.25749256000000004 0.024460600000000166 -0.7629336500000001 -0.5277555 -0.19259975000000007 0.37176266288437254 0.9866822000000001 1.2645408000000002 -0.978737999999999 -0.6655477894736844 -0.20629800000000253 -0.4366169999999986 -0.17463357894736845 0.550756
50 10 -1.9591245000000002 -1.2738405380000002 -0.6040731999999999 0.48293984999999984 0.5223233000000003 0.5609531500000001 0.4064321177810607 0.12607100000000004 2.7279378000000003 1.2905399999999978 1.4357567368421054 1.620302800000002 -0.0015700000000018477 0.06635315789473686 0.12089000000000016
50 11 2.2557603000000004 2.6642906280000007 -3.13074956 0.1289127000000001 0.14255600000000002 0.1545586500000002 0.3061579109079396 0.03626699999999983 1.6419562399999998 0.6655858000000014 -2.4544818105263158 1.0145340000000003 -0.0606019999999996 -0.003404421052631542 0.08179699999999901
50 12 -1.7316629000000001 -0.8222005220000002 0.2392052 0.17511779999999993 0.18927919999999998 0.20607819999999988 0.4608067576209332 0.07535999999999965 3.1267806 -2.1044280000000004 -1.732248757894737 -1.5922940000000008 -0.08462300000000145 0.03966315789473666 0.14381200000000205
50 13 0.42372730000000025 0.44903884000000005 0.47103139999999966 0.6318700500000001 0.6507179000000001 0.6615587500000001 0.17169065837672928 0.11932000000000009 0.05765039999999999 -0.05620600000000309 0.019633263157895077 0.08572200000000141 -0.018369000000000302 0.043629473684210454 0.137531999999998
50 14 0.3497175000000001 0.4319446800000001 0.5047549999999998 0.33732235000000005 0.3940386 0.5587316000000001 0.20999788704870373 0.2523618000000001 0.2537747999999995 -0.24617600000000017 -0.12992989473684177 -0.005337999999999177 -0.1369039999999988 0.13282200000000005 0.26109099999999996
50 15 -0.7840423000000001 -0.2809923199999999 0.2853475000000003 0.10543334999999981 0.1214866 0.17670350000000012 0.2795314933926527 0.07605079999999997 1.2974479999999997 -1.0063700000000009 -0.6828673684210526 -0.22482399999999902 -0.09828200000000065 -0.04002673684210525 0.016798999999999564
50 16 0.48820719999999984 0.64030566 0.8210472000000002 -1.02251745 -0.8905354000000001 -0.5502300499999999 0.2958113621945637 0.8968468 0.3697035999999998 -0.6251739999999995 0.17474926315789466 1.101512 -0.7170189999999999 -0.3908969473684212 -0.11194099999999985
50 17 0.08099629999999991 0.08702823999999987 0.09635089999999968 0.41215640000000003 0.41637970000000013 0.4208306500000001 0.16271471882768473 0.039375600000000066 0.05036560000000012 -0.061230000000001006 0.0018509473684209872 0.06656800000000018 -0.007222000000000062 0.020724000000000034 0.042704000000000075
50 18 -0.15649760000000001 0.15106853999999997 0.42906529999999987 0.3018639 0.3738798000000001 0.3972335499999998 0.2696937564582579 0.31016920000000026 0.9845155999999999 0.3912439999999995 0.5181661052631579 0.6989640000000019 -0.04254700000000167 0.14176273684210547 0.34335899999999864
50 19 -0.8287558999999999 -0.27053925999999995 0.2548895000000002 0.013604049999999868 0.12382590000000016 0.32919760000000015 0.36894606347099684 0.44179800000000014 1.9333607999999998 -0.9451399999999976 -0.3296669473684209 0.02354999999999885 -0.40678699999999957 -0.11315568421052624 0.11304000000000092
50 20 0.5917957999999996 0.6656674400000001 0.7790339999999999 0.38988595000000004 0.4203361000000001 0.5304951499999999 0.1983303731926527 0.1999552 0.2969811999999994 -0.12685600000000186 -0.09608399999999967 0.08289600000000563 -0.04945500000000047 -0.05815610526315781 0.08996099999999951
50 21 -0.02257660000000017 0.17181765999999993 0.41455849999999994 0.16279329999999997 0.2903243999999999 0.43994540000000004 0.24731525217290756 0.3155386 0.6948192 -0.3724039999999995 -0.15971031578947367 0.3598440000000003 -0.3108600000000006 -0.16080105263157898 -0.009576999999999503
50 22 0.42829600000000045 0.4287293200000003 0.4289868000000001 0.8719152000000003 0.8728572000000001 0.8728572000000001 0.1550076791283216 0.0022922000000002996 0.003956399999999416 0.0 0.0006941052631576364 0.0034539999999982918 -0.004709999999998882 -0.0012064210526317367 0.0
50 23 0.4307137999999999 0.4401338000000001 0.4565403000000001 0.5907203499999999 0.5958778 0.6001011000000002 0.16411127660157007 0.04414840000000009 0.037052000000000085 -0.07253400000000187 -0.013320210526315619 0.018212000000001893 -0.0136589999999992 0.017203894736842064 0.04191899999999915
50 24 0.16850810000000016 0.5295295999999998 0.9192193 0.13645655000000007 0.3113781 0.32482514999999984 0.3009772474920157 0.374916 1.3090032000000003 -0.9068319999999996 -0.688949052631579 -0.2314179999999988 -0.33111299999999844 -0.1973242105263158 -0.016798999999999564
50 25 0.3469700000000002 0.3476859200000001 0.34772360000000013 0.48725735000000003 0.4887096000000002 0.49215575 0.15555011610220698 0.008729199999999881 0.0022607999999997297 -0.0009419999999993323 -0.0007271578947367162 0.0 0.0 0.004594315789473622 0.007850000000002577
50 26 0.4576863999999996 0.47005172 0.46622719999999984 0.44798380000000004 0.45008760000000025 0.45121014999999987 0.16640522565507324 0.024837399999999565 0.1105280000000004 -0.03265600000000202 -0.055693684210526416 0.0025119999999989595 -0.02103799999999989 -0.011832842105263107 0.00486699999999729
50 27 -0.3505967000000001 0.6067045199999999 1.4374920000000007 -0.22900019999999993 -0.20351909999999995 -0.18001619999999996 0.4566083887811877 0.36951519999999993 2.9693096000000003 -2.172252000000001 -1.5627945263157899 -1.0440499999999986 -0.17505500000000063 -0.12495547368421049 0.19515100000000007
50 28 0.575562 0.6020259200000001 0.6576729999999998 0.47552945 0.4838111999999999 0.48601704999999995 0.19552090494297134 0.15364020000000034 0.21502719999999975 -0.16956000000000415 -0.11317221052631565 -0.033911999999998166 -0.015699999999998493 -0.08086326315789491 0.02716099999999999
50 29 0.7401294 0.7644738200000001 0.7895844000000004 0.3075002 0.38562339999999995 0.43448965000000006 0.20047893460985022 0.41705480000000006 0.09162519999999974 -0.030143999999998616 0.048223789473684074 0.09796799999999939 -0.2336159999999976 -0.21950252631578948 -0.09482799999999902
50 30 0.3938501999999998 0.41744415999999995 0.4371665 0.23317640000000006 0.24437049999999993 0.2537983500000001 0.1675706939792771 0.025245599999999868 0.11071640000000027 -0.07912799999999942 -0.05827178947368435 -0.03454000000000068 -0.031714000000000464 -0.001850947368421104 0.03611000000000142
50 31 -0.17343790000000003 0.09015253999999992 0.48439209999999977 -0.33611345 0.13938460000000008 0.6169000999999998 0.3789192426525255 1.1927918000000004 1.1216080000000002 -1.135109999999997 -0.1671141052631581 0.674157999999998 -1.0266229999999976 -0.605937368421053 -0.08415200000000067
50 32 0.6021421 0.6583952000000001 0.6896068 0.47348845000000017 0.5215697000000001 0.5372147500000001 0.18037767210220687 0.10113939999999966 0.19223079999999948 -0.04678600000000088 0.06964189473684197 0.07284800000000535 0.01993899999999993 0.052008315789473514 0.06986500000000007
50 33 -2.0677685 -1.27512574 -0.7439916000000001 0.021273499999999945 0.10247390000000012 0.23677954999999995 0.48667203849201607 0.3803167999999999 3.1334687999999997 -2.7490700000000015 -1.6356094736842106 -0.584353999999998 0.12968200000000096 0.2001667368421052 0.3571749999999996
50 34 -1.1561323 -0.68952202 -0.13583639999999997 1.1443023500000002 1.3110442 1.46521035 0.34863159179265285 0.6023775999999996 1.219262 -1.2343340000000014 -0.4194048421052633 0.340376 -0.6096309999999994 0.011155263157894543 0.5703809999999976
50 35 -0.3158211999999999 -0.08125691999999998 0.16404929999999984 0.4238686000000001 0.8562466 1.2106191499999999 0.31281051911876756 0.9230030000000005 0.7279776000000004 -0.07284799999999869 0.3831461052631581 0.7959899999999998 -0.8846949999999998 -0.4857910526315792 -0.061229999999998785
50 36 0.4746581000000002 0.4759455000000001 0.47731139999999994 0.4550959 0.4600099999999998 0.4614779499999998 0.1558926870518885 0.011209800000000048 0.003077199999999891 -0.005023999999993478 -0.0010246315789470316 0.0 -0.0015699999999996272 0.005850315789473511 0.01852600000000093
50 37 1.7828448999999997 2.3198294880000003 2.8860682 0.20417849999999993 0.2796955000000001 0.3661397 0.37855302612768493 0.33258880000000013 2.13050884 0.7300500000000021 -2.1839427157894744 1.431620199999999 -0.30960399999999666 -0.1073549473684211 0.038935999999998305
50 38 0.022074199999999822 0.03271879999999996 0.03501099999999968 -0.24119910000000006 -0.22472979999999998 -0.18063634999999995 0.1710430078264108 0.10986859999999998 0.06864040000000005 0.0018839999999986645 0.0361265263157895 0.06311399999999745 0.012874000000000496 0.03996063157894744 0.08556500000000189
50 39 0.44069899999999995 0.67049048 0.8025368999999999 0.2441036000000002 0.2794757 0.36370619999999987 0.24870809932895835 0.16981120000000005 0.898479599999999 0.12371599999999816 0.47288399999999947 0.6816940000000016 0.0461580000000017 0.08451557894736839 0.1265420000000006
50 40 0.22684929999999992 0.29440954 0.4503701999999997 0.19341615000000006 0.2853004 0.3269681999999999 0.26584292031112416 0.46839379999999986 0.8112504 -0.015386000000001676 0.3935907368421053 0.8446599999999993 0.05055400000000043 0.24652305263157892 0.38339400000000023
50 41 0.29255379999999964 0.3362469 0.36816499999999985 0.33635679999999996 0.35249639999999993 0.36000885 0.17552335786781204 0.04110259999999988 0.18871399999999916 -0.15134800000000226 -0.04776105263157883 0.06405600000000122 -0.07457499999999895 -0.021632947368420988 0.032970000000001054
50 42 0.5681359 0.6804003200000001 0.7967593000000002 0.26246474999999997 0.26815599999999995 0.3668776000000001 0.1986070790716337 0.19135160000000018 0.3028843999999995 -0.26658599999999977 -0.15924757894736818 -0.020723999999998632 -0.20535599999999876 -0.09286136842105283 0.010675999999997243
50 43 0.36519770000000007 0.38989694 0.40810579999999996 0.15025685000000016 0.19457010000000008 0.3403602999999999 0.20526508720539166 0.4766834000000002 0.05337999999999976 -0.05432199999999998 0.014047368421052569 0.07724400000000298 0.11979099999999909 0.2508860000000001 0.3755439999999999
50 44 0.5599091000000004 0.60268218 0.6389899999999997 0.10084110000000007 0.11666670000000001 0.16764459999999987 0.18808247883914964 0.1564661999999999 0.22130720000000004 -0.19436600000000137 -0.11647747368421055 -0.0810120000000003 -0.14993499999999882 -0.08235063157894731 0.00015700000000173908
50 45 0.5444289 0.5461716000000001 0.5478044000000004 0.27749750000000006 0.27876919999999994 0.28013509999999997 0.15672885510029613 0.013564799999999932 0.006845199999999885 -0.005337999999999177 -0.0008924210526314138 0.005337999999999177 -0.006750999999999285 -0.007139368421052596 0.00989099999999854
50 46 0.4423946000000002 0.49175226 0.5362963000000002 0.3409726 0.48188010000000014 0.5424114500000001 0.20381775680666553 0.35639 0.20334640000000048 0.05683400000000338 0.10702442105263184 0.17175800000000185 0.1287399999999972 0.1875736842105263 0.21352000000000038
50 47 0.5394676999999997 0.58735898 0.6529787 0.3458945500000001 0.39443110000000015 0.4069832499999999 0.18487086006462733 0.12001079999999997 0.20887279999999997 0.027631999999999657 0.0991248421052631 0.18243400000000687 0.014286999999999495 0.06144484210526304 0.12701300000000026
