51 0 -0.35106769999999987 -0.23003326 -0.128112 0.047555300000000245 0.21278209999999986 0.23382795000000012 0.210947676825137 0.2522047999999999 0.3100436000000002 -0.3485399999999994 -0.16318084210526326 0.04929799999999984 -0.0009420000000015527 0.13273936842105258 0.16014000000000195
51 1 -0.7119792999999999 -0.38806318000000006 -0.10982150000000024 0.009074600000000155 0.05309739999999985 0.08605170000000001 0.23168334250475467 0.1290853999999999 0.6366035999999999 -0.11712200000000061 0.2879875789473685 0.6989639999999997 0.035168000000000976 0.06696463157894728 0.08525099999999841
51 2 -0.22312840000000023 -0.1841955400000001 -0.14230480000000012 -0.04556139999999986 -0.009828199999999954 0.041236050000000024 0.1744591248455191 0.12770380000000014 0.09419999999999984 0.0 0.043034526315789585 0.0844659999999986 0.020566999999999114 0.06721252631578956 0.10707399999999923
51 3 -0.38298580000000015 -0.35947662 -0.3328713999999998 -0.3630311 -0.35199400000000003 -0.33090890000000006 0.17355598105061465 0.08267619999999987 0.10311760000000003 -0.009419999999997763 0.04888484210526333 0.15354600000000218 -0.15621499999999955 -0.012989684210526223 0.11005699999999896
51 4 -0.1629503 -0.1463397 -0.13164450000000005 0.04366169999999997 0.21761770000000003 0.39013715 0.20297788257991403 0.4135694000000001 0.058969199999999944 -0.07849999999999913 0.019732421052631614 0.09608400000000072 0.028888000000000247 0.21766810526315794 0.3832369999999996
51 5 -0.3020208999999999 -0.2560356 -0.21019159999999992 0.23211665000000015 0.27369809999999994 0.2937548499999999 0.17578943248373563 0.08525099999999997 0.1560579999999998 -0.12968199999999985 -0.07281494736842102 -0.00031399999999903727 0.01836899999999919 0.044868947368421036 0.06515499999999896
51 6 -0.24650569999999994 -0.23091246000000004 -0.21507430000000016 -0.2539867500000001 -0.16343700000000005 -0.10049570000000002 0.17702390774551902 0.188871 0.045843999999999774 -0.045215999999999035 0.02412842105263146 0.07033599999999973 -0.11398200000000025 0.03890294736842109 0.1483650000000003
51 7 -0.29147049999999997 -0.28105512000000005 -0.2739021999999999 -0.22834864999999988 -0.04928229999999989 0.034233849999999955 0.1832920240423343 0.2718297999999999 0.033535199999999765 -0.01475799999999916 0.009056421052631625 0.047728000000000215 -0.05651999999999879 0.1128582105263158 0.1230880000000012
51 8 -0.2537591000000001 -0.19094340000000004 -0.12225589999999997 0.03176110000000021 0.051354700000000086 0.06421300000000013 0.1763175013455191 0.04195039999999972 0.18833719999999987 -0.14915000000000234 -0.08887852631578927 -0.0006279999999980745 -0.040192000000000005 0.005833789473684087 0.02825999999999884
51 9 -0.21381830000000024 -0.21408519999999998 -0.21319030000000005 -0.015401699999999963 -0.0107545 -0.008375950000000021 0.16253169777418147 0.07137220000000011 0.011366799999999788 -0.0025119999999989595 0.004329894736842152 0.002197999999997702 0.006437000000000248 0.037564315789473744 0.028259999999999952
51 10 -0.3283341000000001 -0.3224999800000001 -0.3160723999999999 0.05965999999999999 0.07341320000000007 0.09679834999999998 0.16022160820029624 0.031054600000000265 0.019593600000000322 -0.03359800000000135 -0.008725894736842231 0.0037679999999995495 -0.000628000000000295 0.01631147368421065 0.04427400000000081
51 11 -0.14830220000000005 -0.14109276000000004 -0.1349572000000001 -0.08313150000000002 -0.0618109 -0.05469094999999996 0.15930344288692044 0.030991800000000014 0.01953080000000007 -0.015700000000002934 -0.010279368421052669 0.0015700000000018477 -0.0001569999999984084 0.016311473684210532 0.02841699999999947
51 12 -0.3353520000000001 -0.3134850400000001 -0.28286690000000003 0.030505099999999896 0.09220609999999996 0.16780945000000008 0.1817633536378758 0.1833446000000003 0.10807879999999992 -0.1158659999999978 -0.001553473684210438 0.1375320000000002 0.00989100000000076 0.09124178947368436 0.14067199999999946
51 13 -0.22804249999999993 -0.22525731999999996 -0.22402329999999993 -0.019444449999999835 0.007630200000000142 0.01818844999999991 0.16010257697927702 0.05714799999999998 0.006468399999999708 -0.001884000000000885 3.305263157907976e-05 0.0031399999999992545 0.013816000000000939 0.02926810526315791 0.0298300000000018
51 14 -0.32825559999999987 -0.3246289 -0.32015440000000006 -0.10856550000000009 -0.10567670000000007 -0.0946317499999999 0.15763413680921337 0.011523799999999973 0.014946399999999915 -0.015072000000000418 -0.00446210526315777 0.003454000000000512 -0.008164000000001614 0.003768000000000017 0.016642000000000046
51 15 -1.3628228 -0.78719486 -0.22926709999999983 -0.18373710000000004 -0.09996189999999983 -0.08521174999999992 0.3150219725448822 0.13637020000000022 1.653524 0.5840400000000001 0.8702757894736843 1.1812679999999998 -0.02103799999999878 0.07177378947368433 0.13596200000000058
51 16 -0.25722880000000026 -0.20348456000000006 -0.1370138999999998 0.0772989500000002 0.10732520000000001 0.1280021 0.18206071581813052 0.059440200000000054 0.1797335999999996 -0.24083799999999878 -0.03586210526315803 0.18306199999999828 0.005023999999999029 0.030226631578947366 0.057462000000000346
51 17 -0.11432739999999997 -0.09102546000000004 -0.06518639999999998 -0.006821650000000068 0.03295429999999999 0.03629054999999998 0.17056051883660195 0.08229940000000013 0.09325799999999962 -0.09263000000000021 -0.04908315789473664 -0.015071999999998198 0.020723999999999743 0.0433154736842106 0.04741400000000007
51 18 -0.34312350000000014 -0.32128166 -0.3084735999999999 -0.2994068500000001 -0.27905179999999996 -0.25629465000000007 0.1692593232939267 0.03928139999999991 0.08930159999999976 -0.09482799999999791 -0.03986147368421055 0.011304000000000869 -0.06421299999999963 0.009717473684210533 0.07096400000000114
51 19 -0.03471270000000004 0.1617414 0.34470920000000005 -0.24211754999999996 -0.04601670000000002 0.1269187999999999 0.2734522163614428 0.6144038 0.5648232000000002 -0.41228199999999715 -0.01708821052631575 0.6082180000000004 -0.10581800000000086 0.21266063157894746 0.4334769999999999
51 20 -0.25482669999999996 -0.12285564000000004 -0.07030459999999994 -0.01377675000000006 0.017521200000000015 0.12764100000000006 0.2183409581079395 0.17194639999999994 0.5474276000000002 -0.02857399999999899 0.0861351578947371 0.3158839999999996 -0.003611000000000031 0.08302821052631587 0.1573139999999995
51 21 -0.34047020000000006 -0.32287363999999996 -0.30706060000000013 -0.06082964999999996 0.029563100000000064 0.03709125000000013 0.17449833522768465 0.1642847999999999 0.06166959999999966 -0.052752000000000354 -0.012890526315789451 0.03705199999999964 0.027788999999999175 0.08646568421052626 0.12968200000000096
51 22 -1.3056434 -0.9922305800000002 -0.7555468000000002 -0.06623044999999994 -0.03405329999999995 0.07138789999999995 0.2597862809047546 0.11969679999999983 0.639932 -0.5331720000000006 0.19481221052631567 0.8415200000000012 -0.03454000000000179 0.0629983157894736 0.10142200000000101
51 23 -0.3026175000000002 -0.2748944400000001 -0.2561140999999999 0.037099099999999996 0.049172400000000005 0.0797481499999999 0.17109766070284396 0.06879740000000023 0.11542640000000004 -0.10016600000000153 0.012229473684210427 0.06562600000000085 0.016485000000001637 0.036209157894736964 0.064055999999999
51 24 0.19097480000000022 0.26798330000000015 0.43980410000000025 -0.07459854999999999 0.05970710000000001 0.09117775000000011 0.2256455054257738 0.1940520000000001 0.3680707999999999 -0.40380400000000094 -0.11386631578947376 0.2361279999999999 -0.050240000000000284 0.07702915789473685 0.1293679999999997
51 25 -0.24129330000000015 -0.23618766000000013 -0.22840360000000004 0.030081200000000086 0.03926570000000018 0.04379515000000006 0.1583017195041178 0.01799219999999968 0.019153999999999893 -0.004082000000003028 -0.004957894736842097 0.031399999999999206 -0.0006279999999980745 0.009089473684210472 0.01726999999999923
51 26 -0.37918640000000003 -0.3291818999999999 -0.20689460000000004 0.12938369999999982 0.2232696999999999 0.28854244999999995 0.2172780721850095 0.1876150000000003 0.49643400000000026 -0.41290999999999967 -0.26095052631578947 0.016642000000002266 -0.014443999999999013 0.07552526315789491 0.14035800000000154
51 27 -0.2713274000000001 -0.22126638000000004 -0.17973359999999972 0.00730835000000013 0.008415199999999845 0.019350250000000013 0.1687401073346911 0.027726200000000034 0.11957120000000021 -0.14224199999999465 -0.0539418947368422 0.030458000000002095 -0.015542999999997864 0.0038836842105263287 0.01742699999999875
51 28 -0.1597004000000002 -0.15144534000000004 -0.151034 -0.22029454999999998 -0.21025440000000017 -0.19767084999999995 0.16300265391558286 0.048167599999999755 0.048481600000000125 0.0037679999999995495 0.025516631578947433 0.040191999999998895 0.011460999999999277 0.0253513684210525 0.03972099999999923
51 29 -0.19461720000000016 -0.19399547999999997 -0.19124170000000018 0.06400889999999998 0.06823220000000019 0.0709875499999999 0.15621982769711146 0.012842599999999926 0.007096400000000003 -0.0009420000000015527 0.0017187368421051356 0.00251200000000118 -0.01491499999999979 -0.002247578947368308 0.012717000000002088
51 30 -0.08308440000000006 -0.02158436000000006 0.030928999999999873 -0.1249249 -0.11125019999999997 -0.08886984999999992 0.18579692736080577 0.11194099999999985 0.23983320000000008 -0.24586200000000114 -0.08352399999999985 0.07818600000000009 0.014443999999999013 0.0589163157894736 0.07912800000000164
51 31 -0.3287737000000003 -0.26255738 -0.19441310000000012 0.003705200000000075 0.12501910000000005 0.19562200000000007 0.19313838367099678 0.21750780000000014 0.13778319999999988 -0.2367560000000002 0.04557957894736844 0.28071599999999863 0.00047100000000077635 0.1120318947368422 0.1920109999999997
51 32 -0.22962819999999995 -0.2238506 -0.2168641 -0.07378214999999988 -0.05697530000000006 -0.04394430000000016 0.160474052723226 0.03683219999999987 0.031211599999999784 -0.029516000000000542 -0.016427157894736727 -0.003767999999997329 0.002983000000000846 0.019385368421052564 0.02982999999999958
51 33 -0.25509360000000014 -0.20542194000000005 -0.15800479999999983 -0.25436354999999994 -0.11905310000000002 -0.015119100000000052 0.19691300355698405 0.26153059999999995 0.18538560000000004 -0.18839999999999968 -0.0704682105263157 0.053693999999999686 -0.0009419999999993323 0.13161557894736842 0.24005300000000007
51 34 0.09219040000000012 0.31302660000000004 0.5482754 0.1507435499999999 0.16042260000000008 0.16790365000000002 0.24241276957991387 0.018683000000000005 0.8015163999999997 -0.8669539999999976 -0.4218507368421051 0.18306199999999828 -0.005023999999999029 0.004214210526315724 0.023079000000000294
51 35 -0.4803415000000001 -0.37200521999999997 -0.2668058 -0.11460215000000007 -0.06349080000000007 0.057132299999999914 0.20640833177991394 0.1897502000000002 0.3867852000000003 0.12089000000000238 0.20357115789473698 0.2769479999999991 -0.019311000000000744 0.09395210526315803 0.12607100000000204
51 36 -0.2464428999999999 -0.06426952 0.19846370000000013 0.045993150000000205 0.1297762 0.1765308 0.22511242532449988 0.15816179999999957 0.5911363999999999 -0.050240000000001395 0.3065962105263158 0.37554399999999877 -0.0136589999999992 0.07187294736842087 0.08462300000000034
51 37 -0.22405469999999994 -0.21254974000000004 -0.21099230000000002 -0.1354046499999999 -0.032577499999999926 0.031101699999999954 0.18009038772577396 0.21122779999999985 0.05790160000000011 -0.026376000000001287 0.03047452631578953 0.06593999999999767 0.04191900000000248 0.1111725263157894 0.12701300000000026
51 38 -0.7835869999999998 -0.5047424399999999 -0.24856239999999996 -0.18986794999999995 -0.07496750000000008 -0.04103195000000004 0.255165939981188 0.17025080000000004 0.9563183999999998 -0.7344459999999975 -0.40185389473684197 -0.18745799999999813 0.023078999999999184 0.08834968421052633 0.14805100000000015
51 39 -0.27225369999999993 -0.22856687999999997 -0.17708029999999997 0.04836385000000015 0.0881712 0.10811805000000002 0.17827252907672925 0.12016780000000016 0.1356480000000002 -0.15417400000000026 -0.02832610526315776 0.02951599999999832 0.02606199999999892 0.06324621052631588 0.10032299999999994
51 40 -0.13734360000000023 -0.10382410000000002 -0.0712936999999999 -0.05147244999999995 -0.02775760000000005 -0.007237700000000014 0.17571763081112415 0.14123720000000017 0.09338360000000012 -0.08917600000000192 -0.045976210526316 0.01350199999999857 -0.04129100000000108 0.07433536842105272 0.13282200000000022
51 41 -0.9185442000000003 -0.6304586200000001 -0.4042122 -0.07768359999999991 -0.04009779999999996 0.0058796499999998475 0.2270705897971114 0.12051319999999999 0.6538735999999998 -0.3381780000000001 0.004429052631578924 0.5250080000000001 -0.01962500000000089 0.05799084210526311 0.1456959999999996
51 42 -0.21615759999999995 -0.13044188000000004 -0.013501999999999903 -0.05183355000000006 -0.025763699999999945 0.0010833000000000648 0.19574063827163382 0.11470420000000003 0.3341588 -0.24837400000000232 -0.17587305263157893 -0.16170999999999935 0.0422329999999993 0.060370631578947384 0.07677299999999776
51 43 -0.2206634999999998 -0.19385731999999997 -0.16265200000000002 -0.15348320000000004 -0.10132780000000008 -0.08653055000000004 0.1754183633837357 0.10101380000000004 0.07623920000000028 -0.14349799999999968 -0.03149915789473703 0.04678600000000088 0.0031400000000003647 0.053165157894736866 0.09812500000000002
51 44 -0.36791379999999996 -0.3001934200000001 -0.22231200000000018 -0.20450820000000008 -0.07889250000000003 -0.03458709999999998 0.1877025874334172 0.19289020000000012 0.15185039999999983 -0.08069799999999683 -0.06944357894736844 0.06970799999999722 0.004082000000000807 0.10152115789473691 0.12198900000000013
51 45 0.7963824999999999 1.1168823 1.6128924000000002 -0.0045215999999999035 0.013093800000000044 0.15040599999999987 0.3421957614990222 0.1965954000000003 1.0559819999999998 -1.927960000000002 -0.5557799999999998 0.5812139999999966 -0.11586600000000113 0.08912642105263166 0.1904410000000012
51 46 -0.27355680000000004 -0.27085640000000005 -0.26558119999999985 0.016249499999999972 0.03218499999999991 0.053937349999999995 0.16144657169265286 0.05341139999999989 0.009671200000000102 -0.017583999999997157 -0.0035366315789472766 0.00125600000000059 0.011775000000000535 0.028111263157894677 0.043803000000000036
51 47 -0.10688560000000003 -0.10504242000000005 -0.05711660000000007 0.011304000000000203 0.015542999999999862 0.0329307499999999 0.1808154455920159 0.04920379999999991 0.24944159999999993 -0.21728799999999993 -0.1312850526315789 -0.01475799999999916 0.0 0.02232705263157874 0.02825999999999884
