6 0 -1.0100000000000002 -0.9986215370595387 -0.9900000000000007 0.06 0.07 0.07 0.15978006409996356 0.010000000000000009 0.040000000000000924 0.0 0.021052631578947854 0.09999999999999787 0.0 0.005263157894736839 0.03877631739077125
6 1 0.8122189310590564 1.1229976384075497 1.4357118159055682 0.6123599762698463 0.675 0.7024999999999999 0.2634287589583252 0.1900685204366197 0.9627880367549112 -0.7244024915333508 -0.5067305456604796 -0.3304864989516526 -0.22360997750482448 -0.10003606338769458 0.0
6 2 3.0790006882015897 3.0869408578181465 3.1 0.07646527358084847 0.22040521598776713 0.4547742512753003 0.23715850741327557 0.8691473599137931 0.03899158624103016 -0.09999999999999787 -0.020521887495279032 0.006441312486231698 0.1996469011130647 0.45744597890199645 0.6980342253115248
6 3 -1.9578815471816928 -1.9080619979194466 -1.8774999999999995 0.16 0.17 0.18801921670922703 0.17845514337272303 0.06 0.1999999999999993 0.0 0.10526315789473646 0.16284693877550716 0.0 0.010526315789473679 0.0756228781259509
6 4 -1.1410105607095873 -1.0285826642166636 -0.9499999999999997 -0.06 -0.055 -0.017499999999999998 0.19321402657084916 0.12938518863530635 0.26000000000000156 -0.1042086682829263 -0.13157894736842105 0.049999999999998934 0.0 0.06809746770279282 0.10000000000000005
6 5 2.4553861706002458 2.551938371607691 2.6700000000000004 0.06956519561689936 0.08 0.09 0.19629011765053114 0.039865575899947645 0.42405726971653124 0.0 0.2044185297724472 0.3799764746518397 0.0 0.02098188205260402 0.05158255098331892
6 6 0.660884889074927 1.273022818381213 1.81 -0.7294396460270757 -0.3977843638348697 0.005 0.4038262435452192 0.5144000178499712 1.81115618913628 0.5791975886390488 0.9532400995454103 1.2068891081780997 -0.26483114938780716 0.18189472744738355 0.9301781885034901
6 7 -0.8425000000000002 -0.7335226045804821 -0.6359737797079026 0.017499999999999998 0.05 0.2840262202920968 0.2430456420672161 0.516500092030188 0.496500092030188 0.09999999999999787 0.26131583791062524 0.43241022024518627 0.010363687228982232 0.2718421537000989 0.5030028495844887
6 8 0.5395115564259867 0.8398026769086 1.1973619165708966 -0.2544289848541781 -0.25 -0.23122615937295843 0.26075101172051174 0.07719159154694574 1.0505659283573354 -0.7777312094796174 -0.5529294359775451 -0.10005114249004632 -0.058582565722799795 -0.015316410134837491 0.1142139785242842
6 9 1.8277638455617233 1.9094140355528324 2.0416154224572622 -0.14897431831847457 0.01014111016247374 0.04953696545774127 0.21928484488280509 0.22 0.5070857183182644 0.09999999999999787 0.2668872201675076 0.40243692575493206 -0.10325157933853354 -0.11578947368421051 -0.001025332466325496
6 10 0.0800000000000003 0.25827900643670604 0.4475000000000001 -0.3 -0.29 -0.29 0.23325748711915292 0.03999999999999998 0.8500000000000001 0.29999999999999805 0.4473684210526317 0.6220993563294124 0.0 0.010526315789473694 0.0
6 11 -2.9774686979527036 -2.4874320679497144 -2.2547149707119445 -0.2621321941303519 -0.23053301766060924 -0.19 0.30118506153303326 0.18121631205673763 1.451216312056737 0.18446324009475212 0.7590255505135799 1.235835099770759 -0.04442160861869229 0.0953770063456514 0.20322072168022412
6 12 0.020000000000000018 0.09854204394162805 0.13183480122818303 -0.03904355466298485 -0.03 -0.0177216200236499 0.20569970437450646 0.05 0.5070628258372369 -0.5506756756640624 -0.2668751714932826 -0.09027126855364065 -0.054977074107457176 0.02631578947368421 0.10443240047299798
6 13 2.9465367056621536 3.0553101199339014 -3.0800000000000005 -0.08 -0.07 -0.07 0.20700327882612313 0.027109224489796482 0.5455461224489824 -0.3999542139806511 -0.25940885992927654 -0.08349690169151103 -0.001178807792590747 -0.014268012889366568 0.0
6 14 3.0900000000000003 -3.1124393458659227 -3.0161324186902783 -0.03045586043657392 0.004012451569016402 0.022213033488606253 0.18877841779029064 0.1379701238248821 0.25 -0.14194096727708105 -0.1020534432165834 0.0 0.0 0.0726158546446748 0.1661743612461753
6 15 2.69 2.746953273709885 2.7425000000000006 0.41137137112593375 0.43 0.44709800981294656 0.20544979113766662 0.26313481493261304 0.25640358072850944 -0.05550500496981137 0.13494925301500496 0.22559886069764223 -0.0810182350887731 0.12015717982653176 0.22084095976424273
6 16 2.591303752628512 2.734822037474806 2.926154204451719 -0.0225 0.04804511145598182 0.1132234959681913 0.2473199032710656 0.32 0.71 0.07778533430949475 0.3346155593625302 0.5830449351753342 -0.18352596407242044 -0.06477802692380483 0.20976557517408986
6 17 0.21140994347379194 0.38191287007604985 0.5350000000000003 -0.7324999999999999 -0.7134044193216853 -0.42630216617435446 0.25827149548380374 0.6 0.5149304451008606 0.022153968660238443 0.25263157894736843 0.48233388040231295 0.007750428432285461 0.31578947368421045 0.5739566765129109
6 18 -3.0248066978063224 -3.0169386260216844 -2.9900000000000007 -0.13 -0.12070386125008326 -0.11 0.17039615733597815 0.020773208774710714 0.14840138126705193 -0.10000000000000231 -0.07810599014055365 0.0 -0.00643952609663212 0.010526315789473686 0.049400913595799636
6 19 0.19750000000000012 0.23538292621619564 0.27467661193432147 0.42 0.42153670869232573 0.4377496748807892 0.16988119411733085 0.030000000000000027 0.14409342457601956 0.0 0.07057548661895754 0.10000000000000231 0.0 0.01578947368421054 0.01605751065568678
6 20 -3.0722412809826727 -3.0337929151849243 -3.0072132927888777 0.38 0.38486537749814964 0.39173147830575084 0.17216591049923924 0.020269245003700753 0.15849458478353418 -0.1494600765148757 -0.01564776578752606 0.07219827667066525 -0.01925978465215944 0.01066802368615829 0.04923918014384243
6 21 -2.253738595592005 -1.9977097126842742 -1.7482035044824775 -0.2125 -0.15000000000000002 -0.04003072625698331 0.25280459430939894 0.24083922724296017 0.6691607727570406 -0.5276726064037573 0.08465222486471509 0.6114771884980952 -0.15902239171018243 -0.05307327749629483 0.10000000000000009
6 22 0.21750000000000014 0.24630814918002394 0.27 -0.0325 0.065 0.3781428610911494 0.22953179610885366 0.7504057355284123 0.10000000000000009 0.0 0.047368421052631504 0.10000000000000009 -0.6092053276593892 -0.38442407133074336 -0.10000000000000002
6 23 3.0700000000000007 -3.1173409164234958 -3.015 0.007703852137446062 0.025 0.03 0.1854396808512079 0.08 0.25 -0.09444765689290424 -0.06842105263157917 0.0 0.0 0.03157894736842106 0.09592295725107874
6 24 -1.7813217500212333 -1.4664565109593517 -1.0495478522984187 -0.2625 -0.2501922587756482 -0.21758903346327713 0.34519748551749657 0.04896092743666927 2.0169291329830146 -1.4143370693253798 -1.0615416489384288 -0.501441435459743 -0.13666527109064935 0.02576890917719435 0.13366754191969865
6 25 1.5800000000000005 1.6151430630737047 1.634722167905097 -0.04 -0.020292355916948644 -0.02 0.17714395014459233 0.02 0.2263691645024395 -0.189648815410135 -0.11914166552759974 0.0 0.0 0.010526315789473684 0.0
6 26 1.161867246935679 1.7627170578443287 2.2154414868464265 -0.7808353231543375 -0.605 -0.5645080588021284 0.403045620998407 0.6494040793634257 2.216389516433876 -1.4232083544751484 -1.1665207981230927 -0.588842864691454 -0.4484836111864818 -0.34179162071759245 -0.10000000000000009
6 27 -0.16924010443527626 -0.1551140741306652 -0.12167404312288227 -0.23882859453649483 -0.23 -0.22108164773250094 0.17137033761793358 0.07 0.09999999999999964 -0.09999999999999787 -0.05263157894736823 0.0070779055374953215 -0.06378582224000562 -0.026315789473684223 0.023132095734892805
6 28 0.48750000000000016 0.6105000000000002 0.7125000000000001 0.25 0.62 0.71 0.23774083329952536 0.51 0.34999999999999964 0.0 0.1842105263157893 0.44999999999999707 0.0 0.20526315789473681 0.30000000000000027
6 29 -0.10313407984015385 -0.04472396739539081 0.012273893317503507 -0.15 0.09006842276976418 0.23070770389403236 0.21223473751736252 0.3037855227882029 0.18023459060319524 -0.11899065045763882 -0.07944546352476371 -0.004522133649933428 -0.43451332494568046 -0.15988711725694893 0.0
6 30 -0.11214206619365931 -0.09982268852581722 -0.08750000000000036 0.06 0.07051006595432202 0.09 0.16824004125915715 0.09 0.02999999999999936 -0.09495795734844784 -0.0021477150539418585 0.07174720855412174 -0.10000000000000002 -0.006230885681589868 0.09016046749662353
6 31 -2.2899999999999996 -2.10591147535476 -1.9387349587680918 -0.013694427723793551 0.025 0.0625 0.21989578078310043 0.14859019418328873 0.5000000000000009 -0.4163584372304996 -0.25789473684210584 0.0 -0.09999999999999998 0.07820536535962563 0.25
6 32 2.914164653157316 -2.730545100619629 -2.139106143888635 0.02913009053667921 0.1544825486692761 0.17 0.36374069598388975 0.13031151070026673 2.2101024463481433 -1.688657051290705 -0.7511377260726595 -0.023865721046096855 -0.11739818926641571 -0.05805868984224563 0.0
6 33 2.929625929915507 -3.0825938846855525 -2.92268115234375 -0.05315283336844302 -0.029840862873909475 -0.02 0.23051850896437212 0.04087044449125737 0.7782591110174861 -0.6487837702184951 -0.30400634622929623 -0.018429183977231034 -0.08642785940833113 0.0004581286796091386 0.05198332362264661
6 34 -0.8423438013541056 -0.7185550071532008 -0.6291452601378059 0.3409220983251149 0.49109523846041114 0.6494865200970315 0.24300662258257066 0.49428354564055155 0.41714177282027576 -0.36583289755289017 0.006033288444631082 0.20167095235055943 0.1194184924959224 0.26014923454765865 0.3498688215684419
6 35 2.4225000000000003 2.6532227263717605 2.8938246348217103 0.08750000000000001 0.11022523670020803 0.1325 0.2326817631496545 0.09 0.79 -0.5553415548580509 -0.41578947368421054 -0.29512934346452635 0.0 0.04210526315789475 0.1447832824000319
6 36 0.2695001467997637 0.2880371580612864 0.33209170505406904 -0.4582131535302655 -0.395 -0.34300009786650903 0.20466080642557571 0.32999999999999996 0.23999999999999977 -0.18680946645398197 -0.12631578947368408 -0.04871571796231211 0.10000000000000009 0.17368421052631577 0.21581093835785298
6 37 1.9675000000000002 2.009848179148882 2.0442124495967744 0.17662940832358368 0.18 0.18321869941169522 0.17223860220552523 0.04000000000000001 0.12033713119632616 -0.09999999999999787 0.020894066503796344 0.0 -0.05091683591128174 -0.010684880864624298 0.05226190639826975
6 38 -0.3450000000000002 -0.33077355101397643 -0.2799999999999998 0.49521649497969494 0.5220206486744305 0.76 0.22396540833407688 0.46 0.31232312565998077 -0.3412911149081574 -0.16438059245262146 0.0743006713554964 -0.24999999999999967 0.044267215028066846 0.42778513491144227
6 39 -0.9624999999999995 -0.8404702991068749 -0.7324999999999999 0.225 0.27 0.345 0.21765866803853753 0.21999999999999997 0.5 -0.3529700893124704 -0.2631578947368421 0.0 -0.20000000000000004 -0.09999999999999998 0.0
6 40 -3.082018466885647 -3.0667496747560756 -3.0500000000000003 0.3350981311918345 0.40412520925441087 0.41 0.1748684674461294 0.1689213260762002 0.030000000000001137 -0.09125209254410738 -0.01578947368421019 0.0 0.0 0.08364280319800009 0.1483822503621829
6 41 -1.8924999999999996 -1.8928210573737125 -1.8158359824185544 -0.07937691543112689 -0.04545419813889977 -0.04 0.23277610908384597 0.3557173015144558 0.41877885738859155 -0.3047220401541395 -0.220409924941364 0.09464662689306791 -0.16512176874482887 -0.15564068500760833 0.09050759578521195
6 42 -2.7820055320191877 -2.7735969154082603 -2.6984302325581395 0.0 0.007587556126150469 0.01 0.21084318766543914 0.2724657933856439 0.33034225084633784 -0.2663006008985702 -0.17386434255070413 0.006787276851192292 -0.08844308070433826 -0.12559526137613078 0.08878934109214628
6 43 0.8223039650667223 1.0079417439130576 1.2034958691763906 0.01 0.055 0.17335727821950347 0.2345829431341612 0.3396711912992164 0.5700000000000007 0.15076265116083287 0.3000000000000003 0.4135165169540195 0.09999999999999996 0.1787743112101139 0.2500000000000001
6 44 -1.3547262765819221 -1.279097985240503 -1.2125216818293636 -0.17222627658192197 -0.09839633012007531 0.06996879001280393 0.2050379635138001 0.3301629775961928 0.14032595519238433 -0.20254388103805865 -0.07385576589072859 0.0 -0.22226699973616643 -0.17376998820852252 -0.07976864680910009
6 45 -0.3450000000000002 -0.2276440699991289 -0.14329577592458223 -0.0225 0.018812250799846435 0.04188936619187601 0.207083148670614 0.2 0.3845712885840276 0.11176570139149494 0.20240594136001452 0.27928795686140145 -0.09999999999999998 0.06842105263157895 0.158979144347639
6 46 -3.06356908379277 -3.0195589339126783 -2.9900000000000007 -0.3 -0.28494625958120967 -0.25 0.1747948703069274 0.06 0.11976127655398106 -0.05026292353315753 0.036052468749115295 0.09191439574444349 -0.09332159443509208 0.025627034956528603 0.050000000000000044
6 47 -1.383864902506963 -1.187173401433816 -1.0171152044957847 -0.05219933627063515 -0.04 0.0064423977521077475 0.21521297578714715 0.1391080978570075 0.5471352171439408 -0.4502270045400736 -0.27839741429117054 -0.13708750000001046 -0.11206843587086901 -0.05216215676684606 0.0
6 48 0.040000000000000036 0.12440978734562405 0.14524430782704256 -0.09066809695663193 -0.07500000000000001 -0.06098166408033494 0.20309896164785188 0.1392201235964843 0.3388072996088995 -0.1953261844747297 -0.02138197217180868 0.09722585544913384 -0.047225855449133866 0.01578947368421053 0.10000000000000002
6 49 0.354042018400835 0.3721318896184519 0.3999999999999999 -0.2808177999474929 -0.27 -0.26040702077913597 0.17049373697284384 0.049127897906331264 0.07999999999999963 -0.020835192792798274 0.03684210526315781 0.10638654399443559 -0.07941719045644668 -0.010526315789473665 0.04696739012008053
6 50 -0.0025000000000000577 0.07200000000000015 0.12250000000000016 0.14 0.14500000000000002 0.15212434911976186 0.19721915767195378 0.04000000000000001 0.4199999999999995 0.09999999999999787 0.22105263157894708 0.3999999999999959 -0.050000000000000044 -0.01052631578947368 0.049999999999999906
6 51 -3.0000000000000004 -3.003000000000001 -2.98 0.41 0.425 0.44 0.17295909773215953 0.10000000000000003 0.11000000000000032 -0.10000000000000231 -0.05789473684210543 0.0 -0.10000000000000009 -0.052631578947368446 0.0
6 52 0.006873410882268713 0.08579164246468501 0.21182248858447486 -1.000927659594252 -0.940244487791419 -0.7401382279729734 0.2372741457078034 0.5305428344094293 0.4021442204979315 -0.33590720416879477 -0.21165485289364816 -0.06432405178582692 -0.5383887336916904 -0.24127242568462992 -0.06664012744391656
6 53 -0.8911479843359388 -0.796061326987463 -0.6472513477370543 -0.5227821015689512 -0.4596591571583245 -0.329617338554687 0.246646434918679 0.35925055172724407 0.6892505517272436 0.0008066012100083064 0.3627634482774966 0.5801291509142381 -0.31162247141741706 -0.17972270430972584 -0.01968314751855965
6 54 2.5399999999999996 2.6168465433300865 2.617832305419261 0.1475 0.4292674367335556 0.6134519540398129 0.24968369722610867 0.58 0.4681827022427525 -0.14438067179730396 -0.12870892641885467 0.049999999999998934 -0.066931313500036 0.1307819354056644 0.505140034376508
6 55 -0.38598036472484526 -0.16569187521216375 0.009794008822620104 -0.06640234781477693 0.09931577008373743 0.3307149432341211 0.2962931746811825 0.757870117097459 0.7880800749239061 -0.659981149691799 -0.4072738469046443 -0.1406510145681597 -0.5674448494780193 -0.3988790089986627 -0.2787066864226962
6 56 -2.7621517846166457 -2.7476399009007006 -2.727605898899644 0.09086028836396762 0.3113703659185144 0.39341081115175935 0.21969713909738714 0.44913964262078054 0.19849560390583898 -0.18632246210810832 -0.10447137047675736 0.0 -0.15211185610471217 -0.03729492493643125 0.5261839166528715
6 57 2.8475 2.969264904218444 3.105475004555672 -0.19 -0.15000000000000002 -0.09938760335494645 0.24195281168155983 0.53 0.45235889754343983 0.11316931540342079 -3.0671795276087166 0.3000000000000025 -0.37741379556559185 -0.2526315789473685 0.10000000000000009
