81 0 -0.9570128676470593 -0.6359861111111116 -0.3537500000000007 -0.014705882352940809 0.0 0.02 0.2635684537344146 0.05 1.1770955882352967 -0.7000000000000195 -0.6195239938080509 -0.4952205882352889 0.0 -0.01578947368421053 0.014705882352938722
81 1 -1.669531250000001 -1.6175442573959409 -1.546519607843136 -0.0025 0.0 0.01 0.1855754085133046 0.03 0.31000000000000005 -0.003124999999992717 0.12514619883040998 0.3916118421052628 -0.05 0.0 0.05
81 2 0.6373774509803889 1.7435549428104562 2.931764705882356 0.009531250000000034 0.04382352941176428 0.0947058823529408 0.44114811734248427 0.19 2.624999999999999 -2.09044117647061 -1.3815789473684206 -0.3382352941176525 -0.15359477124182433 -0.021052631578947364 0.10000000000000002
81 3 -1.87 -1.886315972222222 -1.86 0.2375 0.25 0.2525 0.1784479950096579 0.06 0.21222222222222276 -0.049999999999998934 -0.11169590643274882 0.0 -0.049999999999999906 -0.031578947368421054 0.0
81 4 1.6383823529411745 1.9661930147058821 2.32 -0.17 -0.16 -0.16 0.29496472736037566 0.01999999999999999 1.5481250000000082 -1.6029411764705614 -0.8148026315789518 0.0 0.0 0.010526315789473679 0.049999999999999906
81 5 -2.227450980392157 -2.1301507761437906 -2.03 -0.02 -0.02 -0.01 0.18562679004066776 0.03 0.3200000000000003 -0.2958333333333285 -0.10233918128654958 0.0 -0.01764705882353064 -0.015789473684210527 0.0
81 6 1.1974999999999998 1.2082581699346406 1.23 -0.08 -0.07 -0.07 0.1658283108967551 0.05 0.07823529411764696 -0.01666666666666705 0.005882352941176146 0.0882352941176534 0.0 0.021052631578947364 0.049999999999999975
81 7 -0.06482142857142897 -0.08377424187066211 0.042499999999999996 -0.02 -0.01 -0.01 0.24478982877755964 0.01 0.8072010869565325 -0.10000000000000002 -0.42484267734554343 0.16066176470587884 0.0 -0.005263157894736841 0.0
81 8 -1.7525 -1.6015661764705882 -1.4574724264705876 0.07 0.07 0.08 0.2033266860949179 0.03 0.51 -0.04333333333333633 0.1634868421052636 0.1764705882353068 -0.008823529411765285 1.460819769243627e-18 0.0
81 9 1.7770098039215667 2.067795751633987 2.44 -0.03 -0.015 0.0125 0.278992805013532 0.09 1.2880882352941196 -1.0902777777777917 -0.6779411764705892 -0.10294117647059231 0.0 0.02631578947368421 0.10588235294117343
81 10 -2.04 -1.9583053728070172 -1.911617647058822 0.14 0.14 0.15 0.19270658263007215 0.039999999999999994 0.3929411764705897 0.0 0.20681114551083668 0.36354166666667354 -0.049999999999999906 -0.021052631578947368 0.0
81 11 -1.8991176470588238 -0.6676532765737868 0.5248684210526373 -0.02 0.024999999999998954 0.05 0.48777956801033856 0.11 3.0947058823529465 0.3503676470588346 1.8980263157894748 2.5505056759544975 -1.0443035325380379e-14 0.036842105263157884 0.10666666666666272
81 12 -3.0899632352941167 -2.8217604983660123 -2.5388235294117645 -0.12 -0.10187500000000028 -0.08 0.260362716909403 0.04000000000000001 1.1075000000000044 0.44227941176470775 -2.7223684210526296 0.6279411764705878 -0.10000000000000002 -0.021052631578947368 0.049999999999999975
81 13 2.5575 2.585405042156119 2.605603448275862 -0.05 -0.045 -0.04 0.16774384704102752 0.020000000000000004 0.1200000000000001 -0.049999999999998934 0.01203007518796633 0.10000000000000231 0.0 -0.010526315789473686 0.0
81 14 -2.0282352941176467 -1.7108541021671821 -1.414558823529411 -0.01 0.01 0.08499999999999999 0.2621969848485707 0.11 1.0875367647058838 0.3937499999999927 0.5723877708978337 0.8082043343653178 0.0 0.05263157894736842 0.1
81 15 -3.0241176470588247 -2.65065931372549 -2.3625 -0.135 -0.11399999999999977 -0.09573529411764797 0.25632330497637823 0.1 1.0406250000000012 -0.7569852941176403 -0.5154992260061915 -0.26562500000000044 0.0 0.03157894736842106 0.11000000000000239
81 16 -1.28 -1.1926346288515408 -1.1333823529411755 -0.19 -0.164 -0.1475 0.19514735051435694 0.07 0.23588235294117754 -0.050000000000000044 0.12414860681114608 0.31496848739496097 -0.09999999999999995 0.015789473684210527 0.10000000000000009
81 17 -0.38470588235294106 -0.22949133986928083 -0.0075 -0.1325 0.022500000000000554 0.07 0.2772733813906416 0.18 1.1096405228758186 0.34520833333333334 0.5840213278293781 0.8693014705882471 -0.17058823529412265 0.06842105263157897 0.22499999999999448
81 18 0.8868750000000005 1.1064145424836602 1.2711249999999996 -0.06 0.0 0.02 0.250440252161883 0.12 0.9576470588235295 0.03529411764705781 0.3179566563467495 0.7893382352941275 0.0 0.05789473684210527 0.10000000000000005
81 19 -1.9452850877192986 -1.7292316498968003 -1.4986764705882347 -0.0025 0.005277777777778107 0.01 0.2266516533763948 0.05 0.7599999999999998 0.30575657894737485 0.3999999999999999 0.5000000000000004 -0.031801470588244396 0.0220394736842095 0.1
81 20 -1.497830882352941 -1.4151364379084967 -1.3475520833333328 -0.07250000000000001 -0.02911764705882347 0.0033823529411760095 0.1844969957020092 0.1 0.19750000000000023 -0.15000000000000013 0.09342105263157906 0.3994485294117711 0.0 0.04736842105263158 0.11176470588235721
81 21 1.4595098039215681 1.793319444444445 2.196176470588238 -1.0457812500000003 -1.04 -0.9924999999999999 0.30279133110256223 0.2427777777777792 0.8549673202614396 0.14722222222222858 0.44998280013759984 0.852042483660157 0.0 0.12777777777777855 0.2764705882352858
81 22 0.7224999999999999 0.9116746323529407 1.083088235294116 0.023529411764705608 0.035 0.06 0.23172054302616346 0.060000000000000005 0.8047058823529408 -0.59393382352942 -0.3761609907120741 -0.10000000000000009 -0.04999999999999999 0.026315789473684206 0.1
81 23 -1.7000000000000002 -1.4710712826797387 -1.2375000000000007 -0.05 -0.04 -0.019264705882352542 0.23170482233651593 0.039999999999999994 0.81 -0.5866830065359341 -0.42631578947368426 -0.2944444444444483 -0.07941176470587741 -0.010526315789473682 0.014705882352949173
81 24 -2.1875 -1.950088504041967 -1.7976934984520114 -0.05 -0.035 -0.02 0.23718117845447953 0.039999999999999994 0.44572368421052944 -0.4415032679738573 0.2345914127423839 0.8911764705882519 -0.09999999999999998 -0.015789473684210523 0.09999999999999996
81 25 -1.8 -1.7283076388888887 -1.6755882352941174 -0.02 -0.02 -0.005999999999999408 0.1872163369398398 0.04 0.24377777777777965 -0.10000000000000009 0.12830409356725245 0.34764705882354363 -0.09999999999999999 0.013684210526317034 0.09999999999999999
81 26 -1.8146160130718951 -1.7439824389404879 -1.7286666666666661 -0.06 -0.043333333333333335 -0.017499999999999998 0.20114443770818 0.06 0.3347368421052648 -0.10000000000000009 0.17617728531856042 0.2500000000000002 -0.02258169934640843 0.029085872576176452 0.08125000000000142
81 27 0.36515625000000024 0.5755473039215687 0.7863235294117648 0.14 0.16 0.16 0.20757483603121152 0.03 0.52 0.123529411764704 0.2710526315789467 0.4533333333333331 0.0 0.015789473684210527 0.049999999999999906
81 28 -0.3626470588235294 -0.3463299019607841 -0.32 0.0 0.01 0.0125 0.1647885727774822 0.036666666666667985 0.06058823529411739 0.0 0.03188854489164073 0.0966666666666735 -0.033333333333339904 -0.019298245614035783 0.0
81 29 -2.6176562500000005 -2.3259060457516343 -2.105375816993465 -0.03 -0.02 0.0 0.28067961306774053 0.04 1.3382352941176487 -0.9985294117647325 -0.7043343653250783 -0.4465073529411723 -0.09705882352941853 0.021052631578947368 0.1
