14 0 2.3691755704352833 2.4199986855888973 2.503029234094293 -0.17688834398908596 -0.1553989775731378 -0.1211163477407278 0.19188165303903512 0.09023352232909813 0.17025686853260025 -0.23657938010859692 -0.06495380600469455 0.04948008429419781 -0.07260569688319993 0.017563523841178943 0.12034045192540005
14 1 -2.843545686123864 -2.6642803006570666 -2.586275427732805 -0.05839091127178016 0.056032874489427106 0.1110892857437671 0.3023813984779323 0.548906049754349 1.12479488974392 0.18483036778679907 0.5919973103915368 0.9519025740408005 -0.10637781790940007 0.23107240702155207 0.03001966313439998
14 2 -0.13792755302157575 0.14706987853104195 0.5424803292239716 -0.18949553591388407 -0.1692802598532922 -0.1326108922687722 0.3182607346844083 0.16378169700698186 1.67521937594716 -0.0012217304764000625 0.8637634468147999 1.4436490907917991 -0.16240288689860008 -0.0862008931615694 -0.07243116395800005
14 3 -1.4257560722638078 -1.0903509139192118 -0.775577292662508 -0.2735104016373974 -0.19159337319477746 -0.15754199948773384 0.2808612960322222 0.1625425132392836 1.2698666571701602 -1.0237228727605996 -0.668350872194821 -0.2555162024928004 0.04354596483739981 0.08067095521640189 0.11074114103940005
14 4 -0.789079935457094 0.015719307908137914 0.7169515861243161 -0.3009369903156491 -0.2442530595338191 -0.15859666316948723 0.48491402958364765 0.30649726994302184 3.10178169336188 -2.0800834025335995 -1.825136728533558 -1.0080149094926012 -0.1836086373104001 -0.16131435260159047 -0.0735656279718
14 5 1.6029215842334155 1.985778754284529 2.5360793221129714 0.03091477463381605 0.051160593957016054 0.06727434627610605 0.2833404512257584 0.19509290378856 1.247386816409636 -0.8263261343594008 -0.6565193770577031 -0.3299544950906008 -0.23954643983700002 -0.10268047567818948 0.0221656815004
14 6 -0.23744714811564507 -0.23365192965717102 -0.23012985522663507 0.027911596286250843 0.03687822531840085 0.04146844125116084 0.15983642560644679 0.044121923490612364 0.01659808118652001 -0.011257373675400001 0.003224266144484219 0.018325957145999966 -0.03054326191 -0.023222064995059143 -0.011170107213061813
14 7 0.129909655881803 0.4880555817153331 0.761601035381293 -0.29509508242216 -0.19128289851302543 -0.07598644812573088 0.27816965393071236 0.3292389100976291 0.8969421558953201 -0.32864549815160016 0.24396028565587372 0.5668829410495997 -0.004363323129999985 0.17328363689348902 0.3603232240754001
14 8 3.0908486600333256 -3.0876618058146286 -2.9760641729050943 -0.4740438845549985 -0.4118141700749385 -0.21453960472137848 0.24127826109659511 0.5538104249522945 0.20324359139539983 -0.38947022258380093 -0.04180986432625286 0.3661700770696008 -0.44139376783079987 -0.2909280144216287 -0.027750735106799873
14 9 -2.1532004324023895 -1.5022362546399581 -0.9255969230729002 -0.06316676236293095 -0.024145563611340945 0.0052457809923565045 0.3964050563343176 0.09257226352606081 2.4876352361646292 0.8534660042280001 1.3092817032445419 1.6369443054333466 -0.12487830798059993 -0.006071908608274601 0.13194689145119132
14 10 1.8792385237862943 2.141442827972758 2.447399918512984 -0.5207445804971444 -0.32960484746436447 0.18812089520304828 0.31887267060925556 0.95973910238228 0.5798158308069197 -0.5234242426748004 0.07300987839418945 0.6094689747983995 0.1607448241092002 0.5016994864591159 0.627184066703582
14 11 1.0806814989743414 1.4426453325466215 1.7275441529968416 -0.28412903328657607 -0.28042457194920606 -0.23629828513551607 0.2424518261325087 0.05459389900255998 0.9366309430858 -0.6838200009336004 -0.49296365425568417 -0.014049900478599886 -0.008813912722599876 0.024930650473305258 0.044680428851199966
14 12 0.19420792489428407 0.36275698875387535 0.6334287578063441 -0.5286929553542751 -0.374370942892435 -0.343308445529965 0.2651458385933199 0.22671826983479992 0.7165274711160801 -0.9766862494192001 -0.37711972164004215 0.00802851455919934 -0.0492182849063999 0.09235547526109472 0.20237092676940044
14 13 1.5415022358203632 1.5636652993268851 1.584419882127043 -0.22535875531100394 -0.1939559187443939 -0.16045868707468577 0.18015339246954437 0.18739600178793814 0.10201449477939994 -0.08840092661379861 -0.03145267030972632 0.009599310885999301 0.05567600313880011 0.0986294746252306 0.11903145498639994
14 14 2.0191839198375905 2.7095973098926485 -2.90070725533269 -0.6427250116618329 -0.21275006046189388 -0.0948399795195548 0.37281476054182217 0.5808106684812581 0.8933991375137598 -1.3394529344474004 -3.4272158284872205 0.47752208334719826 -0.09913470151360015 0.30568982551645163 0.4143411644248002
14 15 1.2567783846276561 1.369160135163936 1.509790039643836 -0.22860875230350644 -0.20229791382960643 -0.17647140422300556 0.21010777180051468 0.10936233093084359 0.3562566069182398 -0.08962265709020034 0.07963294360835789 0.4941027112412 -0.008028514559200034 0.05755912154254925 0.1065523508372182
14 16 -1.6145629303442555 -1.1047286938901535 -0.5923846739716755 -0.32685319045331857 -0.3022309580307285 -0.25656878147527856 0.29427379556980054 0.08285077959244003 1.3834177783052801 -1.154098967885001 -0.6825431547966105 -0.08717919613740133 -0.06257005368419999 0.030010477190968457 0.1548107046524
14 17 2.4241376854247685 2.7933498713806046 3.0818693773640984 -0.1388962592375372 -0.11718872666578721 -0.0989020394279572 0.23396502043433898 0.05501277802304 0.80059998118492 0.07243116395799776 0.4139002391400841 0.6075491126211996 -0.05131268000879999 -0.011904982687326319 0.05209807817220004
14 18 -3.018544032446095 -2.805864302186738 -2.5814481378983456 -0.045167812044821 0.132415076023049 0.16267035860646903 0.23034948910902972 0.18894934482151998 0.5952880933108 -0.09302604913160151 -3.012282127913663 0.48301987049099937 -0.01579522973060011 -0.09020596449810524 0.07286749627099985
14 19 -2.484287694662784 -2.475294013027228 -2.467432177411594 -0.38025163588177047 -0.36931714811799055 -0.3646527556920205 0.1607025041781591 0.03881612256447997 0.030839967882839936 -0.026703537555603507 0.00834083663587346 0.027663468644201217 -0.013526301702999899 0.020429538191831565 0.0673697091272002
14 20 0.5086097425403014 0.5207223275491815 0.5349336709835915 -0.23214314100057304 -0.22428043272031306 -0.21943714404601303 0.1721343446907496 0.029792770331640017 0.16186183483048 -0.1228711793408005 -0.054151136529157866 0.08831366015120024 -0.04249876728620011 0.0005511566058947379 0.040229839258600075
14 21 -2.633817081483879 -2.5417099482034566 -2.410122594578169 -0.7514540304789661 -0.675069695765186 -0.6276185567264361 0.2203108594880424 0.16294393896672 0.35583772789776 -0.2857103985524012 -0.1623799220400209 0.009512044423400923 -0.10611601852160035 0.08575996787722105 0.2844014016134
14 22 -3.094537267969141 -2.9525110838246214 -2.775582710489271 -0.17623243955913503 -0.15175419679983498 -0.049460449340114995 0.23782482392239143 0.3379830096498 0.3026575455893199 -0.33484141699619885 -0.06748457621751584 0.33357564671299755 -0.25874506160899996 -0.17788579455252634 0.06623524511340004
14 23 -1.7640626950410956 -1.4066864594101411 -1.0527537583919861 -0.34013660050324546 -0.32270076127576547 -0.2940991781586154 0.27777929668675816 0.08976228343035997 1.3068152774315094 -0.8839219996753994 -0.6877975144376365 -0.4852887985185994 0.015446163880200314 0.04724330706861051 0.07269296334579983
14 24 -2.604755410185293 -2.30034031803921 -2.0820249358881635 -0.32714878135449804 -0.23806281300928808 -0.13226531707687622 0.24230449552904224 0.18709929581440002 0.66011842969144 -0.044331363000800206 0.2226948266117683 0.41093777238339957 -0.11283553614180014 0.05552902804352731 0.17051866792039994
14 25 -0.6245519647506614 -0.19285262825004307 0.3294100978074985 -0.38679986882824 -0.3169954253945 -0.27002861522318 0.3047315619584052 0.2280272667738 1.4837567570027599 -1.4334389146675999 -0.780924608948821 -0.08141960960580064 0.07129669994419996 0.12001435093357893 0.1476548547191997
14 26 2.7384946578078044 -2.957219763828454 -2.386472704472476 -0.12066062288032821 -0.017865093260658202 0.0646758903895518 0.31753392571706224 0.3456973649429419 1.5165775922715197 -1.0769554149466032 -0.5099806572601053 -0.20586158527339915 -0.05375614096160001 0.16215027345386415 0.16004669240840014
14 27 0.4605589859399775 0.5681436990271356 0.7470984158870775 -0.32248375867093654 -0.31232594242429657 -0.25500932978861657 0.21166406573101904 0.12084659740847997 0.51729813700028 -0.03429571980180013 0.25365145597618954 0.4163482930646001 -0.06763150851500033 0.023809965374652603 0.04485496177640033
14 28 0.3773172525950895 0.39195445636698756 0.38337354509952953 -0.3781567559653015 -0.3734574569542915 -0.3680905695043915 0.16697467185684878 0.015655603390439976 0.11698941976156002 -0.0027052603405997022 0.06157337882187369 0.0787143492652001 -0.017104226669599765 0.002737411142610537 0.009162978573000191
14 29 -1.603122345577406 -1.1241368036510428 -0.5703324873526661 -0.087735956168788 -0.047453757032628 0.010530444041942 0.36744000686045264 0.23097687320968002 2.1926745925724402 0.7106108049483093 1.1540392592486528 1.3617931488730004 -0.17872171540480009 -0.12156677537351579 -0.08002334620419999
14 30 0.1972663720031249 0.23454660482574022 0.24766711747775494 -0.888565011818033 -0.843696960072243 -0.732558756628013 0.21995767670475877 0.28420941539568 0.28972465583269813 -0.3298672286280001 -0.152486660964578 0.04564035993980031 -0.14529866022899907 0.14958390283983156 0.3739367922410003
14 31 2.551764111283136 3.046475012848088 -2.888483890401554 -0.6740869299527875 0.15128363664096794 0.19195853485900247 0.3211568931568534 0.8430812951784254 1.0005709989177207 -0.09258971681859851 0.4252769872826736 0.24958208303600182 -0.1495747168963997 -0.4437269974623292 0.06379178416059991
14 32 -1.3823873553072525 -0.7104155220006975 0.053473203697322946 -0.14005923029590292 -0.13291647033209292 -0.1047686728204629 0.37409471029263464 0.08688249016456 2.392235539252055 0.7879288908154003 1.2590713364484498 1.5604988842140726 -0.07443829259780002 -0.03299590880623158 -0.013700834628199987
14 33 -1.2155402653196155 -0.8623013326780834 -0.4829252218232255 -0.21957656939056575 -0.03206712120177119 0.026183242583728814 0.31327222444417424 0.42823398527089457 1.3532061289531603 -0.8603600547734003 -0.7122137520806107 -0.391128285373199 -0.19015362200539992 0.12125445329693398 0.25647613358140003
14 34 0.16153274330315806 0.32853457278062453 0.6612117815043062 -0.07045254236259116 -0.023367922466761157 -0.012363621532953516 0.3066430817053742 0.10252064026242763 1.6148484371204799 -1.2346459128647997 -0.8499202300634104 -0.1510582467605992 -0.06283185307173819 -0.035659832401361925 0.011868238913599997
14 35 2.67272328242837 2.8217325126471215 3.0314495302381896 -0.24856668926189304 0.1331848147045879 0.15960037293369517 0.32640308074311 1.06295787434556 0.9307666367990803 0.017191493132200364 0.4242252395571789 0.7190756518240016 0.0418006355853999 0.5579174602603789 0.8035495876208001
14 36 0.6876871657419631 0.801207743615173 0.906717260221703 -0.27140340137793106 -0.2686501444829011 -0.24681171221725107 0.19241643488257615 0.07389724052968002 0.34117696218096005 -0.18683749642660008 0.09868459028545262 0.37786378305800006 -0.04764748857959994 -0.014449489017873672 0.03996803987080008
14 37 2.4439527478019976 2.632662109851368 2.7671833619492676 -0.14184392641871216 -0.12111814155121214 -0.08783471271557215 0.22158334547132288 0.054646258880119994 0.4131543405334397 -0.1842195025485993 0.21744965291233667 0.6663667084136016 -0.031677725923799915 0.02876118888427368 0.07496189137339994
14 38 2.8785982485651864 2.90070633420027 2.9150407233469466 -0.51012837291482 -0.5064370015468399 -0.4897342006052 0.17090890381142823 0.047595128702040024 0.05459389900255962 -0.04092797095939904 0.028099800957200122 0.0862192650488014 -0.022340214425599636 0.025050067737915804 0.05253441048519991
14 39 -1.1027595261615843 -1.0757758632610384 -0.9995800241064743 -0.29208671656754753 -0.28558100178071755 -0.2683807820022575 0.21172578600879807 0.04391248398032005 0.59285344031936 -0.6304129258224 -0.3120281264838737 -0.025656340004399092 -0.02617993877999991 0.013383919579810543 0.050440015382799686
14 40 -2.632081206087025 -2.3419490158746834 -2.1343307567091445 -0.24081645775662047 -0.06590828676691685 -0.05702019755110684 0.23385824345867864 0.1697158164650036 0.6519851953771196 -0.4188790204800008 -0.343150102830063 0.03586651612859981 -0.07347836150919995 -0.08321546154694927 0.053319808648599996
14 41 -2.208790817454801 -1.9123169734037468 -1.6288702668875255 -0.4477836606294065 -0.36885114520770645 -0.28734863246243647 0.28341123227809306 0.19799015034688 1.2411908975650363 -0.7470881863186007 -0.6532583671394928 -0.3953170755780011 -0.05192354524699988 0.08417998560698947 0.14905111812080013
14 42 -0.861510226750468 -0.13327683234122398 0.498389239884112 -0.2568473554162511 -0.21131607855470108 -0.12562477560532923 0.33400409211621174 0.1708677337701019 1.5360119148076399 -1.1966850016337998 -0.8084273235829682 0.24277529895320032 -0.06056292504439981 0.08993038619479048 0.1630137521367997
14 43 2.5283435865357946 2.66735557079909 2.804559393957314 -0.21108322254482698 -0.16469673434944793 -0.13830299273607788 0.19289418583495205 0.09108873366222908 0.3311413189819601 -0.27253316269980177 -0.16434571393437877 -0.02731440279379882 -0.00427605666740008 0.047941438769594245 0.09520771069659997
14 44 -1.1749514830485486 -0.34440601522243847 0.5674892490393915 -0.13976000329182414 -0.10898984857906416 -0.03166739939233415 0.42865525527485504 0.17247343668258766 2.86057719073548 0.7943866090478002 1.5055669424923577 2.0336576444303995 -0.14372786390193826 0.012033585895368433 0.019634954085000073
14 45 -1.2175003800689876 -0.8083725141199638 -0.34759773761027757 -1.2161203094447244 -1.1936884652333943 -1.1131938801311545 0.30996068664177046 0.28365091003503995 1.4770895992595963 0.500822228858782 0.7774155785576823 1.0525208054185988 -0.24879668487260087 -0.1491429775551158 -0.022776546738598746
14 46 -0.9350943746046925 -0.44062252622678183 0.09828889556555294 -0.41349041337796194 -0.30291507861750194 -0.18639689775380738 0.3344643391541268 0.32580061147153816 1.7325534418751856 0.23239058990379996 0.9118702325658873 1.3772393127523275 -0.23876104167360052 -0.17147400603765167 -0.044244096538199884
14 47 -1.8727473049362864 -1.5357146270610589 -1.1428986082990804 -0.2357950970168605 -0.21952426506509048 -0.20834979452916053 0.2922844133248963 0.06646213791616001 1.4785382225445158 -0.9953612724155991 -0.7781780118655346 -0.5384340742420002 -0.0710349005564001 -0.01090371485328423 0.06928957130440005
14 48 -0.4306671681732865 0.6395390585563444 1.9061541673312588 -0.14322050638499478 -0.11693584784987479 -0.06944543890295479 0.42312046732384945 0.10039133857504 2.8261243913027454 -2.2588923844097257 -1.4874338901593394 -0.5443681936988015 -0.13665928043159983 -0.02151347951675789 0.10210176124200013
14 49 -1.3445076503682265 -0.7853600085637347 -0.15535374445676284 -0.07395551513416895 -0.04092515904006895 -0.02112439867612459 0.38495962032558656 0.1281944335594 2.4780708318689055 0.8085237759881274 1.3042478062467922 1.7024814188634008 -0.11021754226388725 -0.05362753775355789 -0.01867502299640002
