16 0 0.008573057285824 0.14712951061434798 0.28109313001623404 0.02839379197334821 0.08358546624471822 0.10461232040818821 0.22180887085534326 0.1047197551199302 0.6413212336474 0.04476769531379991 0.3375374913933684 0.5896594877882001 -0.09878563566319995 -0.05104628764924747 -0.005497787143800004
16 1 0.013495419071520978 0.17991430857933605 0.2447122750541189 0.3877950458706811 0.39406950453162104 0.40475091955386105 0.2092827200194759 0.04841543345047994 0.544263473944448 0.016755160819199942 0.2864544599707621 0.4732460266798 -0.021642082724800116 0.025481807079199968 0.07461282552299969
16 2 -0.22806833049297798 0.10083460372336184 0.536010636093842 0.20600605975067168 0.2644396831077189 0.30153665635897897 0.2642343654655937 0.2150769237243091 0.9495463795506 0.019111355309400085 0.48732348498869477 0.6364343117418003 -0.21537362969679985 -0.03519134928637896 0.08761552845040016
16 3 0.5512952600564655 0.8214329583578953 1.1531502359930152 -0.015235124484793423 0.17848769584124766 0.22468219781881946 0.2575791516874625 0.21706659907176362 0.6393315583001198 -0.4400847708917993 -0.33649029384216833 -0.02399827721499992 0.01178097245099971 0.11424557845882297 0.25795966344560006
16 4 -0.1203826791969472 0.11435101522801187 0.4527921738068109 0.18375141494026292 0.19057128899245293 0.20132251718477293 0.21914606707962117 0.04543092043025812 0.6788109059803601 0.06902777191660006 0.34950677568471583 0.48747046008359984 -0.041975168510599986 -0.011023132117894728 0.014660765716799917
16 5 0.7501878425883961 0.7744365745510581 0.7996155670050361 0.10505994888009385 0.11965526474994384 0.13229581185755385 0.16717903360643915 0.04054399852396 0.09862855603052012 0.02670353755559962 0.051174890857326356 0.06841690667840017 -0.04520402762680002 -0.01997942696368422 0.0036651914291999793
16 6 -0.48073901604742647 -0.3369832268770373 -0.15500385442301284 -0.0971582130985238 -0.0802023394153438 -0.04009467320438379 0.216319441787145 0.18046704465756794 0.48195521964780363 0.17322392826099972 0.24217821263042297 0.4095415089844179 -0.02635447170519993 0.0949826550829305 0.148789318733
16 7 -0.14741472650300386 0.11624780027329959 0.26436516724396253 0.09516034439993606 0.12873175256215605 0.18547676986763154 0.2565740486759907 0.15234979040690547 0.90511029679468 0.17496925751271195 0.47637384041825265 0.5523967082582877 -0.10751228192319998 0.032251847388273684 0.0692023048417999
16 8 0.026495019191384174 0.2824972958811 0.517875016799822 0.21297055372383047 0.2269070078010505 0.25089655836979047 0.2166858874183291 0.10937978422284003 0.5940926240886291 0.06396631708579995 0.3113759245004153 0.48223447232934535 -0.08927359123980017 -0.053939859830231605 0.001483529864200056
16 9 -0.07783766068556922 0.05895688276326325 0.2258845357481689 0.18150798811209545 0.19736430436651545 0.20502629978279546 0.19671556269635362 0.0648913415898836 0.4097858550777781 0.026005405854799893 0.2136742301623253 0.34051373706485094 -0.05131268000880013 -0.01647958251625262 0.006632251157600022
16 10 0.0977201606362609 0.18075594512953508 0.25759232011981 0.08829775826247895 0.09199785627671894 0.10420207107132895 0.18372047398694671 0.01781981166292 0.29937632659590907 0.0006108652382000312 0.15756648768205742 0.2244493418089452 -0.008639379797399996 0.008147931823810526 0.01588249619320005
16 11 -0.18141718250923544 0.10587797500403288 0.3548177768752445 0.151127623598367 0.248839881771587 0.266956399407347 0.24488622153251666 0.20678660977696 0.8241444727944001 0.13770647798367258 0.433760248839158 0.6953391739968001 -0.11746065865959998 -0.10866971079557895 -0.016493361431399733
16 12 0.6064253629899464 0.9264882045450109 1.2108416096038066 0.2696496363684615 0.31165971146410154 0.36654158979324153 0.29136733741692183 0.12035790521792 1.3970313464726254 -1.166316272649 -0.6329390602670029 -0.01029744258680021 -0.1608320905717997 -0.041943017708589464 0.043458698374799765
16 13 -0.7127546510490916 -0.44520353069928265 -0.16796757833033515 -0.0968696035140032 0.04091541428509839 0.2631350979736049 0.24626394733014736 0.35433674474173815 0.6498908002741963 -0.6081599778593999 -0.33764772271427185 -0.03778637830579981 -0.22060961745241603 -0.1855101276011043 0.00794124809659999
16 14 0.006819049868970894 0.3018931398586301 0.63086152392192 0.15243119062415794 0.2093725574708325 0.22781632434134247 0.2715954003440754 0.2718524842916945 1.03328727706156 0.23692844595900042 0.5409326508553896 0.8573929950449999 -0.27550022242819966 -0.0719810527298526 0.0996583002892
16 15 -0.2564536867081585 0.11762011387915057 0.4076528203241015 0.18134543008462495 0.18649415137802497 0.227609745232015 0.24036587715441446 0.09175195877798911 0.84955646670352 0.1037598240314 0.4470890527583789 0.6873106594375997 -0.06998770300520027 -0.020319306870652636 0.03621558197900013
16 16 0.808162880684393 0.919036666746945 1.093384587046233 0.011339113262029514 0.026296584951617154 0.03876696245715716 0.2211591120788914 0.11124728652242764 0.6466968477435602 -0.4536110725947995 -0.3403667619702948 -0.08621926504880029 0.01980948701020003 0.05855120343285665 0.05061454830773818
16 17 -0.2003618588750695 0.09018571969930175 0.3750426522474205 0.07517676079684905 0.09416594305860905 0.12897653498974904 0.2412154176210191 0.13086478731478546 0.8278969306862001 0.2191260875885999 0.4357352266769475 0.6157521601056873 -0.10297442586800001 -0.03131488115816077 0.027838001569399987
16 18 0.06401014424255305 0.09842890975661032 0.13622314204405306 0.09817447953673315 0.24141801457097958 0.3313897375115796 0.19376312833698345 0.2818706741974764 0.10964158361046547 -0.12426744274239998 0.05114733302703156 0.2187770217381999 -0.10402162341919957 0.09214419856189286 0.25446900494160013
16 19 -0.037875390097652006 0.337777060798064 0.7039855351112081 0.22124569300164207 0.23975927304223207 0.2556286792660421 0.23737581590213266 0.08754571528031999 0.8206363609978801 0.07391469382219965 0.4319138742094105 0.6526658737853996 -0.008901179185200059 -0.011427313628884203 0.04625122517799965
16 20 -0.13170021825030884 0.05343994547856409 0.24739838525295754 0.12478449653330499 0.144829602992525 0.18170404676415497 0.22801777890013655 0.09152506597488003 0.6331879993325564 0.02600540585480024 0.333256841753977 0.6846926655596001 -0.10183996185420027 0.012263234481157886 0.06204645490860007
16 21 0.0708009294738182 0.20491639252027913 0.34736143942191 0.0708177040273398 0.08255940657016979 0.1049519808733298 0.1890982800422078 0.037245326237679996 0.3396236191459818 0.016755160819200005 0.1787492732347273 0.28466320100119985 -0.013089969389999956 0.019602803282989474 0.03508111796520004
16 22 -0.3598119395680759 0.07820461616020881 0.5119320252514941 0.16503033464343986 0.25240588032221345 0.2775866181054435 0.27736530888946026 0.2531600080031236 1.07699032153164 0.16606807832779985 0.5668370113324421 0.7871434926485092 -0.2099631090156001 -0.02618912472343159 0.14285519927620005
16 23 -0.12992293977664607 0.17064719202740414 0.4657273906692185 0.04595301628276795 0.07326305575343794 0.09906338542112794 0.24060785556747843 0.07759733854392001 0.8547750011669999 0.23343778745499977 0.44988157956157887 0.5547529027482001 -0.08491026810979997 0.008212233427831582 0.09354964790720008
16 24 -0.33307630734659244 -0.14047835172366172 0.06892537926709116 0.22137324748230594 0.23167069006910596 0.24607401972123596 0.21896671426902894 0.032410764209640036 0.6726498937208 0.01762782544520003 0.3540262598530526 0.6958627727724 -0.028361600344999904 0.009406406073936821 0.041975168510600125
16 25 -0.4107438469111495 0.06356072196002342 0.5429869595211205 -0.004819726729398 0.051781300912962 0.147076278072162 0.2841805365299475 0.31002283503276 1.05913560328368 0.1462585913176001 0.5574397912019369 0.8089601083020002 -0.25979225916019977 -0.06883946007625263 0.15620696805399997
16 26 -0.18141718250923544 0.10587797500403288 0.3548177768752445 0.151127623598367 0.248839881771587 0.266956399407347 0.24488622153251666 0.20678660977696 0.8241444727944001 0.13770647798367258 0.433760248839158 0.6953391739968001 -0.11746065865959998 -0.10866971079557895 -0.016493361431399733
16 27 2.0656219437133476 2.5854507918660077 3.040497414033598 -0.44454253572668656 -0.4222677711480365 -0.35018130971730654 0.350422308880002 0.42788491942014545 1.69660830461532 0.08927359123980239 -2.4123114186235157 1.5679165335342016 -0.10323622525580028 0.22520258916849759 0.3737622593158002
16 28 -0.00626699253024701 0.06769831584034128 0.1153519130722779 0.1363068693667422 0.14450991685114217 0.16869145363760218 0.1859035333513436 0.06269222673131639 0.19538960976174907 -0.044854961776400026 0.10283663671671005 0.23500858378180006 -0.045640359939799896 -0.03251823974751389 -0.01396263401599998
16 29 -0.07641066009660616 0.15618413332988465 0.3615666257239274 0.09485709344240106 0.11480620679276106 0.14123049166804105 0.2272473051595248 0.055833082771480025 0.7107504312924836 0.1304633615870004 0.3740791743644651 0.5467243881892618 -0.04860741966820001 0.02415903122496076 0.08525933396019994
16 30 0.06809746294387711 0.07509274258589309 0.0832818274362771 0.1437378025825852 0.14721537111719518 0.1483367451616052 0.15713033670305165 0.006841690667839989 0.02055997858856 -0.0022689280275999674 0.010628136550336838 0.010995574287599938 -0.006632251157600022 -0.0036008898251789416 0.001832595714599955
16 31 -0.292371011310345 -0.006482589174240994 0.314318526654245 0.17281319411042084 0.18242559496633443 0.29862961656449444 0.2267890409416541 0.1542696525848036 0.66390579416828 0.03595378259119986 0.3295457206078948 0.5461135229508001 -0.11257373675400001 -0.07776819709202294 -0.007853981633999946
16 32 2.1406248829094667 2.1605870862292176 2.1811208848789967 -0.0593541026054905 -0.056020523734170505 -0.0386239544148605 0.17124875690560548 0.07614871526467275 0.11267845650912012 -0.0565486677647975 -0.025059253681347416 0.07531095722379755 -0.03787364476836509 -0.02100825262797512 0.03682644721720002
16 33 0.7501878425883961 0.7744365745510581 0.7996155670050361 0.10505994888009385 0.11965526474994384 0.13229581185755385 0.16717903360643915 0.04054399852396 0.09862855603052012 0.02670353755559962 0.051174890857326356 0.06841690667840017 -0.04520402762680002 -0.01997942696368422 0.0036651914291999793
16 34 -0.26840429546540356 -0.012399400782148278 0.2673812416366864 0.2814161128913659 0.3495406769200559 0.40091008012954593 0.24961777040482808 0.23008675529116 0.8006174344774399 0.1841322360860001 0.4213775970933895 0.5982116011230003 -0.07958701389119999 -0.02199114857519999 0.18517943363719966
16 35 -0.36760890711259553 0.0644002253302363 0.38427893464900453 0.0758930730107489 0.1062879819343289 0.1573563158478489 0.2713242419321264 0.13318607522046907 1.1190178499198 0.21109757302939985 0.5889567631156843 0.8739736229390873 -0.13735741213414554 0.008221419371263151 0.17776178431794515
16 36 -0.08234307279243996 0.21875851176903532 0.4513524325309036 0.43206875921337223 0.4415895302830322 0.49416321067640223 0.23073095289783527 0.1514771257810799 0.6800326364572835 -0.03237585762460006 0.345171010385286 0.5780530482624875 -0.10131636307859931 -0.07599531000945262 0.021816615649999926
16 37 0.08985396169749689 0.2933043746094684 0.45925726120677596 0.213896208484982 0.224656163323562 0.258428284349762 0.20631468179721166 0.12873548562752 0.44858452434938906 0.055850536063999784 0.23590421326656272 0.3516838442779996 -0.07147123286940005 -0.03879223911155791 0.04921828490640004
16 38 2.670773846606926 2.7820237511232837 2.859675194874016 -0.18790447437540758 -0.16374039088199116 -0.15312006238357115 0.20505827395779044 0.0695513706916764 0.50031608337832 -0.3457497248212005 -0.26332425440964213 -0.14852751934520292 -0.07173303225719976 -0.03660598457456652 0.011780972450999988
16 39 -0.2647798768665911 0.1300397798744842 0.46151707473755893 0.21449451704961692 0.22987523108286692 0.32027455969020696 0.27457635731371977 0.21378538007748 1.10905201989088 0.4136430327240001 0.5837115894162527 0.9080948098156001 -0.11955505376199979 -0.08665100439008422 0.02905973204579998
16 40 -2.7572073993066555 -2.441048418890596 -2.0956359830129254 -0.2272076407647075 -0.13292931789462295 0.043174403632177054 0.32637049156313513 0.39707985812269453 1.4563986396590698 -1.1286171608057993 -0.720862360617026 -0.43607051361219895 -0.33920474012611296 -0.20898939901194452 0.00017453292520001884
16 41 -0.3453261431087889 0.0942149577211562 0.47436337676988105 -0.05597600584469095 -0.038505260032170946 0.11757080832792906 0.2585328319280412 0.20928243060732 0.96528924940364 0.06815510729060031 0.5080469733703369 0.8881107898801999 -0.062308254296400065 -0.08751448307265264 0.04075343803419999
16 42 -0.24002446612676948 0.21871438381044142 0.7666509031649205 0.12883608446636993 0.1988412407642645 0.2751208557229245 0.275074232265033 0.2279400003113745 1.12448073047856 0.03464478565220058 0.5625563616933262 0.7213445798515999 -0.22741640153559992 -0.09108781506762868 0.07024950239299985
16 43 -0.135297487282727 0.209655494734935 0.580191512928413 0.13257550087018685 0.16178358590240685 0.23659276096678045 0.2527925143748244 0.17034413499572365 0.91704834887836 0.08587019919840011 0.4826570257254526 0.7600036227833997 -0.11510446416940018 -0.053058009260800024 0.042149701435800005
16 44 -0.23277950743820558 0.03917333328519973 0.3120075652810745 0.24739823980943498 0.26988680722145497 0.292737530453265 0.22626265015263997 0.09325294193435998 0.69975485700436 0.10873401239960001 0.3682920300022947 0.5144357970269997 -0.08054694497979992 -0.012391837689200012 0.06640977803859971
16 45 -0.00626699253024701 0.06769831584034128 0.1153519130722779 0.1363068693667422 0.14450991685114217 0.16869145363760218 0.1859035333513436 0.06269222673131639 0.19538960976174907 -0.044854961776400026 0.10283663671671005 0.23500858378180006 -0.045640359939799896 -0.03251823974751389 -0.01396263401599998
16 46 -0.3905838396100879 -0.2854242615184408 -0.20965864602463793 0.115078720562933 0.136642263471393 0.150500177732273 0.20046545296945784 0.0601265927314 0.3652101459816981 -0.08211774130659988 0.1922158663061569 0.365297412443251 -0.04258603374879988 -0.01751759412402105 -0.000698131700800006
16 47 -0.11781253642933107 -0.03580213287172993 0.04674583209548895 0.21922814086808604 0.22678541652924603 0.24761155782873606 0.19107506866873 0.04667010419848003 0.21565288237712 -0.2103994413286 0.061656052312757885 0.30866147821619994 -0.0661479786508 0.00034906585040000114 0.07888888219040005
16 48 -0.44085800023219196 0.10903765120772872 0.6215980919534181 0.17431058964582302 0.18664570413415854 0.21012038257355847 0.29828567210255486 0.10225884087468001 1.47002101578952 0.3949680097275998 0.7736952714681684 0.9483246490743749 -0.02975786374572756 0.05382044256562105 0.09564404300960005
16 49 -2.735227837780373 -2.5894570659887077 -2.4121281233270033 -0.3110471493784055 -0.2572081052773355 -0.2119342644804555 0.2268621620978319 0.23582888853041453 0.5862211891617597 0.0815941425309985 0.24161787008082114 0.4441862946340014 -0.22410027595680004 -0.10500451936647083 -0.020594885173599864
