20 0 0.0 0.054000000000000006 0.0375 -0.0725 0.1 0.18 0.22855344233031752 0.51 0.33 -0.04999999999999999 0.1736842105263158 0.3 -0.4999999999999999 -0.26842105263157895 -0.14999999999999986
20 1 -0.1925 -0.15999999999999998 -0.125 0.10750000000000001 0.16 0.17 0.17750593533206216 0.09 0.14 0.0 0.0736842105263158 0.10000000000000009 -0.10000000000000002 -0.047368421052631574 0.0
20 2 0.03 0.03750000000000001 0.05 0.05 0.05 0.07 0.15887982473934037 0.020000000000000004 0.030000000000000002 0.0 0.01578947368421053 0.0 0.0 -0.010526315789473686 0.0
20 3 -0.15 -0.13200000000000003 -0.1175 0.1575 0.165 0.19 0.1651460018662015 0.06 0.05 0.0 0.005263157894736839 0.09999999999999988 -0.09999999999999981 -0.031578947368421054 0.0
20 4 -0.07 -0.06650000000000002 -0.05 0.17500000000000002 0.28 0.295 0.1756446022151 0.17 0.07 0.0 0.0368421052631579 0.049999999999999975 -0.15 -0.08947368421052633 0.0
20 5 0.12 0.12000000000000002 0.12 -0.03 -0.03 -0.03 0.1544546959308694 0 0 0.0 0.0 0.0 0.0 0.0 0.0
20 6 -0.08249999999999999 0.024 0.09 0.09 0.1 0.1 0.17389483549028356 0.010000000000000009 0.21000000000000002 -0.15000000000000002 -0.09999999999999999 0.0 0.0 -0.005263157894736847 0.0
20 7 0.27249999999999996 0.9460000000000001 1.7925 -0.05 -0.02 0.0 0.38783962026857083 0.08 2.12 -1.9500000000000008 -1.1157894736842107 0.050000000000000044 -0.1 0.010526315789473682 0.2
20 8 0.0 0.028499999999999998 0.02 0.12 0.14 0.14 0.17827939470161067 0.020000000000000018 0.23 0.0 0.12105263157894736 0.05 0.0 -0.010526315789473679 0.0
20 9 0.09 0.091 0.09 0.12 0.13 0.14 0.1633150959470972 0.020000000000000018 0.04999999999999999 0.0 0.026315789473684206 0.0 0.0 -0.010526315789473694 0.0
20 10 2.95 -3.0265000000000004 -2.7199999999999998 0.057499999999999996 0.07 0.0925 0.2620651466590937 0.05 1.1600000000000001 -0.7000000000000028 -0.5157894736842102 -0.40000000000000036 0.0 -0.010526315789473684 0.0
20 11 0.12 0.12100000000000002 0.12 -0.05 -0.05 -0.05 0.1562247474542578 0 0.020000000000000018 0.0 0.010526315789473694 0.0 0.0 0.0 0.0
20 12 0.02 0.086 0.1625 0.49 0.64 0.7 0.1933349750496977 0.26999999999999996 0.14 0.0 0.05789473684210527 0.19999999999999996 -0.2500000000000002 -0.14210526315789473 0.0
20 13 -0.05750000000000001 -0.0040000000000000036 0.045 0.2675 0.325 0.3425 0.19832807821818332 0.2 0.29000000000000004 -0.15 0.06842105263157897 0.4 -0.14999999999999986 0.01578947368421052 0.050000000000000044
20 14 0.0 0.0 0.0 0.19 0.19 0.19 0.1544546959308694 0 0 0.0 0.0 0.0 0.0 0.0 0.0
20 15 -1.6425 -1.5485000000000002 -1.52 -0.03 -0.02 0.0325 0.21999488011684049 0.31000000000000005 0.43999999999999995 0.10000000000000009 0.23157894736842102 0.3500000000000003 0.0 0.16315789473684214 0.34999999999999987
20 16 -0.1 -0.05650000000000001 -0.017499999999999998 0.10750000000000001 0.135 0.1525 0.17474943405411986 0.08 0.15000000000000002 -0.050000000000000044 -0.02631578947368421 0.1 -0.09999999999999988 0.010526315789473684 0.09999999999999995
20 17 0.91 0.9414999999999999 1.0425 -0.28500000000000003 -0.18 0.0125 0.240507274128768 0.4 0.37 -0.40000000000000036 -0.19473684210526318 0.20000000000000018 -0.3 -0.02631578947368424 0.10000000000000009
20 18 0.3175 0.6785 1.0175 0.0 0.015 0.02 0.2749930544849689 0.04 1.3 -0.8999999999999991 -0.6842105263157895 -0.5499999999999999 0.0 -0.010526315789473682 0.0
20 19 -0.375 -0.3755 -0.2175 0.19 0.19 0.19 0.2252364720678323 0.03999999999999998 0.76 0.0 0.39999999999999997 0.3500000000000002 0.0 0.010526315789473679 0.0
20 20 -1.31 -0.7125 -0.145 0.0075 0.1 0.16 0.30765300012170876 0.13 1.58 -1.2 -0.8315789473684212 -0.3 -0.15000000000000002 -0.06842105263157895 0.0
20 21 -1.06 -0.5685 -0.225 0.125 0.15 0.17 0.2794459734674836 0.15000000000000002 0.73 -0.050000000000000044 0.26842105263157895 1.1 0.0 0.07894736842105264 0.15
20 22 -0.16749999999999998 -0.036 0.05750000000000001 -0.09 -0.07 -0.057499999999999996 0.1924651628869325 0.05 0.37 0.10000000000000006 0.19473684210526318 0.3 -0.049999999999999975 -0.021052631578947364 0.0
20 23 -0.14 -0.11299999999999999 -0.09 0.07 0.09 0.0925 0.16774022475556818 0.06 0.07999999999999999 0.0 0.03157894736842106 0.09999999999999995 0.0 -0.031578947368421054 0.0
20 24 -0.19 -0.17700000000000002 -0.1675 0.2775 0.3 0.3 0.16858468092011844 0.09999999999999998 0.06 0.0 0.031578947368421054 0.0 -0.09999999999999995 -0.05263157894736841 0.0
20 25 0.0 -0.0045 0.0 0.05 0.05 0.05 0.16240471418718813 0.030000000000000002 0.06 -0.04999999999999999 -0.031578947368421054 0.0 0.0 -0.01578947368421053 0.0
20 26 -1.3175000000000001 -1.3054999999999999 -1.27 -0.10250000000000001 -0.08499999999999999 0.0 0.18055149498965475 0.14 0.1399999999999999 0.0 0.01578947368421054 0.10000000000000009 -0.05 -0.047368421052631574 0.049999999999999975
20 27 -0.61 -0.271 0.0125 0.19 0.24 0.2625 0.2517466753215143 0.09 0.9700000000000001 -0.8999999999999999 -0.5105263157894736 0.0 -0.10000000000000009 -0.0368421052631579 0.0
20 28 -0.19 -0.08100000000000002 -0.07 0.10750000000000001 0.15000000000000002 0.1875 0.2267324759625137 0.19000000000000003 0.59 -0.8499999999999998 -0.22105263157894728 0.1999999999999999 -0.19999999999999996 -0.010526315789473684 0.050000000000000044
20 29 -0.1225 -0.074 -0.04750000000000001 0.3 0.4 0.41 0.19584542172096234 0.24 0.12000000000000001 -0.09999999999999998 0.05263157894736842 0.15 0.0 0.12105263157894736 0.2500000000000001
20 30 0.3225 1.179 1.8925 -0.12 -0.11 -0.1 0.33927517546350777 0.11000000000000001 1.49 -1.8499999999999996 -0.7789473684210526 0.15000000000000013 0.0 0.05263157894736842 0.10000000000000009
20 31 -0.6849999999999999 0.051000000000000004 0.9524999999999999 -0.025 -0.01 0.0 0.40084177045721925 0.08 2.7 0.7000000000000004 1.4210526315789471 2.05 -0.1 -0.0368421052631579 0.0
20 32 -0.07 -0.07000000000000002 -0.07 0.16 0.16 0.16 0.1544546959308694 0 0 0.0 0.0 0.0 0.0 0.0 0.0
20 33 -0.21 -0.1885 -0.16 -0.005 0.02 0.02 0.16507500507119968 0.05 0.07 -0.09999999999999995 -0.0368421052631579 0.0 0.0 -0.02631578947368421 0.0
20 34 -0.052500000000000005 -0.04650000000000001 -0.03 0.1175 0.12 0.12 0.16156025802263785 0.030000000000000013 0.04000000000000001 0.0 0.021052631578947375 0.049999999999999975 0.0 -0.005263157894736839 0.0
20 35 -0.16 -0.0070000000000000175 -0.007500000000000007 0.0375 0.11499999999999999 0.125 0.24083953912937647 0.13 0.76 0.0 0.39999999999999997 0.7500000000000001 -0.15000000000000013 -0.06842105263157895 0.0
20 36 -0.19 -0.184 -0.17 -0.08249999999999999 -0.060000000000000005 0.2675 0.1995630167552436 0.39 0.04999999999999999 -0.09999999999999981 0.010526315789473679 0.09999999999999995 -0.44999999999999996 -0.19473684210526315 0.049999999999999975
20 37 -0.1725 0.475 1.16 0.02 0.10500000000000001 0.175 0.33095009128159375 0.21000000000000002 1.48 0.2999999999999989 0.7789473684210525 1.3500000000000005 -0.30000000000000004 -0.1105263157894737 0.0
20 38 -0.175 -0.058499999999999996 0.02 -0.28 -0.245 -0.19250000000000003 0.23352118950058828 0.16999999999999998 0.68 -0.6499999999999999 -0.28421052631578947 0.14999999999999986 -0.15000000000000013 -0.07894736842105265 0.0
20 39 -0.1525 -0.14300000000000004 -0.14 -0.052500000000000005 -0.03 -0.03 0.16593467483467889 0.05 0.06 0.0 0.03157894736842106 0.0 -0.049999999999999975 -0.02631578947368421 0.0
20 40 -0.09 0.4645 1.1375000000000002 -0.0625 0.065 0.1 0.3182708750862104 0.2 1.65 0.10000000000000009 0.868421052631579 1.4999999999999996 -0.25 -0.09999999999999999 0.0
20 41 -0.12 0.06500000000000002 0.13 0.055 0.1 0.1 0.2881442979431214 0.09 1.41 -0.75 -0.7421052631578948 -0.09999999999999995 0.0 0.031578947368421054 0.10000000000000002
20 42 0.05 0.06400000000000002 0.07 0.0 0.0 0.0 0.15799479897764618 0.02 0.020000000000000004 0.0 -0.010526315789473686 0.0 0.0 -0.010526315789473684 0.0
20 43 0.02 0.020000000000000004 0.02 0.08750000000000001 0.1 0.1 0.15710977321595196 0.03 0 0.0 0.0 0.0 0.0 -0.015789473684210527 0.0
20 44 0.05 0.06450000000000003 0.07 0.16 0.16 0.16 0.16241485658647414 0.010000000000000009 0.08 0.0 0.042105263157894736 0.049999999999999975 0.0 0.005263157894736847 0.0
20 45 -0.13 0.06049999999999998 0.12 0.0375 0.07 0.1 0.23628012495435918 0.08 0.8300000000000001 -0.55 -0.4263157894736842 -0.1 -0.10000000000000006 3.652049423109067e-18 0.1
20 46 -0.08 0.05499999999999999 0.1875 0.08750000000000001 0.125 0.14 0.20224101586271248 0.07999999999999999 0.44 0.0 0.22105263157894742 0.44999999999999996 -0.09999999999999995 -0.04210526315789473 0.0
20 47 -0.245 -0.19049999999999997 -0.1275 0.19 0.2 0.21 0.1750435636334131 0.03999999999999998 0.19000000000000003 -0.2500000000000001 -2.921639538487254e-18 0.20000000000000012 0.0 0.010526315789473679 0.0
20 48 0.07 0.07950000000000002 0.09 0.05 0.095 0.1 0.16509528986977162 0.06999999999999999 0.04999999999999999 0.0 0.026315789473684206 0.0 0.0 0.021052631578947364 0.0
20 49 -0.115 0.358 0.9575 -0.0025 0.0 0.0675 0.2837877317538236 0.13 1.3099999999999998 -0.95 -0.6894736842105263 -0.10000000000000009 -0.10000000000000003 -0.05789473684210527 0.0
