21 0 -3.0525 -2.6889999999999996 -2.3625 -0.3175 -0.26 -0.1275 0.31136958091606143 0.39999999999999997 0.8800000000000001 -0.499999999999996 0.46315789473684216 1.4000000000000001 -0.049999999999999975 0.08421052631578947 0.35000000000000003
21 1 -1.7550000000000001 -1.3115 -0.9125 -0.1975 0.125 0.375 0.38454151486875754 0.76 1.8800000000000003 0.8000000000000007 0.9894736842105264 1.1000000000000005 0.20000000000000004 0.39999999999999997 0.6500000000000001
21 2 1.205 1.3465 1.53 -0.24 -0.195 -0.16 0.21859238914357584 0.09999999999999998 0.6200000000000001 -0.2500000000000002 0.11578947368421051 0.6000000000000005 -0.10000000000000009 2.921639538487254e-18 0.0
21 3 -0.02 0.0014999999999999994 0.02 0.1 0.12 0.12 0.16064987626272872 0.03 0.04 0.0 -0.021052631578947368 0.0 0.0 0.015789473684210527 0.0
21 4 -1.24 -1.1335000000000002 -1.085 0.21 0.36 0.4625 0.2415701975739382 0.49 0.42999999999999994 0.0 0.2263157894736842 0.5499999999999988 0.1999999999999999 0.2578947368421053 0.3999999999999999
21 5 1.2575 1.2694999999999999 1.29 -0.03 -0.025 -0.0075 0.16155011562335192 0.03 0.030000000000000027 0.0 0.005263157894736847 0.050000000000000044 0.0 0.010526315789473684 0.0
21 6 -0.16 -0.16000000000000003 -0.16 0.05 0.05 0.05 0.1544546959308694 0 0 0.0 0.0 0.0 0.0 0.0 0.0
21 7 -0.2425 -0.23249999999999998 -0.22 -0.07500000000000001 0.009999999999999998 0.14250000000000002 0.20452832974968563 0.44 0.12000000000000002 -0.050000000000000044 -0.03157894736842105 0.09999999999999995 0.10000000000000009 0.23157894736842108 0.30000000000000004
21 8 -0.12 0.151 0.23750000000000002 0.055 0.185 0.41000000000000003 0.33011415473244354 0.54 1.2799999999999998 0.0 0.6736842105263158 1.2999999999999998 -0.6 0.010526315789473705 0.4000000000000002
21 9 -0.32499999999999996 0.3245 1.0175 -0.4375 -0.255 0.1775 0.4535428942350603 1.06 1.6600000000000001 -1.9500000000000008 -0.8736842105263157 0.15000000000000013 0.30000000000000027 0.5578947368421053 0.75
21 10 -0.26 -0.25150000000000006 -0.24 0.21 0.235 0.26 0.16865567771512027 0.12 0.04000000000000001 0.0 0.02105263157894737 0.0 -0.10000000000000009 -0.02631578947368421 0.049999999999999906
21 11 2.6975000000000002 2.8302500000000004 2.9025 -0.17 -0.14500000000000002 -0.0775 0.24051143251247523 0.16999999999999998 0.8050000000000006 0.10000000000000009 -2.947368421052632 0.3499999999999992 0.0 0.08947368421052632 0.10000000000000009
21 12 2.5549999999999997 2.6635 2.7824999999999998 -0.575 -0.52 -0.4425 0.21943684530812615 0.24 0.2999999999999998 -0.30000000000000027 -0.06315789473684216 0.049999999999998934 -0.050000000000000044 0.036842105263157905 0.3
21 13 0.03 0.03850000000000001 0.05 0.82 0.82 0.82 0.15800494137693213 0.019999999999999907 0.020000000000000004 0.0 0.0 0.0 0.0 -0.010526315789473635 0.0
21 14 0.575 0.6889999999999998 0.7825 -0.42 -0.39 -0.35500000000000004 0.24554885796584056 0.15 0.79 0.2500000000000002 0.4157894736842106 0.6 0.0 0.07894736842105263 0.1999999999999999
21 15 -0.37999999999999995 -0.3695 -0.31 -0.20750000000000002 0.0 0.06 0.21162131526633932 0.32999999999999996 0.29 -0.20000000000000018 -0.15263157894736842 0.0 -0.2500000000000001 -0.17368421052631577 -0.04999999999999977
21 16 -0.2225 0.385 1.0325 0.10750000000000001 0.14 0.29000000000000004 0.3684181427238429 0.5599999999999999 1.88 -1.7000000000000002 -0.9894736842105264 -0.4000000000000001 0.10000000000000002 0.29473684210526313 0.4500000000000001
21 17 0.02 0.023500000000000004 0.03 0.1 0.1 0.10250000000000001 0.15889503833826935 0.04000000000000001 0.009999999999999998 0.0 0.0 0.0 0.0 -0.021052631578947375 0.0
21 18 -0.1 0.08750000000000001 0.2575 -0.1875 -0.1 -0.07 0.23796660310763101 0.27 0.6699999999999999 0.049999999999999975 0.09473684210526316 0.6 0.0 0.13157894736842105 0.20000000000000018
21 19 2.3175 2.4745 2.6525 -0.1225 -0.12 -0.1 0.206833494259402 0.05000000000000002 0.33999999999999986 -0.10000000000000009 0.17894736842105255 0.4999999999999982 -0.09999999999999995 -0.026315789473684223 0.0
21 20 -1.39 -1.1724999999999999 -0.99 0.0475 0.16499999999999998 0.20750000000000002 0.27360314008681896 0.5599999999999999 0.7499999999999999 -0.7500000000000007 -0.14736842105263154 0.20000000000000018 0.10000000000000009 0.29473684210526313 0.49999999999999994
21 21 -0.9550000000000001 -0.611 -0.2975 0.12 0.27999999999999997 0.5175000000000001 0.30139331413039083 0.6299999999999999 0.7899999999999999 -0.4499999999999993 0.047368421052631594 0.6500000000000004 -0.4499999999999996 -0.29473684210526313 0.0
21 22 0.21 0.7505 1.2650000000000001 -0.36 -0.265 -0.2175 0.3112590287638444 0.16999999999999998 1.5899999999999999 0.6000000000000003 0.8368421052631578 1.2 0.0 0.08947368421052632 0.19999999999999976
21 23 2.105 2.3079999999999994 2.535 -0.1775 -0.16 -0.14 0.2590244553531584 0.2 0.8 -0.25000000000000133 -0.0842105263157894 0.7499999999999996 0.0 0.08947368421052633 0.15
21 24 1.5975000000000001 1.6674999999999998 1.73 -0.10500000000000001 -0.08499999999999999 -0.034999999999999996 0.18482955900847903 0.08 0.16999999999999993 0.0 0.07894736842105259 0.14999999999999902 -0.10000000000000009 0.03157894736842106 0.14999999999999997
21 25 -0.33999999999999997 -0.31900000000000006 -0.2575 0.1 0.175 0.3875 0.21972854071159076 0.31999999999999995 0.42 -0.35000000000000003 -0.2210526315789474 0.0 0.0 0.16842105263157894 0.30000000000000016
21 26 -0.31 -0.30900000000000005 -0.3 0.1525 0.185 0.21 0.1793013428536655 0.25 0.020000000000000018 0.0 -0.005263157894736847 0.0 -0.24999999999999994 -0.13157894736842105 0.0
21 27 -1.51 -1.1940000000000002 -1.0 0.35750000000000004 0.38 0.39 0.26467174327558934 0.11000000000000004 0.99 -0.9500000000000003 -0.5105263157894738 -0.10000000000000009 -0.10000000000000009 0.05789473684210529 0.15000000000000013
21 28 0.8600000000000001 1.006 1.2149999999999999 -0.5824999999999999 -0.33999999999999997 -0.12 0.3589725262688141 1.01 0.63 -0.30000000000000027 -0.2631578947368421 0.5500000000000005 -0.6500000000000004 -0.5315789473684213 -0.34999999999999976
21 29 0.05 0.05900000000000001 0.07 0.44 0.46 0.4825 0.16418490810986247 0.07 0.039999999999999994 0.0 0.0 0.0 -0.10000000000000009 0.0 0.0
21 30 -0.28250000000000003 -0.26349999999999996 -0.2575 -0.17 -0.165 -0.11499999999999999 0.18294794109294496 0.16999999999999998 0.15 -0.14999999999999986 -0.07368421052631578 0.0 -0.15 -0.08947368421052633 0.0
21 31 -1.15 -0.7994999999999999 -0.295 -0.0625 0.19 0.405 0.3284414702422005 0.41000000000000003 1.0899999999999999 -1.0000000000000007 -0.5736842105263157 -0.050000000000000044 -0.35000000000000003 0.17894736842105266 0.5499999999999999
21 32 0.8275 1.8370000000000002 2.6675 -0.0025 0.03 0.1275 0.42463381070225986 0.38 2.6599999999999997 0.3500000000000014 1.3894736842105264 1.6999999999999995 -0.4000000000000001 -0.18421052631578946 0.04999999999999999
21 33 -0.21 -0.034499999999999996 0.09 -0.2925 -0.235 -0.1225 0.21413419611343257 0.3 0.32999999999999996 -0.30000000000000004 -0.15789473684210525 0.0 -0.3 -0.08421052631578947 0.14999999999999986
21 34 -0.29500000000000004 -0.36849999999999994 -0.08750000000000001 0.2875 0.39 0.44 0.35232600916872886 0.63 1.69 0.0 0.8894736842105262 1.3999999999999997 0.0 0.33157894736842103 0.44999999999999984
21 35 -0.28 0.12799999999999995 0.5 -0.5575 -0.385 -0.12250000000000001 0.34532876790133477 0.76 1.4100000000000001 -1.1 -0.7210526315789474 -0.050000000000000044 0.29999999999999943 0.4 0.5500000000000003
21 36 0.055 0.19349999999999998 0.31 0.75 0.79 0.8724999999999999 0.22995532475962516 0.33999999999999997 0.47 -0.2999999999999998 0.06315789473684207 0.4999999999999999 -0.4999999999999999 -0.15789473684210525 0.14999999999999958
21 37 -0.5775 -0.48149999999999993 -0.28 0.4 0.49 0.585 0.27639818248204795 0.47 0.9099999999999999 -0.8499999999999994 -0.47894736842105273 0.0 0.1999999999999999 0.24736842105263154 0.3499999999999995
21 38 -0.16 0.046500000000000014 0.2675 0.05 0.05 0.10250000000000001 0.20638215749117608 0.05 0.43000000000000005 -0.3500000000000002 -0.22631578947368425 0.0 0.0 -0.02631578947368421 0.0
21 39 1.9975 2.2030000000000003 2.4350000000000005 -0.24 -0.21 -0.16 0.2281043368899347 0.19 0.6200000000000001 -0.3000000000000014 -0.25263157894736843 0.050000000000000044 -0.10000000000000002 0.02105263157894735 0.19999999999999996
21 40 2.8275 2.8369999999999997 2.8525 -0.24 -0.23 -0.23 0.1615298308247799 0.009999999999999981 0.06999999999999984 0.0 0.03684210526315781 0.09999999999999787 0.0 -0.0052631578947368324 0.0
21 41 -0.23 -0.149 -0.060000000000000005 -0.005 0.09 0.1975 0.21632536005517466 0.43000000000000005 0.16999999999999998 -0.19999999999999993 -0.08421052631578947 0.0 0.09999999999999996 0.22631578947368425 0.3000000000000001
21 42 -0.33 -0.29500000000000004 -0.2775 0.02 0.03 0.0925 0.17689475435108928 0.15 0.06 -0.15 -0.03157894736842105 0.09999999999999981 0.0 0.026315789473684206 0.15
21 43 2.5175 2.5029999999999997 2.57 -0.5425 -0.445 -0.35500000000000004 0.23373904823725103 0.19999999999999996 0.5700000000000003 -0.049999999999998934 0.2578947368421054 0.5499999999999994 -0.3 -0.03684210526315793 0.1999999999999999
21 44 -1.2974999999999999 -1.2345 -1.1549999999999998 0.0 0.19 0.2025 0.2258604324719056 0.44 0.3400000000000001 -0.4499999999999993 -0.17894736842105266 0.0 -0.5 -0.23157894736842108 0.0
21 45 -0.21 -0.15350000000000003 -0.08750000000000001 0.09250000000000001 0.175 0.2425 0.19264772607408007 0.21999999999999997 0.12000000000000002 -0.15 -0.06315789473684212 0.049999999999999975 -0.1999999999999999 -0.11578947368421051 0.0
21 46 -0.0375 0.5459999999999999 1.0475 -0.20750000000000002 -0.15000000000000002 -0.1 0.3317158424276847 0.13999999999999999 1.85 -1.5999999999999996 -0.5789473684210527 -0.30000000000000004 0.0 0.07368421052631578 0.10000000000000009
21 47 -0.2225 0.13999999999999999 0.23249999999999998 -0.12 0.22 0.28 0.3707387236804736 0.77 1.61 -1.2999999999999996 -0.8052631578947369 0.09999999999999995 -0.049999999999999906 0.30526315789473685 0.7499999999999998
21 48 -0.12 0.6470000000000002 1.5525000000000002 -0.42 -0.23 -0.225 0.3261651101464563 0.22999999999999998 1.7000000000000002 -1.7999999999999998 -0.8842105263157896 0.0 0.0 0.09999999999999999 0.1999999999999999
21 49 -0.23 0.7095 1.605 -0.16 -0.13 -0.0725 0.40235298795082963 0.1 2.5700000000000003 0.14999999999999986 1.3526315789473686 2.2 -0.09999999999999995 0.05263157894736841 0.19999999999999996
21 50 0.7525 0.9715 1.19 -0.09 -0.07 -0.02 0.233741888109051 0.09 0.8099999999999999 -0.7000000000000004 -0.4263157894736841 -0.050000000000000044 0.0 0.04736842105263158 0.1
21 51 2.4975 2.5389999999999997 2.5825 -0.14 -0.14 -0.12 0.17216535356403911 0.03 0.0900000000000003 -0.10000000000000231 -0.03684210526315781 0.0 0.0 -0.005263157894736847 0.0
21 52 -0.07 0.072 0.29000000000000004 -0.17 -0.16 0.28750000000000003 0.24645132865430655 0.53 0.44999999999999996 -0.10000000000000002 -0.15263157894736837 0.10000000000000006 0.0 0.27894736842105256 0.2999999999999998
21 53 -0.02 0.8690000000000001 1.8924999999999998 -0.36 -0.22 0.0275 0.47006141425615644 0.5 2.56 -1.6000000000000014 -1.3473684210526318 -0.4 -0.2999999999999998 0.2631578947368421 0.7
21 54 2.3600000000000003 2.7205000000000004 3.0 -1.2225000000000001 -1.2 -0.9525 0.3556738894072782 0.77 0.6699999999999999 -0.5500000000000016 -0.3263157894736843 0.10000000000000009 0.0 0.4052631578947368 0.9999999999999998
21 55 -0.2425 -0.0995 -0.0475 -0.2125 -0.15000000000000002 0.005 0.26408023854923124 0.33 0.69 -0.3999999999999999 -0.36315789473684207 -0.049999999999999906 0.0 0.06315789473684212 0.44999999999999996
21 56 -0.25 -0.2345 -0.2175 -0.23 -0.23 -0.2275 0.16244021258468905 0.020000000000000018 0.04999999999999999 -0.10000000000000009 -0.010526315789473691 0.10000000000000009 0.0 0.010526315789473694 0.0
21 57 0.4325 0.43050000000000005 0.47 0.4175 0.44 0.475 0.2145045965353564 0.15000000000000002 0.53 -0.5999999999999996 -0.27894736842105267 0.0 0.0 0.07894736842105265 0.19999999999999962
21 58 0.47 0.47000000000000003 0.47 0.07 0.07 0.09 0.1562247474542578 0.01999999999999999 0 0.0 0.0 0.0 0.0 0.010526315789473679 0.0
21 59 2.72 2.7310000000000003 2.7425 -0.1225 -0.08499999999999999 -0.06 0.17320251531502287 0.08000000000000002 0.09999999999999964 -0.09999999999999787 0.015789473684210423 0.049999999999998934 -0.10000000000000002 0.0052631578947368385 0.10000000000000009
21 60 2.52 2.5425 2.57 -0.1 -0.09 -0.09 0.16691605338958987 0.03 0.10999999999999988 -0.09999999999999787 0.021052631578947153 0.0 0.0 0.015789473684210527 0.0
21 61 -0.07250000000000001 -0.03150000000000001 -0.015 0.085 0.11 0.1325 0.18740349709927387 0.06 0.26 -0.15000000000000002 -0.05263157894736842 0.049999999999999975 -0.10000000000000002 0.005263157894736838 0.09999999999999995
21 62 2.36 2.74075 2.9175 -0.255 -0.21 -0.18500000000000003 0.3240163170919712 0.44999999999999996 1.330000000000001 0.0 -2.6052631578947363 0.7000000000000006 -0.2999999999999996 -0.23684210526315785 0.10000000000000009
21 63 0.015 0.0345 0.0925 0.1475 0.215 0.3025 0.21598558967909465 0.35 0.35 0.09999999999999995 0.15789473684210525 0.25 0.09999999999999981 0.18421052631578946 0.2500000000000001
