26 0 2.2800000000000002 2.6905 -2.9675000000000002 0.02 0.02 0.07 0.2808229055945475 0.12 1.2800000000000002 -0.7499999999999996 -0.35263157894736913 0.14999999999999902 0.0 0.06315789473684211 0.2
26 1 -0.0475 0.03649999999999999 0.065 -0.07 -0.065 -0.04750000000000001 0.19653774189622297 0.04000000000000001 0.4 -0.35000000000000003 0.010526315789473696 0.19999999999999996 -0.09999999999999995 -0.01578947368421053 0.049999999999999975
26 2 -0.58 -0.38150000000000006 -0.1525 -0.1 -0.08499999999999999 -0.07 0.2155620430849122 0.03 0.6599999999999999 0.1999999999999995 0.34736842105263155 0.5499999999999999 0.0 -0.015789473684210527 0.0
26 3 -0.3524999999999999 -0.21549999999999997 -0.0975 0.3 0.3 0.31 0.18821752606596617 0.010000000000000009 0.37 0.10000000000000009 0.16842105263157894 0.3 0.0 0.0 0.0
26 4 -0.49 -0.253 0.01 -0.03 -0.025 -0.02 0.20928065235912213 0.009999999999999998 0.61 0.0 0.3157894736842106 0.6 0.0 0.005263157894736841 0.0
26 5 -0.19 -0.03699999999999999 0.09 0.0 0.025 0.03 0.1977753174570976 0.07 0.42000000000000004 0.0 0.19473684210526318 0.4000000000000001 0.0 0.02631578947368421 0.04999999999999999
26 6 -2.07 -1.4759999999999998 -1.0150000000000001 -0.1725 -0.17 -0.1575 0.34739274615603066 0.05000000000000002 2.1 -1.4500000000000006 -1.105263157894737 -0.5499999999999994 -0.09999999999999995 -0.010526315789473679 0.049999999999999906
26 7 -0.2 -0.133 -0.057499999999999996 0.375 0.495 0.51 0.2145626110592722 0.39 0.15000000000000002 -0.25 -0.02631578947368421 0.2 -0.20000000000000004 -0.20526315789473687 0.0
26 8 -0.40499999999999997 -0.21350000000000002 -0.0775 -0.14250000000000002 -0.12 -0.12 0.2235272749401598 0.16000000000000003 0.6 0.10000000000000009 0.3 0.5000000000000001 -0.2500000000000001 -0.0842105263157895 0.0
26 9 0.09500000000000001 0.23349999999999999 0.49250000000000005 0.0 0.045 0.21500000000000002 0.30498473771755447 0.38 1.28 -0.2500000000000001 0.3263157894736842 1.2999999999999998 0.04999999999999999 0.19999999999999998 0.35000000000000003
26 10 -0.45 -0.328 -0.21 -0.042499999999999996 -0.02 0.0 0.19263758367479408 0.08 0.26 0.0 0.1368421052631579 0.2999999999999998 0.0 0.042105263157894736 0.1
26 11 -2.64 -2.5905 -2.5975 -0.0025 0.005 0.0125 0.18882870704693902 0.09000000000000001 0.2999999999999998 -0.25000000000000133 -0.15789473684210517 0.0 0.0 0.0368421052631579 0.1
26 12 -0.225 0.08349999999999999 0.445 -0.12 -0.11 -0.09 0.23501475921944107 0.04999999999999999 0.8500000000000001 0.14999999999999986 0.4052631578947368 0.6000000000000001 0.0 0.010526315789473677 0.049999999999999975
26 13 -0.5025 -0.23199999999999998 0.0025 -0.23 -0.21 -0.18500000000000003 0.21275482981054 0.07 0.59 0.0 0.23684210526315794 0.6 0.0 -0.0368421052631579 0.0
26 14 0.26249999999999996 0.5 0.75 0.14 0.14 0.16 0.23006729684774235 0.04999999999999999 0.8 0.15000000000000013 0.42105263157894735 0.6499999999999999 0.0 0.0 0.0
26 15 -0.24250000000000002 -0.1165 0.07250000000000001 -0.09 -0.09 -0.08 0.2210851880400828 0.039999999999999994 0.71 0.049999999999999975 0.35263157894736846 0.6000000000000001 -0.049999999999999975 -0.021052631578947368 0.0
26 16 -1.05 -1.0485000000000002 -1.05 0.24 0.26 0.26 0.1579947989776462 0.020000000000000018 0.020000000000000018 0.0 0.010526315789473694 0.0 0.0 -0.010526315789473694 0.0
26 17 -0.07250000000000001 0.0745 0.19 -0.1125 -0.07 -0.03 0.20697285082559128 0.15 0.39 -0.35 -0.042105263157894736 0.2999999999999999 -0.10000000000000009 -0.07894736842105263 0.0
26 18 -1.255 -0.8500000000000002 -0.4775 0.085 0.1 0.1125 0.26628986165767377 0.06999999999999999 0.87 0.10000000000000009 0.4578947368421053 0.9000000000000002 -0.049999999999999975 0.02631578947368421 0.10000000000000002
26 19 1.2225 1.5499999999999998 1.8525000000000003 -0.09 -0.05 -0.02 0.25922486916304915 0.09000000000000001 1.02 0.14999999999999902 0.5368421052631579 0.7999999999999996 -0.10000000000000009 -0.04736842105263159 0.04999999999999999
26 20 -0.515 -0.16049999999999998 0.14 -0.1925 -0.14 -0.12 0.2383952209014565 0.1 0.8300000000000001 0.09999999999999995 0.3105263157894737 0.6500000000000001 0.0 0.03684210526315789 0.10000000000000009
26 21 -0.645 -0.3095 -0.0075 -0.0325 -0.025 0.02 0.22099897764615203 0.07 0.68 0.0 0.3263157894736843 0.6499999999999997 -0.09999999999999999 -0.021052631578947368 0.0
26 22 -0.4475 0.09899999999999999 0.615 0.1 0.1 0.1125 0.2660845794961257 0.020000000000000004 1.22 0.10000000000000009 0.5368421052631579 1.2999999999999998 0.0 -0.010526315789473686 0.0
26 23 0.3875 0.3970000000000001 0.51 -0.17 -0.165 -0.16 0.20322239441762346 0.01999999999999999 0.52 -0.10000000000000009 0.23157894736842108 0.55 0.0 -0.010526315789473679 0.0
26 24 -0.455 -0.20900000000000002 0.0275 -0.02 0.0 0.0 0.2151892084871597 0.02 0.66 0.14999999999999986 0.3473684210526316 0.5 0.0 1.460819769243627e-18 0.0
26 25 -0.10500000000000001 0.0205 0.16749999999999998 -0.07 -0.06 -0.05 0.19746333725506107 0.05 0.24000000000000002 -0.5 -5.843279076974508e-18 0.35000000000000003 0.0 0.02631578947368421 0.09999999999999996
26 26 -0.7449999999999999 -0.6085 -0.48 -0.18 -0.135 -0.08750000000000001 0.2237526390522942 0.12 0.63 -0.6000000000000001 -0.28421052631578947 0.10000000000000009 -0.10000000000000009 -0.015789473684210523 0.10000000000000002
26 27 -0.33499999999999996 -0.15350000000000003 0.0225 -0.26 -0.235 -0.20750000000000002 0.2123438597914722 0.07000000000000003 0.55 0.04999999999999999 0.28421052631578947 0.3999999999999998 0.0 0.010526315789473682 0.09999999999999995
26 28 -0.37749999999999995 -0.022000000000000006 0.2225 -0.1 -0.09 -0.0375 0.22679333035822957 0.09 0.6799999999999999 -0.09999999999999995 0.2473684210526316 0.2500000000000001 -0.10000000000000006 -0.015789473684210523 0.0
26 29 -0.2325 0.03150000000000001 0.35250000000000004 -0.07 0.09 0.1125 0.24215074850906732 0.21000000000000002 0.74 -0.44999999999999984 0.026315789473684216 0.44999999999999984 -0.1999999999999999 0.026315789473684226 0.15
26 30 -0.1575 0.254 0.53 -0.0225 0.16499999999999998 0.36750000000000005 0.3354884092660959 0.31 1.4300000000000002 0.4500000000000001 0.7526315789473684 1.1 -0.3500000000000002 -0.1105263157894737 0.14999999999999986
26 31 0.21000000000000002 0.38849999999999996 0.6 -0.1325 -0.12 -0.12 0.23674424114568546 0.03 0.6100000000000001 -0.8000000000000005 -0.14210526315789473 0.34999999999999976 -0.049999999999999975 -0.005263157894736847 0.0
26 32 -0.4775 -0.27249999999999996 -0.0525 -0.28250000000000003 -0.28 -0.26 0.21110385005476906 0.04999999999999999 0.5599999999999999 0.20000000000000007 0.28947368421052627 0.44999999999999996 -0.04999999999999977 -0.010526315789473694 0.0
26 33 0.8575 0.9840000000000002 1.1749999999999998 -0.1 -0.07500000000000001 -0.07 0.2016095500831677 0.05 0.48 0.050000000000000044 0.2526315789473684 0.34999999999999976 0.0 -0.010526315789473686 0.0
26 34 -2.3299999999999996 -1.2054999999999998 -0.12000000000000001 -0.19 -0.19 -0.17750000000000002 0.37611683232585497 0.03999999999999998 2.46 0.1500000000000012 1.2947368421052632 2.4000000000000004 0.0 -0.010526315789473679 0.0
26 35 -2.8449999999999998 -2.5015000000000005 -2.2675 0.1 0.11499999999999999 0.12 0.27748585338147586 0.05000000000000002 1.3299999999999998 -1.200000000000001 -0.31052631578947365 0.6500000000000017 -0.049999999999999975 0.00526315789473685 0.10000000000000002
26 36 -0.5525 -0.17850000000000002 0.1375 -0.21 -0.21 -0.21 0.22986952006166575 0.020000000000000018 0.8099999999999999 0.09999999999999953 0.37894736842105264 0.7 0.0 -0.010526315789473694 0.0
26 37 -0.6950000000000001 -0.19800000000000004 0.18 -0.2225 -0.21 -0.19 0.25430012576575106 0.04000000000000001 1.06 -0.050000000000000044 0.46315789473684205 1.1 0.0 -0.0052631578947368324 0.0
26 38 -0.03 0.028000000000000004 0.0875 -0.095 -0.09 -0.09 0.1783250354983976 0.07 0.2 0.049999999999999975 0.09999999999999999 0.15000000000000002 -0.049999999999999975 -0.0368421052631579 0.0
26 39 0.6699999999999999 0.9644999999999999 1.2525 -0.1 -0.09 -0.0275 0.2675832204146213 0.05 1.18 0.050000000000000044 0.6052631578947368 0.8000000000000002 -0.10000000000000009 -0.02631578947368421 0.04999999999999999
26 40 -0.49 -0.1565 0.09 -0.09 -0.07500000000000001 -0.07 0.21213857762992414 0.01999999999999999 0.61 -0.20000000000000012 0.22631578947368425 0.30000000000000004 0.0 0.0 0.0
26 41 -0.46 -0.2415 -0.04750000000000001 -0.17 -0.17 -0.16 0.2059839668952087 0.01999999999999999 0.55 0.050000000000000044 0.23157894736842108 0.5499999999999999 0.0 -0.010526315789473679 0.0
26 42 0.95 0.9825000000000002 0.98 -0.44 -0.28500000000000003 -0.2375 0.20133306827863204 0.3 0.21999999999999986 0.0 0.11052631578947371 0.10000000000000009 -0.20000000000000018 -0.036842105263157884 0.050000000000000044
26 43 -0.9 -0.582 -0.17750000000000002 -0.17 -0.1 -0.02 0.2661957401922998 0.17 0.62 -0.30000000000000016 0.28421052631578947 0.9500000000000004 -0.3 -0.042105263157894736 0.1
26 44 -0.405 -0.093 0.2025 -0.02 -0.02 -0.01 0.2300165848513124 0.02 0.82 -0.049999999999999906 0.39999999999999997 0.9499999999999998 0.0 0.0 0.0
26 45 -2.34 -2.3024999999999998 -2.29 -0.042499999999999996 -0.02 -0.015 0.1877611180980973 0.16 0.21999999999999975 -0.10000000000000009 -0.07894736842105259 0.049999999999998934 -0.04999999999999999 -0.07368421052631578 0.0
26 46 -0.26 -0.005999999999999997 0.2775 0.1 0.11 0.12 0.22131339202401723 0.03 0.7 0.10000000000000009 0.368421052631579 0.6 0.0 -0.005263157894736847 0.0
26 47 -0.6100000000000001 -0.4149999999999999 0.0475 0.0 0.02 0.09 0.35293881293358753 0.11 2.13 0.5000000000000002 1.1210526315789473 1.4 0.0 0.04736842105263158 0.1
26 48 -0.4775 -0.1125 0.2575 0.1625 0.42000000000000004 0.745 0.3876566513854517 0.89 0.95 -0.5 -0.2315789473684211 0.8500000000000002 0.2999999999999996 0.4421052631578948 0.65
