30 0 -2.7950000000000004 -2.77025 -2.64 0.017499999999999998 0.14 0.19 0.23545970627611665 0.15 0.45500000000000007 -0.3499999999999992 -0.03421052631578959 0.20000000000000018 -0.25 -0.04210526315789474 0.15
30 1 0.325 0.43949999999999995 0.5824999999999999 -0.14500000000000002 -0.03 0.0675 0.22391532313684132 0.31 0.47 -0.39999999999999986 -0.24736842105263154 -0.050000000000000044 -0.2 -0.16315789473684209 -0.1
30 2 0.07 0.07800000000000003 0.09 -0.25 -0.24 -0.2375 0.1633353807456692 0.06 0.01999999999999999 0.0 0.010526315789473679 0.0 0.0 0.031578947368421054 0.09999999999999995
30 3 0.37750000000000006 0.404 0.44 0.3975000000000001 0.42 0.4325 0.17331915290681157 0.07 0.050000000000000044 -0.10000000000000009 0.021052631578947358 0.10000000000000009 -0.10000000000000009 -0.0368421052631579 0.0
30 4 0.4 0.4285000000000001 0.45 0.0 0.02 0.0325 0.1721349263661812 0.1 0.09999999999999998 -0.10000000000000009 -0.05263157894736841 0.0 -0.1 -0.05263157894736842 0.0
30 5 0.195 0.2875 0.37 0.01 0.085 0.12 0.18880071402490975 0.16 0.18999999999999997 -0.20000000000000004 -5.843279076974508e-18 0.1999999999999999 -0.10000000000000009 -0.0736842105263158 0.0
30 6 0.35 0.367 0.38 -0.26 -0.22999999999999998 -0.20750000000000002 0.16976383626110594 0.1 0.07 -0.09999999999999981 0.0 0.0 -0.10000000000000009 -0.042105263157894736 0.0
30 7 0.4 0.403 0.41 0.12 0.135 0.16 0.1642204065073634 0.06 0.03999999999999998 0.0 0.01578947368421051 0.09999999999999953 -0.050000000000000044 -0.031578947368421054 0.0
30 8 0.2875 0.3075 0.31 -0.325 -0.19 -0.04750000000000001 0.20524600592316125 0.38 0.18999999999999997 -0.20000000000000004 -0.09999999999999998 0.0 -0.24999999999999994 -0.2 -0.1
30 9 -0.0325 -0.03200000000000001 -0.02 -0.14 -0.14 -0.14 0.15799479897764615 0 0.039999999999999994 0.0 0.015789473684210527 0.049999999999999975 0.0 0.0 0.0
30 10 -0.042499999999999996 -0.028500000000000008 -0.017499999999999998 -0.8225 -0.515 -0.4 0.20444211935575474 0.51 0.05 -0.04999999999999999 0.010526315789473687 0.1 0.0 0.26842105263157895 0.4999999999999999
30 11 1.1075 1.3050000000000002 1.5775 0.16 0.16 0.1725 0.26852666639620265 0.03 1.2599999999999998 0.49999999999999933 0.6631578947368421 0.8999999999999997 0.0 0.015789473684210527 0.0
30 12 0.4375 0.49250000000000005 0.5125 -0.0025 0.055 0.07250000000000001 0.1979578806442452 0.17 0.19999999999999996 -0.050000000000000044 0.10526315789473684 0.3 0.0 0.08947368421052633 0.15
30 13 0.59 0.6024999999999998 0.61 0.59 0.59 0.61 0.15890010953791234 0.020000000000000018 0.030000000000000027 0.0 0.01578947368421054 0.0 0.0 -0.010526315789473694 0.0
30 14 0.1475 0.1825 0.21 0.3 0.31 0.31 0.16509528986977162 0.030000000000000027 0.09 -0.09999999999999995 -0.010526315789473696 0.049999999999999906 0.0 -0.01578947368421054 0.0
30 15 0.3325 0.365 0.42 -0.0225 0.005 0.0225 0.20499488011684036 0.27 0.29000000000000004 -0.050000000000000044 0.05789473684210524 0.2500000000000001 -0.10000000000000002 -0.14210526315789473 0.0
30 16 1.6549999999999998 1.9459999999999997 2.2925 0.1975 0.28 0.505 0.3798242849608503 0.74 1.1300000000000001 -1.5500000000000014 -0.18421052631578944 0.6499999999999995 0.049999999999999906 0.3894736842105263 0.6
30 17 0.21 0.24499999999999997 0.27 -0.052500000000000005 -0.02 0.0025 0.1730554505253763 0.11 0.10000000000000003 0.0 0.04210526315789475 0.10000000000000009 -0.1 -0.057894736842105256 0.0
30 18 -0.605 -0.54 -0.46499999999999997 -0.5325 -0.45499999999999996 -0.31 0.21050017444926772 0.29000000000000004 0.23000000000000004 -0.20000000000000018 -0.06842105263157898 0.10000000000000009 -0.24999999999999994 0.04736842105263159 0.5000000000000002
30 19 0.5875 0.6240000000000001 0.66 0.0075 0.07 0.14250000000000002 0.19299763884944626 0.13999999999999999 0.1100000000000001 -0.15000000000000013 -0.03157894736842102 0.10000000000000009 -0.2 -0.06315789473684212 0.0
30 20 0.49 0.5050000000000001 0.54 -0.125 0.0 0.02 0.19588862834192056 0.22999999999999998 0.22999999999999998 -0.24999999999999994 -0.12105263157894736 0.0 -0.20000000000000007 -0.12105263157894736 0.0
30 21 0.20750000000000002 0.205 0.21 -0.05 -0.045 -0.03 0.1606498762627287 0.04000000000000001 0.03 0.0 -0.015789473684210527 0.0 0.0 -0.02105263157894737 0.0
30 22 0.42 0.4600000000000001 0.5125 0.16 0.25 0.28250000000000003 0.19240937969085967 0.24 0.18000000000000005 -0.10000000000000009 -0.09473684210526319 0.0 -0.20000000000000018 -0.12631578947368421 0.0
30 23 0.14 0.14850000000000002 0.1625 -0.28 -0.26 -0.2275 0.16699719258387766 0.09000000000000002 0.05000000000000002 -0.049999999999999906 0.0 0.0 -0.10000000000000009 -0.047368421052631594 0.0
30 24 0.9775 1.2105000000000001 1.4625 0.135 0.16 0.1625 0.2627268367885107 0.21 0.7 -0.20000000000000018 -0.10526315789473686 0.7999999999999996 -0.1999999999999999 -0.1105263157894737 0.049999999999999906
30 25 0.2825 0.36100000000000004 0.44 0.057499999999999996 0.09 0.1 0.1932207716337377 0.09999999999999999 0.23999999999999996 -0.14999999999999986 -0.04210526315789474 0.1999999999999999 -0.10000000000000005 -0.05263157894736842 0.0
30 26 0.12 0.1825 0.26 -0.19 -0.175 -0.14 0.19003321838614143 0.12 0.16 -0.3 -0.07894736842105264 0.0 -0.10000000000000009 -0.057894736842105256 0.0
30 27 0.255 0.269 0.3025 0.03 0.03 0.05 0.17301488092823236 0.05 0.16 0.0 0.07894736842105263 0.15000000000000013 0.0 0.026315789473684216 0.0
30 28 0.19 0.2045 0.21 0.07 0.07 0.09 0.17471393565661894 0.16 0.07 0.0 0.0368421052631579 0.0 -0.15 -0.08421052631578947 0.0
30 29 0.28 0.34950000000000003 0.4475 0.017499999999999998 0.02 0.042499999999999996 0.2025148606434338 0.07 0.26 -0.6 -0.1368421052631579 0.2500000000000002 -0.09999999999999999 -0.0368421052631579 0.0
30 30 0.16 0.16100000000000003 0.1625 -0.0925 -0.09 -0.08 0.15978006409996348 0.03 0.03 0.0 -0.015789473684210527 0.0 0.0 0.005263157894736847 0.049999999999999975
30 31 0.08250000000000002 0.27449999999999997 0.495 -0.2325 -0.095 -0.06 0.2521673820438965 0.36 0.44000000000000006 -0.40000000000000024 -0.13684210526315788 0.24999999999999994 -0.34999999999999987 -0.18947368421052632 0.0
30 32 0.37 0.39849999999999997 0.42 -0.045 0.05 0.05 0.18682781451580185 0.13 0.15000000000000002 -0.050000000000000044 0.07894736842105264 0.2999999999999997 0.0 -0.042105263157894736 0.0
30 33 0.4425 0.5185 0.62 -0.2325 -0.165 -0.11499999999999999 0.2048200251531502 0.2 0.35999999999999993 -0.30000000000000027 -0.18947368421052627 -0.09999999999999953 -0.1999999999999999 -0.09473684210526315 -0.049999999999999906
30 34 0.13999999999999999 0.3135 0.44 -0.1825 -0.09 -0.0075 0.21260269382125033 0.22999999999999998 0.43000000000000005 -0.2999999999999998 -0.2263157894736842 -0.049999999999999975 -0.19999999999999998 -0.12105263157894736 -0.049999999999999906
30 35 0.1275 0.14300000000000004 0.16 -0.5425 -0.45 -0.42 0.17491171244269546 0.17999999999999994 0.05000000000000002 0.0 0.010526315789473694 0.0 -0.10000000000000009 -0.09473684210526312 0.0
30 36 0.21 0.24900000000000003 0.3 -0.125 -0.060000000000000005 -0.02 0.18791568826321556 0.21 0.12000000000000002 -0.10000000000000009 -0.010526315789473679 0.10000000000000009 -0.15000000000000002 0.1 0.3
30 37 2.0975 2.5175 3.01 -0.2225 -0.195 -0.1425 0.3041788226702908 0.22 1.4799999999999998 0.4499999999999993 0.7631578947368421 1.0499999999999998 -0.20000000000000004 -0.1 0.0
30 38 0.2625 0.382 0.5025 -0.1525 -0.12 -0.1 0.19783617185281346 0.05000000000000002 0.36 -0.35000000000000003 -0.1894736842105263 0.0 0.0 0.021052631578947375 0.10000000000000002
30 39 0.015 0.2455 0.455 -0.3175 0.025 0.1 0.2537323542537224 0.47 0.63 -0.49999999999999994 -0.33157894736842103 -0.19999999999999954 -0.44999999999999996 -0.23684210526315785 0.0
30 40 0.28 0.3225 0.37 -0.225 -0.14500000000000002 -0.12 0.21243777840886044 0.44 0.11000000000000001 -0.2499999999999998 -0.05789473684210528 0.0 -0.44999999999999984 -0.23157894736842108 -0.09999999999999995
30 41 0.295 0.3195 0.355 -0.09 -0.06 -0.03 0.18739842589963088 0.19 0.14 -0.20000000000000018 -0.0736842105263158 0.09999999999999981 -0.24999999999999994 -0.1 0.0
30 42 0.38 0.5065000000000002 0.61 -0.2625 -0.195 -0.1275 0.19719943202564 0.19999999999999998 0.22999999999999998 -0.24999999999999967 -0.11052631578947367 0.050000000000000044 -0.1999999999999999 0.0 0.24999999999999994
30 43 0.41 0.4635000000000001 0.505 0.004999999999999999 0.04 0.07 0.18122353036634353 0.12000000000000001 0.18000000000000005 -0.20000000000000018 -0.09473684210526319 -0.04999999999999977 -0.1 -0.06315789473684212 0.0
30 44 0.535 0.572 0.62 0.02 0.05500000000000001 0.135 0.19374574222077975 0.18 0.13000000000000006 -0.20000000000000018 -0.06842105263157898 -0.04999999999999949 -0.10000000000000009 -0.09473684210526316 0.0
30 45 0.325 0.3975 0.475 -0.07500000000000001 -0.025 0.052500000000000005 0.20278363422451223 0.27 0.15000000000000002 -0.30000000000000027 -0.06315789473684212 0.1999999999999999 -0.2500000000000001 -0.14210526315789473 -0.09999999999999995
30 46 0.33 0.36850000000000005 0.39249999999999996 -0.09 -0.07 -0.03 0.1768338999553734 0.11 0.14 -0.10000000000000009 0.010526315789473694 0.050000000000000044 -0.1 -0.05789473684210527 0.0
30 47 0.2975 0.3205 0.3524999999999999 -0.26 -0.24 -0.23 0.17491171244269546 0.07999999999999999 0.08000000000000002 -0.19999999999999976 -0.03684210526315788 0.10000000000000009 -0.10000000000000009 -0.042105263157894736 0.0
30 48 0.3375 0.3785 0.42 -0.07500000000000001 -0.03 -0.0275 0.17846702908840117 0.09999999999999999 0.16999999999999998 0.0 0.0631578947368421 0.14999999999999986 -0.10000000000000003 -0.05263157894736842 0.0
30 49 0.47 0.4805 0.495 -0.2025 -0.19 -0.125 0.1849766237981257 0.21 0.10000000000000003 -0.10000000000000009 -0.01578947368421054 0.10000000000000009 -0.19999999999999996 -0.11052631578947367 0.0
30 50 0.255 0.2855 0.355 -0.14 -0.09 -0.0375 0.19105516653819626 0.12 0.28 -0.2500000000000001 -0.14736842105263157 -0.10000000000000009 -0.15 -0.05263157894736843 0.0
30 51 0.295 0.36100000000000004 0.44 -0.1825 -0.08499999999999999 -0.017499999999999998 0.20062553450444234 0.27 0.17 -0.20000000000000004 0.03684210526315787 0.1999999999999999 -0.3 -0.0368421052631579 0.10000000000000009
30 52 0.5725 0.546 0.6325000000000001 0.015 0.03 0.1225 0.2204208608868513 0.2 0.53 -0.2999999999999997 -0.27894736842105267 0.0 -0.2500000000000001 -0.10526315789473684 0.0
30 53 -0.21500000000000002 -0.10799999999999998 0.0375 -0.40750000000000003 -0.3 -0.2075 0.3224592802953467 0.9299999999999999 0.8999999999999999 0.04999999999999999 0.38421052631578945 0.8499999999999999 -0.7999999999999998 0.03684210526315787 0.4500000000000004
30 54 -0.46 -0.08549999999999999 0.5025 -0.2325 -0.175 -0.10500000000000001 0.41425306503306414 0.16 2.61 -0.35000000000000003 1.2052631578947366 3.049999999999999 -0.2500000000000001 -0.03157894736842106 0.0
30 55 0.37 0.37 0.38 -0.19 -0.14500000000000002 -0.12 0.16955084587610056 0.09999999999999999 0.06 0.0 0.026315789473684206 0.04999999999999977 -0.10000000000000002 -0.05263157894736841 0.0
30 56 0.2625 0.36450000000000005 0.4625 -0.3 -0.0049999999999999975 0.1125 0.2211486794596129 0.47 0.29000000000000004 -0.20000000000000018 -0.15263157894736845 -0.09999999999999995 -0.2999999999999998 -0.24736842105263163 0.0
30 57 0.21000000000000002 0.312 0.40750000000000003 -0.3625 -0.035 0.04 0.2651819059596739 0.75 0.38 -0.30000000000000027 -0.19999999999999998 -0.04999999999999977 -0.8499999999999999 -0.39473684210526316 0.1
30 58 0.405 0.521 0.7 -0.20750000000000002 -0.125 -0.1 0.22128560184997365 0.18999999999999997 0.5499999999999999 -0.40000000000000036 -0.28947368421052627 -0.14999999999999958 -0.1999999999999999 -0.09999999999999999 0.0
30 59 -0.6425 0.14850000000000002 0.82 0.1225 0.275 0.45 0.36023748630776103 0.43000000000000005 1.71 0.0 0.9000000000000002 1.5000000000000002 -0.3999999999999999 -0.22631578947368425 -0.050000000000000044
30 60 0.26 0.2725000000000001 0.3 0.04 0.05 0.05 0.16776050955414015 0.05 0.09999999999999998 0.0 0.0368421052631579 0.10000000000000009 0.0 0.005263157894736842 0.049999999999999975
30 61 0.19 0.193 0.21 -0.05 -0.03 -0.02 0.1677554383544972 0.04000000000000001 0.07999999999999999 0.0 0.03684210526315789 0.0 -0.04999999999999999 -0.021052631578947375 0.0
30 62 0.40249999999999997 0.4085 0.44 -0.042499999999999996 -0.02 0.03 0.18238240090875896 0.16 0.09999999999999998 -0.10000000000000009 -0.026315789473684233 0.0 -0.10000000000000002 -0.08421052631578947 0.0
30 63 0.2925 0.3215 0.36250000000000004 0.065 0.125 0.17 0.18094461438597917 0.14 0.10999999999999999 -0.10000000000000009 -0.057894736842105256 0.0 -0.10000000000000009 -0.0736842105263158 0.0
30 64 0.38 0.38749999999999996 0.42 0.04750000000000001 0.095 0.1325 0.18313050428009248 0.08 0.19 -0.050000000000000044 0.08421052631578946 0.24999999999999994 -0.10000000000000006 -0.042105263157894736 0.0
30 65 0.36 0.40549999999999997 0.465 0.0325 0.07500000000000001 0.115 0.2060168282688953 0.2 0.24000000000000005 -0.24999999999999994 -0.010526315789473665 0.1999999999999999 -0.19999999999999996 -0.10526315789473684 0.10000000000000002
30 66 0.23 0.28900000000000003 0.36250000000000004 -0.2725 -0.11 -0.03 0.20301447523226096 0.28 0.27 -0.20000000000000018 -0.14210526315789473 -0.09999999999999967 -0.3 -0.13157894736842105 0.0
