33 0 -1.3131818181818187 -0.767795454545454 -0.5283116883116881 -0.15 -0.14 -0.14 0.3964422258257628 0.08000000000000002 2.513571428571429 0.03095238095238373 1.3229323308270677 2.0285714285714262 0.0 0.04210526315789474 0.09761904761904874
33 1 -2.3444047619047623 -2.1731471861471867 -1.8733928571428569 -0.09 -0.0659523809523809 0.0772727272727268 0.3024337485552266 0.27 1.1500000000000004 -1.5411255411255365 -0.4043062200956983 0.3190476190476177 -0.061904761904763295 0.11052631578947367 0.17142857142857473
33 2 -2.767738095238095 -2.5777164502164505 -2.438295454545451 -0.25 -0.25 -0.23 0.2159131244837903 0.03 0.5409523809523806 -0.49523809523809303 0.04686716791979961 0.11190476190476417 -0.07218614718614694 0.0 0.0
33 3 -1.5033766233766235 -1.4182575757575757 -1.2717857142857145 0.12134740259740284 0.29945887445887465 0.49547619047618996 0.2672460638432347 0.6091125541125537 0.6709523809523803 0.0 0.32681704260651595 0.7190476190476214 -0.10508658008658078 0.21077694235588953 0.42694805194805646
33 4 -1.882857142857143 -1.5467186147186147 -1.284047619047619 0.023869047619047852 0.045 0.08499999999999999 0.24695827565934508 0.17 0.7095238095238097 -0.9003246753246774 -0.28922305764411027 0.2540043290043281 -0.19999999999999993 -0.08947368421052633 0.024999999999997975
33 5 -1.93 -1.8988008658008664 -1.875 -0.3524999999999999 -0.27 -0.23022727272727322 0.2086543078088604 0.19999999999999998 0.30999999999999983 -0.19999999999999907 -0.16315789473684203 0.10000000000000009 -0.03409090909090612 0.05789473684210524 0.19999999999999976
33 6 -2.218409090909091 -1.9355768398268396 -1.6070238095238094 -0.1448863636363635 -0.08380952380952367 -0.06 0.2706779869047338 0.14 0.9400000000000002 -0.10000000000000009 0.4947368421052632 0.9476190476190516 -0.006818181818182001 0.02105263157894735 0.16190476190476333
33 7 -1.7233766233766237 -1.5314393939393935 -1.334404761904762 -0.18238095238095248 -0.01 0.0 0.2587728577402364 0.30047619047619023 0.8800000000000001 0.16504329004328966 0.46315789473684216 0.7404761904761914 -0.18809523809523668 -0.15814536340852117 0.0
33 8 2.0975 2.5769502164502156 2.829139610389611 0.065 0.1243181818181818 0.1825 0.36652496783883787 0.32666666666666666 1.9904761904761905 -1.2752164502164587 -0.6710640236956015 -0.09318181818181781 -0.19761904761904467 0.16867167919799486 0.36904761904762057
33 9 -2.017981601731602 -1.7473939393939388 -1.5270238095238093 -0.27 -0.24 -0.19464285714285756 0.24099299909607608 0.12999999999999998 0.73 0.0888528138528133 0.38421052631578945 0.608333333333333 -0.043181818181817905 0.026315789473684202 0.13333333333333058
33 10 1.9651190476190474 1.988698051948052 2.05 0.15 0.155 0.17428571428571388 0.18656602376023565 0.04000000000000001 0.31047619047619013 -0.20238095238095166 -0.16340852130325798 -0.049999999999998934 -0.00238095238095537 0.005263157894736847 0.049999999999999906
33 11 -2.064886363636364 -1.7651417748917748 -1.4901190476190473 0.040119047619047554 0.12571428571428578 0.388571428571428 0.294939114218214 0.4399999999999991 0.69 -0.2959956709956746 0.3631578947368421 0.6199134199134215 -0.34956709956709975 -0.10501253132832092 0.4126623376623362
33 12 -1.8482954545454546 -1.7244166666666665 -1.5594047619047617 -0.1525 -0.13190476190476164 -0.13 0.22525480250488455 0.08952380952380976 0.6900000000000002 0.2500000000000002 0.3631578947368422 0.4761904761904723 -0.10000000000000009 -0.04711779448621566 0.0
33 13 -1.9611904761904764 -1.5819794372294371 -1.2325 -0.3225 -0.305 -0.28178571428571386 0.23716809753151932 0.07547619047618986 0.8095238095238098 0.019047619047617426 0.42606516290726826 0.7380952380952355 -0.04999999999999977 0.005513784461152763 0.07499999999999812
33 14 -1.0923809523809527 -0.8272132034632037 -0.5752759740259735 -0.17 -0.16 -0.14 0.23811662228138644 0.05047619047619026 0.8599999999999999 -0.48062770562770085 -0.4473684210526316 -0.028571428571426694 -0.006818181818182001 0.005513784461152763 0.06190476190476607
33 15 -1.7337337662337664 -1.480579004329004 -1.2133333333333334 0.06 0.08 0.09 0.23513508759081403 0.039999999999999994 0.8699999999999999 0.3959956709956647 0.45789473684210524 0.6187229437229458 0.0 0.015789473684210523 0.049999999999999975
33 16 -2.012840909090909 -1.8946461038961036 -1.8551136363636367 -0.2914285714285713 -0.2775000000000002 -0.2601190476190476 0.21830698079410524 0.05000000000000002 0.44999999999999996 -0.2785714285714258 0.23684210526315788 0.4238095238095274 -0.05595238095238014 0.021052631578947375 0.09285714285714203
33 17 -1.1010714285714285 -0.15330844155844253 0.9575487012987031 -0.2811904761904763 -0.08972943722943731 0.20258116883116917 0.4550185934363975 0.76 2.7295238095238097 -1.53376623376623 -1.4365914786967418 -0.28495670995671074 -0.5547619047619015 -0.39999999999999997 -0.20476190476190204
33 18 1.8170616883116881 1.8433722943722946 1.8824999999999998 -0.027938311688311825 0.014047619047619107 0.05 0.18194849047927375 0.11 0.19999999999999996 0.0 0.0789473684210527 0.20000000000000018 0.0 0.057894736842105256 0.07857142857143201
33 19 -2.612029220779221 -2.2531547619047614 -1.8845238095238093 0.10702380952380938 0.24063852813852818 0.31 0.3255098370171386 0.34 1.4504761904761903 0.6694805194805198 0.7634085213032581 0.8984848484848462 -0.543181818181818 -0.1789473684210526 0.1119047619047589
33 20 -1.625 -1.5857380952380953 -1.55 0.1 0.11 0.12 0.1705337111047769 0.05047619047619023 0.10952380952380958 0.0 0.057644110275689255 0.10238095238095601 -0.0023809523809509986 0.021303258145363275 0.09999999999999995
33 21 -1.68 -1.50901948051948 -1.485238095238095 -0.1 -0.05785714285714268 0.3464285714285714 0.2894163857522186 0.5304761904761902 0.98 0.10000000000000009 0.5157894736842106 0.83062770562771 0.0 0.24235588972431066 0.4568181818181821
33 22 2.99 3.013345238095238 3.0223809523809524 0.09071428571428572 0.17027056277056268 0.38008116883116916 0.2183778804512238 0.6204761904761902 0.08999999999999986 -0.024999999999999467 0.047368421052631504 0.14999999999999902 -0.4190476190476178 -0.32656641604010006 -0.12142857142857143
33 23 -2.7773809523809527 -2.496398268398269 -2.220357142857143 -0.47 -0.4459523809523809 -0.325 0.25706696247567873 0.29 0.8799999999999999 -0.6704545454545463 -0.46315789473684216 -0.08095238095237933 0.04999999999999977 0.15263157894736842 0.2750000000000019
33 24 -1.877905844155844 -1.531499999999996 -1.2149999999999999 0.21511904761904754 0.2680952380952384 0.27869047619047593 0.30296247032959234 0.14952380952380975 1.3533333333333317 -0.8213203463203345 -0.5964912280701746 -0.38062770562770853 -0.20000000000000004 -0.07869674185463672 0.019047619047616315
33 25 -1.360595238095238 -1.2360064935064934 -1.11 -0.32 -0.2204112554112555 -0.045000000000000005 0.22411466628031088 0.2895238095238098 0.4414285714285706 0.0 0.2270676691729319 0.34523809523808735 -0.21590909090909 -0.15238095238095256 -0.002380952380950929
33 26 1.3410714285714282 1.7669383116883115 2.0455194805194807 1.03 1.06 1.10375 0.3375230894096967 0.2295238095238098 1.5819047619047606 -1.1581168831168942 -0.7799498746867162 -0.15000000000000013 -0.22261904761904705 -0.12080200501253147 0.18095238095237776
33 27 -2.7258766233766236 -2.1858051948051944 -1.5476190476190474 -0.0828571428571433 -0.08 -0.0675 0.3650438670899853 0.09999999999999999 2.2719047619047616 0.7030303030303009 -2.10952380952381 1.3680735930735932 -0.10000000000000002 -0.03684210526315789 0.0
33 28 -1.94 -1.835916666666667 -1.7945238095238094 -0.5196428571428567 -0.4759523809523809 -0.39440476190476187 0.22297265073630182 0.27 0.49 -0.04761904761904412 0.2578947368421053 0.4785714285714282 0.07380952380952349 0.13157894736842105 0.19318181818181818
33 29 -1.4473214285714284 -1.4180627705627704 -1.389659090909091 0.40956168831168815 0.5534090909090906 0.620238095238095 0.21244567461482025 0.5214285714285707 0.11095238095238025 -0.26428571428571135 0.004761904761905072 0.2309523809523839 -0.050000000000000044 0.21127819548872143 0.5298701298701292
33 30 -1.76 -1.7529047619047613 -1.74 0.2 0.20214285714285735 0.21 0.16066219203329027 0.009999999999999981 0.06000000000000005 0.0 0.03157894736842108 0.09047619047618749 0.0 0.0 0.0
33 31 -1.1925 -1.1362813852813853 -1.08 0.15226190476190496 0.1734090909090906 0.2621428571428567 0.1927009632116533 0.09952380952380976 0.2755627705627701 -0.12500000000000178 0.05388471177944808 0.0 -0.18333333333333757 -0.03659147869674198 0.07218614718614264
33 32 -2.543214285714286 -2.353834415584415 -2.21547619047619 -0.32214285714285734 -0.021590909090909403 0.0703409090909091 0.35445807549516745 0.52 1.1190476190476195 -0.45476190476190226 0.5889724310776945 1.7500000000000138 -0.16980519480519168 0.18947368421052632 0.362229437229436
33 33 -1.825 -1.6842532467532467 -1.5945238095238095 -0.1325 -0.125 -0.11 0.21549944248625683 0.12000000000000001 0.5604761904761901 0.16991341991342002 0.29498746867167897 0.31904761904761547 -0.11590909090909401 -0.06315789473684211 0.0
33 34 1.08 1.084983766233766 1.09 -0.05238095238095215 -0.03428571428571447 -0.028847402597401983 0.16400487362294508 0.05 0.017619047619047423 -0.01266233766233582 0.0 0.03409090909091028 -0.24318181818182205 0.010526315789473684 0.31352813852813866
33 35 -0.8321428571428573 -0.6282705627705625 -0.4764285714285714 0.017499999999999998 0.2 0.24 0.23844666873930373 0.33 0.6185714285714277 -0.20000000000000018 0.20551378446115276 0.5598484848484925 0.08095238095238377 0.17368421052631577 0.2023809523809555
33 36 -2.8571428571428568 -2.8428095238095237 -2.83 -0.17 -0.17 -0.17 0.16242154134963985 0.01999999999999999 0.06000000000000005 0.0 0.026315789473684115 0.09999999999999787 0.0 -0.010526315789473679 0.0
33 37 -1.3271428571428574 -1.2782575757575758 -1.2313095238095237 -0.5592857142857143 -0.33945887445887457 -0.19384740259740282 0.21084884681686095 0.44047619047619024 0.20000000000000018 0.050000000000000044 0.10526315789473693 0.14090909090909265 -0.3285714285714286 -0.2318295739348369 -0.06904761904762052
33 38 -1.7246428571428574 -1.5814361471861473 -1.3769047619047619 -0.28 -0.265 -0.2275 0.21799918682503552 0.13000000000000003 0.5799999999999998 0.14285714285714568 0.3052631578947367 0.4499999999999993 -0.08409090909090616 0.03157894736842105 0.14047619047618976
33 39 -1.7399350649350651 -1.229792207792207 -0.5958333333333332 1.0298809523809525 1.0509523809523809 1.1687337662337662 0.4033261515044473 0.27428571428571435 2.553333333333332 0.9220779220779235 1.3438596491228063 1.3607142857142867 -0.1904761904761909 -0.12105263157894736 -0.003138528138522112
33 40 -1.6389772727272724 -1.041550865800866 -0.534870129870129 -0.06678571428571428 0.015270562770562691 0.14 0.3412808015476743 0.26 1.8599999999999999 -1.396753246753246 -0.9157894736842106 -0.20000000000000004 -0.23214285714285987 -0.1368421052631579 -0.03733766233766554
33 41 -2.0855194805194808 -1.5962932900432896 -1.1607142857142856 -0.185 -0.1253571428571429 -0.08956168831168818 0.28860832663033276 0.18 1.34 0.19642857142856962 0.7052631578947368 0.9834415584415501 -0.1694805194805181 -0.09473684210526316 0.0
33 42 0.35000000000000003 0.39362229437229435 0.44 -0.1225 -0.10404761904761878 -0.05559523809523794 0.18033979984611653 0.08047619047619023 0.15999999999999998 -0.17500000000000182 -0.08421052631578946 0.0 0.0 0.020802005012531453 0.09999999999999999
33 43 -1.19 -1.1868409090909093 -1.1892045454545455 0.09 0.09 0.09 0.15622474745425777 0 0.020000000000000018 0.0 -0.010526315789473694 0.0 0.0 0.0 0.0
33 44 -1.5332954545454547 -1.2344523809523806 -0.9257954545454548 -0.15059523809523817 -0.14 -0.1275 0.22684672742471895 0.023809523809523586 0.7699999999999999 0.050000000000000044 0.37894736842105253 0.6699134199134216 -0.03095238095238123 -0.010526315789473679 0.0
33 45 -1.3604383116883119 -1.2175551948051946 -1.0795238095238093 -0.26738095238095244 -0.1940476190476191 0.07123376623376632 0.25913786095207375 0.8009523809523804 0.3899999999999999 0.0 0.16842105263157886 0.3642857142857159 -0.6690476190476178 -0.4215538847117792 -0.12499999999999789
33 46 -1.3800000000000001 -1.357991341991342 -1.32 -0.25738095238095243 -0.24 -0.2375 0.1796639738757553 0.12000000000000002 0.15999999999999992 -0.11190476190476306 0.0 0.10000000000000009 -0.09999999999999995 -0.06315789473684212 0.0
33 47 -0.4073809523809525 0.11292099567099498 0.6984577922077928 0.26071428571428573 0.41527056277056273 0.6024999999999999 0.38372605905516916 0.5 2.0509523809523804 -1.275865800865797 -1.0794486215538843 -0.8207792207792247 -0.4309523809523841 -0.2631578947368421 -0.13095238095238465
