35 0 2.7 2.754667748917749 2.73 -0.3 -0.28 -0.2596590909090909 0.2139854861475902 0.1050000000000004 0.46999999999999975 -0.10952380952380825 -3.0578947368421048 0.14999999999999902 0.0 0.021052631578947358 0.10000000000000009
35 1 -1.0448809523809526 -0.3701158008658017 0.1075487012987018 -0.4325 -0.395 -0.38 0.3876113912626884 0.050476190476190286 2.5128571428571416 -1.75000000000002 -1.322556390977443 -0.8273809523809544 0.0 0.026065162907268288 0.10000000000000009
35 2 -1.2341666666666664 -1.121740259740259 -1.0209523809523808 -0.2125 -0.185 -0.1578409090909089 0.24785068873461916 0.08000000000000002 0.9250000000000002 0.3047619047619077 0.4868421052631579 0.6806277056277044 -0.10000000000000009 0.018045112781954885 0.14047619047618767
35 3 2.525746753246753 -2.7876017316017307 -1.8584523809523814 -0.13 -0.11499999999999999 -0.007857142857142676 0.40847801951018775 0.22999999999999998 2.6604761904761904 0.5380952380952309 -1.9050125313283213 2.0440476190476353 -0.20000000000000004 -0.12105263157894736 -0.002380952380950929
35 4 1.239404761904762 1.2755205627705628 1.3119047619047621 0.13 0.14500000000000002 0.15428571428571386 0.17931281342428654 0.04000000000000001 0.21999999999999997 -0.20681818181818246 -0.10526315789473682 0.0 -0.10000000000000002 -0.010526315789473686 0.08809523809524086
35 5 -1.27 -1.2646590909090911 -1.26 -0.19 -0.18 -0.1675 0.1615314443883027 0.05000000000000002 0.030000000000000027 0.0 -0.01578947368421054 0.0 -0.050000000000000044 -0.026315789473684223 0.0
35 6 1.74 1.7495 1.7625000000000002 -0.11 -0.1 -0.045000000000000005 0.1694355316259329 0.13952380952380977 0.030000000000000027 0.0 -0.01578947368421054 0.0 -0.10000000000000005 -0.07343358395989988 0.0
35 7 -1.53 -1.4804209956709957 -1.4375 0.01 0.02 0.03 0.17313286249769272 0.02 0.18047619047619046 -0.15000000000000013 -0.021303258145363334 0.10000000000000009 -0.04999999999999999 -0.005263157894736839 0.0
35 8 2.207662337662338 2.332123376623377 2.324761904761905 0.7491233766233764 0.9697294372294374 1.1704761904761907 0.3019150730156306 0.9809523809523806 0.6972943722943712 0.0 0.35814536340852104 0.4730519480519435 0.3187229437229411 0.5162907268170425 0.7324675324675312
35 9 -1.5307954545454545 -1.3119967532467531 -1.0820454545454548 -0.12 -0.07 -0.06 0.21976229696227553 0.09000000000000001 0.6499999999999999 0.12142857142857122 0.2999999999999999 0.5196969696969667 0.0 0.04736842105263159 0.10000000000000009
35 10 -2.02125 -1.9618170995670998 -1.9526190476190475 -0.1998863636363635 -0.11499999999999999 -0.061785714285714013 0.21419862994016248 0.30000000000000004 0.3604761904761904 0.0 0.18972431077694232 0.4515151515151461 -0.24999999999999994 0.057894736842105256 0.26904761904761776
35 11 -1.48 -1.250810606060606 -0.9514285714285714 -0.2325 -0.20500000000000002 -0.19 0.2174520232120287 0.06761904761904736 0.6304761904761903 -0.03409090909090584 0.31604010025062645 0.6181818181818188 -0.0880952380952367 -0.010526315789473679 0.049999999999999906
35 12 -1.3225 -1.2995032467532468 -1.27 -0.09215909090909091 -0.09 -0.09 0.16861957821685775 0.010000000000000009 0.14000000000000012 0.036471861471861766 0.07368421052631585 0.10000000000000009 0.0 -0.005263157894736847 0.0
35 13 -1.7635714285714275 -1.6563690476190476 -1.53 -0.13 -0.11499999999999999 -0.1 0.20160790358977707 0.020000000000000018 0.2914285714285707 0.0 0.1045112781954891 0.25357142857142745 -0.049999999999999975 -0.010526315789473694 0.0
35 14 -1.2903409090909093 -1.2606958874458876 -1.2490476190476192 -0.02 -0.01619047619047633 -0.01 0.17432117322006158 0.08380952380952357 0.13000000000000012 -0.11590909090909429 -0.04210526315789478 0.10000000000000009 0.0 0.02105263157894737 0.09999999999999998
35 15 -1.33 -1.327745670995671 -1.31 0.04 0.047142857142857326 0.05 0.17053199484853468 0.07 0.09952380952380957 -0.10000000000000009 -0.015538847117794595 0.009523809523809268 -0.07857142857142677 3.652049423109067e-18 0.028571428571426763
35 16 0.2246428571428567 0.6978896103896098 1.2478571428571426 -0.20702380952380975 -0.18 -0.17 0.3501057862390018 0.04952380952380975 1.717619047619049 -2.025000000000007 -0.9040100250626573 0.1309523809523827 -0.019047619047616315 0.020802005012531443 0.10000000000000009
35 17 -2.7696428571428573 -2.6738549783549788 -2.569047619047619 -0.10577380952380924 -0.0556818181818182 -0.0033333333333335348 0.21230311817972314 0.16 0.4200000000000004 -0.6074675324675338 -0.22105263157894756 0.13495670995670617 0.0023809523809509726 0.08421052631578947 0.2694805194805181
35 18 0.3 0.3287857142857143 0.36250000000000004 -0.11 -0.1 -0.1 0.16421799165039047 0.010000000000000009 0.08999999999999997 -0.10000000000000009 -0.04736842105263156 0.0 0.0 -0.005263157894736839 0.0
35 19 -1.2425 -1.1821872294372295 -1.095714285714286 0.0275 0.045 0.17714285714285732 0.19792853207775002 0.25 0.19000000000000017 -0.20714285714285685 -0.10000000000000009 0.0 -0.19999999999999996 -0.13157894736842107 -0.05313852813852382
35 20 -1.6262499999999995 -1.5907186147186145 -1.5559523809523808 0.19011904761904755 0.2543181818181818 0.39293831168831184 0.20431107033661697 0.37 0.1814285714285706 -0.08809523809523934 -0.0428571428571425 0.10000000000000009 -0.27034632034631634 -0.19473684210526315 -0.10000000000000009
35 21 -1.7207954545454547 -1.695056277056277 -1.6752380952380954 -0.2741071428571432 -0.26 -0.25 0.16987852484378518 0.03999999999999998 0.10000000000000009 -0.1619047619047631 -0.010526315789473694 0.10000000000000009 -0.004761904761906299 0.005263157894736847 0.05043290043290502
35 22 -1.333928571428572 -0.8783452380952387 -0.6520129870129864 0.10261904761904754 0.3509523809523809 0.5295238095238097 0.3965343642079296 0.5995238095238098 2.0528571428571416 -1.952597402597406 -1.0436090225563903 -0.088095238095236 -0.4809523809523787 -0.31553884711779456 -0.2666666666666653
35 23 -1.52 -1.5075238095238095 -1.5075 -0.27 -0.26 -0.24 0.16682477179601604 0.05999999999999997 0.08000000000000007 0.0 0.04210526315789478 0.0976190476190486 0.0 0.03157894736842103 0.09999999999999967
35 24 -1.8304383116883118 -1.6230876623376624 -1.4076190476190473 0.08777597402597354 0.4835064935064938 0.8973809523809524 0.3298046539679347 1.3409523809523805 0.6699999999999999 0.19999999999999907 0.3526315789473684 0.46904761904762005 0.48030303030302535 0.7057644110275687 0.9571428571428495
35 25 -0.43 -0.34112770562770584 -0.2153571428571427 -0.06 -0.06 -0.05 0.2153595019219292 0.13 0.54 -0.3825757575757546 -0.28421052631578947 -0.19047619047618772 -0.09999999999999998 -0.06842105263157895 0.0
35 26 1.9591233766233764 2.549018398268399 3.094761904761905 -0.15214285714285733 -0.005 0.042499999999999996 0.3691122933815967 0.24 2.14047619047619 0.6022727272727257 -2.178696741854637 1.6024891774891858 -0.1 0.08421052631578947 0.16904761904761798
35 27 2.4600324675324674 2.8166233766233773 -3.058333333333333 -0.27 -0.235 -0.21 0.31078288964399226 0.10285714285714204 1.6204761904761904 0.6523809523809576 -2.452380952380952 0.9523809523809601 -0.1023809523809513 -0.0002506265664159165 0.09999999999999995
35 28 -1.9960714285714287 -1.8659015151515153 -1.7627272727272718 -0.0917045454545453 -0.035 -0.01 0.21376181596971414 0.14047619047619025 0.5209523809523804 -0.36937229437229213 -0.08471177944862121 0.050000000000001155 -0.14047619047618765 0.0002506265664159077 0.16590909090909406
35 29 -1.5 -1.468327922077922 -1.4325 -0.011547619047619188 0.0143181818181818 0.10579545454545451 0.19686436491281314 0.33 0.15000000000000013 -0.20000000000000018 -0.06315789473684216 0.0023809523809514843 -0.2540043290043309 -0.1736842105263158 -0.01904761904761623
35 30 -1.55 -1.533690476190476 -1.5228571428571427 -0.6732954545454546 -0.615 -0.6 0.17390283744816185 0.17000000000000004 0.050000000000000044 -0.050000000000000044 -0.02105263157894739 0.0 0.002380952380950929 0.08947368421052633 0.13495670995670617
35 31 -1.4892857142857143 -1.4813538961038961 -1.46 0.405 0.4297619047619049 0.43 0.1685854931901912 0.06952380952380977 0.09000000000000008 -0.10000000000000009 -0.04736842105263162 0.0 -0.050000000000000044 -0.03659147869674198 0.0
35 32 -1.5839285714285714 -1.5581190476190474 -1.5574999999999999 -0.3107954545454545 -0.29630952380952386 -0.2875 0.17666986478448488 0.10999999999999999 0.1100000000000001 0.0 0.05789473684210531 0.10000000000000009 0.0 0.057894736842105256 0.14285714285714707
35 33 1.71 1.7436666666666667 1.78 0.0642045454545455 0.14 0.1525 0.17306047572774358 0.13 0.07000000000000006 -0.043181818181817766 -0.036842105263157926 0.0 0.0 0.05789473684210527 0.13409090909091007
35 34 -2.747938311688312 -2.593701298701298 -2.478809523809524 -0.2329383116883118 -0.13931818181818179 -0.021904761904761833 0.2668896885722822 0.5004761904761903 0.7809523809523804 0.3499999999999992 0.41102756892230546 0.5690476190476179 0.21190476190475904 0.26340852130325804 0.3452380952380984
35 35 1.78 1.7841904761904765 1.79 -0.3 -0.3 -0.3 0.15533972169256363 0 0.010000000000000009 0.0 -0.005263157894736847 0.0 0.0 0.0 0.0
35 36 2.8353571428571422 -2.9882229437229446 -2.5326948051948044 -0.03508116883116914 0.18840909090909058 0.35535714285714287 0.40571249737198734 0.6304761904761902 2.1619047619047613 -1.4935064935064823 -1.109706083390293 -0.9071428571428486 -0.2340909090909056 0.1739348370927317 0.5238095238095282
35 37 -1.42 -1.4069556277056277 -1.4 0.37 0.3843181818181818 0.3942857142857139 0.1641971334539616 0.030000000000000027 0.06999999999999984 -0.09761904761904305 -0.03684210526315781 0.0 -0.018722943722941088 -0.01578947368421054 0.0
35 38 -1.6724999999999999 -1.6641190476190473 -1.65 0.0075 0.02 0.03 0.1606498762627287 0.03 0.040000000000000036 0.0 0.02105263157894739 0.011904761904759642 0.0 -0.015789473684210527 0.0
35 39 0.27920454545454554 0.3348766233766235 0.4173809523809524 -0.22047619047619063 -0.22 -0.21988095238095223 0.18469593117298846 0.03 0.30999999999999994 0.08333333333333443 0.1631578947368421 0.2666666666666696 0.0 0.005263157894736847 0.011904761904767691
35 40 -1.3848863636363633 -1.2916991341991342 -1.2072619047619049 -0.2982142857142855 -0.2738095238095241 -0.2467045454545453 0.18989894803808582 0.10999999999999999 0.29000000000000004 -0.31190476190476324 0.01578947368421054 0.2738095238095284 -0.10000000000000009 -0.0052631578947368324 0.061904761904763295
35 41 -1.29 -1.0826904761904763 -0.8182142857142857 -0.1803409090909091 -0.1690476190476191 -0.125 0.22948981357546697 0.07999999999999999 0.68 0.050000000000000044 0.3578947368421053 0.6523809523809554 -0.10952380952380894 -0.010526315789473696 0.10000000000000002
35 42 -1.5248809523809523 -1.2284404761904764 -0.9570616883116883 -0.06 -0.05 0.06543831168831182 0.255037004781137 0.28047619047619027 0.8599999999999999 -0.6674242424242405 -0.4263157894736842 -0.29015151515151216 -0.2690476190476178 -0.13709273182957382 0.0
35 43 -1.04 -1.037745670995671 -1.0392045454545455 -0.13464285714285734 0.0056818181818182 0.024918831168831014 0.1774564527173639 0.23 0.030000000000000027 -0.015909090909089763 -0.010526315789473694 0.0 0.0 0.11578947368421054 0.15681818181818197
35 44 -1.45 -1.3737499999999998 -1.2975 -0.19 -0.18 -0.17892857142857135 0.17406725627814515 0.01999999999999999 0.18999999999999995 -0.1931818181818179 -0.06315789473684204 0.050000000000000044 0.0 -0.005263157894736847 0.0
35 45 -1.3835660173160167 -1.2916352813852812 -1.1617857142857138 0.017499999999999998 0.0256818181818182 0.06 0.21454942242768119 0.15 0.30047619047619034 -0.37380952380952737 -0.11553884711779457 0.30000000000000027 -0.09999999999999999 0.04210526315789474 0.15681818181818202
35 46 -1.279404761904762 -1.2777261904761903 -1.2254761904761904 -0.38 -0.355 -0.31464285714285756 0.19160589769040062 0.17999999999999997 0.21500000000000008 0.0 0.11090225563909782 0.13809523809523605 -0.10000000000000009 -0.09473684210526312 -0.021428571428571408
35 47 -1.31 -1.215823593073593 -1.0689285714285717 0.04071428571428572 0.14095238095238088 0.17714285714285732 0.1984932258978083 0.17047619047619023 0.31000000000000005 -0.10000000000000009 0.1473684210526316 0.17218614718614744 -0.11904761904762133 -0.08972431077694222 -0.0023809523809512068
