36 0 -1.3925 -1.3718203463203464 -1.365113636363636 -0.23119047619047642 -0.2059523809523809 -0.1575 0.1839286304623113 0.10952380952380977 0.1609523809523803 -0.10000000000000009 -0.05839598997493709 0.015909090909089763 -0.009523809523807186 0.05238095238095251 0.16904761904761798
36 1 -1.31 -1.3103636363636362 -1.3096590909090908 -0.26 -0.26 -0.26 0.15626689153814796 0.00047619047619024135 0.020000000000000018 0.0 0.005263157894736847 0.0 0.0 0.0002506265664159165 0.0
36 2 -1.7415476190476191 -1.60595670995671 -1.5050000000000001 -0.49758116883116915 -0.33999999999999997 -0.31 0.22596719512431102 0.43000000000000005 0.35571428571428587 -0.3681818181818186 -0.16315789473684214 0.049999999999996714 0.03095238095238373 0.22631578947368425 0.319047619047616
36 3 0.23726190476190523 0.4254069264069268 0.6898809523809524 -0.027662337662337128 0.1713636363636364 0.21857142857142814 0.2693027417600671 0.17904761904761954 0.9423809523809512 0.13333333333333475 0.4959899749373427 0.8009740259740152 -0.10952380952381241 0.0626566416040103 0.11829004329004536
36 4 -1.8422619047619055 -1.6995357142857146 -1.5778571428571428 0.015113636363636503 0.18 0.245 0.2409397916951712 0.42 0.5304761904761903 -0.44231601731600345 -0.1634085213032581 -0.12619047619047308 -0.19047619047618772 0.07368421052631577 0.35000000000000003
36 5 -1.1801190476190475 -1.177547619047619 -1.17 -0.27 -0.26 -0.2475 0.16606616862656456 0.10047619047619027 0.020000000000000018 -0.06904761904761636 0.010526315789473694 0.0976190476190486 -0.10952380952380908 -0.05288220551378436 0.0
36 6 -1.47 -1.4508225108225108 -1.4323863636363634 -0.2928571428571433 -0.28 -0.2575 0.1668961259898499 0.07 0.059523809523809756 -0.01872294372294525 0.015538847117794595 0.0976190476190486 0.0 0.031578947368421054 0.10000000000000009
36 7 -0.7511904761904763 -0.7873506493506496 -0.7 -0.97 -0.965 -0.8670238095238094 0.259326136736661 0.59 0.63 -0.3238095238095262 -0.3315789473684211 0.0 0.0 0.3105263157894736 0.485714285714286
36 8 2.5160551948051944 3.0799350649350647 -2.57 -0.3583766233766237 -0.0936363636363636 -0.057499999999999996 0.33242098458302927 0.5904761904761902 1.4504761904761905 -0.45627705627704573 -0.24249259512418048 0.0 0.049999999999999975 0.31077694235588954 0.4698051948051917
36 9 -1.24 -0.42044480519480454 0.25916666666666677 -0.63 -0.6078571428571429 -0.5879761904761904 0.34280931112310115 0.07000000000000006 2.0 0.31590909090909447 1.0526315789473684 1.3702380952381135 -0.15551948051947762 -0.036842105263157926 0.028571428571426694
36 10 -1.56 -1.5537727272727273 -1.55 -0.34 -0.34 -0.33 0.1588809248962877 0.020000000000000018 0.030000000000000027 0.0 0.010526315789473694 0.0 0.0 -0.010526315789473694 0.0
36 11 2.3949999999999996 2.5824805194805194 2.776904761904762 0.2652380952380955 0.4065909090909094 0.439285714285714 0.2430773287807693 0.48 0.5150000000000001 -0.37067099567099415 -0.17556390977443612 0.049999999999998934 -0.09999999999999981 0.19699248120300752 0.566991341991342
36 12 -0.6558333333333332 -0.4150627705627706 -0.25714285714285745 0.6709090909090907 0.8254761904761903 0.9756655844155844 0.30343179671196246 0.5485714285714278 0.5685714285714293 -0.2849567099567074 0.2992481203007522 1.1071428571428485 -0.37532467532466973 0.05814536340852118 0.47348484848484973
36 13 -1.6346428571428573 -1.5947067099567103 -1.5467045454545454 -0.0782954545454545 0.16877705627705641 0.4898809523809524 0.2559752428171665 0.88 0.1395238095238096 -0.24318181818181794 0.03709273182957387 0.22500000000000187 0.25000000000000017 0.46315789473684205 0.6499999999999956
36 14 -1.3065476190476195 -1.2825238095238096 -1.266547619047619 -0.48 -0.48 -0.47 0.17124313900496307 0.03999999999999998 0.08952380952380978 0.0 0.047117794486215676 0.15000000000000013 0.0 0.021052631578947358 0.050000000000000044
36 15 -1.2125 -1.174194805194805 -1.14 -0.1625 -0.14904761904761876 -0.06761904761904755 0.18049025363805585 0.12380952380952324 0.10000000000000009 -0.10000000000000009 -0.05263157894736847 0.0 -0.05000000000000171 0.06315789473684211 0.2333333333333347
36 16 -1.3325 -1.32354329004329 -1.31 -0.34043831168831185 -0.25 -0.14511904761904754 0.19938777445267652 0.44999999999999996 0.040000000000000036 -0.10000000000000009 0.005263157894736847 0.10000000000000009 0.034090909090910004 0.23684210526315788 0.31904761904762013
36 17 -0.38214285714285734 0.16922294372294308 0.7213149350649355 -0.10250000000000001 -0.0006818181818182001 0.07500000000000001 0.3685329203074489 0.33 2.11047619047619 -1.226082251082257 -1.1107769423558895 -0.9833333333333388 -0.213636363636364 -0.1736842105263158 -0.10000000000000009
36 18 -1.39 -1.3829166666666666 -1.3728571428571426 -0.11 -0.11 -0.11 0.15973695407328412 0.009523809523809754 0.049523809523809526 0.0 0.02606516290726817 0.07857142857143118 0.0 0.0002506265664159165 0.0
36 19 -2.4375 -2.2202294372294373 -1.9891233766233762 -0.28250000000000003 -0.175 -0.14 0.23827136027383725 0.25 0.68047619047619 -0.4833333333333356 -0.35814536340852104 -0.1976190476190487 -0.2674242424242404 -0.13157894736842105 0.0
36 20 -1.4124999999999999 -1.3747813852813853 -1.33875 -0.8125 -0.42122294372294355 -0.31 0.22713084050136062 0.6900000000000001 0.11318181818181872 0.0 0.0578947368421052 0.0976190476190486 0.0 0.3631578947368421 0.6324675324675351
36 21 0.03 0.1858841991341996 0.47352272727272726 0.1471590909090909 0.2375 0.41678571428571465 0.3018306945677428 0.245 1.195 0.09761904761904472 0.6289473684210526 1.3273809523809565 -0.35746753246753243 -0.050000000000000024 0.2690476190476246
36 22 -1.5250000000000001 -1.4786341991341994 -1.4589285714285714 -0.4091666666666668 -0.2583658008658009 -0.23 0.22782647029084727 0.47 0.30000000000000004 -0.35443722943723666 -0.11578947368421051 0.14318181818181785 -0.4397186147186126 -0.24736842105263154 -0.034090909090910004
36 23 -1.6240476190476192 -1.532020562770563 -1.4678571428571425 -0.23 -0.2 -0.19 0.186861865567208 0.05000000000000002 0.25 -0.2500000000000002 0.005263157894736847 0.10000000000000009 -0.050000000000000044 -0.021052631578947368 0.059523809523809035
36 24 -1.9146428571428573 -1.7882099567099565 -1.6670238095238092 -1.1135227272727275 -1.1 -1.09 0.22779522997139687 0.28 0.5204761904761901 0.24523809523809725 0.2739348370927317 0.3190476190476177 0.0 0.1473684210526316 0.09318181818181781
36 25 -1.3925 -1.3766904761904761 -1.36 -0.04 -0.04 -0.03 0.1633439583176368 0.040476190476190235 0.05999999999999983 0.0 0.03157894736842096 0.10000000000000009 -0.1 -0.021303258145363282 0.0
36 26 0.30491883116883084 0.6336883116883122 1.0259523809523812 -0.10508116883116914 0.14500000000000002 0.20624999999999968 0.3511182550348963 0.5704761904761902 1.5951731601731582 -0.23809523809524058 0.5704260651629062 1.2396103896103978 -0.09761904761904874 0.30025062656641593 0.650757575757581
36 27 -1.3525000000000003 -1.1328538961038965 -1.0566233766233764 -0.23222402597402636 -0.23 -0.22 0.256609522260518 0.0976190476190473 1.0609523809523804 -0.9619047619047729 -0.5478696741854635 -0.10000000000000009 -0.002380952380950929 0.03157894736842103 0.08095238095238377
36 28 -1.3973809523809522 -1.3403690476190475 -1.2986525974025975 -0.4525 -0.3847294372294373 -0.2803571428571427 0.21530932759183627 0.49142857142857066 0.1395238095238096 -0.2444805194805233 -0.010275689223057749 0.10000000000000009 -0.3194805194805145 -0.2481203007518793 -0.04999999999999977
36 29 -1.24 -1.2417499999999997 -1.24 -0.6471428571428574 -0.63 -0.63 0.15976485050103453 0.050000000000000044 0.010000000000000009 0.0 0.0 0.0 0.0 0.026315789473684233 0.050000000000000044
36 30 -1.05 -1.0485 -1.0475 -0.07 -0.06 -0.06 0.15799793829171088 0.020000000000000004 0.020000000000000018 0.0 -0.010526315789473694 0.0 0.0 0.010526315789473684 0.0
36 31 -1.141904761904762 -1.1358127705627703 -1.1296590909090907 -0.15 -0.13523809523809502 -0.12285714285714266 0.16241070259341592 0.04952380952380982 0.039999999999999813 -0.08809523809523934 0.0 0.0380952380952404 -0.050000000000000044 -0.021052631578947364 0.0
36 32 -1.6317045454545454 -1.5799761904761902 -1.5278571428571426 -0.32059523809523816 -0.295 -0.2575 0.18471455258462502 0.10318181818181882 0.22095238095238035 -0.21590909090908994 -0.0057644110275686215 0.19999999999999907 -0.10000000000000009 -0.052631578947368446 0.0
36 33 1.9667045454545453 2.020001082251083 2.18 -0.5098809523809524 -0.3306818181818182 -0.006266233766233677 0.31191013286735797 0.9004761904761902 0.8814285714285706 -0.0976190476190486 0.4060150375939846 0.5492424242424188 -0.5788961038961036 -0.47393483709273165 -0.3190476190476163
36 34 0.4761850649350645 0.6830746753246756 0.9691071428571427 -0.12043831168831182 0.10972943722943732 0.33499999999999996 0.3205900788463934 0.65 1.2000649350649344 -0.2550865800865809 0.4586466165413531 1.1976190476190622 0.1999999999999999 0.33157894736842103 0.5182900432900455
36 35 -1.4742857142857142 -1.4433333333333334 -1.4195238095238094 -0.34 -0.335 -0.2932142857142857 0.17390747271907855 0.11000000000000001 0.1100000000000001 -0.09761904761904416 -0.04736842105263162 0.0 0.0 0.05789473684210527 0.0853896103896104
36 36 1.45 1.4594761904761906 1.46 0.12956168831168818 0.15 0.1528571428571433 0.16593628839820165 0.09 0.040000000000000036 0.0 -0.01578947368421054 0.0 0.0 0.04210526315789473 0.09761904761904465
36 37 -1.641547619047619 -1.6297294372294373 -1.62 -0.16 -0.12595238095238123 -0.08321428571428571 0.1715400145959544 0.09000000000000001 0.041428571428572036 -0.0523809523809482 0.01027568922305763 0.09999999999999898 -0.06352813852813458 0.047368421052631594 0.15270562770563031
36 38 -2.231666666666667 -1.8673203463203465 -1.5082142857142855 -0.35678571428571426 -0.32750000000000024 -0.2253571428571427 0.2723462631491262 0.25 1.0904761904761902 -0.7252164502164493 -0.5739348370927316 -0.40476190476190554 -0.1999999999999999 -0.13157894736842107 -0.0785714285714284
36 39 -1.53 -1.5125032467532469 -1.5 0.12 0.135 0.16 0.16337498440002396 0.06 0.040000000000000036 -0.016341991341994877 0.0 0.0 -0.09999999999999995 -0.031578947368421054 0.0
36 40 3.114285714285714 -2.8953246753246757 -2.69297619047619 -0.13559523809523816 -0.11499999999999999 -0.11 0.2647646522518261 0.13 0.7590476190476201 -0.9540043290043165 -3.0934837092731833 0.9522727272727161 -0.10000000000000009 -0.06842105263157895 0.0
36 41 -1.67 -1.6675 -1.66 -0.26 -0.255 -0.25 0.15799479897764618 0.020000000000000018 0.020000000000000018 0.0 0.010526315789473694 0.0 0.0 0.005263157894736847 0.0
36 42 -1.3025000000000002 -1.2713322510822511 -1.2523863636363641 -0.17 -0.14 -0.13 0.18020411795381258 0.13 0.08000000000000007 -0.06818181818181612 0.04210526315789478 0.15357142857142736 -0.049999999999999906 -0.02631578947368421 0.10000000000000002
36 43 -1.1930952380952382 -1.2005400432900433 -1.17 -0.15 -0.14095238095238125 -0.13 0.17576026248357526 0.03 0.20000000000000018 -0.11190476190476306 -0.10526315789473693 0.0 -0.050000000000000044 0.0 0.049999999999999906
36 44 -1.57 -1.5455714285714284 -1.53 -0.01 0.03555194805194814 0.06535714285714267 0.17571334514359388 0.12 0.1200000000000001 -0.15000000000000013 -0.036842105263157926 0.06904761904761636 -0.09999999999999995 0.01578947368421053 0.09999999999999841
36 45 -1.6948809523809525 -1.5853690476190476 -1.423214285714286 -0.15749999999999997 -0.0843181818181818 0.007613636363636503 0.23677943341896218 0.31047619047619024 0.43952380952380965 -0.5285714285714282 -0.23132832080200508 0.0 -0.23809523809523675 0.04235588972431066 0.11590909090908996
36 46 -1.7575 -1.6816201298701299 -1.6191666666666666 -0.971498917748918 -0.945 -0.8951136363636365 0.2072960083656165 0.30999999999999994 0.22047619047619027 -0.3091991341991318 0.015538847117794595 0.21277056277057227 -0.2682900432900448 -0.07894736842105257 0.10000000000000009
36 47 2.799523809523809 2.9324047619047615 3.0979383116883117 -0.028733766233766323 0.060681818181818205 0.1125 0.27461851296633055 0.44000000000000006 0.9300000000000006 -0.6634199134199092 -0.4401913875598084 -0.2261904761904776 0.09999999999999996 0.23157894736842097 0.36190476190476606
