51 0 -0.2435855 -0.16939986 -0.0899766999999998 0.05390594999999987 0.11013550000000016 0.14829435000000013 0.1908621065499777 0.1798906 0.15499040000000042 -0.1736419999999983 -0.059593894736842165 0.0197819999999993 -0.12245999999999979 -0.09253084210526309 -0.00047099999999966613
51 1 -0.3790922 0.06334635999999996 0.4706703000000002 -0.1598888 -0.1431369 -0.13460395000000008 0.2684571674225892 0.21348860000000025 1.0651508 -0.6835780000000002 -0.5501941052631577 -0.0913739999999974 -0.05793300000000001 -0.08601947368421055 0.03140000000000032
51 2 -0.2502736999999998 -0.23276191999999996 -0.21702110000000008 -0.0492509000000001 -0.04805769999999998 -0.04675459999999998 0.15920880949392677 0.007693000000000172 0.04515320000000056 -0.00031399999999903727 0.018641684210526425 0.04804199999999925 -0.012089000000000683 0.0011072631578948478 0.009420000000001094
51 3 -0.2471336999999999 -0.1732495 -0.09956939999999992 -0.26877614999999994 -0.2523460999999999 -0.203629 0.1938560431958376 0.20871580000000023 0.15637199999999973 -0.06436999999999804 0.03662231578947382 0.1428699999999994 -0.20127400000000017 -0.1098504210526317 -0.006437000000000248
51 4 -0.10468759999999988 -0.03753556 -0.03755439999999988 0.30126729999999996 0.31048319999999985 0.3152089000000002 0.19896394275125162 0.06157539999999995 0.29811160000000037 -0.08038400000000001 0.15690084210526334 0.18463200000000457 -0.05918899999999838 -0.03240810526315787 0.03454000000000068
51 5 -0.17419150000000017 -0.16151532000000002 -0.1401695999999999 0.10127284999999997 0.10479750000000021 0.11061435000000003 0.16162819692704775 0.03161980000000009 0.04615800000000014 -0.0741040000000015 -0.02429368421052639 0.015386000000001676 -0.03579600000000016 -0.016642000000000046 0.0
51 6 -0.21510569999999984 -0.20281888000000006 -0.1943503000000001 -0.29975225 -0.29680850000000003 -0.2909445500000001 0.1591102582009332 0.01667339999999995 0.03579600000000038 -0.031399999999999206 -0.006015578947368675 0.03579599999999905 -0.0037679999999995495 0.0087754736842105 0.018839999999998858
51 7 -0.28253719999999993 -0.22658553999999995 -0.16459880000000005 -0.10255239999999993 -0.07981879999999997 -0.06519425000000006 0.1829874186888312 0.0780289999999999 0.1862020000000002 -0.13690399999999991 -0.09800105263157906 -0.030144000000000837 -0.1591980000000015 0.00837884210526318 0.1150809999999991
51 8 -0.35626440000000015 -0.3426996 -0.34199310000000005 -0.01963285000000009 -0.01775669999999996 -0.01588839999999997 0.16345274565825796 0.0170188 0.07868839999999988 0.0003140000000012577 0.04141494736842099 0.0540079999999965 -0.011303999999999759 0.008957263157894737 0.014444000000001234
51 9 -0.20761679999999982 -0.20497919999999992 -0.20416279999999976 -0.02396604999999996 -0.01858879999999996 -0.013682550000000016 0.15672244595762097 0.015951199999999943 0.003454000000000068 -0.028887999999998026 -0.0016195789473685974 0.015072000000000418 -0.028887999999999137 -0.0045282105263158125 0.02229399999999937
51 10 -0.45961750000000023 -0.2952636200000001 -0.09660210000000014 0.05034205000000008 0.09479660000000012 0.1219811500000001 0.21979037183469108 0.08889340000000012 0.34169479999999997 -0.5111920000000025 -0.1369039999999998 0.11272599999999633 -0.1007939999999996 -0.022145263157894737 -0.002354999999999441
51 11 -0.35571490000000006 -0.33182578000000007 -0.2974992999999999 -0.08369670000000001 -0.08120040000000006 -0.07615285000000005 0.16191064365889488 0.0083209999999998 0.06455840000000013 -0.00125600000000059 0.03397810526315796 0.05086800000000169 -0.020409999999998485 -0.0024128421052631225 0.01617099999999927
51 12 -0.29132920000000007 -0.2843332800000001 -0.2749541 0.02688625 0.03340960000000015 0.05144104999999999 0.16743369443787579 0.06867179999999973 0.07806040000000003 -0.01852600000000093 0.041084421052631596 0.09545600000000265 0.00989099999999743 0.034308631578947354 0.04866999999999844
51 13 -0.26901949999999997 -0.264388 -0.2617661 -0.07865699999999998 -0.07608219999999999 -0.06583794999999987 0.15808818149456375 0.018808600000000064 0.010362000000000648 -0.029202000000001505 0.0002644210526317032 0.030144000000003057 -0.005808999999999953 0.00989926315789477 0.026218999999998438
51 14 -0.30792410000000014 -0.28386542 -0.2525658999999999 -0.08136525000000011 -0.056661300000000026 -0.05195130000000009 0.1660381209830986 0.04342620000000008 0.08729200000000015 -0.013815999999999828 0.03929957894736853 0.07284799999999869 0.0021979999999999222 0.022855894736842148 0.03469699999999909
51 15 0.003720900000000027 0.18729158000000007 0.3670346000000001 -0.14028735000000003 -0.13250799999999996 -0.12427335000000006 0.2083874562830988 0.023173200000000005 0.4850044000000002 -0.5451040000000007 -0.043827789473684466 0.5083659999999957 -0.038935999999999416 0.00927126315789471 0.06295700000000015
51 16 -1.2744946000000001 -0.90498254 -0.4521285999999999 -0.04582044999999996 0.019499399999999945 0.04499620000000004 0.2832675491174935 0.21129059999999988 0.8394476000000002 -0.3118019999999999 0.44181452631578955 0.9124840000000001 -0.1993899999999993 0.003668842105263245 0.19420900000000074
51 17 -0.0699905999999999 0.046864500000000066 0.1377832000000001 -0.11339325000000006 -0.0951263 -0.012771949999999976 0.20769946855252538 0.10283500000000001 0.2993047999999998 -0.2618760000000009 -0.13743284210526296 0.059032000000001084 -0.18651600000000101 -0.050487894736842155 0.03359799999999913
51 18 -0.2947203999999999 -0.30251387999999996 -0.2671669000000001 -0.33972445 -0.31205320000000003 -0.27276395 0.18949922145379938 0.15257260000000006 0.24473159999999972 -0.00879200000000191 0.12880610526315775 0.25433999999999957 -0.17458399999999874 -0.08030136842105266 -0.040348999999999524
51 19 -0.678868 -0.4836228 -0.27869069999999996 -0.25711105 -0.1700780999999999 -0.06075900000000001 0.23798027715125158 0.2872158 0.6435115999999996 -0.5372540000000003 -0.18542526315789465 -0.11618000000000128 -0.046315000000000106 0.057990842105262994 0.2639170000000002
51 20 -0.33663940000000003 -0.33229364000000006 -0.3259947999999999 -0.007936349999999981 -0.00708069999999994 -0.005950300000000075 0.15811600808437257 0.0035168000000000976 0.02518280000000006 -0.035167999999998756 0.004990947368420943 0.03234200000000076 -0.016642000000001156 0.0003305263157893952 0.010362000000000426
51 21 -1.0782289 -0.70437108 -0.42476349999999996 -0.12848880000000001 -0.04571840000000005 -0.007072849999999908 0.3223810319397868 0.18573099999999987 0.9493476000000005 -1.0016599999999998 0.3869141052631577 1.8020459999999994 -0.17113000000000045 -0.020889263157894734 0.1265420000000006
51 22 -0.29110939999999996 0.09119502000000004 0.4257997 -0.045357300000000045 -0.039108699999999885 -0.03462634999999997 0.28440985131176116 0.04691160000000005 1.4074108 0.5017719999999981 0.7407425263157896 0.9360340000000034 -0.04474499999999826 -0.010527263157894715 0.058717999999999826
51 23 -0.47117270000000033 -0.4180313400000001 -0.3836765999999998 -0.02150115000000008 -0.0047728000000000215 0.00774795000000017 0.17761149622004135 0.03724039999999995 0.2193603999999998 -0.2593639999999997 -0.04518294736842112 0.13062399999999696 -0.0007849999999987034 0.019600210526315765 0.037679999999999936
51 24 -0.31436109999999995 -0.24010638 -0.1664199999999999 -0.06498229999999999 -0.060868900000000115 -0.054298450000000054 0.19385303430156997 0.015543000000000085 0.4171803999999999 -0.30489400000000444 -0.21956863157894732 -0.16202400000000283 -0.029202000000000394 -0.005966000000000056 0.011461000000000388
51 25 -0.24314590000000014 -0.24344734000000007 -0.2314965000000001 0.01023640000000009 0.0839008 0.08737835 0.1718380699894681 0.1228996 0.07353880000000013 0.00125600000000059 0.038704631578947435 0.04866999999999955 -0.11570899999999829 -0.048240315789473846 0.010362000000000426
51 26 -0.21257799999999993 -0.20916481999999997 -0.20584270000000005 0.09680619999999995 0.11131299999999988 0.1216514500000001 0.16038091362577392 0.04072579999999992 0.0212264000000002 -0.03234199999999632 0.003305263157894887 0.027631999999999657 0.005966000000000582 0.020608315789473607 0.041448000000000595
51 27 -0.32714089999999996 -0.28439607999999994 -0.13112639999999987 -0.16454384999999994 -0.1630916 -0.03893599999999997 0.24581152753086943 0.1564661999999999 0.852824 -0.8179700000000012 -0.44885473684210525 0.0009419999999993323 -0.02119499999999941 0.08235063157894731 0.1449109999999998
51 28 -0.15927650000000004 -0.14277579999999998 -0.12778230000000013 -0.24196054999999994 -0.23832600000000004 -0.2357826 0.16070481541367188 0.010267799999999827 0.05689679999999964 -0.03862199999999927 -0.029945684210526125 -0.013502000000000791 -0.0197819999999993 -0.000793263157894642 0.015543000000000085
51 29 -0.2016665000000002 -0.19966004000000007 -0.1985108000000002 0.08091779999999993 0.08222090000000004 0.08371240000000002 0.15571453847481848 0.004804200000000147 0.009419999999999984 0.0 0.004957894736842097 0.0031399999999992545 -0.006907999999999914 0.0002644210526317032 0.0009419999999993323
51 30 0.020567000000000335 0.20488499999999998 0.40097799999999983 -0.22390554999999995 -0.17626389999999992 -0.13249230000000006 0.21450432930730248 0.12402999999999986 0.5561567999999997 -0.0571480000000002 0.14966231578947364 0.5005159999999997 -0.07049300000000036 -0.024359789473684085 0.08493700000000048
51 31 -0.23327059999999988 -0.18388153999999995 -0.1166039000000002 0.07837440000000007 0.10762349999999998 0.11700425000000003 0.18718863061048724 0.1548333999999998 0.21559240000000024 0.0006279999999980745 0.09357199999999989 0.19970400000000277 -0.11382499999999962 -0.08149126315789462 -0.027631999999999657
51 32 -0.2582964 -0.22662949999999998 -0.1961244000000001 -0.1364644000000001 -0.054824399999999995 -0.041236050000000024 0.18217107443787572 0.125286 0.14167679999999994 -0.128111999999998 -0.07456673684210523 -0.0003140000000012577 -0.07881399999999927 -0.06594 0.02731800000000062
51 33 -0.13421930000000026 -0.05926749999999996 -0.0619208 -0.30949410000000005 -0.2917531000000001 -0.24445684999999995 0.21289062471558284 0.19621860000000013 0.36700320000000053 -0.09011800000000125 0.1931595789473687 0.09702600000000228 0.018997000000000597 0.10287631578947369 0.13125199999999837
51 34 -0.427354 -0.2566479 -0.10047999999999979 0.14926775000000014 0.1556341000000001 0.16485784999999997 0.19247490553914973 0.03061500000000006 0.33120720000000015 -0.37522999999999973 -0.1646351578947367 -0.008163999999999394 -0.00989100000000076 0.016113157894736874 0.04176199999999963
51 35 -0.15095550000000013 -0.04286100000000002 0.08691519999999997 -0.16349980000000003 -0.12894410000000012 -0.11622710000000003 0.20220207940793952 0.07551699999999983 0.29660439999999966 -0.4954919999999996 -0.08484610526315813 0.35356400000000177 0.010362000000000426 0.03713463157894734 0.059973999999998195
51 36 -0.19009560000000003 -0.17584627999999997 -0.17169519999999983 0.05323869999999992 0.05509129999999984 0.059612900000000135 0.16442734837481848 0.021132200000000045 0.09168799999999999 -0.04741399999999896 -0.04680252631578949 0.0 -0.01962500000000089 -0.010477684210526328 0.0
51 37 -0.22454139999999978 -0.21628634 -0.20218460000000005 -0.16096424999999998 -0.1588526 -0.15639555 0.15905768596399036 0.010424800000000012 0.021917200000000303 -0.03234200000000076 0.004825684210526479 0.031713999999998244 -0.010048000000000279 0.0009915789473684193 0.012246000000000201
51 38 -0.22485539999999982 -0.11818017999999994 -0.019907599999999803 -0.15729830000000006 -0.1446598 -0.13006665 0.19006567141558287 0.06057060000000014 0.3020052000000004 -0.29233399999999854 0.018311157894736797 0.330642000000001 -0.04678599999999977 -0.016856842105263246 0.016327999999999898
51 39 -0.2792087999999999 -0.22413948000000006 -0.16194549999999985 -0.0214697499999999 -0.017332800000000037 -0.01576280000000002 0.1684270225264108 0.017112999999999934 0.13395240000000008 -0.032655999999999796 0.05585894736842111 0.066881999999997 -0.02621900000000066 -0.001966631578947299 0.021509000000000666
51 40 -0.2430831 -0.19716373999999998 -0.14754860000000014 -0.06437784999999996 -0.044352499999999906 -0.03329185000000001 0.1796002726646274 0.07953620000000017 0.16422199999999965 -0.22294000000000258 -0.036291789473683965 0.05055399999999821 -0.11916300000000102 -0.04186115789473693 0.03799400000000008
51 41 -0.2692393000000002 -0.21374922000000005 -0.1501233999999998 -0.09632734999999987 -0.08127890000000004 -0.07044589999999995 0.1761202095990222 0.043049399999999904 0.19725480000000006 0.03108600000000017 0.10381831578947372 0.12654199999999616 -0.039093000000000044 0.0058337894736842045 0.03077199999999891
51 42 -0.20728709999999972 -0.19798955999999995 -0.18686140000000007 -0.061795199999999995 -0.05418069999999997 -0.0204414 0.16347687075825795 0.051558799999999794 0.02976719999999977 -0.016956000000001303 0.002214526315789462 0.03579599999999905 -0.027945999999999804 0.018972210526315703 0.062486000000000486
51 43 -0.2427534 -0.18852874 -0.11379360000000016 -0.17718235 -0.17291979999999996 -0.16220455 0.17319035044360828 0.02320459999999991 0.16353119999999954 -0.019154000000003446 0.0690138947368418 0.16013999999999973 -0.019311000000000744 0.008593684210526262 0.01978200000000152
51 44 -0.28098290000000015 -0.27418166 -0.2673867 -0.20827620000000002 -0.20684749999999996 -0.20390375000000005 0.15790889929838534 0.012685599999999964 0.022356799999999843 -0.02857400000000121 0.005387578947368264 0.025434000000001955 -0.02088100000000037 -0.004544736842105236 0.013344999999999052
51 45 -0.31555429999999995 -0.29537352000000006 -0.27068369999999997 -0.03547415000000004 -0.004584399999999933 0.0169245999999999 0.1773414316576211 0.1049701999999999 0.07649039999999996 -0.10550399999999849 -0.024359789473684317 0.08163999999999838 -0.1163370000000008 -0.05524747368421048 -0.004709999999999992
51 46 -0.2523461 -0.23435075999999996 -0.2133159000000001 0.0026690000000000325 0.0052594999999999725 0.009003950000000038 0.15927490857354462 0.00816400000000006 0.044839199999999746 -0.0012560000000028104 0.018410315789473566 0.029201999999999284 -0.00612299999999788 0.0030904210526316866 0.014601000000001862
51 47 -0.12252280000000004 -0.11763696000000004 -0.11379360000000016 0.016893200000000164 0.018321900000000002 0.01975845000000004 0.157049410602844 0.002825999999999995 0.02373840000000005 -0.02857399999999677 -0.012493894736842131 0.0 -0.006751000000000396 0.0008097894736841818 0.0
