62 0 -0.5645772058823533 -0.21938602941176413 0.04220588235294187 0.13441176470588218 0.23968750000000016 0.2845588235294118 0.32242152356619375 0.33 1.4570588235294122 0.3141544117647044 0.76687306501548 0.9823529411764789 -0.18823529411764817 0.010526315789473698 0.20882352941176546
62 1 -0.9029411764705887 -0.7084590686274509 -0.545 -0.7218474264705894 -0.562426470588236 -0.24073529411764577 0.28103229556672343 0.47705882352941126 0.30529411764705927 -0.34705882352941364 -0.07089783281733719 0.28529411764705637 -0.39062499999999445 0.2510835913312692 0.858986928104581
62 2 0.9926754385964915 1.1648989357585138 1.3938970588235295 0.3227665441176472 0.5133333333333332 0.9847058823529413 0.36043263259223035 1.1837500000000012 0.6512500000000004 -0.8218341503267923 -0.13928018575851378 0.5950980392156868 0.18333333333333146 0.6050696594427251 0.9959558823529358
62 3 -1.04 -1.0149722222222222 -0.9975 -0.04 -0.04 -0.03166666666666658 0.16908607606348694 0.030000000000000002 0.135 -0.10000000000000009 -0.07105263157894737 0.0 0.0 -0.006432748538011637 0.0
62 4 -1.4117187499999997 -1.001443530701755 -0.7727941176470587 -0.34058823529411786 -0.26 -0.22 0.34637181278045337 0.3812500000000004 1.7950000000000017 -1.1110294117647106 -0.9447368421052639 -0.4990808823529358 -0.09999999999999995 0.16381578947368441 0.45882352941176596
62 5 -1.069310661764706 -1.0254333333333328 -0.9044117647058824 0.04750000000000001 0.0623529411764704 0.11602941176470588 0.22254600892808074 0.23375000000000015 0.5437500000000001 0.050000000000000044 0.2861842105263158 0.4705882352941182 -0.19705882352941337 -0.11776315789473693 0.0
62 6 -0.73 -0.7202583333333334 -0.7075 -0.13 -0.12 -0.1175 0.16068909353996783 0.030000000000000013 0.040000000000000036 -0.02583333333333604 0.0 0.0 0.0 0.015789473684210534 0.0
62 7 -2.395294117647059 -1.9243676412231565 -1.3008333333333337 -0.1277941176470592 -0.08 0.008333333333333168 0.31852069471734634 0.25500000000000056 1.603888888888889 -1.1152573529411824 -0.8441520467836257 -0.4645658263305297 -0.19999999999999996 -0.13421052631578978 -0.09999999999999988
62 8 -1.25 -1.0788075980392162 -0.9225 0.0 0.044166666666666174 0.06 0.23839698988445995 0.15000000000000002 0.7870588235294116 -0.6000000000000077 -0.4142414860681114 -0.24742647058823286 -0.10833333333333833 -0.07894736842105263 -0.014705882352943327
62 9 -0.6743750000000007 -0.638326797385621 -0.62 -0.47 -0.243933823529411 0.0855882352941176 0.22631663940989463 0.59 0.186111111111111 -0.18749999999999545 -0.06045321637426876 0.050000000000000044 0.031249999999999334 0.3105263157894737 0.5374999999999959
62 10 -0.4680742296918788 -0.35066381179664863 -0.19367647058823537 0.0119117647058824 0.08 0.09609374999999995 0.2183133096710345 0.17 0.39421052631578934 -0.32058823529411695 -0.07332572918364041 0.3571895424836591 0.0 0.08947368421052633 0.15294117647058425
62 11 -0.87 -0.8669687500000001 -0.86 0.17 0.17 0.1805974264705879 0.16497037909119036 0.08937500000000034 0.029375000000000373 0.0 0.01546052631578967 0.0 -0.09705882352941328 -0.04703947368421071 0.0
62 12 -0.98 -0.9704999999999998 -0.96 0.1 0.1 0.11 0.15800082102722224 0.009999999999999995 0.020000000000000018 0.0 -0.010526315789473694 0.0 0.0 0.0 0.0
62 13 0.7473090277777755 1.5375457808123236 2.5486764705882354 -0.08161764705882346 -0.03861111111111081 0.006718749999999324 0.45196531111834026 0.09 2.9094117647058817 -2.4540849673202674 -1.531269349845201 -0.217279411764717 0.032352941176469335 0.03157894736842105 0.15
62 14 0.9854411764705882 1.2220267156862754 1.4649999999999999 -0.29 -0.27941176470588214 -0.26 0.2693536284756609 0.04999999999999999 1.233749999999999 0.4020833333333329 0.6493421052631574 0.7852941176470618 -0.005882352941178615 0.021052631578947358 0.10000000000000009
62 15 -0.8524999999999999 -0.8455 -0.8375 -0.016656250000000046 -0.01 0.0 0.16329699996778294 0.05 0.050000000000000044 0.0 0.026315789473684233 0.10000000000000009 0.0 0.02631578947368421 0.05687500000000445
62 16 -2.8449999999999998 -2.8354477124183006 -2.8 0.15 0.16 0.1732261029411769 0.18035002070242684 0.08000000000000002 0.14163398692810514 -0.20000000000000018 -0.07454420364637113 0.049999999999998934 -0.09687500000000154 0.04210526315789475 0.10000000000000536
62 17 -2.7451470588235294 -2.0992943111455107 -1.4700919117647069 -0.1725 -0.0761764705882352 -0.0375 0.32718399096964623 0.3074264705882356 1.52375 -1.336764705882354 -0.8019736842105264 -0.0941176470588223 -0.20588235294117865 -0.16180340557275555 -0.08823529411764786
62 18 -0.97 -0.9667389705882352 -0.97 -0.18 -0.165 -0.15 0.1673501913333795 0.06 0.07647058823529418 0.0 0.040247678018575886 0.0 -0.002941176470586393 -0.031578947368421054 0.0
62 19 -1.0625 -0.7180493872549026 -0.6313749999999996 0.058624999999999976 0.11 0.12 0.323544615792956 0.24 1.7038194444444446 -1.896123366013097 -0.8917763157894736 0.0 0.0 0.11578947368421051 0.20549019607843785
62 20 -0.9 -0.8400569852941177 -0.7975000000000001 0.0775 0.1055882352941178 0.11 0.17235805915047261 0.041176470588235606 0.13 -0.1588235294117707 -0.06842105263157895 0.0 -0.09999999999999995 -0.0006191950464397884 0.044117647058821985
62 21 -3.0928308823529402 -2.2495601715686258 -1.405441176470589 0.2508823529411768 0.4420588235294115 0.5508333333333335 0.44018216521391024 0.40800000000000003 2.703666666666667 1.0034926470588323 -1.882280701754386 1.885294117647055 -0.3976102941176486 -0.21473684210526317 -0.050000000000000044
62 22 -1.1481249999999998 -1.1633437500000001 -1.1175000000000002 0.004999999999999999 0.03 0.03 0.1883006765875242 0.12 0.1841176470588224 -0.049999999999998934 0.09164086687306441 0.17187500000000355 0.0 0.06315789473684211 0.09999999999999999
62 23 -0.2925 -0.12578492647058806 0.11 -0.05 -0.04 -0.0375 0.22247517155032703 0.04 0.7256250000000002 0.14999999999999986 0.3819078947368423 0.5968749999999962 0.0 0.021052631578947368 0.07555147058824302
62 24 0.33705882352941174 0.7017769607843131 1.0430882352941175 0.24007352941176524 0.47 0.5 0.3503163929652492 0.6875163398692814 1.5350326797385625 -0.9319852941176432 -0.8079119367045066 -0.6332107843137247 0.07058823529411729 0.36185070519435864 0.566830065359472
62 25 -2.508970588235295 -1.659619893790849 -0.9738602941176474 -0.04303921568627478 -0.022058823529411735 0.08575980392156832 0.3456569348683742 0.19999999999999998 1.6305882352941183 -0.25000000000000133 0.7963622291021673 2.259722222222221 -0.22003676470589342 -0.01578947368421053 0.176470588235296
62 26 -0.985 -0.9490211309523809 -0.9075 -0.1473529411764704 -0.14 -0.14 0.17391435588008586 0.01999999999999999 0.20000000000000007 0.0 0.08947368421052633 0.22142857142857686 0.0 -0.005263157894736847 0.0
62 27 -0.22073529411764695 0.10627246732026216 0.5064154411764701 -0.31156250000000024 -0.2932352941176475 -0.12054227941176496 0.34891732698331224 0.3241176470588235 1.8176470588235296 0.7470588235294189 0.9566563467492262 1.193382352941191 -0.04889705882353018 0.17058823529411762 0.3441176470588264
62 28 -0.9291666666666666 -0.7505345179738561 -0.5976470588235293 -0.20500000000000002 -0.11499999999999999 -0.08 0.23519647407736113 0.26 0.54 -0.03235294117646503 0.28421052631578947 0.6498161764705884 -0.2558823529411786 -0.13684210526315788 0.0
62 29 -0.3 -0.2817775735294118 -0.27 0.17 0.17 0.17073529411764712 0.16332016714674027 0.010000000000000009 0.04000000000000001 -0.04797794117646803 0.02105263157894737 0.09999999999999981 -0.049999999999999906 0.0 0.049999999999999906
