67 0 0.53 0.6872751117991055 0.860294117647059 -0.02 0.01 0.08499999999999999 0.22256999626719934 0.16 0.5017647058823526 -0.5481424148606808 -0.0511803405572758 0.22352941176470964 -0.16764705882353398 0.015789473684210523 0.14999999999999997
67 1 -0.34699999999999986 -0.0436205882352936 0.3775735294117648 0.2875 0.315 0.36 0.28565332318695663 0.08000000000000002 1.3649999999999993 0.5249999999999999 0.7105263157894731 0.9816666666666651 -0.02500000000000252 0.010526315789473694 0.10000000000000009
67 2 -0.67 -0.5811262254901962 -0.49 0.7950000000000002 0.8 0.8224999999999998 0.1838592852207079 0.07999999999999996 0.20999999999999996 -0.10000000000000009 -0.022291021671825985 0.10294117647058676 -0.09444444444443811 0.026315789473684233 0.10000000000000009
67 3 -2.11625 -1.2940569530443748 -0.4379411764705877 0.1475 0.175 0.20361111111111108 0.4397609192537585 0.09999999999999998 3.027647058823529 1.1441176470588266 1.5934984520123838 1.9392156862745136 -0.10000000000000002 -0.021052631578947375 0.09999999999999981
67 4 2.3470588235294114 2.489685661764706 2.623235294117647 0.05970588235294107 0.065 0.09941176470588169 0.21566399209608794 0.08941176470588266 0.5881249999999998 -0.4970588235294082 -0.23616486068111434 -0.04705882352940893 0.0 0.047058823529411924 0.10000000000000009
67 5 0.62 0.6481507352941175 0.6941176470588236 0.1618749999999998 0.24 0.26 0.194648923063637 0.22 0.22666666666666668 -0.109375000000006 0.04035087719298245 0.28750000000000164 0.0 0.09999999999999998 0.19583333333333575
67 6 -2.83 -2.788561919504644 -2.7475 -0.35 -0.31441176470588267 -0.17250000000000001 0.1952382619030005 0.21999999999999997 0.21941176470588264 -0.09999999999999787 -0.036532507739938276 0.10000000000000009 -0.10294117647058676 -0.11052631578947367 0.0
67 7 -1.2475 -0.7848819852941171 -0.34026470588235197 -0.07250000000000001 -0.06 -0.02 0.28320826712909986 0.08 1.3682352941176472 0.35000000000000586 0.720123839009288 1.0582352941176536 -0.09999999999999995 -0.02631578947368421 0.0
67 8 -0.3798529411764704 -0.1076754493464046 0.33294117647058874 0.1475 0.15441176470588214 0.31823529411764695 0.3197479224330357 0.41000000000000003 1.478125 0.39613970588235503 0.7779605263157895 1.179411764705878 -0.318750000000001 -0.20526315789473687 0.0
67 9 3.1062499999999993 -2.814993423202614 -2.479779411764706 0.06597222222222199 0.15281250000000013 0.2 0.27059157274715 0.19 0.6606666666666667 -0.049999999999998934 -2.8136842105263185 0.8416911764705848 -0.07352941176470937 0.06315789473684212 0.1812500000000048
67 10 0.365 0.3889705882352942 0.43220588235294133 -0.04 -0.03 -0.0275 0.1747973061787497 0.019999999999999997 0.19941176470588268 0.005882352941173341 0.1049535603715172 0.15000000000000513 0.0 0.010526315789473684 0.0
67 11 0.38022727272727364 0.544913435828877 0.7340624999999996 -0.04500000000000042 0.01 0.01470588235294136 0.2226589456765693 0.1829411764705885 0.44999999999999996 -0.35441176470588254 -0.057894736842105256 0.38292112299464526 -0.1 -0.08575851393188867 0.0
67 12 -1.8801470588235292 -1.7375588235294117 -1.6075 -0.33 -0.31 -0.2275 0.20123550962783926 0.18999999999999997 0.33999999999999986 -0.1970588235294124 -0.15356037151702787 0.0 -0.10588235294117843 -0.08421052631578947 0.0
67 13 2.4944209558823527 2.740511887254902 2.9962500000000007 0.3375 0.37012867647058834 0.39249999999999996 0.2718270865227688 0.09999999999999998 1.2124999999999995 0.3715073529411783 -2.6671052631578953 0.7989828431372437 -0.12812500000000115 -0.05263157894736841 0.0
67 14 0.18203124999999998 0.1962003676470589 0.21117647058823535 -0.0388235294117648 -0.01 -0.0026470588235293193 0.18519913693972725 0.15 0.1 -0.049999999999999906 0.0077399380804954515 0.1999999999999999 -0.1 -0.06594427244582034 0.052647058823528575
67 15 1.3078124999999998 1.3232095588235295 1.3325 -1.08 -1.08 -1.0575 0.169758060357734 0.09941176470588275 0.0705882352941174 -0.012132352941174318 -0.010835913312693343 0.10000000000000009 -0.10000000000000009 -0.05232198142414882 0.0
67 16 0.3075 0.3264080882352941 0.39 0.09703124999999943 0.23437499999999978 0.26 0.2047554507078693 0.25 0.30000000000000004 -0.20000000000000018 -0.15232198142414827 0.0 -0.2937499999999979 -0.12631578947368421 0.0
67 17 0.9361764705882352 1.3075561683006531 1.77 0.04750000000000001 0.05 0.06 0.28963019525075684 0.38834558823529325 1.1370955882352938 -0.7993464052287635 -0.5984713622291021 -0.2735294117647108 -0.2406249999999997 -0.20439241486068063 0.0
67 18 -0.07979166666666712 0.16657720588235325 0.38875000000000065 0.36749999999999994 0.55 0.58 0.2515030251965586 0.24 0.7475000000000003 0.20196078431372472 0.39342105263157917 0.6705882352941255 0.0 0.10526315789473689 0.10000000000000009
67 19 0.5202941176470585 0.6949274380804956 0.9348529411764709 -0.7860294117647064 -0.40400735294117646 -0.20750000000000002 0.31074079122004344 0.6299999999999999 0.9788235294117632 -0.33124999999999905 0.2309597523219807 0.9000000000000047 0.0 0.331578947368421 0.48529411764706126
67 20 0.31514705882352984 0.6079917892156866 0.9412316176470592 0.09720588235294136 0.17093750000000005 0.1825 0.27135317911849294 0.15999999999999998 1.166470588235294 0.3937499999999977 0.6139318885448916 0.8464052287581719 0.0 0.07894736842105263 0.10937500000000044
67 21 2.91 2.9846213235294115 2.9375 0.2332352941176471 0.305 0.33 0.2293701229729064 0.27999999999999997 0.5764705882352947 -0.15000000000000124 -0.12136222910216764 0.006250000000000977 0.04999999999999977 0.14736842105263157 0.23529411764705757
67 22 -0.15055555555555572 -0.031449550653595025 0.1272794117647056 -0.3767187499999993 -0.29972222222222233 -0.1748529411764704 0.22439321649284596 0.20444444444444423 0.4475694444444447 -0.4531249999999958 -0.23556286549707617 -0.011111111111114375 -0.12187499999999907 0.10760233918128645 0.2611111111111067
67 23 -1.3425000000000002 -0.9427231209150321 -0.567624999999999 -0.21000000000000027 -0.2 -0.11 0.2787955208903088 0.12000000000000001 1.1662499999999998 -0.04999999999999338 0.6138157894736842 1.0634803921568647 -5.2735593669694936e-15 0.06315789473684211 0.1499999999999999
67 24 -1.076636029411765 -0.9544987745098041 -0.8098529411764719 -0.06 -0.04 -0.019531249999999705 0.20968186097142102 0.05705882352941152 0.5452941176470575 -0.1974264705882367 -0.08699690402476716 0.1970588235294085 -0.09999999999999999 -0.019504643962848168 0.0
67 25 -0.18220588235294108 0.020487132352941077 0.2063235294117648 -0.8315624999999996 -0.7282352941176469 -0.5517647058823536 0.27800266286028247 0.6537500000000002 0.7496323529411767 -0.6735294117647095 -0.12643188854489154 0.2404411764705934 -0.634375000000003 -0.20352167182662526 -0.003125000000003819
67 26 -1.3733823529411768 -1.1292444444444447 -0.9547916666666665 -0.042499999999999996 0.025 0.05 0.22030843509209166 0.11 0.6373333333333333 -0.40294117647058647 -0.3196491228070175 -0.20522875816993413 -0.10000000000000002 -0.05789473684210527 0.0
67 27 3.089599673202614 -3.0042658292483657 -2.868611111111111 0.0 0.02 0.0225 0.20992370433832191 0.04 0.5852941176470594 0.10000000000000231 -2.9972136222910213 0.3805555555555551 -0.06764705882352541 -0.021052631578947368 0.0
67 28 0.34500000000000003 0.9709643382352949 1.5714246323529415 0.03 0.04 0.08249999999999999 0.2927329549018963 0.09000000000000001 1.438235294117648 0.050000000000000044 0.692434210526316 1.394117647058812 -0.0029411764705866705 0.025328947368421013 0.10000000000000002
67 29 0.3241666666666668 0.2858307598039209 0.42 -0.03169607843137247 0.015 0.04 0.27488043356698044 0.14352941176470613 1.1553472222222214 -0.6029411764705922 -0.6080774853801166 0.09999999999999981 0.0 -0.03157894736842106 0.1
