68 0 0.625 0.7470426664086689 0.8339981617647056 0.13712316176470582 0.1761764705882356 0.19 0.24126312370632802 0.05588235294117652 0.8658823529411765 0.15000000000000013 0.4557275541795666 0.6880127708978343 -0.061764705882352 -0.028482972136222886 0.0
68 1 0.06 0.07508823529411776 0.0900000000000003 0.057499999999999996 0.07 0.08 0.16855527989442354 0.049999999999999996 0.09 -0.10000000000000002 0.01578947368421053 0.10000000000000009 0.0 -0.005263157894736839 0.00294117647058674
68 2 -0.12073529411764712 0.02933018575851412 0.11385294117647068 0.08 0.09 0.12 0.19683098849016667 0.07 0.38823529411764696 -0.021981424148604656 0.19907120743034049 0.48014705882353104 -0.09999999999999995 -0.0368421052631579 0.0
68 3 -0.2338235294117648 -0.1883878676470588 -0.16338235294117673 -0.28 -0.26 -0.2472058823529411 0.1882155081145511 0.18 0.10352941176470615 -0.10000000000000009 0.05448916408668744 0.10000000000000009 0.0 0.09473684210526315 0.20000000000000004
68 4 0.09 0.10458823529411765 0.1138235294117648 -0.06 -0.06 -0.06 0.1615450444237089 0.010000000000000009 0.06000000000000001 -0.05882352941176526 0.005263157894736839 0.09999999999999995 0.0 0.0 0.0
68 5 0.43 0.4617095588235295 0.4925 0.05 0.05 0.07 0.16869654561812555 0.030000000000000006 0.118235294117647 -0.10000000000000009 -0.006191950464396322 0.11213235294118024 0.0 -0.0052631578947368455 0.0
68 6 0.028888888888888804 0.08072998366013068 0.10359375000000023 0.057499999999999996 0.09833333333333318 0.1325 0.1859670139293941 0.08529411764705919 0.12 -0.07499999999999729 0.04868421052631565 0.1843749999999976 -0.10000000000000009 -0.02879256965944254 0.0764705882352959
68 7 0.08 0.08869444444444449 0.1 0.0 0.0 0.0 0.15799169991119769 0.01 0.03 0.0 0.015789473684210527 0.0 0.0 -0.005263157894736842 0.0
68 8 0.19 0.23642034313725485 0.26406249999999964 -0.17083333333333314 -0.17 -0.17 0.1768421331971468 0.03 0.22294117647058848 -0.050000000000000044 -0.05944272445820445 0.10000000000000009 0.0 0.010526315789473679 0.01666666666666275
68 9 0.22 0.219 0.22 -0.33 -0.32 -0.32 0.1562247474542578 0.010000000000000009 0.010000000000000009 0.0 0.005263157894736847 0.0 0.0 -0.005263157894736847 0.0
68 10 -0.49500000000000083 -0.1097927696078432 0.31009374999999983 0.12 0.195 0.2225 0.2572439598515444 0.16000000000000003 0.8018749999999991 -0.7568750000000031 -0.3065595975232197 0.4470588235294079 -0.10000000000000009 -0.07894736842105264 0.0
68 11 0.10750000000000001 0.11850000000000001 0.13 -0.06 -0.06 -0.05 0.16064987626272872 0.020000000000000004 0.04000000000000001 0.0 0.005263157894736847 0.0 0.0 0.004953560371516672 0.0
68 12 -0.20911764705882396 -0.03939154411764697 0.09918750000000015 -0.11421875000000016 0.07 0.11456250000000084 0.2324972266954818 0.21 0.27999999999999997 -0.1779411764705971 0.14736842105263157 0.7216911764705849 -0.049999999999999906 0.06842105263157895 0.24999999999999656
68 13 -1.7449999999999999 -1.7046154003267973 -1.65 -0.15 -0.15 -0.1375 0.1862809721040112 0.11000000000000001 0.25 0.08055555555555705 0.13157894736842105 0.20000000000000018 -0.10000000000000009 -0.047368421052631574 0.01764705882353071
68 14 0.7174193548387096 0.7149649634047166 0.7825 0.16 0.16 0.1625 0.2056887386980433 0.020000000000000018 0.30764705882353083 -0.10000000000000009 -0.1619195046439636 0.050000000000000044 0.0 0.0052631578947368324 0.0
68 15 0.0018255578093307225 0.06858244731800736 0.175 0.01 0.03343749999999976 0.06 0.24190164972245265 0.0947058823529408 0.8770588235294122 -0.6287581699346352 -0.4616099071207433 -0.192231659905338 -0.11562500000000248 -0.0015479876160988202 0.008823529411769622
68 16 0.2220312500000003 0.3239724264705883 0.4025 -0.19220588235294134 -0.13468750000000018 -0.057499999999999996 0.19442971546658877 0.2 0.21176470588235197 -0.07113970588235236 0.09628482972136196 0.2999999999999998 -0.19999999999999998 -0.0015479876160988122 0.19117647058823545
68 17 0.21708333333333357 0.3567858402132782 0.5213157894736848 -0.12 -0.12 -0.10426470588235293 0.2104629230818523 0.07 0.36 -0.4978758169934638 -0.10526315789473684 0.45495356037151435 0.0 0.0368421052631579 0.09117647058823564
68 18 0.10852941176470568 0.6141562091503262 0.8398529411764708 0.01 0.034687500000000177 0.052352941176470685 0.36384346355062674 0.04944852941176497 2.2318749999999987 -1.873345588235309 -1.1026315789473675 -0.25 -0.09999999999999998 -0.02434210526315841 0.1
68 19 -0.0025 0.0687941176470589 0.15 0.21 0.22 0.2325 0.17400133068278636 0.03 0.18 0.0 0.07894736842105263 0.10000000000000005 -0.024999999999997247 -0.015789473684210527 0.0
68 20 -3.0048529411764693 -2.8378116830065356 -2.69703125 -0.249558823529412 -0.17588235294117655 0.03 0.2581903026776289 0.39705882352941224 0.6187500000000008 -0.7000000000000006 -0.09102167182662535 0.4202205882352983 -0.052941176470586715 0.2089783281733749 0.3911764705882348
68 21 0.06 0.06496875000000008 0.07 -0.0925 -0.09 -0.08 0.1633252383463832 0.04000000000000001 0.039999999999999994 -0.003124999999998268 0.021052631578947364 0.0500000000000049 0.0 0.02105263157894737 0.049999999999999975
68 22 -0.44 -0.2892946336429306 -0.027894736842105507 -0.08249999999999999 -0.07352941176470576 0.03 0.21189178299074474 0.16999999999999998 0.4723529411764704 -0.012745098039211034 0.22105263157894733 0.10000000000000003 0.0 0.06315789473684211 0.07696078431372347
68 23 -1.4420588235294143 -0.6554803921568642 0.315 -0.1127941176470589 -0.1 -0.09 0.44982783251943814 0.08000000000000002 3.0423529411764734 -2.5892156862745264 -1.7058823529411768 -0.2617647058823572 -0.10000000000000009 -0.042105263157894736 0.0
68 24 0.59 0.9723703022875819 1.4426470588235296 -0.10705882352941207 -0.08147058823529388 -0.04661764705882399 0.2556420893830347 0.08823529411764694 1.02 0.10555555555555263 0.5122807017543858 0.895772058823528 -0.0441176470588266 -0.02456140350877214 0.09999999999999995
68 25 0.1975 0.20350000000000001 0.22 -0.05 -0.042500000000000274 -0.04 0.16461436712621674 0.02470588235294081 0.09 0.0 0.04736842105263159 0.09999999999999995 0.0 -0.013003095975232005 0.0
68 26 0.0275 0.07397794117647065 0.11312499999999993 -0.15 -0.15 -0.14 0.1759200369660623 0.020000000000000018 0.20235294117647043 0.0 0.10650154798761602 0.17573529411764427 0.0 0.0 0.0
68 27 0.12656249999999997 0.2569634395424837 0.39147058823529435 0.18 0.195 0.22 0.18809833513655086 0.04562500000000019 0.24562500000000018 -0.34540441176470316 -0.12401315789473695 0.0 -0.09999999999999981 -0.013486842105263264 0.0
68 28 -0.18736842105263163 -0.1314039264828739 -0.08 0.2275 0.26 0.27 0.1797770299032023 0.08588235294117655 0.14 -0.011111111111105632 0.0736842105263158 0.10000000000000009 -0.11869747899159566 -0.045201238390092914 0.0
68 29 0.564117647058824 1.2025859477124192 1.8470098039215685 0.06632352941176481 0.1422222222222224 0.16 0.37476556094016505 0.15000000000000002 2.3262500000000013 0.8745098039215721 1.2243421052631587 1.5283088235294129 -0.01764705882353071 0.057894736842105256 0.12352941176470411
