74 0 0.05044117647058774 0.2336819852941172 0.4818749999999995 0.06 0.11625000000000041 0.31 0.3020594409892047 0.31 1.351102941176471 -0.8909926470588159 -0.711106811145511 -0.3411764705882306 -0.17352941176470085 -0.13684210526315788 0.0
74 1 -1.4572058823529412 -1.3276066176470587 -1.2107352941176468 0.16 0.17 0.2225 0.20574961850968476 0.06999999999999998 0.32000000000000006 -0.10000000000000009 0.16842105263157897 0.3911764705882337 0.0 0.03684210526315789 0.09999999999999995
74 2 -0.7571874999999999 -0.5074407679738557 -0.1581250000000002 0.3476250000000002 0.64 0.64 0.2481520040273119 0.41000000000000003 0.67 0.050000000000000044 0.34736842105263166 0.3513888888888915 -0.23999999999999994 -0.2157894736842105 0.0
74 3 0.004828431372548819 1.0696000816993456 1.9957812499999994 0.01 0.05361111111111094 0.10436580882352892 0.39957833320077796 0.4197426470588237 2.09625 -2.05036764705881 -1.1032894736842105 -0.188235294117648 -0.28669934640522443 -0.20296052631578962 0.207843137254903
74 4 -2.22 -2.2179705882352936 -2.21 -0.2 -0.2 -0.19 0.1579945205588422 0.01999999999999999 0.020000000000000018 0.0 0.00526315789473673 0.0 0.0 0.0052631578947368324 0.0
74 5 0.5275000000000001 0.653538339628781 0.7650000000000001 0.26 0.275 0.36250000000000004 0.21335629526088362 0.16999999999999998 0.5 0.10000000000000009 0.2631578947368421 0.4368055555555528 0.0 0.0894736842105263 0.19999999999999962
74 6 0.12 0.34440808823529395 0.6164705882352944 -0.6 -0.4126470588235293 -0.33 0.24000131417396972 0.33 0.52 -0.628124999999998 -0.27368421052631575 -0.049999999999999975 0.0 0.1631578947368421 0.2999999999999975
74 7 1.3196691176470594 1.552249381926684 1.8854687499999998 -0.10250000000000001 -0.09 -0.07 0.27463497497248907 0.11000000000000001 1.2258823529411766 0.3031250000000041 0.6452012383900928 1.0235294117647231 -0.10000000000000006 0.036842105263157905 0.16176470588235603
74 8 -0.3 -0.29399999999999993 -0.29 0.05 0.05 0.05 0.15711484441559498 0.010000000000000002 0.019999999999999962 0.0 -0.010526315789473665 0.0 0.0 0.0 0.0
74 9 0.91 0.932419117647059 0.94 -0.28250000000000003 -0.235 -0.2292187499999999 0.1994539865688532 0.19705882352941118 0.30437499999999984 0.0 0.16019736842105256 0.30937500000000395 0.0 0.09999999999999998 0.17647058823529044
74 10 -0.3764705882352948 -0.2548345588235299 -0.3073529411764707 0.1375 0.195 0.28625000000000045 0.24408211638462857 0.18 0.816250000000001 -0.7205882352941224 -0.4085526315789478 0.050000000000000044 -0.026470588235295855 0.07894736842105263 0.1999999999999999
74 11 -2.87 -2.6799683630030957 -2.50125 -0.16 -0.06970588235294134 0.009733455882352037 0.25543102604746826 0.16124999999999928 0.6650000000000005 -0.0031250000000015987 0.35000000000000026 0.6871710526315877 -0.5058823529411733 -0.0828947368421054 0.1999999999999896
74 12 -0.2867647058823536 -0.16896605392156883 -0.07794117647058826 -0.06 -0.04 -0.03 0.18897252776034337 0.019999999999999997 0.35000000000000003 -0.30569852941176145 -0.042105263157894736 0.15294117647059152 0.0 0.010216718266254032 0.05000000000000001
74 13 -1.0310294117647063 -0.8549457107843137 -0.6788235294117648 -0.041250000000000134 0.05158088235294088 0.1225 0.21842646800905952 0.22 0.43000000000000005 -0.2264705882352963 0.017434210526316062 0.42287990196078484 -0.07647058823529597 0.01578947368421052 0.21764705882353075
74 14 -0.9642401960784315 -0.8752714460784319 -0.6781250000000005 -0.4525 -0.40105263157894777 -0.35 0.24613939241698202 0.18 0.8335294117647071 -0.4370098039215642 -0.43869969040247736 -0.20000000000000018 -0.1855263157894746 -0.035603715170278195 0.0
74 15 1.4024999999999999 2.150049509803921 2.9479803921568646 0.9384375000000003 1.1352941176470588 1.2125 0.4593119174344338 0.4800000000000001 2.5601102941176483 -2.647058823529427 -1.3474264705882362 0.09687499999999627 0.15000000000000013 0.2526315789473685 0.35016339869280433
74 16 1.4813235294117646 1.7975653594771237 2.1725 0.16 0.25882352941176534 0.29859375000000077 0.2622184155097152 0.11000000000000001 0.6200000000000001 -0.8954861111111079 -0.3263157894736843 0.0 -0.10000000000000009 0.03684210526315792 0.05937499999999485
74 17 -0.31 -0.30999999999999994 -0.31 -1.16 -1.16 -1.15 0.15533972169256358 0.010000000000000009 0 0.0 0.0 0.0 0.0 0.005263157894736847 0.0
74 18 -1.92 -1.8065441176470585 -1.7759742647058818 0.3025 0.3409375 0.3875 0.22530337456827698 0.22 0.5817647058823547 0.03749999999999476 0.30619195046439723 0.5413602941176465 0.047058823529413374 0.10526315789473684 0.19062499999999954
74 19 0.8797058823529409 1.0127738970588236 1.1573529411764703 -0.7827941176470591 -0.44 -0.3909374999999998 0.2800293063679807 0.84 0.5876470588235296 0.014705882352944455 0.2919504643962845 0.6000000000000028 0.09999999999999978 0.44210526315789467 0.6062499999999882
74 20 -1.4529166666666666 -1.361923406862745 -1.2939705882352934 -0.5786764705882357 -0.5208333333333334 -0.3475 0.22367367790815446 0.37000000000000005 0.4064705882352937 -0.43235294117646816 -0.1721555727554181 0.04705882352940893 -0.25245098039215486 -0.19473684210526318 -0.09705882352941314
74 21 0.81 0.8687361111111113 0.985 0.1 0.10500000000000001 0.1525 0.20190011573604516 0.07 0.4562499999999998 0.11111111111111072 0.24013157894736833 0.33888888888888913 0.0 0.026315789473684206 0.049999999999999975
74 22 -2.7256250000000004 -2.4362990196078433 -2.2925735294117646 -0.125 -0.095 0.0025 0.28446255653159264 0.37411764705882344 1.1164705882352937 -0.7904411764705843 -0.5876160990712073 -0.17549019607842942 0.049999999999999975 0.18637770897832814 0.35000000000000003
74 23 -0.3737500000000004 -0.17784844771241867 0.0475 0.33 0.34 0.34 0.22829633176265357 0.030000000000000027 0.79 -0.505882352941178 -0.41578947368421054 -0.2999999999999948 0.0 0.005263157894736847 0.0
74 24 -0.49 -0.4102500000000001 -0.33796875000000004 -0.4225 -0.390882352941177 -0.3233854166666665 0.18966857917224839 0.16999999999999998 0.15999999999999998 -0.10000000000000009 -0.06842105263157891 0.0 -0.18492647058822836 -0.021052631578947358 0.19999999999999962
74 25 -0.08529411764705919 0.27670541703523455 0.6090625000000002 -0.1125 -0.10763157894736836 -0.09500000000000001 0.30153586112651004 0.15 1.5104411764705887 -0.8795955882352946 -0.7949690402476782 -0.6912184873949581 0.0 0.07368421052631577 0.17333333333333723
74 26 0.24 0.24873897058823524 0.29 0.1275 0.4056045751633998 0.665 0.24354367675604066 0.7111397058823533 0.1887500000000007 -0.1970588235294135 -0.09934210526315826 0.04117647058823032 0.1999999999999999 0.3742840557275544 0.44981617647058825
74 27 -0.2 -0.197 -0.19 -0.01 0.0 0.01 0.15800494137693213 0.03 0.010000000000000009 0.0 0.0 0.0 -0.016666666666663377 -0.01578947368421053 0.0
74 28 3.083125000000001 -2.971291893295379 -2.632766544117647 -0.03 -0.005 0.04 0.3109864269074441 0.2 1.557554179566564 0.5126595596432582 -2.4854978002281247 0.9507352941176461 -0.07499999999999722 0.06315789473684211 0.10000000000000002
74 29 -2.353888888888889 -2.425862336601308 -2.27 -0.04180555555555581 -0.03 -0.0075 0.2383870734548427 0.14624999999999988 0.79 -0.3166666666666673 -0.41578947368421054 0.04281045751634238 -0.18124999999999375 -0.07697368421052624 0.0
