86 0 0.03 0.022738970588235256 0.03 0.05 0.06 0.06 0.16576898531857873 0.03 0.09823529411764713 0.0 -0.05170278637770902 0.0 0.0 -0.015789473684210527 0.0
86 1 0.08796875000000003 0.14121609477124186 0.18135110294117618 -0.28144301470588157 -0.12584558823529404 -0.08 0.2269977174279381 0.26999999999999996 0.16062499999999966 -0.2972426470588249 0.02258126934984528 0.1954861111111087 -0.24999999999999425 0.11578947368421054 0.5490808823529418
86 2 0.02 0.020000000000000004 0.02 -0.07 -0.07 -0.07 0.1553397216925636 0.009999999999999995 0 0.0 0.0 0.0 0.0 0.005263157894736839 0.0
86 3 0.0 -0.0008235294117646504 0.0004411764705884812 -0.05222222222222214 -0.05 0.0 0.20612064783329573 0.45823529411764696 0.12823529411764695 -0.04999999999999999 0.046439628482972076 0.0 -0.19999999999999998 -0.2411764705882352 0.0
86 4 -0.04 -0.03973333333333333 -0.04 0.0244117647058824 0.06766666666666686 0.16602941176470604 0.17660763429663584 0.22 0.03 0.0 0.010526315789473682 0.0 0.04999999999999999 0.11578947368421051 0.19999999999999996
86 5 -0.03578124999999985 -0.024579861111111084 -0.017499999999999998 -0.38250000000000006 -0.3433333333333328 -0.2638235294117648 0.17945680601211092 0.19411764705882348 0.04 -0.02187499999999898 0.005263157894736842 0.0 -0.19999999999999962 0.020433436532507888 0.11666666666667158
86 6 -0.21141544117647038 -0.1650863970588235 -0.0975 -0.010441176470588266 0.01 0.04 0.2024455657299812 0.20624999999999988 0.26375000000000015 -0.008823529411757236 0.11250000000000009 0.2823529411764694 -0.1 0.07604489164086674 0.1
86 7 0.01 0.010000000000000002 0.01 0.0 0.0 0.0 0.1544546959308694 0 0 0.0 0.0 0.0 0.0 0.0 0.0
86 8 0.04 0.038196691176470614 0.04 -0.14 -0.135 -0.13 0.15825510067226212 0.020000000000000018 0.022941176470588482 0.0 0.012074303405572884 0.0 0.0 0.010526315789473694 0.0
86 9 -0.01 0.008941176470588213 0.02 0.03 0.05 0.05 0.16243514138504608 0.049999999999999996 0.04 0.0 0.01578947368421053 0.04999999999999999 0.0 0.021052631578947368 0.05000000000000001
86 10 -1.099044117647061 -0.04043668300653656 0.9671875000000005 -0.2752941176470594 -0.08733333333333314 0.0325 0.43070315157412903 0.2670588235294115 2.25235294117647 -2.6691176470588496 -1.1142414860681116 0.4908496732026024 -0.050000000000000044 0.1195046439628482 0.34833333333332855
86 11 -0.04 -0.03150000000000001 -0.03 0.0 0.01 0.010294117647058669 0.15976485050103456 0.03 0.019999999999999997 0.0 0.010526315789473684 0.0 -0.005882352941173402 -0.01578947368421053 0.0
86 12 0.00312499999999993 0.03875000000000003 0.08249999999999999 0.41749999999999976 0.4912500000000004 0.52 0.20252328556743876 0.3664705882352939 0.18 0.0 0.07894736842105263 0.2 -0.050000000000000044 0.16071551427588543 0.3999999999999998
86 13 0.0075 0.06327941176470583 0.10250000000000001 0.2375 0.3149999999999996 0.4525 0.19993988282392602 0.37 0.09 -0.1470588235294136 -0.042105263157894736 0.0 -0.33611111111111325 -0.06353383458646596 0.0
86 14 -0.0625 -0.04835110294117649 -0.03187499999999979 -0.0125 -0.0037500000000001386 0.0009374999999997571 0.1705851975858703 0.12000000000000001 0.0623529411764704 -0.09999999999999995 -0.032817337461300215 0.0 -0.1 -0.06315789473684212 0.0
86 15 -0.06312499999999993 -0.046242647058823506 -0.02 -0.0169117647058824 -0.005 0.03484375000000037 0.16873047790985438 0.05 0.06999999999999999 -0.09999999999999996 -0.03281733746130021 0.0 -0.1 -0.015789473684210527 0.05
86 16 -0.08625000000000041 -0.05195322712418297 -0.017499999999999998 -0.23073529411764696 -0.17406249999999995 -0.1475 0.1737239338612735 0.07187500000000008 0.06812499999999994 -0.10000000000000002 -0.03337848297213638 0.0 -0.011764705882351956 0.02532894736842101 0.10000000000000009
86 17 -0.05 -0.04523529411764705 -0.04 -0.03 -0.03 -0.02 0.15890249598480316 0.03 0.020000000000000004 0.0 0.005263157894736843 0.0 0.0 0.015789473684210527 0.0
86 18 0.09 0.14756944444444442 0.19 0.01 0.03 0.115 0.18450681071061228 0.17 0.11249999999999971 -0.10555555555555735 -0.05394736842105249 0.0 -0.03823529411764399 0.06842105263157895 0.19687500000000177
86 19 -0.08249999999999999 -0.049546813725490225 -0.00661764705882356 -0.014500000000000592 0.015 0.042499999999999996 0.18028201293215565 0.1 0.18000000000000002 -0.17794117647058857 -0.03157894736842105 0.10000000000000002 -0.1 -0.036842105263157905 0.049999999999999975
86 20 -0.1325 0.1563841911764706 0.4488419117647053 0.38147058823529434 0.41 0.4325 0.26359630193491873 0.3558823529411769 0.6758823529411765 -0.17058823529411737 0.1699690402476779 0.5029411764705892 -0.15000000000000013 -0.1873065015479879 0.12352941176470428
86 21 -0.1310294117647056 -0.1136525735294118 -0.08 -0.1014705882352944 -0.041562500000000245 -0.01 0.17830733734796875 0.12 0.1343749999999998 -0.1781249999999956 -0.028618421052631467 0.11875000000000073 -0.016727941176466928 0.06315789473684211 0.1721568627451026
86 22 -0.03235294117647042 -0.010984068627451027 0.0 -0.0325 -0.005 0.02 0.17732423167138672 0.10941176470588267 0.1376470588235296 -0.10000000000000002 -0.051393188854489257 0.04687500000000172 -0.1 -0.057585139318885606 0.0
86 23 -0.03 -0.014531249999999978 0.0025 -0.01 0.0006666666666668639 0.01 0.16420012170879145 0.03 0.04 0.0 0.01578947368421053 0.09687500000000172 -0.006666666666668639 -0.015789473684210527 0.0
86 24 -0.08249999999999999 -0.06192013888888888 -0.0275 0.07 0.1 0.14 0.1813602862854609 0.15176470588235308 0.08 -0.14999999999999997 -0.0368421052631579 0.09999999999999995 -0.10000000000000009 -0.07987616099071213 0.0
86 25 -0.05 -0.05000000000000001 -0.05 0.12703125000000026 0.13 0.13 0.1562247474542578 0.020000000000000018 0 0.0 0.0 0.0 0.0 -0.005263157894736847 0.0
86 26 0.0525 0.17496895739064827 0.3281158088235291 0.04 0.04 0.04 0.20993474836707374 0 0.6268750000000006 -0.3960331825037785 -0.32993421052631616 -0.20312499999999845 0.0 0.0 0.0
86 27 0.2275 0.26526666666666665 0.3125 -0.12 -0.11 -0.1 0.16948492028074166 0.04000000000000001 0.13 -0.10000000000000009 -0.06842105263157895 0.0 0.0 0.02105263157894737 0.03933823529411559
86 28 -0.07250000000000001 -0.06200000000000001 -0.05 -0.2525 -0.16579044117647074 -0.12 0.1739035422926117 0.16000000000000003 0.03 0.0 0.0 0.0 -0.11470588235294246 0.015789473684210516 0.10000000000000009
86 29 -0.07514705882352961 -0.0498237336601308 -0.008823529411764798 0.06 0.07 0.07 0.1724464011055084 0.03 0.16249999999999973 -0.1843749999999975 -0.08552631578947355 0.0 -0.01875000000000071 0.01578947368421053 0.0764705882352984
