13 0 -0.39522340957422764 -0.23226899863225742 -0.09884468596950116 -0.14449944487563016 -0.12607749462077017 -0.10701849918893017 0.191282158891081 0.045500733599640006 0.3608991827280364 -0.33196162373040006 -0.17465234246433495 -0.00794124809659999 -0.02426007660280005 0.0021311388761263194 0.051661745859200026
13 1 -0.33513312938831846 -0.18812055583375675 -0.07860027260605396 -0.0791030243932692 -0.07679918978062922 -0.07273257262346922 0.18899525785868906 0.01715658654716 0.370795199587592 -0.29888763440587274 -0.17212620802102735 -0.04572762640240001 -0.011868238913599893 0.0072568953109473705 0.021991148575199876
13 2 -0.0748777277183979 -0.0742782071203359 -0.07397888315361789 0.020746340967617894 0.025585266318787894 0.0333956147214879 0.15645135915375033 0.017941984710559997 0.003996803987080008 -0.003141592653599992 0.002103581045831583 0.006806784082800041 0.002356194490199994 0.009443149847663155 0.01483529864199997
13 3 -0.1599964172295912 -0.10800829480026722 -0.05174237037429121 -0.010210321568298516 -0.006340053951988516 -0.0011215194885137517 0.1668094071991549 0.01160643952579424 0.12486085468808 -0.09032078879100003 -0.06040676400606317 0.019722220547600082 -0.0011344640138000006 0.005686098984144613 0.016667894356597386
13 4 0.108344367644091 0.110577516422025 0.112485161294461 -0.12981705646863323 -0.12841206642077319 -0.1179051843237332 0.15672134965011236 0.013962634015999995 0.006387905062319996 -0.012042771838799982 -0.0005787144361894667 0.010384709049399976 -0.006894050545399946 0.006402602571810527 0.014398966329000062
13 5 -1.7826382342701312 -1.3025042656997916 -1.102090725687522 -0.5138335129915375 -0.3763102945801975 -0.3186009828628174 0.19829504457434408 0.6522819013499599 1.7914233975414804 -1.4109241673150539 -0.6954034756006373 0.37926004645959965 0.15786503084339987 0.34330626386839996 0.48659779545760035
13 6 0.2162405250392191 0.21853737833485112 0.2211099936522991 -0.9536512969877922 -0.9467834263811721 -0.9375113647299221 0.15822521337684106 0.025272367568960008 0.01247910415179998 -0.001919862177199999 0.005575867662968406 0.014573499254200012 -0.0193731546971998 0.0015983541570947267 0.0262672052425994
13 7 -1.0129235025703274 -0.7591648466342915 -0.5059795313575375 -0.02907214327601705 -0.02233953568642705 -0.013115470589624506 0.22386031771268977 0.03139847324346255 0.74652968095796 -0.5076290129442002 -0.11821390602098945 0.06824237375319897 -0.024870941841000013 0.0038948400149894733 0.028710666195399998
13 8 -0.381711312912278 -0.1815787709088073 0.0006336029998451098 0.03396255584012105 0.04637621014497105 0.05430873159531106 0.2119392420444024 0.03225368457696001 0.5967978844284961 -0.4405211032030546 -0.3096122233611663 -0.02958333082141973 -0.048345620280399945 -0.008891993241768429 0.039444441095200025
13 9 -0.17205029130184377 -0.12956810464367743 -0.0744951127613038 -0.0758873037278661 -0.06428086420206611 -0.0513610644141361 0.1708515214369698 0.0197222205476 0.14411183633833813 -0.0960803753226 -0.07106245838706217 -0.007766715171399902 -0.023212879051599973 0.004381695016863159 0.0398807734082
13 10 -0.40402103255772404 -0.388231911479506 -0.37635756391352404 0.03870282160714616 0.04160006816546616 0.043995532563836155 0.16073607388655428 0.009023352232840003 0.061802108813320045 -0.05803219762900019 -0.03112197634618949 -0.0033161255788002886 -0.0049741883682000165 0.0009737100037473713 0.010122909661599983
13 11 -0.805579793391433 -0.541932101913565 -0.25655157058979305 -0.11442747034507705 -0.09952235853299705 -0.08715233745944705 0.2155236858363396 0.03309144261791999 0.65561548022128 -0.5571090972383991 -0.3120373124273053 -0.013875367553399937 -0.029234264971 -0.013797287034231576 0.0063704517698000285
13 12 -0.16203185898850386 -0.14127989418222384 -0.11239469506162385 -0.19140114457002297 -0.18733889073599297 -0.18618261010654297 0.16136462834220328 0.013892820845920001 0.06415830330351999 -0.03726277953019996 -0.026189124723431583 0.005585053606400117 -0.003228859116199967 0.004225533978526319 0.010559241974600064
13 13 -0.07113511154434385 -0.02988512733794461 0.031171725884766154 -0.06139200492050689 -0.0520152235141369 -0.0381136760219569 0.1757494181818313 0.020996310901560004 0.20303415188516 -0.16484634785139995 -0.10476568483715791 0.008726646260000005 -0.0004363323129999777 0.011050689948189477 0.020594885173600003
13 14 -0.7243786408309235 -0.5421269970139361 -0.3651287942455035 0.04052916322531801 0.101345161011258 0.106092456576698 0.23387364215515444 0.09807005066987999 0.7671245661317344 -0.6091199089480002 -0.32489763323160764 -0.24242623310279987 -0.05855579640460004 -0.041915459878294724 0.07583455599940003
13 15 -0.11657727965122805 0.03538155700340396 0.15341206566378196 -0.054902870761570896 -0.0513380357643609 -0.00732083202888599 0.18809262427317505 0.0595855406633184 0.31667253948288 -0.27131143222339993 -0.14091237224042105 0.010821041362399919 -0.021031217486599967 -0.023690548110062316 0.010297442586799967
13 16 -0.8130863575425185 -0.6985761779833983 -0.6882734994088684 -0.018261428445082894 -0.007252764188057989 0.013167588060333283 0.231302436935732 0.073303828584 0.7919955079730836 -0.4907865856624005 -0.30378833522602294 -0.07478735844820006 -0.05934119456800001 0.00949826550825264 0.080285145592
13 17 -1.227517551867319 -0.9538377078489552 -0.6917887379659191 -0.0804879916361381 -0.027853224718948105 -0.00768158188899301 0.25930679654725247 0.1444085423104451 1.0441781315940402 -0.8961393044394 -0.41450651140656847 -0.16467181492620275 -0.008464846872200098 0.053939859830231585 0.13526301703000004
13 18 -0.271310171708217 -0.10061173487468293 0.0496776943505821 -0.15645713191339516 -0.14626004575858514 -0.14122477086656515 0.19916222966048544 0.036372661611156404 0.46940630232540004 -0.34182273400419994 -0.24689060161054738 -0.10594148559639996 0.007155849933200009 0.017637011388356015 0.023300145514199982
13 19 0.055042545583137786 0.06409295041938379 0.06418370754048779 -0.09089674744415999 -0.08842274322945001 -0.08591819575283 0.1665899549877809 0.008726646259999998 0.12137019618408 -0.03289945640019998 -0.04031710572120001 0.030455995447399957 -0.015358897417599923 -0.0035917038817473656 0.0063704517698000285
13 20 -0.20584505312726198 -0.20161088436190994 -0.19769872884355194 -0.132458272922036 -0.129595932948756 -0.119032327651026 0.1612315768484041 0.04534365396696001 0.031171580440719993 0.0028797932657999292 0.016406094968799995 0.02094395102400004 -0.02696533694340003 -0.01297055212538947 0.013351768777800088
13 21 0.14440611824205507 0.14910279925918704 0.15346437705993504 -0.13186384286768385 -0.12717763382606384 -0.12442001360790383 0.1567834403752695 0.010716321607280005 0.015603243512880005 -0.013439035240399994 -0.0076518908785052605 -0.0014835298641999173 0.0024434609528000556 0.005263545586294732 0.008726646259999832
13 22 -0.27361866053103207 -0.22272922286601662 -0.19134820291505664 -0.0444722013750852 -0.041487688354165206 -0.03914458383335521 0.1790475202512241 0.02218313479292 0.2557256420023419 -0.07967428035380003 -0.04267789318311577 -0.0009599310886002077 -0.012304571226599975 0.004390880960294737 0.02007128639800005
13 23 0.07422938638268678 0.07516924618488878 0.0772531693117768 -0.16154399098116295 -0.16098112229739295 -0.15814932558602296 0.15640377475546502 0.006161012259560006 0.008063421144239996 -0.01570796326799996 -0.004243905865389472 0.00445058959259996 -0.010559241974599926 -0.001552424439936838 0.0054977871438001424
13 24 -0.1369637434232602 -0.05796926881307266 -0.002359588185961766 -0.028482367432887207 -0.020789828754697207 -0.01706355080174702 0.17430713640473242 0.020210912738090184 0.2027548992041419 -0.1114392727405489 -0.03344602003437895 -0.008726646259999997 -0.0033161255788000023 -6.4301604021053e-05 0.023736477827199995
13 25 -0.6250236399810144 -0.45291148645351226 -0.3258916594807344 -0.05771052375150521 -0.05586483806751521 -0.052094926883195204 0.20572366405041373 0.02117084382676001 0.5458168169784836 -0.4321435227952003 -0.2344803920347598 -0.1347394182544001 -0.03420845333920005 -0.011142549382505267 0.021554816262200002
13 26 -0.09483653734228316 -0.08780722377985314 -0.07953872644850316 -0.04150388113115311 -0.0391564132872131 -0.034566197354453106 0.15894876521782692 0.010698868314759996 0.039758600360560004 -0.03926990816999994 -0.018381072806589474 0.004886921905600042 -0.003316125578800011 0.0011574288723789482 0.010646508437200039
13 27 -0.22012102222575194 -0.14242507257867157 -0.046918910579703786 -0.07057733340410915 -0.05381780926177915 -0.04824584562476916 0.18163376937758852 0.04895648551860001 0.2584483556369279 -0.19050268785580005 -0.12205363037579367 -0.05864306286719982 -0.04136430327239999 -0.025766571325578955 -0.008552113334799986
13 28 -0.016722048044792714 0.024673671154122518 0.07267371624262112 -0.11561957870559995 -0.10228089989718994 -0.08815682292537994 0.1698098971484502 0.0376118453806 0.13601350860836 -0.11292280260440005 -0.06770040309073684 -0.011519173063199994 0.00968657734859997 0.018032006956189478 0.03001966313439998
13 29 -0.04003649556253411 -0.024481248604098067 -0.01019136535336901 -0.10674816708032321 -0.10333604839266321 -0.09631109815336321 0.15942872007148357 0.013159782560079991 0.04042182547628509 -0.0336848545636 -0.020604071117013206 -0.0036651914291999967 -0.011780972450999919 -0.0020484653852421036 0.012042771838799982
13 30 -0.05328829575925021 0.04029189540999593 0.1493007971666498 -0.1627759995076219 -0.14480783485828191 -0.1255786698243719 0.19659303055857955 0.07384488065246907 0.4035724829406581 -0.26912977065840005 -0.20774011070552537 -0.12418017627979998 -0.051661745859200026 -0.038167594958394245 -0.021816615650000135
13 31 -0.38800545500905903 -0.31615984901510497 -0.23729191077572903 0.013455470424195485 0.019302323418447842 0.023220587589187845 0.17961197866517029 0.018151424220852364 0.26138050877952 -0.21101030656679967 -0.1219250271673474 0.008290313947000028 -0.015533430342799994 -0.0018463746297473697 -0.0005235987755999871
13 32 -0.23441905034518104 -0.13641008619922573 -0.07750086062134011 0.01986068333486716 0.027945921094757156 0.034198563140047156 0.20304351478555177 0.033283428835587645 0.51368530544864 -0.39994219809580006 -0.1864195360006469 -0.05366887449900007 -0.020769418098799987 0.006430160402105265 0.028099800957200015
13 33 -0.2633744020064074 -0.24654681002324946 -0.23681485411409742 -0.08498720804093415 -0.08039699210817416 -0.07768300512131417 0.1609693179801675 0.015585790220359996 0.05157447939660001 0.0036651914292000487 0.02714446284031579 0.05218534463480015 -0.017715091907799935 0.003233452087915788 0.02443460952799993
13 34 -0.20461062053202902 -0.112808919870707 -0.028969411257009 -0.04047098558364284 -0.03562333358621285 -0.024274330125082844 0.18219301648025163 0.023474678439399998 0.28801423316504005 -0.23561944901999993 -0.10765925701810528 -0.03551745027819998 -0.0192858882346 0.00967279843345263 0.0332485222506
13 35 -0.8728930217249775 -0.5929963149110157 -0.3044349210254475 -0.24403562059842254 -0.23310985948090251 -0.2288076228747225 0.24006483468627154 0.03981096023812 0.9166643764427456 -0.6860889289611998 -0.40911436261213974 -0.24504422698080008 -0.01963495408500021 0.010747553814947367 0.01762782544519989
13 36 0.10523390002876017 0.10427047828165617 0.10945323349547016 -0.07198760792113205 -0.07178253173402205 -0.06991939275751205 0.15856111041364912 0.012985249634880007 0.026668630970559992 -0.014748032179399961 -0.014036121563452627 -0.00017453292520008823 -0.009162978572999914 -0.0020943951024000006 0.00619591884460001
13 37 -0.00941828145747699 0.005015591456535086 0.03841246669354811 -0.00681328058612301 -0.005002501487173011 -0.0029299230004230107 0.16678104072791697 0.004852015320556509 0.13069025438976 -0.0844739357968 -0.06646948667090527 -0.011082840750200017 -0.00523598775600001 0.0024710187830927154 0.008726646260000002
13 38 -1.040017606026073 -0.7517738620643951 -0.4457199057506831 -0.060091249814046996 -0.046573674757307 -0.042480877661367 0.22577540232981103 0.027488935719000004 0.7787310056573599 -0.6642723133112005 -0.4025831568323789 -0.03159045946119987 -0.0049741883682000165 0.009810587584926317 0.03263765701239995
13 39 -0.20351949886073853 -0.08119198958232167 -0.004839943459895825 -0.13796158694185884 -0.12816156319187885 -0.12104061984371885 0.19559385731222903 0.03197443189663998 0.294524311274424 -0.42612213687318184 -0.14488069980256008 0.027314402793799937 -0.05462880558760007 0.0050614548307999834 0.04694935687879993
13 40 -0.12200792010023295 -0.11512434153034497 -0.10913175354360295 -0.15513184523476797 -0.140313999885288 -0.12155607374941799 0.16327570764660645 0.0700749694678 0.029077185338320016 -0.03176499238639996 0.008377580409600006 0.042935099599199986 -0.05305800926080011 -0.03557715891050526 -0.010297442586799793
13 41 -0.7885166304410111 -0.476418598927623 -0.252342757580351 -0.151796084701883 -0.11856065242067301 -0.11622191122299302 0.21928366338074723 0.06417575659604001 0.67052059203336 -0.5476843192776002 -0.28850292535559996 -0.01745329251999994 -0.04598942579020007 -0.019042460733663148 0.011257373675399932
13 42 -0.38397345354814855 -0.29314041062168655 -0.18472230281669857 -0.09266660826850179 -0.07540530196622179 -0.0654176553216518 0.19913213101992672 0.04488986836144 0.4524067954109201 -0.06832964021579999 -0.16027634099418947 -0.007504915783600047 -0.04398229715040003 -0.003701935202926315 0.006457718232399934
13 43 -0.03961674387742811 0.05498533756872791 0.1239904202050519 -0.08207784114066395 -0.004772845246435622 0.006628518092253505 0.20306748754143847 0.21614157456768002 0.30262263900428 -0.24390976296700012 -0.15229375615214738 -0.033423055175800034 -0.1471312559436 -0.025408319531738187 0.13508848410480007
13 44 -0.8987569104668429 -0.6665766327378915 -0.451555559550013 0.08707539752831289 0.08838439446731289 0.0995195950950729 0.22322990650370758 0.01598721594831999 0.7599512629061891 -0.6025749242529999 -0.3879866927197837 -0.10934487763780032 -0.015271630954999948 -0.007449800123010523 0.0037524578918000234
13 45 -0.5425654140250066 -0.38452759558573707 -0.30441523758960654 -0.04507632770313715 -0.03336516842221715 -0.025877705931137154 0.20800342956470624 0.06419320988850764 0.5396383514253564 -0.4570144646361998 -0.24589851971966126 0.041975168510600125 -0.04005530633340002 0.01967629083044211 0.06946410422933821
13 46 0.11569462786343596 0.17970283285137995 0.27048351590036046 -0.08035030455068315 -0.06094660659157315 -0.04400382287778316 0.1905471725273668 0.06724753607956 0.18189821464361453 -0.31660272631280006 -0.08121292587858946 0.12819443355940013 -0.013613568165599995 0.006962945121136842 0.06143558967039997
13 47 -0.35560089641531295 -0.353737757438803 -0.3514164695336429 -0.401907390351796 -0.401100175572746 -0.39722118131017603 0.15642560637470118 0.011920598791159975 0.009808750396239962 -0.004014257279599809 0.00432657935627368 0.008901179185199504 -0.012042771838799982 -0.005704470871010518 0.0016580627894000055
13 48 -0.47688867427224657 -0.1371926239619489 0.10902708226988984 -0.09379438185338611 -0.08516372870224612 -0.0838154618550761 0.2322697017444176 0.046495571273279995 0.8165522905476764 -0.6519677420846006 -0.42552045758075596 -0.008552113334799952 -0.016318828506199992 0.0016902135914105248 0.019285888234599965
13 49 -0.20302353446612542 -0.14635094832414547 -0.11154646504515185 0.1523903208307821 0.17364406779683755 0.19872444914790305 0.17652832992800394 0.05078908123285092 0.1892285975023636 -0.14172073526239987 -0.07407544783225263 -0.022863813201200178 -0.05480333851280009 0.007440614179578954 0.027576202181599924
