47 0 0.06940969999999991 0.3909614 0.7019627000000002 0.1606266999999998 0.1887610999999999 0.20825265000000004 0.23559043566335341 0.07005339999999971 0.8031491999999996 -0.757367999999996 -0.4227101052631577 -0.10016600000000375 -0.0898040000000011 -0.03249073684210522 0.04066299999999745
47 1 0.004050600000000015 0.33238155999999996 0.6139328 0.09026715000000007 0.09726149999999989 0.10235615000000003 0.220864149325137 0.03808820000000024 0.7092631999999996 0.02355000000000107 0.36661978947368395 0.5987979999999982 -0.008006999999999875 0.020046421052631703 0.04333199999999926
47 2 -0.34981169999999995 0.1578321000000001 0.5749183000000002 0.18241830000000003 0.23909530000000012 0.27705005000000005 0.28033228982258934 0.16767599999999994 1.2333920000000007 0.23738400000000048 0.6491536842105267 1.017988000000003 -0.12764100000000167 -0.08825052631578945 -0.025747999999998772
47 3 0.011727900000000235 0.024784019999999952 0.032860099999999726 -0.1863433 -0.17865029999999993 -0.16614525000000008 0.16279034936462738 0.03676940000000006 0.048293199999999814 -0.05777599999999827 -0.01569999999999978 0.036738000000000604 -0.013502000000000791 0.017931052631578896 0.057462000000000346
47 4 0.48596210000000006 0.5625781000000001 0.6783185000000004 -0.12601604999999994 -0.10027589999999997 0.0006593999999999767 0.22764708117800334 0.22033380000000014 0.6031939999999998 -0.4185619999999979 -0.31211600000000017 -0.14569600000000404 -0.16814700000000182 -0.09066336842105267 0.052752000000001464
47 5 -0.15659180000000028 -0.1377361 -0.11517519999999992 -0.006782400000000022 0.001726999999999923 0.03941485 0.17088009922704775 0.07397839999999989 0.06436999999999982 -0.06342800000000093 -0.03387894736842095 -0.0012560000000028104 -0.04066300000000078 0.0016856842105261727 0.09608399999999961
47 6 -0.47220890000000004 -0.30004270000000005 -0.0447135999999998 -0.12929735000000003 -0.12668329999999994 -0.08697015000000002 0.21007463754870379 0.05281479999999994 0.5505675999999999 -0.05934600000000012 0.23520252631578964 0.22294000000000036 -0.01742700000000097 0.022872421052631455 0.02354999999999996
47 7 0.0013188000000003974 0.0030081199999999696 0.0038935999999996085 -0.24664700000000006 -0.24502990000000002 -0.2408694 0.15570243445125148 0.00863500000000017 0.005463599999999236 0.0 0.0011568421052628832 0.0 -0.014287000000000605 -0.0037845263157895567 0.0
47 8 -0.07473200000000002 -0.0668349 -0.05752480000000004 0.06027230000000011 0.07601939999999985 0.08077650000000003 0.16173666656271649 0.04166779999999992 0.03114880000000042 -0.016642000000000046 0.009386947368421255 0.03328400000000009 -0.013188000000000644 0.021186736842105282 0.057462000000000346
47 9 -0.2804648000000002 -0.27929044000000003 -0.27851800000000004 0.24317729999999993 0.2475261999999998 0.24878220000000018 0.15565049751430882 0.009671200000000102 0.0023863999999997887 -0.0003140000000012577 0.0004957894736840928 0.0021979999999999222 0.0 0.005090105263157949 0.010675999999999464
47 10 -0.3187728000000001 -0.316669 -0.3145494999999998 0.32210905000000006 0.3246917 0.3278160000000001 0.15590963903723884 0.008415199999999956 0.005840399999999857 -0.0003140000000012577 0.0002313684210526234 0.0056520000000004345 -0.012246000000000201 0.0011237894736840371 0.013344999999999052
47 11 -0.1809424999999999 -0.16321406 -0.1474857999999999 0.021085099999999968 0.027741899999999986 0.036439700000000186 0.16733990359774845 0.048293200000000036 0.05137040000000015 -0.048984000000000805 0.020228210526315942 0.061230000000001006 0.002983000000000846 0.025417473684210545 0.04097699999999982
47 12 -0.9274775000000003 -0.47839156000000005 -0.06090030000000013 0.09371330000000011 0.1004799999999999 0.10612415000000014 0.27044171629328995 0.0314314 1.2652316000000003 -0.9426279999999965 -0.6239014736842107 -0.4713140000000027 -0.031243000000000798 -0.0006610526315789073 0.021823000000000814
47 13 -0.29905360000000014 -0.29800484000000005 -0.2966044000000001 0.2493160000000001 0.25041500000000005 0.25566665 0.15643226884488212 0.016516399999999987 0.0032655999999997576 -0.004709999999998882 -0.0013221052631580484 0.000628000000000295 0.0 0.008692842105263152 0.016485000000000527
47 14 -0.16230659999999975 0.06172926000000003 0.20860590000000034 0.038629849999999855 0.07840579999999997 0.16667119999999996 0.28532493776908585 0.37780480000000005 1.110932 -0.808236 -0.584701052631579 -0.2822860000000005 -0.31070300000000217 -0.19884463157894738 0.03563900000000064
47 15 0.007520299999999813 0.011212940000000038 0.014648100000000386 0.06475464999999991 0.09305390000000013 0.10107659999999996 0.16025917167099687 0.0491096000000002 0.016390799999999928 -0.02731800000000062 -0.008626736842105225 0.0 -0.00047099999999966613 0.02427715789473697 0.04238999999999993
47 16 -0.8592139000000002 -0.59586838 -0.3319765000000001 0.005023999999999862 0.04804200000000014 0.19688585000000003 0.26408343259583766 0.4791011999999999 0.5268292000000003 -0.6220340000000002 -0.14034147368421054 0.47068600000000016 -0.3589019999999987 -0.22803010526315784 0.038936000000000526
47 17 -0.07815459999999996 -0.07708700000000004 -0.07498320000000014 -0.0027161000000000546 0.014695199999999908 0.02145404999999989 0.1589386582665382 0.04151079999999996 0.0089804 -0.0015700000000018477 -0.0013882105263157403 0.0012560000000028104 -0.027945999999997584 0.014460526315789429 0.04976899999999951
47 18 -1.7110959000000001 -1.6571664 -1.6277131999999999 -0.08761385 -0.06154399999999993 -0.04872494999999999 0.18164110609328976 0.06480960000000002 0.24221959999999987 0.03987800000000097 0.12748399999999993 0.19813400000000092 -0.042860999999999594 -0.03164789473684219 0.0021979999999999222
47 19 0.15830310000000025 0.16552196000000002 0.16930880000000015 -0.09757549999999998 -0.09151530000000008 -0.0890975 0.1605460178028439 0.021069400000000016 0.04766519999999996 -0.02857400000000343 -0.01401431578947349 0.025748000000000992 -0.021822999999998594 -0.010345473684210477 0.0006279999999991848
47 20 -0.0744180000000001 -0.06725566000000002 -0.06035080000000015 0.10619479999999992 0.10759210000000008 0.1134168000000002 0.15688601271112418 0.008886200000000066 0.01701879999999978 -0.026376000000001287 -0.008858105263157848 0.0 0.0 0.004676947368421088 0.013972999999999347
47 21 -0.03702059999999996 0.16711079999999998 0.3588549000000002 -0.06871105000000005 -0.06262729999999994 -0.027859649999999958 0.24028610975571021 0.16271480000000005 0.7980624000000005 -0.6396179999999996 -0.4055888421052633 -0.054008000000000944 -0.11586600000000002 -0.049397157894736844 0.07049299999999925
47 22 -0.4782377 -0.3799305800000001 -0.2675279999999999 0.5510857 0.6025032000000003 0.6053684500000003 0.2244298002009332 0.24975559999999986 0.5386984000000004 -0.3416320000000006 -0.2835254736842107 -0.1871440000000013 -0.2522990000000003 -0.1314503157894736 0.008477999999998431
47 23 -0.6375613000000002 -0.5900688000000001 -0.5563766 -0.02059839999999996 0.06658369999999991 0.13303395000000018 0.19987887630857637 0.27735620000000005 0.2330508 0.06656800000000018 0.12265831578947368 0.1971920000000016 0.06342800000000093 0.14597694736842107 0.23188900000000068
47 24 -2.1062963 -1.98242644 -1.8831836 -0.0002747500000000458 0.003454000000000179 0.005675549999999918 0.18260047763150633 0.01381600000000005 0.30382640000000016 0.01727000000000034 0.15990863157894744 0.2260799999999985 -0.013815999999998718 0.0042803157894737666 0.02088100000000148
47 25 -0.11343250000000016 -0.03738798000000003 0.0476494999999999 0.010801600000000022 0.020990900000000035 0.07589379999999996 0.18756480856335356 0.08945859999999994 0.15900959999999964 -0.013816000000002049 0.08368926315789454 0.17929400000000095 -0.0007849999999998136 0.047083473684210495 0.07504599999999861
47 26 0.08605169999999995 0.21134397999999993 0.46545789999999987 0.19658754999999983 0.1998139 0.21891295 0.23337080339456379 0.03193379999999957 0.8494328000000002 -0.06060200000000071 0.4221151578947367 0.8905039999999986 -0.021352000000001148 0.01541905263157877 0.03563900000000064
47 27 -0.16860229999999976 0.29070747999999996 0.7461739000000001 0.12455594999999986 0.13874089999999994 0.15239204999999978 0.3031172346780031 0.045090400000000086 1.4150723999999997 -1.508769999999997 -0.7447749473684209 0.23392999999999997 -0.05714799999999909 0.0020162105263158018 0.08525099999999841
47 28 1.2451513 1.2471985800000003 1.2520121999999998 0.87594225 0.8785091999999999 0.8814294000000003 0.1578422108569841 0.006531199999999515 0.022482400000000347 -0.023863999999997887 -0.011832842105263341 0.0031399999999992545 -0.0100480000000025 -0.0034374736842102713 0.009263000000001576
47 29 -0.5595166000000001 -0.55890744 -0.5593596000000001 0.050569699999999995 0.05140180000000005 0.05224960000000012 0.15502161473278034 0.002700399999999936 0.0036424000000003787 0.0 0.0019170526315791467 0.0015699999999996272 -0.0014129999999989984 0.0012725263157895455 0.0
47 30 -0.06747859999999983 -0.06322075999999999 -0.06009959999999992 -0.20286755000000006 -0.20070880000000002 -0.19803194999999996 0.1574489850512516 0.005809000000000175 0.01695599999999997 -0.027003999999999362 -0.008792000000000156 0.002511999999996739 -0.01475799999999916 0.0028259999999999835 0.01475799999999916
47 31 0.5581821 0.5627508000000001 0.5652628000000002 0.40385895000000016 0.4109475 0.4122191999999998 0.15996437113469109 0.024806000000000106 0.02618760000000009 -0.02574799999999655 -0.008891157894736929 0.006593999999999767 -0.031714000000000464 -0.013055789473684265 0.008164000000001614
47 32 0.17631099999999988 0.3768565199999999 0.6248599999999996 -0.041887600000000136 -0.027663400000000005 0.025528199999999945 0.2099838020996592 0.08223659999999988 0.5476788000000004 0.08383800000000052 0.2882520000000002 0.4034899999999997 0.005494999999998695 0.04237347368421045 0.05463599999999902
47 33 0.44467109999999965 0.44787703999999984 0.45178319999999994 0.05494999999999983 0.0587337 0.060366500000000156 0.15651432569074197 0.013376399999999844 0.009482800000000235 -0.001883999999996444 0.00495789473684233 0.021666000000000185 -0.0009419999999993323 0.0039002105263156346 0.014286999999999495
47 34 -0.09570719999999999 -0.09374156 -0.09206480000000017 0.18752865000000013 0.18912220000000013 0.18964815000000007 0.15555292088309872 0.003987799999999986 0.005965999999999916 -0.0050240000000001395 0.002512000000000245 0.0031399999999992545 -0.000628000000000295 0.000793263157894642 0.012246000000000201
47 35 -0.9116205 -0.78586978 -0.6775020999999999 0.5369714000000001 0.6884450000000002 0.7317220499999999 0.24764143560220694 0.5080206 0.5248195999999998 0.06908000000000136 0.27622084210526304 0.5052259999999986 -0.032655999999999796 0.224014210526316 0.3893600000000008
47 36 1.0993768 1.6107697600000006 2.1615132 0.60014035 0.7571796 0.8717425000000001 0.3297324739174936 0.7809808 1.2252908000000007 0.07064999999999877 0.6448898947368424 0.9011799999999992 -0.5083660000000001 -0.41104252631578947 -0.08352399999999927
47 37 -0.30560049999999994 -0.13316740000000007 0.08890910000000019 0.79266945 0.9019021999999999 0.9497636500000002 0.25444375798373564 0.44864320000000024 0.6636704 0.12685599999999964 0.27807178947368455 0.5771320000000024 -0.07426099999999769 0.18975515789473682 0.36266999999999827
47 38 -0.39845030000000015 -0.34950398 -0.3008590999999998 -0.16455170000000008 -0.08812409999999993 0.13575005000000007 0.19956987656590128 0.3434218000000002 0.12227159999999992 -0.14632399999999768 0.009948842105263273 0.13721800000000117 -0.32232099999999986 -0.11568421052631579 0.10974300000000103
47 39 -0.12786080000000022 -0.10905533999999999 -0.09159379999999995 0.06864824999999997 0.07463779999999987 0.08112190000000014 0.16684958011813056 0.04361459999999995 0.07485760000000008 -0.06845199999999885 0.004594315789473622 0.07661600000000046 -0.06923700000000088 -0.009106000000000012 0.04976899999999951
47 40 -0.25262870000000026 -0.19198588000000003 -0.12156509999999987 -0.005746200000000035 -0.0026846999999999843 -0.0002354999999999996 0.17698800725507324 0.010864399999999996 0.23506040000000006 -0.015072000000000418 0.11416378947368408 0.2361279999999999 -0.013973000000000457 0.0019996842105263787 0.03312700000000168
47 41 -0.5372225999999999 -0.3441471399999999 -0.1034159 -0.1024582 -0.0859261 -0.04735119999999987 0.2196506342257739 0.07272240000000019 0.6222224000000001 -0.6072759999999988 -0.17987242105263168 0.24931599999999943 -0.029044999999999765 0.03827494736842115 0.09231600000000006
47 42 -0.1834545000000002 -0.18292698000000013 -0.1820729000000002 -0.12791575000000005 -0.1219889999999999 -0.11884114999999995 0.1567280956002962 0.015888399999999914 0.009796800000000161 0.0 0.0037680000000001337 0.015700000000000713 0.0 0.007668210526315769 0.014601000000000752
47 43 -0.08528240000000009 -0.08421794000000005 -0.08129460000000022 0.07695355000000004 0.07839009999999991 0.08348475000000005 0.15693490700539175 0.007693000000000172 0.015323200000000092 -0.001884000000000885 0.007205473684210405 0.0273179999999984 -0.0017270000000013663 0.0025285263157895513 0.009105999999998726
47 44 -0.01714440000000017 0.042911239999999976 0.09716730000000029 -0.012081149999999985 -0.004207599999999978 0.005235950000000211 0.17362305417609225 0.01544879999999993 0.12145520000000021 -0.21603200000000156 -0.016427157894736727 0.15448799999999707 -0.02339299999999933 -0.006974105263157899 0.006593999999997546
47 45 -1.1708275000000001 -0.9069701600000002 -0.7573679999999999 -0.08317859999999999 -0.06020950000000003 -0.049996649999999976 0.26716147506335347 0.09991480000000008 1.0582428 0.07661599999999935 0.5569698947368421 0.8901899999999974 -0.07222000000000062 0.036209157894736964 0.034226000000000534
47 46 -0.1021913000000001 -0.04012292000000006 0.011492399999999958 0.13531829999999995 0.14134710000000006 0.14312119999999984 0.18546475166144263 0.02496300000000007 0.22457280000000024 -0.2728660000000005 0.047860210526315596 0.29578800000000127 -0.030301000000002576 -0.0009750526315788795 0.02229400000000159
47 47 -0.1815547999999998 -0.17887638 -0.1784148000000001 -0.03325260000000013 -0.03177680000000005 -0.030206800000000034 0.15641582515953187 0.01591980000000004 0.006217200000000034 -0.0009420000000015527 -0.003239157894736961 0.000628000000000295 -0.0025120000000000697 0.00837884210526318 0.02103799999999989
