50 0 0.053599799999999864 0.10135292000000007 0.2344324000000001 -0.053803899999999905 -0.007944200000000068 0.40642589999999984 0.3030219888327803 0.8992018000000004 0.7586868 -0.9018080000000017 -0.39930884210526313 -0.03579600000000127 -0.9391739999999982 -0.42793242105263174 -0.006751000000000396
50 1 -1.2075812000000001 -1.2067051400000002 -1.2030125 0.16958355000000008 0.1713498 0.17417580000000005 0.15812770716972302 0.017709600000000325 0.023801200000000078 -0.008164000000001614 0.011303999999999818 0.01978200000000152 -0.019310999999998524 -0.008610210526315802 0.00031399999999903727
50 2 -1.1463826000000001 -1.14504182 -1.1437136 0.11690219999999996 0.12302520000000006 0.12680890000000006 0.15645606687290758 0.014381200000000094 0.006656800000000018 -0.0028260000000002172 -0.0017517894736842152 0.0 0.0 0.007569052631578997 0.01962499999999978
50 3 -1.5743646 -1.3728613800000002 -1.1804045 0.010401250000000084 0.1302472 0.17600484999999988 0.2483710208162198 0.2817836 0.7248376000000003 -0.10990000000000055 0.3751143157894738 0.5881219999999976 -0.2522990000000003 -0.12941757894736838 -0.07881400000000038
50 4 -1.4313847000000002 -1.4225989799999998 -1.4187776 0.20000229999999997 0.2117929999999999 0.2213229000000001 0.1631441187174935 0.041165399999999686 0.03968959999999999 -0.005965999999999472 0.020889263157894734 0.05714799999999909 -0.041604999999999004 -0.021665999999999835 -0.008949000000000318
50 5 -1.3426012000000003 -1.31604622 -1.2996931 0.20694955000000004 0.2226260000000001 0.23796490000000003 0.17051119695252548 0.022859199999999857 0.0905575999999999 -0.1551159999999996 -0.047661894736842056 0.017584000000000488 -0.04097699999999982 -0.006131263157894753 0.0010989999999999611
50 6 -1.3673129999999998 -1.35091906 -1.3302452999999999 0.05123695 0.054887200000000025 0.05816849999999979 0.161680597402207 0.01890280000000022 0.049298000000000286 -0.03202800000000061 0.016228842105263302 0.03202800000000061 -0.021666000000000185 -0.004296842105263306 0.015071999999998198
50 7 0.1066815000000002 0.3806088200000001 0.7051184 0.33086964999999996 0.6719286000000002 0.7117124000000001 0.35221134195125164 0.6642355999999996 1.541112 -1.1539499999999991 -0.8111115789473684 -0.38873200000000274 -0.7054009999999988 -0.3495976842105261 -0.024334999999997553
50 8 -1.20262 -1.1962929 -1.1927290000000002 0.1254194500000001 0.1322411000000001 0.13540465000000002 0.16389497085252544 0.061198600000000214 0.028950800000000054 -0.017583999999999378 0.015237263157894766 0.018211999999999673 -0.02339300000000266 -0.032209789473684323 0.016327999999998788
50 9 -1.3264930000000001 -1.3197733999999997 -1.3138702 0.10435004999999997 0.11115600000000003 0.11595234999999993 0.15802443485316237 0.015040599999999849 0.017646800000000296 -0.02355000000000107 -0.0025120000000001283 0.01978200000000041 -0.019310999999998524 -0.006775789473684238 0.0031399999999992545
50 10 -1.5174992000000003 -1.5162683200000002 -1.5153169000000002 0.24539884999999995 0.24978699999999998 0.24993615000000025 0.1558003327824618 0.008195399999999964 0.0025748000000000992 -0.010362000000001537 -0.0005288421052631726 0.0031399999999992545 -0.01993899999999993 -0.004313368421052613 0.00047099999999966613
50 11 -1.3086578 -1.2999286 -1.2953128 0.17651509999999987 0.1785875 0.1809896000000002 0.15813421896972293 0.00549500000000025 0.03284440000000011 -0.020096000000001668 -0.01728652631578953 0.0 0.0 0.0028425263157896403 0.02009600000000278
50 12 -1.6871691 -1.6724393599999998 -1.6703858 0.23083710000000013 0.2581394 0.27505615 0.1716230635544363 0.08870500000000003 0.10286640000000014 -0.04050600000000015 -0.02356652631578944 0.03359799999999913 -0.06546900000000133 -0.04566221052631591 -0.020253000000000076
50 13 -1.3869379999999998 -1.3773672799999999 -1.3688202 0.36594344999999995 0.37830720000000007 0.38194174999999997 0.16413955298692032 0.0288565999999999 0.07184319999999955 -0.06311400000000078 -0.014807578947368364 0.07410400000000039 -0.04348899999999878 -3.305263157884603e-05 0.03108599999999906
50 14 -1.5991078 -1.55679944 -1.4812165000000004 0.31296379999999996 0.3486341999999999 0.3798457999999999 0.18551855517927712 0.09306959999999997 0.21069399999999994 -0.014129999999997755 0.10447936842105263 0.23455799999999916 -0.09812500000000002 -0.0019005263157894899 0.08320999999999912
50 15 -0.9832752999999999 -0.9472940399999998 -0.8952611000000001 0.05786234999999984 0.07961470000000004 0.08306084999999996 0.16790117489520057 0.04009779999999985 0.11147000000000018 -0.07818600000000009 -0.05602421052631581 -0.00031399999999903727 -0.0136589999999992 0.01774926315789478 0.041447999999999485
50 16 -1.5845539000000002 -1.5083241200000002 -1.4198923 0.27613944999999995 0.4235232 0.47665199999999996 0.20608950368182488 0.3443951999999999 0.21414800000000023 -0.2442919999999993 -0.07489726315789474 0.06405600000000011 0.042546999999999446 0.17947578947368426 0.3764860000000003
50 17 -1.3165549 -1.2472237 -1.17907 0.11335400000000012 0.12236580000000008 0.13022364999999997 0.18343544786207966 0.04179339999999976 0.2846723999999998 -0.25402600000000053 -0.1463239999999998 -0.04866999999999955 -0.04427400000000081 -0.007932631578947354 0.029358999999999913
50 18 -1.3220813000000002 -1.2416502 -1.1574197 -0.18089540000000004 -0.16657699999999998 -0.08367314999999997 0.19497929729137897 0.10550400000000026 0.3465304 0.010361999999999316 0.1747162105263157 0.3504240000000003 -0.08195399999999964 -0.043579894736842185 0.03092900000000065
50 19 -1.3036965999999999 -1.30171212 -1.2981231 -0.08756675000000003 -0.08743330000000005 -0.08546294999999987 0.1587803370410605 0.027851800000000093 0.021100799999999698 -0.0009420000000015527 0.010576842105263102 0.019154000000001226 -0.00125600000000059 0.013386315789473661 0.01852600000000093
50 20 -1.5343767000000001 -1.41207684 -1.2244430000000002 0.030819100000000155 0.11212940000000016 0.14595505000000003 0.21399879427163376 0.12566280000000019 0.5351816 0.010048000000000279 0.27949305263157886 0.4383439999999994 -0.11759299999999806 -0.06357673684210527 0.05118200000000073
50 21 -1.3839393000000002 -1.3538863600000002 -1.2788906000000002 0.0620071499999999 0.14674790000000004 0.15954340000000006 0.21033266418055116 0.39695879999999995 0.23738400000000004 -0.21038000000000112 -0.12493894736842108 -0.020724000000000853 -0.34414399999999956 -0.2089256842105263 -0.017113000000000822
50 22 -1.3407329000000001 -1.22157932 -1.0344259 0.6713712500000002 0.8321156999999999 0.88479705 0.23062739331685664 0.4544522 0.40072679999999994 0.00031400000000236794 0.208991789473684 0.3968959999999988 0.016327999999998788 0.21975042105263154 0.340376
50 23 -1.6763675 -1.6316444799999998 -1.5868147000000001 0.03994079999999989 0.23331770000000007 0.3938344999999999 0.22070561942450004 0.5054144000000003 0.11775000000000002 -0.19687799999999922 0.06197368421052633 0.3607859999999996 -0.3848069999999981 -0.26600757894736854 -0.17034500000000063
50 24 -1.4863347 -1.37310002 -1.2400488 -0.014483250000000003 0.05505990000000005 0.06598710000000002 0.20390736235889476 0.18120939999999996 0.37541840000000004 0.00031399999999792705 0.19758863157894738 0.3987799999999997 -0.1700310000000005 -0.09276221052631584 -0.010676000000000574
50 25 -1.3830915 -1.3830883599999997 -1.3758695000000003 0.11210585000000006 0.11285160000000005 0.11498679999999989 0.15875124248946812 0.013156600000000074 0.03397479999999997 -0.0003140000000001475 0.017881473684210513 0.041448000000000595 -0.00863499999999906 0.004858736842105325 0.01852600000000204
50 26 -1.2972753 -1.29164842 -1.2910895 0.26697065000000014 0.26881540000000015 0.2716021499999999 0.15821755547736627 0.00549500000000025 0.032090799999999975 -0.021980000000001443 -0.013485473684210667 0.0012559999999994798 -0.010362000000000426 -0.0006114736842105214 0.003924999999999068
50 27 -1.4896631 -1.43918132 -1.3713479000000002 0.33493595000000015 0.3438456999999999 0.3453843000000001 0.1785183955206783 0.01485219999999976 0.15869560000000016 -0.20661199999999935 0.003734947368421171 0.26784200000000147 -0.005808999999998843 0.007816947368420927 0.021351999999997817
50 28 -1.5842399 -1.5269192 -1.439376 0.15208589999999989 0.21286060000000007 0.2498498 0.2503237758448822 0.6052663999999999 0.4169292 -0.44399599999999984 -0.21943642105263161 0.03987799999999875 -0.36942099999999867 -0.3185612631578947 0.0591890000000006
50 29 -0.19562200000000018 -0.19441624000000016 -0.19285880000000022 -0.02832279999999998 -0.02832279999999998 -0.028228600000000048 0.1549775119385127 0.0028887999999998026 0.0027631999999999657 0.0 0.0014543157894736662 0.0 0.0 -4.957894736838591e-05 0.0
50 30 -1.5022231000000001 -1.4890193999999999 -1.4846862 -0.17677415000000007 -0.17463110000000004 -0.16986615 0.16776269988755735 0.06832640000000012 0.08226800000000001 -0.02229399999999937 -0.025384421052631466 0.029202000000001505 0.001727000000000256 0.0359612631578948 0.04066299999999967
50 31 -1.372023 -1.3501466200000003 -1.3239496000000002 0.39786939999999993 0.4047931 0.4096365500000001 0.1637226540295955 0.014695199999999797 0.07504600000000017 -0.021352000000000038 0.0116014736842106 0.07598799999999906 -0.02464899999999992 -0.007734315789473578 0.013188000000001754
50 32 -0.8143433000000001 -0.8130088000000001 -0.8113132000000003 0.06474679999999994 0.06659940000000009 0.06889160000000005 0.15625027498692037 0.012497199999999875 0.007787200000000105 -0.011931999999998943 -0.003470526315789585 0.00031399999999903727 -0.003925000000001289 0.00657747368421046 0.01491499999999979
50 33 -1.4262665 -1.41976356 -1.4138164 0.048944749999999926 0.052846199999999954 0.05571145000000005 0.15856575340793946 0.02395820000000004 0.012559999999999905 -0.009419999999998874 0.0066105263157894235 0.019467999999999153 -0.01852599999999982 0.00689147368421055 0.019154000000000115
50 34 -1.4982824000000003 -1.4606934600000003 -1.4351213 0.23707785000000003 0.2770108 0.2845938999999999 0.17681607928628343 0.06700759999999972 0.09664919999999966 -0.19154000000000004 -0.009651368421052724 0.12214600000000075 -0.04945499999999936 0.0008097894736841818 0.06484099999999882
50 35 -1.5867833000000002 -1.5760570600000001 -1.5681317 0.22943980000000008 0.23093129999999995 0.23273680000000002 0.15769768166972284 0.009953800000000124 0.02662719999999963 0.0006279999999991848 0.01401431578947349 0.021351999999998927 -0.001884000000000885 0.005238842105263223 0.019467999999999153
50 36 -1.3455685000000002 -1.3379257400000002 -1.3376557 0.21450910000000006 0.22491819999999985 0.23044459999999983 0.17386497403341716 0.1256942000000001 0.09482800000000013 -0.0646839999999993 -0.04022505263157879 0.019468000000000263 0.0021980000000010325 0.06275042105263143 0.06672500000000192
50 37 -1.5578639 -1.37445336 -1.2072201 0.11331475000000008 0.12333919999999998 0.13217829999999986 0.20627183128883123 0.051024999999999876 0.5327324000000002 -0.4210740000000013 -0.2662058947368423 -0.1880859999999973 -0.026690000000000325 0.01756747368421042 0.040348999999999524
50 38 -1.2944806999999998 -1.29014436 -1.2819677999999999 -0.042641200000000046 -0.036926400000000026 -0.03387275000000006 0.1605370418983854 0.03811959999999992 0.029076400000000335 -0.010676000000000574 -0.0012890526315789685 0.027946000000002025 -0.0028260000000002172 0.015617368421052547 0.01726999999999923
50 39 -1.6129395 -1.5927838399999998 -1.5754636 0.23568840000000008 0.2425022000000001 0.24630160000000012 0.16625336880284403 0.030332400000000037 0.06945679999999999 -0.011932000000000054 0.03655621052631578 0.08948999999999985 0.0 0.003387894736842119 0.021665999999999075
50 40 -1.3450503999999999 -1.31936206 -1.2940568000000001 0.051268350000000074 0.055421000000000054 0.06019380000000002 0.16345077703469107 0.026627200000000073 0.07492039999999989 -0.03799400000000008 0.009783578947368459 0.08006999999999986 -0.032813000000000425 -0.010527263157894715 0.0026690000000006986
50 41 -1.62966 -1.62206434 -1.613332 0.09281054999999994 0.09547169999999994 0.0975598000000002 0.15851537951367195 0.010047999999999835 0.03579599999999972 0.0 0.01883999999999985 0.020096000000000558 -0.00015699999999951864 0.0032722105263156905 0.01962499999999978
50 42 -0.26683720000000033 -0.26552468 -0.2637286 0.44551105000000013 0.4472301999999997 0.44839200000000035 0.1553883823104872 0.006342800000000093 0.003830800000000245 -0.00125600000000059 -0.0016856842105265233 0.0 -0.0010989999999999611 0.0023632631578948534 0.009419999999997763
50 43 -1.2506934 -1.0995118200000003 -0.940901 0.37834645000000006 0.40669279999999997 0.43251930000000005 0.21502851747545543 0.11118740000000038 0.5559056000000002 -0.3654959999999985 -0.2925818947368422 -0.21289199999999897 -0.05196699999999943 0.0068584210526315866 0.10157900000000164
50 44 -1.2448216 -1.2260663800000002 -1.2210832 -0.024923750000000078 -0.021352000000000038 -0.017623249999999924 0.16446750378373562 0.020504199999999972 0.09262999999999977 -0.09231599999999895 -0.047595789473684015 0.0003140000000001475 0.0 0.010758631578947455 0.02229400000000048
50 45 -1.4216349999999998 -1.2967006799999998 -1.1656465 0.07295790000000002 0.07895529999999984 0.08314720000000009 0.18359569748118795 0.03598440000000003 0.2790832000000001 -0.03987799999999986 0.1380277894736842 0.2785179999999987 -0.04380300000000115 0.010527263157894715 0.05950299999999964
50 46 -1.4157789 -1.39934414 -1.3882097000000002 0.12260129999999997 0.15814609999999996 0.1723938499999999 0.17343971839647454 0.1327906000000001 0.0818912000000005 -0.09011800000000125 -0.037779157894737056 0.004081999999999697 0.028102999999999323 0.0696418947368421 0.11147000000000018
50 47 -1.2672098 -1.24693796 -1.2495786999999998 0.04976900000000001 0.05940879999999993 0.060594150000000124 0.17853540200793938 0.13982419999999984 0.1333244 -0.07159200000000143 -0.055958105263158 0.019154000000000115 -0.01852600000000093 0.0661548421052632 0.08682100000000026
