63 0 -0.86 -0.837027573529412 -0.817031250000001 -0.0225 0.065 0.1295588235294129 0.1747747538608148 0.18000000000000002 0.04999999999999993 -0.04999999999999949 -0.026315789473684174 0.0 0.0 0.09473684210526316 0.10000000000000009
63 1 -0.2986213235294087 0.29086911764705853 0.7842647058823506 0.14812499999999973 0.19055147058823582 0.21426470588235164 0.3492623032548548 0.16 2.0223529411764654 -2.0823529411764943 -0.2111455108359057 1.8794117647058914 -0.10083333333333097 0.042105263157894715 0.10624999999998608
63 2 -2.513970588235297 -2.230489828431374 -1.9325735294117656 -0.04 -0.012187499999999584 0.03 0.2852886447046552 0.08 1.3473161764705897 -0.9248161764705676 -0.709113777089784 -0.5290196078431353 -0.049999999999999975 0.006811145510837077 0.10000000000000002
63 3 -0.54 -0.4777334558823525 -0.4711764705882355 0.20750000000000002 0.23 0.24 0.18500217229135865 0.04529411764705807 0.2994117647058878 0.0 0.1575851393188883 0.28125000000000566 0.0 0.021052631578947358 0.049999999999999906
63 4 -0.3908180147058785 -0.10387030228758196 0.20088235294117637 0.11 0.13705882352941165 0.1625 0.23206117231353135 0.10999999999999999 0.65 -0.049999999999999906 -0.020467836257315478 0.4499999999999793 -0.1999999999999999 -0.02631578947368421 0.09999999999999988
63 5 -1.0625 -0.8364981617647054 -0.5195312499999978 0.18 0.20562500000000083 0.23 0.2317350667489197 0.24000000000000002 0.6300000000000001 0.0 0.3263157894736843 0.4176470588235487 0.0 0.1105263157894737 0.10000000000000009
63 6 -1.6076470588235279 -1.5163302696078458 -1.1522610294117688 -0.13985294117647096 -0.09 -0.05166666666666633 0.34227199884706094 0.14647058823529463 1.8505882352941248 -1.6196691176471134 -0.9739938080495393 -0.0911764705882373 -0.171875000000018 0.077089783281734 0.25183823529409277
63 7 -0.6208823529411773 -0.5428118872549025 -0.34 0.06588235294117739 0.1305882352941179 0.23426470588235362 0.25403014566175763 0.29000000000000004 0.5000000000000001 -0.7433823529411874 -0.26315789473684215 0.2676470588235347 -0.09117647058823279 0.06907894736842195 0.2676470588235479
63 8 -0.64 -0.6264999999999998 -0.61 -0.07 -0.07 -0.07 0.15799479897764618 0 0.040000000000000036 0.0 0.02105263157894739 0.0 0.0 0.0 0.0
63 9 -2.770277777777779 -2.4097352941176498 -2.0637009803921598 0.07093749999999793 0.1 0.11 0.3124138214368376 0.1794117647058836 1.6094117647058834 -1.3357843137255276 -0.8470588235294123 -0.5106209150326735 -0.14375000000001387 -0.07337461300309664 0.041176470588236494
63 10 -0.5123529411764678 -0.360289624183007 -0.2366176470588226 0.008088235294117462 0.31500000000000206 0.3591176470588253 0.2707300759154102 0.53 0.5464705882352905 -0.4937500000000153 -0.07027863777089975 0.6493464052287774 -0.050000000000000044 0.2421052631578947 0.5499999999999791
63 11 -0.9295588235294108 -0.7088617238562078 -0.5625 0.0 0.02 0.09205882352941079 0.2552192999354888 0.14 0.998125000000005 0.29705882352939805 0.5253289473684236 0.5058823529411849 -0.15326797385622226 -0.057894736842105256 0.0
63 12 -1.843621323529415 -1.6205038807189542 -1.2982352941176472 -0.1581045751633993 -0.06468749999999848 0.05058823529411931 0.31297727250182084 0.3111764705882365 0.9564705882352904 -1.6375816993464143 -0.5034055727554161 0.4119485294118208 -0.38856209150325527 -0.020433436532507104 0.30294117647060176
63 13 -0.08407894736842125 -0.002573476639460158 0.06578124999999937 0.01 0.025 0.03 0.19173674770244822 0.05 0.37 -0.32481617647058786 -0.09473684210526317 0.2184210526315751 -0.09999999999999998 -0.02631578947368421 0.0
63 14 -2.415 -2.265576184640522 -2.0988235294117628 -0.1725 -0.16 -0.1575 0.21187023294638427 0.04999999999999999 0.5800000000000001 0.21388888888889568 0.3052631578947369 0.3977941176470634 -0.09999999999999981 0.005263157894736847 0.09999999999999995
63 15 -0.67 -0.6161529411764703 -0.5602812500000002 0.22906249999999878 0.24558823529411616 0.26720588235294196 0.1786683272819504 0.07999999999999999 0.16000000000000003 -0.16562500000000313 0.011513157894739343 0.20937500000002385 -0.08124999999997481 5.843279076974508e-18 0.09999999999999995
63 16 0.0975 0.11059820261437889 0.1225 -0.11 -0.1 -0.09 0.16427085868307081 0.04000000000000001 0.06000000000000001 -0.09444444444445539 -0.005263157894736835 0.0 0.0 0.015789473684210527 0.049999999999999975
63 17 0.032582720588231806 0.10627046568627344 0.26299999999999885 0.046393188854489176 0.05 0.06 0.21843686781682806 0.03705882352941497 0.6741176470588299 -0.5933823529411907 -0.35479876160991053 -0.09666666666667434 -0.05000000000000001 -0.019504643962849982 0.0
63 18 -3.0375735294117674 -2.9771823937908506 -2.935746527777778 -0.08249999999999999 -0.06 -0.028750000000000987 0.21088366709595355 0.12 0.5123529411764696 -0.5102941176469922 -0.21176470588235247 0.13349673202613266 -0.12058823529410787 -0.06315789473684211 0.0
63 19 -1.123970588235295 -1.0262217728758172 -0.9058333333333337 0.13416666666666746 0.185 0.2136764705882349 0.2215624691758411 0.29588235294117843 0.44000000000000006 -0.3308823529411936 0.042690058479529024 0.18235294117647294 0.0 0.13684210526315793 0.2166666666666509
63 20 1.4425 1.7092163807189529 1.918437499999999 -0.3997058823529434 0.06970588235294191 0.36296875000000084 0.31142376728828514 0.5094117647058821 0.74 -0.5982026143790886 -0.38947368421052636 -0.15000000000000013 -1.0547671568627859 -0.25077399380804977 0.49816176470586393
63 21 -0.41544117647058715 -0.19584068627450987 0.004375000000001462 0.04 0.04 0.04 0.20969705676521921 0.012500000000002221 0.6000000000000001 -0.31249999999999445 0.14999999999999647 0.5431372549019564 -0.012500000000011096 -0.005263157894736842 0.0
63 22 0.98 0.9894000000000001 0.9924999999999999 -0.27 -0.25388888888888955 -0.24 0.17035395684826737 0.10000000000000003 0.08000000000000007 0.0 0.04210526315789478 0.09000000000000008 -0.11111111111110461 -0.052631578947368446 0.0
63 23 -1.89 -1.8434737745098044 -1.8077941176470618 -0.34 -0.33 -0.27489889705882276 0.22198302952972396 0.3225735294117596 0.3699999999999999 -0.4620833333333263 -0.1947368421052631 0.050000000000000044 -0.04999999999999977 0.16977554179566295 0.20000000000000018
63 24 -1.44 -0.7014459426874531 0.11573913043480533 -0.39249999999999996 -0.3812499999999991 -0.1757958074534152 0.3864671681005796 0.34093567251461393 2.1464912280701642 0.1304347826086827 1.0335213032581287 2.6137500000000333 0.0 0.12232664995822064 0.36223529411765804
63 25 -0.5379411764705881 -0.34032892156862826 -0.1604871323529424 0.07058823529410888 0.24 0.3120312499999999 0.2541574557937108 0.3135294117647054 0.6564705882352946 -0.4517279411764592 -0.34024767801857614 -0.2476102941176314 -0.28823529411763227 -0.16501547987616072 0.10000000000000009
63 26 -0.9065073529411771 -0.5565564950980371 -0.2906249999999965 -0.06 -0.05 -0.04 0.2637668428858831 0.02 1.1147794117647116 0.4989583333333514 0.5867260061919535 0.8360294117646906 0.0 -0.005263157894736842 0.0
63 27 -2.8657812499999995 -2.6048731617647065 -2.367794117647061 0.04441176470588279 0.155 0.16 0.2632789942698604 0.17823529411764732 1.0599999999999998 -1.1411764705882266 -0.5253869969040227 0.05459558823531552 0.0 0.09380804953560384 0.15000000000000008
63 28 -0.608676470588238 -0.230022058237172 0.09749999999999895 -0.2 -0.18 -0.17 0.2639143216246296 0.06 1.1673333333333349 -0.8117647058823676 -0.6143859649122815 -0.4818181818181527 0.0 0.010526315789473679 0.09999999999999981
63 29 -1.8714705882353093 -1.3210024509803944 -0.7917647058823523 0.04921875000000063 0.1286580882352942 0.16578124999999938 0.34560752258084704 0.31 1.25 -1.4470588235294413 -0.6578947368421053 0.4019607843137213 0.0 0.1473684210526316 0.4102941176470651
