75 0 -2.571334033613446 -2.4840604422022774 -2.422656250000001 0.1175 0.185 0.28341299019607935 0.21868546026618635 0.43000000000000005 0.29000000000000004 -0.23006072874493633 -0.09999999999999998 0.10000000000000009 0.09999999999999988 0.22631578947368425 0.31491596638654223
75 1 -0.43 -0.3075076064908731 -0.2273529411764709 1.19 1.2 1.21 0.2541829684414631 0.2594117647058838 0.8776470588235323 -0.7889452332657105 -0.4619195046439645 -0.10000000000000009 0.0 0.12600619195046514 0.05772058823528714
75 2 -0.047352941176472985 0.35045751633986677 0.7192647058823514 0.13 0.3278125000000004 0.45029411764706384 0.29450549916046187 0.22000000000000003 1.1264705882352988 -0.9000000000000441 -0.5928792569659468 -0.2382352941176507 -0.21764705882354796 -0.09999999999999999 0.1312499999999972
75 3 -1.3585457516339878 -1.2256919351073758 -1.1247916666666669 -0.2542555147058832 -0.21382352941176347 -0.21 0.22546240081960253 0.26 0.3450000000000002 -0.49105392156864325 0.06578947368421065 0.4350840336134121 -0.14209558823530005 -0.07244582043343471 0.0
75 4 0.6172058823529383 1.0589775735294107 1.4597150735294122 -1.39 -1.3356666666666674 -1.2330882352941175 0.2912099513574129 0.21750000000000225 1.3399999999999999 -1.1441176470587937 -0.7052631578947368 -0.15624999999998668 0.0 0.1144736842105275 0.19999999999999907
75 5 -0.9181496710526349 -0.6799089159786739 -0.43205882352941327 0.8139705882352936 0.835 0.8425 0.2568008257536156 0.08999999999999997 1.0675000000000032 -0.5998355263157712 -0.5618421052631597 -0.49871323529414174 0.0 0.042105263157894715 0.10000000000000009
75 6 -0.4 -0.39488235294117663 -0.39 0.41500000000000004 0.5 0.53 0.17624432228487996 0.23500000000000226 0.010000000000000009 0.0 0.0 0.0 -0.20000000000000018 -0.12368421052631699 0.0
75 7 -0.0275 0.07344080882352874 0.1625 -0.425 -0.375 -0.295 0.23153679831749577 0.3687500000000028 0.5087500000000028 -0.3445098039215829 -0.2677631578947383 -0.15 0.10000000000000009 0.1940789473684225 0.20000000000000018
75 8 -1.2472794117647088 -0.9900034722222243 -0.6825 0.26 0.26 0.30908333333333254 0.28890357170015235 0.3364705882352973 1.1894117647058922 -0.882352941176453 -0.6260061919504695 -0.33888888888889523 -0.3835906862745231 -0.1770897832817354 0.0
75 9 1.5532434640522856 1.6097985096319227 1.6804411764705873 0.21500000000000002 0.25093750000000015 0.35990000000000333 0.23585106763706415 0.31999999999999995 0.48933333333333495 -0.0029411764705811194 0.10491228070175525 0.34375000000001377 -0.10000000000000009 0.16842105263157892 0.293750000000014
75 10 -0.36250000000000004 0.12262969771241938 0.5900245098039185 0.2413878676470586 0.30029411764705805 0.45291666666666863 0.2870001283533219 0.36882352941176766 1.038749999999999 0.0 0.5067251461988289 0.8527573529411685 -0.2999999999999997 -0.022514619883039565 0.037867647058832804
75 11 -2.862499999999999 -2.7792095588235295 -2.731194852941178 -0.07 -0.055 -0.04750000000000001 0.1890562771309181 0.04000000000000001 0.3500000000000001 -0.3937499999999905 -0.14210526315789473 0.05000000000001892 -0.09999999999999998 -0.02105263157894737 0.0
75 12 -0.018345588235290228 0.02631216577540117 0.08 0.15 0.21187499999999876 0.5441021671826614 0.23918822278323496 0.63 0.22 -0.09999999999999995 -0.024148606811147843 0.15 -0.6508262383900563 -0.3315789473684211 -0.01875000000000293
75 13 -0.6151470588235302 -0.5416732026143787 -0.4775 0.0675 0.09 0.09 0.19497129581660214 0.14 0.17823529411764305 0.10000000000000009 0.07309941520467977 0.20625000000000865 -0.002941176470601728 -0.010526315789473675 0.10000000000000002
75 14 -0.15710784313726062 0.0240260900412788 0.21470588235293875 0.02894607843136969 0.175 0.20859375000000313 0.23880405103766478 0.19 0.68 -0.782066993464056 -0.3578947368421053 -0.07996323529410515 -0.19885620915030947 -0.09164086687306268 0.07941176470590439
75 15 -0.5625 -0.5179569035947713 -0.47838235294117737 0.45 0.4835294117647069 0.535 0.17671406873612788 0.08117647058823657 0.10882352941176349 -0.10000000000000009 -0.057275541795664985 0.0 -0.011764705882344462 0.015170278637770249 0.10000000000000009
75 16 2.799289215686273 2.8845359477124184 3.006167279411765 -0.5525 -0.2888235294117656 -0.1875 0.2506683349284617 0.4600000000000001 0.5699999999999998 -0.21111111111110414 0.1381578947368408 0.6498161764705879 -0.29411764705883847 -0.23684210526315788 -0.049999999999999906
75 17 -0.9171486928104631 -0.5672734885620935 -0.18250000000000002 0.3242187499999988 0.34 0.35671875000000064 0.2714249074046695 0.18411764705882327 1.1035294117647096 -0.8669117647058702 -0.5808049535603735 -0.37187499999997364 0.0 0.09164086687306489 0.11944444444443786
75 18 -1.84 -1.8214999999999997 -1.8 0.25 0.25 0.26 0.1597851352996065 0.010000000000000009 0.050000000000000044 0.0 0.026315789473684233 0.050000000000000044 0.0 0.0 0.0
75 19 0.98 0.9894000000000001 0.9924999999999999 -0.27 -0.25388888888888955 -0.24 0.17035395684826737 0.10000000000000003 0.08000000000000007 0.0 0.04210526315789478 0.09000000000000008 -0.11111111111110461 -0.052631578947368446 0.0
75 20 -0.0275 0.3547904411764725 0.7110294117647086 0.06 0.09079044117646998 0.18 0.28259544836121164 0.13 1.2358823529411809 0.30000000000000004 0.6504643962848321 0.9088235294117908 -0.11764705882352691 -0.012074303405573911 0.05000000000000001
75 21 -0.28218750000000625 -0.09398424405588715 0.14899350649350493 0.20379795396419204 0.5760033444816053 0.8435777777777791 0.3088006554285954 0.5696000000000009 0.33999999999999997 -0.2454004329004264 0.13684210526315788 0.4611111111111485 -1.0758714596950565 -0.29978947368421094 0.3813731884058019
75 22 -2.1238235294117644 -1.9370792483660142 -1.6723529411764708 -0.3333823529411752 -0.20500000000000002 -0.1575 0.24926432583561645 0.32 0.6100000000000003 -0.48363970588237604 -0.32105263157894753 -0.10459558823527226 -0.19999999999999976 0.02105263157894739 0.2176470588235134
75 23 0.4954227941176482 0.7460606617647076 1.225 -0.08 -0.05 -0.017499999999999998 0.2629787889048092 0.05687499999999945 1.1431250000000006 0.14999999999999958 0.6016447368421055 0.967463235294091 -0.09999999999999999 -0.02467105263157866 0.0
75 24 1.4557352941176451 1.4680128676470587 1.470625000000001 0.13 0.135 0.14 0.16246403647522634 0.01999999999999999 0.07000000000000006 -0.09926470588237146 -0.036842105263157926 0.0 0.0 0.0 0.0
75 25 -0.29 -0.3051290849673197 -0.2575 -0.00999999999999667 0.0 0.0325 0.20423529109247446 0.19647058823529437 0.37117647058823233 0.0 0.17430340557275384 0.15000000000000013 -0.1 -0.08792569659442893 0.0
75 26 -0.9032812499999994 -0.8256280637254898 -0.7675000000000001 0.41 0.435 0.6212499999999995 0.24426260531695768 0.6823529411764698 0.32235294117647395 0.09816176470588633 0.16965944272445999 0.20000000000000018 -0.4627450980392095 -0.3591331269349841 -0.09999999999999981
75 27 -1.7776562499999997 -1.5594034313725476 -1.3702665441176443 0.05 0.05 0.07 0.23979028340074596 0.07 0.8912500000000017 0.3687499999999799 0.469078947368422 0.5911764705882494 0.0 0.021052631578947368 0.02500000000001109
75 28 -1.9762499999999985 -1.8928970588235283 -1.8540441176470583 -0.4019117647058825 -0.33 -0.32 0.24681493331776128 0.5394117647058878 0.25176470588235467 -0.15000000000000013 0.1325077399380814 0.37500000000002087 -0.10000000000000009 0.2839009287925725 0.15000000000000013
75 29 -0.05 -0.03573529411764668 -0.04 0.16 0.18941176470588172 0.535707720588238 0.20661684440724248 0.48000000000000004 0.07764705882353114 0.0 0.040866873065016386 0.09999999999997913 -0.002941176470580842 0.24736842105263163 0.3593750000000018
