78 0 -0.04 -0.032764705882353126 -0.018823529411765565 0.10499999999999704 0.12 0.12 0.16156264446952864 0.020000000000000004 0.04 -0.023529411764688674 -0.015789473684210527 0.0 -0.049999999999999975 -0.010526315789473686 0.0
78 1 -3.0529411764705885 -2.6723884803921587 -2.2312500000000015 0.1 0.11 0.12 0.25072273281930213 0.028235294117647303 1.0300000000000002 -0.7934232026143762 -0.4802201582387337 -0.10000000000000009 -0.04411764705883836 0.00959752321981437 0.049999999999999975
78 2 -2.2698897058823517 -2.0956883169934626 -1.9358823529411764 0.07 0.12 0.13 0.22978392725835395 0.09999999999999999 0.7476470588235336 0.19999999999999352 0.39349845201238604 0.5500000000000083 -0.10000000000000009 -0.05263157894736842 0.0
78 3 -0.03277777777777811 -0.00652777777777791 0.03 0.01 0.03 0.05 0.17128455380204743 0.07 0.09 -0.047222222222228785 -0.015789473684210516 0.09999999999999999 0.0 0.021052631578947368 0.1
78 4 -0.06 -0.06000000000000001 -0.06 -0.18 -0.17 -0.17 0.1553397216925636 0.009999999999999981 0 0.0 0.0 0.0 0.0 0.0052631578947368324 0.0
78 5 0.07 0.07000000000000002 0.07 0.01 0.01 0.01 0.15500783703192825 0.006249999999999445 0 0.0 0.0 0.0 0.0 0.0032894736842102343 0.0
78 6 0.11 0.11180555555555563 0.11 -0.18 -0.17 -0.17 0.15622474745425782 0.009999999999999981 0.009999999999999995 0.0 -0.005263157894736839 0.0 0.0 0.0 0.0
78 7 -0.19554227941176847 0.16769852941176255 0.5455790441176467 0.04750000000000001 0.06 0.06718750000000293 0.2934161030575158 0.030000000000000006 1.5217647058823536 -1.0334558823529183 -0.8009287925696598 -0.500000000000011 0.0 0.0 0.0
78 8 -0.185 -0.056778553921569566 -0.03573529411765247 -0.11031249999999931 -0.1 -0.09 0.22252607266207142 0.039999999999999994 0.69 -0.5499999999999999 -0.24000000000000246 0.050000000000000044 -0.10000000000000002 0.005263157894736842 0.09999999999999995
78 9 0.029218750000000623 0.03769669117647082 0.05 -0.01 0.0 0.0 0.1606517406743622 0.03 0.04 0.0 0.021052631578947368 0.030330882352918847 0.0 -0.010526315789473684 0.0
78 10 0.1 0.10876470588235292 0.12 0.1575 0.1767647058823527 0.1925 0.16412762667260095 0.07312500000000058 0.02529411764705808 -0.026470588235290443 -1.460819769243627e-18 0.09999999999999995 -0.08235294117647299 -0.006907894736842411 0.09999999999999981
78 11 -2.8449999999999998 -2.7040633169934662 -2.5375 0.07 0.09941176470588174 0.11 0.24917488473830013 0.16 0.4811029411764949 -0.049999999999998934 0.1770510835913134 0.39444444444443505 -0.10000000000000009 -0.08421052631578947 0.0
78 12 0.1 0.10500000000000001 0.11 -0.01 -0.01 0.0 0.1606498762627287 0.03 0.039999999999999994 0.0 -0.021052631578947364 0.0 0.0 0.01578947368421053 0.0
78 13 2.0207352941176504 2.245831086601308 2.4337418300653657 -0.03147058823529627 0.015 0.0625 0.24203313203266055 0.1 0.607647058823531 -0.15000000000000013 0.31981424148606896 1.0023897058823628 -0.13823529411765567 0.01702786377708887 0.15882352941176348
78 14 0.0975 0.11059820261437889 0.1225 -0.11 -0.1 -0.09 0.16427085868307081 0.04000000000000001 0.06000000000000001 -0.09444444444445539 -0.005263157894736835 0.0 0.0 0.015789473684210527 0.049999999999999975
78 15 0.1525 1.2033782464740308 2.1777941176470583 0.06 0.07500000000000001 0.15234375000000033 0.38095364897146616 0.12 2.25 -0.15588235294114205 1.0492260061919467 2.2704678362573394 -0.10000000000000009 -0.05263157894736842 0.15000000000000008
78 16 -0.1525 -0.1409908088235295 -0.12921874999999988 -0.0992738970588222 -0.08 -0.06 0.1751950459548051 0.15611111111111242 0.06705882352940956 -0.10000000000000009 0.0 0.09999999999999981 0.0 0.06637426900584865 0.1176470588235478
78 17 -0.16 -0.16050000000000003 -0.16 0.01 0.01 0.01 0.15533972169256358 0 0.010000000000000009 0.0 0.0 0.0 0.0 0.0 0.0
78 18 -0.05 -0.002294117647058501 0.07073529411764835 -0.11044117647058818 -0.10058823529411814 0.02 0.18088789788737683 0.1294117647058836 0.16 0.0 0.08421052631578947 0.10000000000000006 0.0 0.06811145510835978 0.10294117647058082
78 19 -0.9367857142857142 -0.4856394902809599 -0.09779411764705497 -0.016070588235295426 0.01512820512820734 0.042499999999999996 0.2807440470891601 0.11251764705882655 0.9471999999999978 -0.4762500000000207 0.14736842105263157 0.37142857142857133 0.0 0.051789473684210954 0.24313725490199378
78 20 0.2775 0.29447058823529415 0.31 0.0 0.01 0.02 0.165070232177418 0.04 0.08000000000000002 0.0 0.031578947368421054 0.09705882352941925 0.0 0.010526315789473686 0.0
78 21 0.04750000000000001 0.17418814192343574 0.29249999999999865 -0.07 -0.06 -0.05234374999999812 0.19033558215421076 0.04 0.36 -0.3 -0.18421052631578946 -0.09999999999999998 -0.09999999999999995 -0.010526315789473684 0.01562499999998749
78 22 -0.09220588235294494 -0.04197058823529478 0.04220588235294087 -0.2 -0.2 -0.16264705882352598 0.1992983190850756 0.11000000000000001 0.39 -0.2058823529411827 -0.20526315789473684 0.0 0.0 0.05789473684210527 0.10000000000000009
78 23 -0.04 -0.03400000000000001 -0.03 -0.04 -0.04 -0.04 0.156225085534234 0.010000000000000002 0.010000000000000002 0.0 1.460819769243627e-18 0.0 0.0 0.0 0.0
78 24 -0.1525 -0.130482638888889 -0.12 -0.03 -0.02343750000000125 -0.02 0.16683206384654437 0.02 0.12000000000000001 0.0 -0.03684210526315789 0.050000000000000044 0.0 0.005263157894736844 0.0
78 25 0.04 0.051031249999999306 0.0625 0.07847222222222289 0.08 0.08 0.16616749361028885 0.039999999999999994 0.07187500000000471 -0.10000000000000002 -0.03782894736842354 0.049999999999999975 0.0 0.021052631578947364 0.03055555555554236
78 26 -0.06717391304347752 -0.01483551790281292 0.0625 0.04 0.05 0.05 0.18130060741298892 0.010000000000000002 0.29294117647058926 0.005882352941185068 0.154179566563468 0.20625000000000834 0.0 0.005263157894736843 0.0
78 27 -0.07 -0.06350000000000001 -0.06 -0.02 -0.02 -0.01 0.15710977321595196 0.02 0.010000000000000009 0.0 0.005263157894736847 0.0 0.0 0.010526315789473684 0.0
78 28 -0.9225000000000001 -0.516364791881664 -0.02958333333333613 0.0775 0.10064338235294193 0.17294117647058818 0.2619441717797404 0.10058823529411642 0.9794117647058835 -0.005882352941161628 0.4806845545235625 0.6966744066047452 -0.19117647058825377 -0.010216718266254518 0.19411764705883822
78 29 -2.831 -2.38706764705882 -2.244044117647045 -0.11833333333333736 0.0687499999999989 0.07250000000000001 0.36869854089317866 0.31 2.009117647058835 0.09999999999999787 1.0574303405572816 1.9779411764705976 -0.09999999999999995 -0.1096491228070155 0.09999999999999995
