82 0 1.92 1.9679117647058828 1.9995588235294117 0.02 0.02 0.0325 0.17564549713268413 0.030000000000000002 0.20999999999999996 0.0 0.11052631578947367 0.20000000000000018 0.0 0.01578947368421053 0.0
82 1 2.295625000000004 2.3050212418300653 2.3630882352941174 0.37 0.3912499999999989 0.41 0.20335758210822066 0.07888888888888757 0.4022222222222249 -0.11176470588234677 0.14513243894048802 0.24374999999999591 -0.06249999999998895 -0.015204678362572409 0.06249999999999423
82 2 1.3375000000000001 1.5448925653594778 1.8093750000000024 0.3685937500000009 0.42301470588235424 0.5700000000000023 0.23157095525078714 0.31 0.5699999999999998 0.09999999999999898 0.29999999999999993 0.40624999999997247 0.09999999999999981 0.1631578947368421 0.2839052287581839
82 3 1.47 1.486670955882353 1.48 -0.7 -0.7 -0.69 0.1710609931974333 0.020000000000000018 0.15764705882353103 0.0 0.08297213622291107 0.050000000000000044 0.0 0.005263157894736788 0.0
82 4 -1.8032189542483634 -1.277861315359474 -0.63499999999999 0.06468749999999959 0.08 0.14500000000000002 0.336821267793984 0.13 1.9225000000000034 0.6647058823529461 1.0118421052631597 1.047794117647064 -0.11875000000000281 -0.04736842105263158 0.026470588235301545
82 5 -1.0125000000000002 -0.7496995506535964 -0.5282291666666707 -0.42166666666666563 -0.24117647058823494 -0.10569444444444479 0.25945807369009694 0.42 0.78 -0.5906250000000551 -0.3999999999999999 -0.10000000000000009 0.10212418300655113 0.2210526315789474 0.34999999999999504
82 6 0.8479166666666657 1.214892361111111 1.446176470588234 -0.004375000000002498 0.1 0.12 0.27732271308972023 0.15529411764705808 1.2311764705882324 -0.9882352941176809 -0.5545665634674809 -0.21047794117644847 -0.1125000000000167 -0.07647058823529373 0.0
82 7 1.1290196078431365 1.6134153186274525 2.15 -0.2 -0.18882352941176556 -0.1066176470588226 0.2937780367402155 0.16 1.4200000000000002 0.09705882352941675 0.7421052631578946 1.5376838235294144 -0.15882352941176353 -0.06842105263157897 0.008823529411746273
82 8 -1.1925 -1.1639080882352943 -1.1375 -0.1 -0.09 -0.09 0.16688055499208895 0.03 0.10999999999999988 -0.10000000000000009 -0.015789473684210423 0.10000000000000009 0.0 0.010526315789473686 0.0
82 9 1.43014705882353 1.6311980392156855 1.8849999999999998 -0.34 -0.26799999999999763 -0.19 0.21708997275009098 0.16000000000000003 0.52 -0.37647058823529034 -0.2421052631578947 0.08235294117646563 0.0 0.08421052631578949 0.17812500000000425
82 10 1.9377665441176477 2.194898897058824 2.4641176470588197 0.055 0.18551470588234964 0.32 0.24315265079786808 0.34 0.6294117647058839 -0.1676470588235257 0.02136222910216622 0.5867647058823711 -0.05 -1.1686558153949016e-17 0.3147058823529461
82 11 -1.5525000000000002 -1.5054720179738568 -1.4814869281045746 -0.18 -0.165 -0.10750000000000001 0.18793585687360442 0.12000000000000001 0.24941176470588355 -0.2468750000000297 -0.09040247678018547 0.050000000000000044 -0.09999999999999995 0.004024767801858488 0.09999999999999995
82 12 2.005 2.048547794117647 2.11 -0.13 -0.13 -0.13 0.17925965460954152 0.020000000000000018 0.26 0.0 0.12631578947368421 0.25000000000000133 0.0 -0.010526315789473694 0.0
82 13 3.1084742647058787 -3.0065159313725505 -2.8331250000000017 0.33 0.3379411764705863 0.34 0.21817505922404729 0.02999999999999997 0.6874509803921613 -0.3970588235294281 -0.3333333333333335 -0.2981617647058643 0.0 0.005263157894736847 0.0
82 14 1.5267187499999986 1.517850694444443 1.6324999999999998 -0.32312500000000194 -0.28 -0.2775 0.23505627997051762 0.29999999999999993 0.6300000000000043 -0.453124999999992 -0.33157894736842336 0.0 -0.15312500000001533 -0.15789473684210523 0.0
82 15 2.626029411764704 2.6468474264705875 2.74 -0.2080882352941183 -0.14 -0.13 0.21703798145776426 0.25000000000000444 0.4700000000000002 -0.2468749999999864 -0.24736842105263168 0.0 -0.1000000000000223 -0.1315789473684234 0.0
82 16 1.93 1.939 1.94 -0.28 -0.28 -0.28 0.1579947989776462 0 0.040000000000000036 0.0 -0.02105263157894739 0.0 0.0 0.0 0.0
82 17 1.17 1.2485843545751645 1.2243627450980414 0.2164705882352942 0.2625 0.2810294117647048 0.22028276659436039 0.15375000000000053 0.5875000000000101 0.028125000000004396 0.3092105263157948 0.29836601307187904 -0.10000000000000009 -0.06315789473683975 -0.03933823529409797
82 18 2.291249999999997 2.554010416666666 2.8754411764705874 0.10999999999999686 0.2555228758169901 0.3360294117647039 0.2797336895938335 0.25941176470588356 0.5594117647058838 -0.964705882352912 -0.2652218782249756 0.04999999999998117 -0.3999999999999778 -0.01957344341245402 0.15588235294116182
82 19 0.00558823529411746 0.239240604575165 0.4825 0.14 0.14 0.1525 0.2536128186204909 0.04000000000000001 1.0700000000000043 0.40277777777777246 0.5631578947368442 0.6470588235293985 0.0 0.02105263157894737 0.09999999999999981
82 20 -2.553382352941176 -2.2119999999999993 -1.8508088235294065 -0.5 -0.15794117647058836 -0.026470588235295283 0.3370429566840765 0.9258823529411784 0.6941176470588217 -0.4011029411764766 0.36532507739937986 1.106985294117644 -0.594117647058815 -0.47993808049535464 -0.23952205882352268
82 21 0.6271874999999962 0.8951881127450969 1.1557352941176475 -0.024531250000003262 -0.01 0.0075 0.24989989688933634 0.11 0.9731250000000019 -0.6500000000000095 -0.5121710526315799 -0.32291666666667496 -0.09999999999999998 -0.05624999999999899 0.0
82 22 1.571911764705883 1.7114603758169942 1.8865624999999997 -0.37 -0.35562500000000086 -0.3275 0.23330521964020726 0.13 0.7535294117647053 0.29705882352941915 0.39659442724458177 0.38345588235296435 -0.12638888888887034 -0.0368421052631579 0.08437500000001263
82 23 -0.6149264705882345 -0.17191066176470313 0.28461397058824134 -0.3360937499999998 -0.2775 -0.2405882352941206 0.35694287630139504 0.18999999999999997 2.002058823529419 0.9426470588235367 1.0537151702786416 1.1500000000000266 -0.20000000000000004 0.010526315789473665 0.17647058823528058
82 24 0.6426470588235229 0.8903807189542473 1.103823529411765 -0.06588235294117425 0.02027777777777712 0.042499999999999996 0.22808360953067927 0.07 0.5817647058823527 -0.5500000000000016 -0.3061919504643961 0.0 -0.0999999999999791 -0.021671826625385436 0.049999999999999975
82 25 0.33661764705882435 0.34550919117647116 0.39 0.08661764705882433 0.16559027777777952 0.265 0.2036041220492737 0.27 0.2858823529411784 0.0 0.13467492260062022 0.1488970588235103 0.09999999999999998 0.14210526315789473 0.20000000000000004
82 26 -0.06 -0.053264705882353026 -0.05 -0.2 -0.2 -0.2 0.1562247474542578 0 0.019999999999999997 0.0 -0.010526315789473682 0.0 0.0 0.0 0.0
82 27 1.0191666666666608 1.344070220588233 1.7011764705882344 -0.2 -0.19 -0.18 0.2681941169960502 0.07437499999999916 1.2029411764705906 -0.8174999999999977 -0.6331269349845214 -0.47187500000000715 0.0 0.023355263157894296 0.09999999999999981
82 28 0.48124999999999835 0.5046404575163399 0.5377941176470604 -0.01 -0.00852941176470748 0.01 0.1660417951534352 0.03 0.10000000000000003 -0.10000000000000009 0.005263157894736847 0.08529411764705397 -0.014705882352925196 -0.005263157894736841 0.0
82 29 -1.06996527777778 -0.3642950163398738 0.0343749999999914 -0.49 -0.4319852941176484 -0.3631249999999997 0.40912335166798325 0.13 2.6350000000000033 -1.4609477124182624 -1.3868421052631594 -0.7879820261438208 -0.10000000000000009 -0.06842105263157895 0.02500000000002195
