9 0 0.5943525327033055 0.5989314039959275 0.6044885323342954 -0.29454603092713805 -0.2879225064157981 -0.2850208965343481 0.16511499430507015 0.10362019769124003 0.01649336143140001 -0.01073377489980043 0.005768772475031573 0.018762289459000603 0.0061959188445998015 0.05453694615328422 0.08255407361960024
9 1 0.0400578758458711 0.14603863135032066 0.20823343924511206 -0.34961063553365845 -0.33279002486750847 -0.3012082920525685 0.21768362126360277 0.18479546120176002 0.520526996116131 -0.4714134309634548 -0.13721962298092633 0.2555162024929745 0.019809487010200022 0.0972607690535579 0.16667894356600016
9 2 0.6017072532077214 0.6042789958605435 0.6084136808585315 -0.14369620556880405 -0.14103457845950407 -0.13714685755067405 0.15725200956199328 0.01549852375775998 0.016057029118400012 -0.012740903539600335 0.004905293792463125 0.0228638132011999 -0.01108284075020019 0.006301557194063159 0.02652900463039995
9 3 0.5490194476736241 0.6710258163700581 0.8612981207645941 -0.9715267652614975 -0.8509986904415076 -0.8399027597219176 0.2116104208381571 0.18877481189631995 0.45109779847192 0.026965336943399754 0.23674932006208424 0.3546509040063997 -0.14529866022899962 -0.09935516415595787 -0.0006981317007997978
9 4 2.013630427596013 2.028088735119581 2.068931184945633 0.18657773325684243 0.20722497830800246 0.23754134741524247 0.2187513077263954 0.23842942911572 0.49254936820691975 -0.03228859116199745 0.25923650958258937 0.45989425790199934 -0.19338248112160034 -0.09832633849162108 0.04180063558540004
9 5 2.1408280842289877 2.170091147132646 2.196251014626248 -0.3534804183358995 -0.23626846909470953 -0.19189347286260955 0.18131418476882014 0.22713714885510547 0.07689920684312002 -0.06972590361739917 -0.04047326675953685 0.001832595714599261 -0.2466150233067274 -0.09354046196367656 0.04345869837480004
9 6 1.1729152171072894 1.2565932827651776 1.3402661124353095 -0.045626009454877894 0.07432174338882211 0.1674437856292821 0.21068147402850076 0.2961125608939709 0.3400424981671599 -0.238499242285799 -0.1789697358774526 -0.12156218240179983 0.03953170755780007 0.13383919579810527 0.21615902786020003
9 7 -0.6469225769929036 -0.378547661236203 -0.08757509498933716 -0.4925902864808301 -0.4678938775650301 -0.45257425005560004 0.25001319097210406 0.0974242788466399 0.9843831514199964 0.12976522988619996 0.4905753089631983 0.7004878952875826 -0.05995205980620005 -0.05127593623507363 -0.031154127148199928
9 8 1.9067319197989174 1.9859803398152294 2.0505252335480675 -0.4098837874404705 -0.20383894259561053 -0.15038823425328507 0.23975877488234887 0.3688229775324654 0.28393016271535987 -0.2483603525596001 0.1109110809928843 0.49872783375900065 -0.3457497248211999 -0.19253737432580287 -0.05166174585919961
9 9 -1.241695249231872 -1.209467744593692 -1.1519984156484622 -0.5802702951517875 -0.5649070344110575 -0.5293415875784275 0.18787568583032954 0.10143853612624004 0.27502898353016025 -0.27227136331199997 -0.1447520965948212 0.0 0.02539454061659896 0.05338870322433686 0.07330382858400042
9 10 2.093381260028121 2.212459838904325 2.3320986684704215 -0.2585860912035455 -0.17687413894777365 -0.10649810018374184 0.20764505867450633 0.2563016006567236 0.3482280923590402 -0.2466150233075992 -0.18327794334686326 -0.10655235083460113 0.07792895110179998 0.13489557929301246 0.2203478180650001
9 11 0.6127199898990511 0.6133753610331771 0.6179297977162712 -0.27473921039257204 -0.273076784280042 -0.27144053810629204 0.15780715273114965 0.010594148559639971 0.027296949501280032 -0.0038397243544002757 0.012520440897242123 0.018325957145999827 -0.0009599310885999301 0.005575867662968406 0.014922565104599772
9 12 1.636514615086007 1.8543334510683498 2.102495708761338 -0.822606401391075 -0.7943931540324951 -0.7586313576590149 0.24682999333288613 0.24500932039576007 0.6501700529620209 0.09616764178519976 0.34219476471685306 0.6222098783380015 -0.16982053621959925 -0.08485055947749474 0.07574728953680054
9 13 -0.978533244100129 -0.9269727273375452 -0.895638831276389 -0.963761698457583 -0.9512302344282231 -0.9196528649364129 0.17365003654102945 0.04422664324568004 0.15687019316976003 -0.12452924213020022 -0.0825632595630316 -0.03220132469940018 -0.004886921905599695 0.023277180655621076 0.048432886743000614
9 14 0.9884927230696325 1.1288267942413186 1.2026184423512525 1.2365188935592306 1.2704000976636804 1.2813389487505904 0.2125576954037425 0.06393141050076001 0.5804616026301599 0.13753194505760014 0.30550610664745265 0.3798709116977994 -0.05384340742419669 -0.03364811078987369 -0.007068583470601908
9 15 0.6119964054805744 0.6184488877252186 0.6263997351327045 -0.00543136766948002 0.005433306924216489 0.018335653419699793 0.16119811761070998 0.041852995463029806 0.024382249650440002 -0.0617846555208007 -0.012832762973915791 0.024172810140198897 0.0013962634016000033 0.022027892348963057 0.037524578918349066
9 16 -1.2736616332215995 -1.1024526875819465 -0.7715522240368495 -0.7661652653005515 -0.7309008877638915 -0.7202194727416515 0.2741161519383464 0.11787953768007997 1.2206658255545348 0.17531832336340147 0.6222374361673763 0.9429141283842746 -0.0832522053203999 -0.008221419371263106 0.09389871375760028
9 17 0.5707618383486581 0.5768888166878041 0.643092645874668 0.10143955423491215 0.14702319097402217 0.1787881833598986 0.20817180820944792 0.09620254836971642 0.40550979840968004 -0.15777776438080038 -0.21342620968930529 -0.01850049007120047 -0.16266468628378217 -0.03411659390488421 0.039880773408200176
9 18 -1.9604802552466767 -1.8211427670799771 -1.6995448054333981 -0.415138779892964 -0.358777735022754 -0.24681050018382403 0.22424503452349154 0.29028316119263997 0.36625734352521877 -0.32096604944279905 0.05317742652541047 0.4161737601394011 0.05873032932980027 0.15278061115402103 0.2746275578021996
9 19 -1.6877160303549918 -1.6812565667933395 -1.6730858079001019 0.5582119998821414 0.5755823892626715 0.6219383341957915 0.1729472860007374 0.18060667099695998 0.0230383461264001 -0.02155481626219813 0.0016902135914104459 0.030892327760400073 -0.12967796342360005 -0.09505614262997893 -0.031852258849000004
9 20 1.5058720178801306 1.7500706328372893 1.9755837528228852 0.047513243671242156 0.06071229613949215 0.08105410857155215 0.241906815023327 0.05878268920736 0.8850215571024147 -0.5660102764235997 -0.46580081952758673 -0.2681698395698018 -0.029845130209199995 0.030938257477557896 0.10070549784039987
9 21 0.137469985869154 0.3467524164764739 0.5701371074399542 0.130863914650334 0.151759869119904 0.183956830496174 0.2239321276761079 0.08587019919839999 0.65455082937756 -0.493928178316 -0.3445004365145053 -0.10672688375979997 -0.0752236907612 -0.03569657617511578 0.024696408915799994
9 22 2.2286557671365457 2.79237876518087 -3.1224975395566745 -0.08064798015096294 -0.00876659490733335 0.03113163179337705 0.3187501175913856 0.18776252093033455 1.585064312120001 0.3227113786947955 -2.4710187830947374 0.9535606368301996 -0.17392205996171273 -0.09882237943701817 0.06021385919399999
9 23 2.639943429567178 2.9579646437692566 -2.8623641169955016 -0.39112818840968805 -0.33402974193050805 -0.27348863350175806 0.26889371255038497 0.19519762354298187 0.8904407231165203 -0.14713125594359777 -2.8366101457281476 0.4604178566776018 -0.14721852240620004 0.03167313295208421 0.1552470369654002
9 24 -1.0163186527777912 -0.9454408318540712 -0.8386441349241911 -0.721917920510882 -0.7056165452972021 -0.673380314012762 0.19831931258864113 0.08791223442324014 0.40423570805571996 -0.34732052114799905 -0.21275563581879994 -0.017889624833001272 -0.07417649321000086 0.012988924012252653 0.047298422729200595
9 25 -2.203318822385262 -2.1626962840449613 -2.0918010098287216 -0.10215286060402791 -0.09981848272947791 -0.08945559029572789 0.20718800980329644 0.10046115174546907 0.28672268951856017 -0.34705872176019836 -0.15090667869397903 0.14521139376640013 -0.002792526803200024 -0.05287429039235215 0.09058258817879997
9 26 0.9077306662595235 0.9101078047007476 0.9129404740767436 0.12406382099627516 0.12566079726185514 0.12970123448023513 0.15875623856304716 0.03925245487748001 0.00651007810995996 -0.013439035240401243 -0.0006430160402105008 0.008552113334800993 -0.03839724354400012 -0.020025356680842113 0.002530727415399961
9 27 0.23124536302569756 0.44798820352077007 0.7151291714964375 0.10347174774200621 0.1439502964190162 0.1664912237085962 0.26300878132917904 0.09505063106322185 1.0764318161709998 0.1505346479849995 0.5665430611426315 0.7707373976831999 -0.08674286382090945 -0.014991459680336853 0.0860447321236002
9 28 0.16249994659753902 0.1747059067213225 0.17984415603911452 -0.5155487353139404 -0.5117482808677105 -0.4943255316096205 0.16199612202472488 0.03687880709475999 0.029199358385960023 -0.01692969374440023 0.015368083361031591 0.022514747350799724 -0.000349065850400454 0.01940989847092631 0.03665191429200021
9 29 1.5261160918740784 1.6296368057976927 1.7305116005757986 -0.21623024699073096 -0.18306026455647093 -0.11448191492156279 0.1984415171316508 0.10269517318837813 0.30079004328793446 -0.17575465566767257 -0.011803937309578896 0.24731315500839957 -0.09503317777139975 0.033390904374156906 0.14014993893560007
9 30 -0.12004529735635894 -0.10771978217873494 -0.09197167633793896 -0.09673371023920714 -0.09018872554420715 -0.06911387482630715 0.16461497659911217 0.040805797911760006 0.056269415084479996 -0.06640977803859999 -0.029615481623410527 0.010297442586800001 -0.05096361415839995 -0.021476735743031584 0.012566370614399969
9 31 0.6457330381458989 0.6676325569353689 0.681137042022719 0.148398364980552 0.15428885120605199 0.162395905581592 0.16563427478129492 0.015812683023119972 0.06976081020244007 -0.015533430342800636 0.03671621589602109 0.10498155450780033 -0.015009831567200094 -0.0004225533978526407 0.004450589592600168
9 32 -1.0193462172541756 -0.9071459809601035 -0.7523195683444355 -0.43007113823372856 -0.4012950221913785 -0.2595786502521085 0.20893424293675153 0.20991074913803998 0.4082499653353201 -0.3274237676752001 -0.2148684028080632 -0.0895353906276003 -0.15681783329220003 -0.10523416795216844 -0.013089969389999956
9 33 0.584575731527681 0.5933966255672891 0.6046121113406411 0.24056609997072503 0.275909017323725 0.29580577079652504 0.18363968118286617 0.23314108148215998 0.06567673975276012 -0.04817108735520048 0.03456670513303164 0.06859143960360081 0.033073989325400066 0.12270583235903156 0.12697270308300007
9 34 -0.66754834479896 -0.3510285216254868 -0.03302953191087218 -0.9181333134155124 -0.8154294135815725 -0.7472044931208925 0.27064413709859014 0.24959953632852006 0.6370102703949599 -0.984976563367945 -0.3352685633657684 0.41791908939297084 -0.21205750411800006 -0.13111097059892626 -0.05122541354620036
9 35 0.13735605465405412 0.4931824379113968 0.8267611091937049 -0.8294618122858965 -0.8012180216654066 -0.7496915388232366 0.3079319244674312 0.19926424070083992 1.50285065901964 0.4803146101504002 0.7909740310629685 1.2223413416381996 -0.1745329251999994 -0.044836589889536836 0.0004363323130002206
9 36 2.5597359511268927 2.7364784631599246 2.8894330101528225 -0.41990798903756593 -0.4147549044210359 -0.39066063409717594 0.20908258434232588 0.07936012108844004 0.4529827540640796 -0.3282964323011983 -0.2384119758231998 -0.06832964021579846 -0.15812683023119972 -0.039793506945599987 0.05628686837700042
9 37 -0.9800548803190826 -0.9726511936320985 -0.9679335686639425 -0.5703196397903106 -0.5683256011199005 -0.5643287971328206 0.15837804793229032 0.009546951008439941 0.02748893571900002 -0.02783800156939964 -0.0097922156980632 0.0020943951023999485 -0.004974188368200294 0.002801712746631593 0.011519173063200272
9 38 0.3415045992662671 0.4535268119766351 0.6012401352257771 0.33063163435862003 0.41072479373290005 0.41953434313237004 0.19707760955176612 0.13765411810523992 0.3479313863862 -0.22436207534460018 -0.1813213373959368 -0.02757620218160034 0.009861110273799711 0.0724495358448631 0.1101302758011996
9 39 -1.4720457916471186 -1.3918086426095486 -1.3376205326580786 -0.597053138831985 -0.573879529688555 -0.44752641849001495 0.22186068364330608 0.18746581495732 0.56224036523928 -0.4033455901371996 -0.29591598170488426 -0.13936454077219995 -0.09904743505100011 0.00916757154471575 0.1476548547191997
9 40 0.380434168232127 0.382258909965093 0.383444861191827 -0.7430910429627189 -0.7349665352946588 -0.7243243901805889 0.1579668778698849 0.03136356665843998 0.0065449846950000334 -0.00776671517140004 -0.0005695284927578905 0.009162978573000191 -0.01553343034280008 0.009369662300210588 0.021729349187400437
9 41 1.5878561930171966 1.6491399390416253 1.7091042161536365 -0.632563122979108 -0.5618205650724181 -0.38610081598105805 0.24780470778975097 0.674604662482656 0.24185027444440377 -0.43249258861941864 -0.05824806729964216 0.286844862566199 -0.49549897464280024 -0.3550550855171874 -0.11492993124420037
9 42 0.8383624096952611 0.898935806715173 0.938430862358681 -0.027735511957251897 0.027443072344745554 0.2694416997804391 0.20141031532149115 0.4032234170892109 0.12978268317872 -0.012740903539600335 0.05799086088355788 0.09512044423399979 -0.22785273384859972 -0.21207587600467945 -0.08508480103499999
9 43 -0.8633045706650466 -0.8253942739823547 -0.8280925530059465 -0.480183758938256 -0.26996757718111597 -0.20962718161634597 0.25019870963895946 0.84262750957308 0.18477800790923993 -0.06030112565660051 0.09725158311012627 0.18291050560960032 0.2070833157497999 0.4434881629332 0.6130468997650002
9 44 -0.234443969768778 0.005290965627438027 0.45609991210815204 -0.200343726843202 -0.15678903535954203 0.016548339302838 0.3458949424196807 0.30588640470552 1.7340544250320797 0.2796890126329999 0.9126602237010946 1.1049679494411997 -0.047385689191799946 0.16099284458185262 0.3426081321676
9 45 0.5635169281435954 0.5979016597372475 0.6025424902183154 0.048930208617006206 0.2763858800600781 0.2962564535940981 0.22411003267592103 0.64379960118524 0.14971434323655997 0.018675022996400004 0.07879702275608419 0.0957313094722001 -0.615664893643 -0.33884189536065257 -0.0353429173530001
9 46 -1.5489158127070235 -1.2793409830893634 -0.9991676415889335 0.537991148462549 0.558524947112329 0.573430058924409 0.25388267923967095 0.23911010752400008 0.88465503796124 -0.7675085385669994 -0.4524903874961474 -0.03246312408720087 -0.21458823153340023 -0.10008085368705268 0.029321531433599834
9 47 1.3926645080994136 1.6033571647462765 1.80372445353918 -0.4320649888815635 -0.4247651492850735 -0.42048036597141353 0.21933585071948383 0.028309240467440044 0.6861238355549668 0.09197885158039987 0.3365545954507825 0.5244714402259998 -0.035953782591200134 0.0017085854782737007 0.0592539281053997
9 48 -2.2882356839650035 -2.017519409017059 -1.8494904532741132 -0.419718475368456 -0.356524466476666 -0.342457112705546 0.24488513580664586 0.12742648868851997 0.5628686837699999 -0.2759365547411996 0.12561777642500485 0.6061528492196 -0.21956241990160025 -0.06706657299395787 0.16048302472140008
9 49 0.5546572005281304 0.6979504774465825 0.8598803801178905 0.47488222437179406 0.49453463174931406 0.49952191008690405 0.21486917162329436 0.13751449176508002 0.53942891191564 -0.39749873714300027 -0.28390995363981053 -0.12583823906919978 -0.025045474766199893 0.05585053606399998 0.03953170755780028
